0.0053140 1.08312755032048E+001 3.29986272815223E+003
0.0210792 4.14554266947749E+001 3.22247187130516E+003
0.0467942 8.68833505645617E+001 3.10146901738565E+003
0.0817065 1.40529608041117E+002 2.94691131256419E+003
0.1249105 1.95893311665758E+002 2.76985530194587E+003
0.1754417 2.47760450078677E+002 2.58070788128155E+003
0.2323515 2.92702824832588E+002 2.38819343477810E+003
0.2947571 3.29005148209638E+002 2.19894808749882E+003
0.3618673 3.56286871792766E+002 2.01757310917886E+003
0.4329916 3.75049755028098E+002 1.84693605817549E+003
0.5075377 3.86283006138083E+002 1.68855891007722E+003
0.5850032 3.91174127200379E+002 1.54299104884970E+003
0.6649650 3.90923152279796E+002 1.41012329828409E+003
0.7470680 3.86638170126397E+002 1.28942954118577E+003
0.8310139 3.79286818037700E+002 1.18014379602272E+003
0.9165527 3.69682577553525E+002 1.08138163132780E+003
1.0034738 3.58490618352462E+002 9.92221285066922E+002
1.0915995 3.46243231689722E+002 9.11754958951528E+002
1.1807797 3.33358715904369E+002 8.39118908065180E+002
1.2708868 3.20160555274394E+002 7.73510468845786E+002
1.3618115 3.06894912298057E+002 7.14195010433985E+002
1.4534610 2.93745836948836E+002 6.60507166810055E+002
1.5457546 2.80848305323659E+002 6.11849513819374E+002
1.6386236 2.68298579912349E+002 5.67687578738652E+002
1.7320075 2.56163039132791E+002 5.27545735105885E+002
1.8258543 2.44484841220388E+002 4.91001033101384E+002
1.9201186 2.33289476256174E+002 4.57678170405331E+002
2.0147601 2.22589143064709E+002 4.27244555417256E+002
2.1097440 2.12385936325568E+002 3.99405000251410E+002
2.2050388 2.02674678953121E+002 3.73897958934080E+002
2.3006174 1.93444788297966E+002 3.50491136422485E+002
2.3964555 1.84681929119289E+002 3.28978222646987E+002
2.4925310 1.76369280876443E+002 3.09175932871874E+002
2.5888248 1.68488317954213E+002 2.90920931800772E+002
2.6853193 1.61019668865577E+002 2.74067814586494E+002
2.7819988 1.53943508563088E+002 2.58486687553165E+002
2.8788497 1.47240010214503E+002 2.44061467097642E+002
2.9758588 1.40889675344626E+002 2.30688352704994E+002
3.0730149 1.34873429508888E+002 2.18274176782672E+002
3.1703074 1.29172886791483E+002 2.06735420792118E+002
3.2677268 1.23770342829292E+002 1.95996915676940E+002
3.3652646 1.18648892019543E+002 1.85991009544596E+002
3.4629133 1.13792421832842E+002 1.76656657844633E+002
3.5606650 1.09185715171460E+002 1.67938863695957E+002
3.6585133 1.04814307294105E+002 1.59787765319853E+002
3.7564523 1.00664564286646E+002 1.52158248285359E+002
3.8544764 9.67236360592793E+001 1.45009398150644E+002
3.9525810 9.29794102908017E+001 1.38304027022719E+002
4.0507604 8.94205507071487E+001 1.32008408255883E+002
4.1490108 8.60363557451607E+001 1.26091738753322E+002
4.2473280 8.28167955269506E+001 1.20525962058684E+002
4.3457083 7.97524580245992E+001 1.15285463157963E+002
4.4441489 7.68345003485274E+001 1.10346803725057E+002
4.5426454 7.40546693864357E+001 1.05688599613566E+002
4.6411954 7.14051851894424E+001 1.01291187898892E+002
4.7397961 6.88787654169419E+001 9.71365512292836E+001
4.8384450 6.64685806787193E+001 9.32081406389077E+001
4.9371399 6.41682149481743E+001 8.94907214678060E+001
5.0358779 6.19716816023640E+001 8.59703206620567E+001
5.1346571 5.98733319016412E+001 8.26340105461443E+001
5.2334756 5.78678751380288E+001 7.94698818724443E+001
5.3323316 5.59503446829624E+001 7.64669367659380E+001
5.4312238 5.41160681414214E+001 7.36149954730510E+001
5.5301496 5.23606820205764E+001 7.09046779083270E+001
5.6291079 5.06800606707417E+001 6.83272570221829E+001
5.7280973 4.90703342683554E+001 6.58746550241378E+001
5.8271164 4.75278636664753E+001 6.35393761942431E+001
5.9261644 4.60492183800548E+001 6.13144483020738E+001
6.0252392 4.46311904005379E+001 5.91934207809806E+001
6.1243401 4.32707387960935E+001 5.71702614154094E+001
6.2234659 4.19650059819389E+001 5.52393631822751E+001
6.3226158 4.07112991418272E+001 5.33955005538163E+001
6.4217891 3.95070740047296E+001 5.16337913850587E+001
6.5209840 3.83499477099170E+001 4.99497028607205E+001
6.6202001 3.72376551832735E+001 4.83389762464461E+001
6.7194366 3.61680637712905E+001 4.67976381289755E+001
6.8186927 3.51391594123211E+001 4.53219710416434E+001
6.9179682 3.41490345791232E+001 4.39084878461182E+001
7.0172613 3.31959000581393E+001 4.25539409677824E+001
7.1165720 3.22780501849670E+001 4.12552659997527E+001
7.2158999 3.13938717524030E+001 4.00095884568913E+001
7.3152432 3.05418542812136E+001 3.88142325070131E+001
7.4146030 2.97205395605513E+001 3.76666450442536E+001
7.5139770 2.89285773743862E+001 3.65644692792936E+001
7.6133666 2.81646582216494E+001 3.55054465826696E+001
7.7127702 2.74275626343372E+001 3.44874814802205E+001
7.8121865 2.67161333908023E+001 3.35085994307293E+001
7.9116168 2.60292525971468E+001 3.25669123434990E+001
8.0110589 2.53658851231209E+001 3.16606754302314E+001
8.1105143 2.47250229013784E+001 3.07882082430606E+001
8.2099815 2.41057267366154E+001 2.99479495119477E+001
8.3094593 2.35071035545236E+001 2.91384238026597E+001
8.4089492 2.29282875362719E+001 2.83582141505674E+001
8.5084489 2.23684771144129E+001 2.76060102240081E+001
8.6079599 2.18268884374111E+001 2.68805439312066E+001
8.7074812 2.13027910043003E+001 2.61806358428275E+001
8.8070112 2.07954888402535E+001 2.55051684239238E+001
8.9065517 2.03043048034990E+001 2.48530639476534E+001
9.0061006 1.98286122570256E+001 2.42233254428500E+001
9.1056593 1.93677958648344E+001 2.36149835551451E+001
9.2052267 1.89212821216000E+001 2.30271360099646E+001
9.3048016 1.84885236268338E+001 2.24589258125247E+001
9.4043856 1.80689859054856E+001 2.19095231634651E+001
9.5039766 1.76621746555565E+001 2.13781604172433E+001
9.6035763 1.72676024679486E+001 2.08640877714823E+001
9.7031836 1.68848151131205E+001 2.03666069672327E+001
9.8027972 1.65133782883015E+001 1.98850533121582E+001
9.9024188 1.61528664529640E+001 1.94187806867107E+001
10.0020464 1.58028863819911E+001 1.89671915230864E+001
10.1016817 1.54630487159258E+001 1.85296995138564E+001
10.2013235 1.51329907029167E+001 1.81057585271172E+001
10.3009707 1.48123649407297E+001 1.76948476192880E+001
10.4006251 1.45008298446931E+001 1.72964584675373E+001
10.5002846 1.41980701006150E+001 1.69101211963253E+001
10.5999509 1.39037721878552E+001 1.65353727340607E+001
10.6996230 1.36176441450181E+001 1.61717817400299E+001
10.7992996 1.33394059368471E+001 1.58189359882953E+001
10.8989827 1.30687812579588E+001 1.54764317326090E+001
10.9986702 1.28055153716144E+001 1.51438960571034E+001
11.0983637 1.25493539262328E+001 1.48209598261818E+001
11.1980623 1.23000602098429E+001 1.45072792732239E+001
11.2977649 1.20574068525502E+001 1.42025252888162E+001
11.3974732 1.18211687332538E+001 1.39063743446542E+001
11.4971853 1.15911386037727E+001 1.36185279224721E+001
11.5969029 1.13671086556230E+001 1.33386892351427E+001
11.6966250 1.11488856454514E+001 1.30665820085693E+001
11.7963505 1.09362837044430E+001 1.28019413166051E+001
11.8960812 1.07291181633775E+001 1.25445057769553E+001
11.9958151 1.05272192919595E+001 1.22940345132791E+001
12.0955540 1.03304161778359E+001 1.20502869993300E+001
12.1952970 1.01385500386980E+001 1.18130394699397E+001
12.2950428 9.95146795618041E+000 1.15820770248274E+001
12.3947934 9.76901747135931E+000 1.13571868728727E+001
12.4945468 9.59105871287646E+000 1.11381732021658E+001
12.5943047 9.41745023214721E+000 1.09248396306856E+001
12.6940662 9.24806076409802E+000 1.07170036053407E+001
12.7938302 9.08276373863984E+000 1.05144895562215E+001
12.8935986 8.92143252705089E+000 1.03171230127705E+001
12.9933693 8.76395118685703E+000 1.01247436917287E+001
13.0931443 8.61020196165574E+000 9.93719013880574E+000
13.1929224 8.46007570889487E+000 9.75431241264847E+000
13.2927027 8.31346706961541E+000 9.57596611583529E+000
13.3924871 8.17027026824953E+000 9.40200724209769E+000
13.4922734 8.03038866505307E+000 9.23230373955971E+000
13.5920637 7.89372368011684E+000 9.06672200615674E+000
13.6918568 7.76018407110256E+000 8.90513810513233E+000
13.7916517 7.62968166361665E+000 8.74743253325670E+000
13.8914504 7.50212762433502E+000 8.59348568552935E+000
13.9912508 7.37744098137772E+000 8.44318810838733E+000
14.0910548 7.25553877297127E+000 8.29642857298564E+000
14.1908615 7.13634432901657E+000 8.15310402798371E+000
14.2906697 7.01978348160544E+000 8.01311499189168E+000
14.3904813 6.90578124518696E+000 7.87636154282468E+000
14.4902944 6.79426944029074E+000 7.74275244150020E+000
14.5901109 6.68517790024204E+000 7.61219455502796E+000
14.6899298 6.57844188656362E+000 7.48460171943669E+000
14.7897500 6.47399871283684E+000 7.35989066369799E+000
14.8895734 6.37178477667951E+000 7.23797744867088E+000
14.9893980 6.27174240160619E+000 7.11878561116054E+000
15.0892259 6.17381196191409E+000 7.00223674959198E+000
15.1890558 6.07793854220981E+000 6.88825844144368E+000
15.2888878 5.98406803299691E+000 6.77677957134906E+000
15.3887200 5.89214976480042E+000 6.66773344228908E+000
15.4885562 5.80212947015434E+000 6.56104941115227E+000
15.5883943 5.71395974167928E+000 6.45666527908754E+000
15.6882343 5.62759292575146E+000 6.35451884351226E+000
15.7880763 5.54298283916849E+000 6.25454992118375E+000
15.8879183 5.46008628150598E+000 6.15670211831942E+000
15.9877640 5.37885669269578E+000 6.06091533279892E+000
16.0876115 5.29925359014732E+000 5.96713688058021E+000
16.1874608 5.22123616589528E+000 5.87531392429264E+000
16.2873119 5.14476483922772E+000 5.78539529547723E+000
16.3871628 5.06980262943756E+000 5.69733309547297E+000
16.4870172 4.99630942422025E+000 5.61107595337576E+000
16.5868734 4.92425051790161E+000 5.52657904635728E+000
16.6867312 4.85359082625149E+000 5.44379729261951E+000
16.7865905 4.78429629402265E+000 5.36268699679668E+000
16.8864496 4.71633514362152E+000 5.28320730097760E+000
16.9863121 4.64967268175886E+000 5.20531410432795E+000
17.0861762 4.58427904374703E+000 5.12896911206816E+000
17.1860417 4.52012395252279E+000 5.05413369755144E+000
17.2859087 4.45717799752453E+000 4.98077039154271E+000
17.3857753 4.39541377283240E+000 4.90884420023862E+000
17.4856452 4.33480115969317E+000 4.83831710632611E+000
17.5855166 4.27531436747397E+000 4.76915626212804E+000
17.6853893 4.21692717375303E+000 4.70132843959873E+000
17.7852633 4.15961408881530E+000 4.63480138140935E+000
17.8851368 4.10335139511196E+000 4.56954500066730E+000
17.9850136 4.04811285182716E+000 4.50552639470048E+000
18.0848916 3.99387611094010E+000 4.44271728175832E+000
18.1847709 3.94061838389680E+000 4.38108896937579E+000
18.2846515 3.88831750416884E+000 4.32061358282244E+000
18.3845314 3.83695287841860E+000 4.26126515936339E+000
18.4844144 3.78650156647648E+000 4.20301511567309E+000
18.5842986 3.73694414068046E+000 4.14583901392065E+000
18.6841841 3.68826073193514E+000 4.08971198868747E+000
18.7840706 3.64043200120707E+000 4.03460986631262E+000
18.8839565 3.59344001151838E+000 3.98051016493617E+000
18.9838453 3.54726464279815E+000 3.92738796451287E+000
19.0837353 3.50188895392220E+000 3.87522207666007E+000
19.1836263 3.45729556713858E+000 3.82399087848226E+000
19.2835185 3.41346755802407E+000 3.77367333461516E+000
19.3834098 3.37038925633660E+000 3.72424991291022E+000
19.4833041 3.32804296038382E+000 3.67569881281859E+000
19.5831994 3.28641385372056E+000 3.62800160367210E+000
19.6830957 3.24548669216549E+000 3.58113942065395E+000
19.7829930 3.20524662058290E+000 3.53509389986081E+000
19.8828894 3.16567990967803E+000 3.48984801829408E+000
19.9827887 3.12677093894483E+000 3.44538264214134E+000
20.0826889 3.08850671358424E+000 3.40168168990014E+000
20.1825901 3.05087382281213E+000 3.35872865156427E+000
20.2824922 3.01385919082896E+000 3.31650744574914E+000
20.3823934 2.97745075582128E+000 3.27500319162294E+000
20.4822973 2.94163469433439E+000 3.23419904350748E+000
20.5822022 2.90639957848009E+000 3.19408092819933E+000
20.6821079 2.87173357806762E+000 3.15463435339795E+000
20.7820145 2.83762515225844E+000 3.11584519484270E+000
20.8819201 2.80406367632256E+000 3.07770040692223E+000
20.9818284 2.77103688353386E+000 3.04018511419402E+000
21.0817375 2.73853469799899E+000 3.00328696621175E+000
21.1816475 2.70654665643602E+000 2.96699320545232E+000
21.2815583 2.67506254626058E+000 2.93129139146585E+000
21.3814680 2.64407298502379E+000 2.89617005612435E+000
21.4813803 2.61356705873139E+000 2.86161602623874E+000
21.5812935 2.58353586152989E+000 2.82761843400287E+000
21.6812074 2.55397011579650E+000 2.79416601830088E+000
21.7811221 2.52486076175056E+000 2.76124779205239E+000
21.8810357 2.49619949395623E+000 2.72885364738496E+000
21.9809519 2.46797657739209E+000 2.69697188660488E+000
22.0808688 2.44018412167858E+000 2.66559292188447E+000
22.1807864 2.41281388059825E+000 2.63470678694755E+000
22.2807048 2.38585779775818E+000 2.60430375308092E+000
22.3806219 2.35930850406493E+000 2.57437488892556E+000
22.4805416 2.33315729497577E+000 2.54490977971238E+000
22.5804621 2.30739716386231E+000 2.51589994594019E+000
22.6803832 2.28202076421053E+000 2.48733654512512E+000
22.7803050 2.25702091536372E+000 2.45921094133156E+000
22.8802255 2.23239106445997E+000 2.43151522376148E+000
22.9801486 2.20812341012769E+000 2.40424009646440E+000
23.0800723 2.18421171688645E+000 2.37737804238720E+000
23.1799967 2.16064942513008E+000 2.35092119719979E+000
23.2799217 2.13743012054526E+000 2.32486187665983E+000
23.3798454 2.11454796363533E+000 2.29919305772834E+000
23.4797716 2.09199594672111E+000 2.27390642295815E+000
23.5796984 2.06976850892457E+000 2.24899529336755E+000
23.6796259 2.04785978065595E+000 2.22445265837411E+000
23.7795539 2.02626401992208E+000 2.20027166483675E+000
23.8794806 2.00497601223768E+000 2.17644606402975E+000
23.9794098 1.98398944919086E+000 2.15296839665120E+000
24.0793395 1.96329936149100E+000 2.12983271541664E+000
24.1792698 1.94290048609591E+000 2.10703275689120E+000
24.2792007 1.92278767228924E+000 2.08456239564046E+000
24.3791302 1.90295625449542E+000 2.06241606004663E+000
24.4790621 1.88340054189665E+000 2.04058704539561E+000
24.5789946 1.86411608521184E+000 2.01907004485075E+000
24.6789277 1.84509815584179E+000 1.99785945050873E+000
24.7788612 1.82634212429978E+000 1.97694977572870E+000
24.8787934 1.80784380819454E+000 1.95633604246778E+000
24.9787279 1.78959806346485E+000 1.93601221123355E+000
25.0786630 1.77160089895860E+000 1.91597353713681E+000
25.1785986 1.75384805806584E+000 1.89621498884085E+000
25.2785347 1.73633537182610E+000 1.87673164182006E+000
25.3784693 1.71905908412076E+000 1.85751903962097E+000
25.4784064 1.70201453604295E+000 1.83857173063306E+000
25.5783439 1.68519814093536E+000 1.81988546419524E+000
25.6782819 1.66860605994343E+000 1.80145571728785E+000
25.7782204 1.65223453189256E+000 1.78327806119139E+000
25.8781574 1.63608017753328E+000 1.76534849883971E+000
25.9780968 1.62013876940509E+000 1.74766209938821E+000
26.0780366 1.60440707874364E+000 1.73021504782930E+000
26.1779769 1.58888163723694E+000 1.71300327031454E+000
26.2779176 1.57355904556132E+000 1.69602277643631E+000
26.3778568 1.55843625834667E+000 1.67926997462740E+000
26.4777984 1.54350943263773E+000 1.66274039641098E+000
26.5777404 1.52877565697483E+000 1.64643061163807E+000
26.6776829 1.51423179238932E+000 1.63033694424301E+000
26.7776257 1.49987476130538E+000 1.61445579215146E+000
26.8775671 1.48570181473604E+000 1.59878392249200E+000
26.9775108 1.47170945310642E+000 1.58331727821280E+000
27.0774549 1.45789504682936E+000 1.56805276986603E+000
27.1773994 1.44425575024446E+000 1.55298707440939E+000
27.2773442 1.43078877243154E+000 1.53811693454918E+000
27.3772876 1.41749162800822E+000 1.52343943536181E+000
27.4772333 1.40436112466752E+000 1.50895088667149E+000
27.5771793 1.39139488369467E+000 1.49464850125253E+000
27.6771257 1.37859032114864E+000 1.48052927000686E+000
27.7770725 1.36594490198915E+000 1.46659024237815E+000
27.8770178 1.35345637572127E+000 1.45282878583159E+000
27.9769653 1.34112182552400E+000 1.43924153801673E+000
28.0769132 1.32893909637410E+000 1.42582598032185E+000
28.1768615 1.31690583829865E+000 1.41257938339451E+000
28.2768101 1.30501974508873E+000 1.39949907010837E+000
28.3767572 1.29327877592486E+000 1.38658265921639E+000
28.4767065 1.28168026144082E+000 1.37382708188342E+000
28.5766562 1.27022224642302E+000 1.36123005869257E+000
28.6766062 1.25890259043554E+000 1.34878911004221E+000
28.7765565 1.24771919227867E+000 1.33650180301026E+000
28.8765053 1.23667019862829E+000 1.32436598037609E+000
28.9764563 1.22575316279805E+000 1.31237883660783E+000
29.0764077 1.21496630835840E+000 1.30053830567555E+000
29.1763593 1.20430768285854E+000 1.28884213136388E+000
29.2763113 1.19377536908484E+000 1.27728809925537E+000
29.3762617 1.18336768165730E+000 1.26587425220986E+000
29.4762144 1.17308237462796E+000 1.25459802133759E+000
29.5761673 1.16291783180417E+000 1.24345753130879E+000
29.6761206 1.15287226967086E+000 1.23245072607200E+000
29.7760741 1.14294393641127E+000 1.22157558706850E+000
29.8760261 1.13313129732233E+000 1.21083033616182E+000
29.9759803 1.12343228772421E+000 1.20021261752760E+000
30.0759347 1.11384543526939E+000 1.18972072655276E+000
30.1758895 1.10436910850885E+000 1.17935278685366E+000
30.2758445 1.09500170455436E+000 1.16910695573508E+000
30.3757980 1.08574182410164E+000 1.15898161547621E+000
30.4757536 1.07658756642853E+000 1.14897460242671E+000
30.5757095 1.06753758851913E+000 1.13908436505365E+000
30.6756657 1.05859039602345E+000 1.12930918851578E+000
30.7756221 1.04974452036562E+000 1.11964738829206E+000
30.8755770 1.04099868409741E+000 1.11009749065287E+000
30.9755340 1.03235113503563E+000 1.10065750557362E+000
31.0754913 1.02380064662271E+000 1.09132601900688E+000
31.1754469 1.01534600866281E+000 1.08210163652825E+000
31.2754067 1.00698539282304E+000 1.07298229131018E+000
31.3753629 9.98718112559714E-001 1.06396716387632E+000
31.4753231 9.90542235039785E-001 1.05505407736194E+000
31.5752798 9.82457103943126E-001 1.04624224848881E+000
31.6752368 9.74461147121223E-001 1.03752989726596E+000
31.7751978 9.66552827117808E-001 1.02891528355970E+000
31.8751552 9.58731530461817E-001 1.02039767536256E+000
31.9751168 9.50995463819785E-001 1.01197505721660E+000
32.0750747 9.43344040721237E-001 1.00364672939155E+000
32.1750329 9.35775807294792E-001 9.95411049284364E-001
32.2749952 9.28289341475145E-001 9.87266410743613E-001
32.3749539 9.20884095091079E-001 9.79212159781731E-001
32.4749166 9.13558402154384E-001 9.71246427916681E-001
32.5748758 9.06311738639547E-001 9.63368589973786E-001
32.6748352 8.99142758383819E-001 9.55577128154482E-001
32.7747986 8.92050144426050E-001 9.47870558047335E-001
32.8747585 8.85033407007001E-001 9.40248295332480E-001
32.9747223 8.78090996556252E-001 9.32708605566572E-001
33.0746827 8.71222444927921E-001 9.25250930177234E-001
33.1746432 8.64426504182810E-001 9.17873864908628E-001
33.2746078 8.57701953229233E-001 9.10576036129771E-001
33.3745687 8.51048354607827E-001 9.03356921794926E-001
33.4745337 8.44464265325604E-001 8.96214909881549E-001
33.5744951 8.37949267287307E-001 8.89149501375069E-001
33.6744568 8.31502202251030E-001 8.82159395466569E-001
33.7744224 8.25121936691274E-001 8.75243319478033E-001
33.8743844 8.18808080017652E-001 8.68400807083577E-001
33.9743505 8.12559286939238E-001 8.61630358231034E-001
34.0743130 8.06375184229349E-001 8.54931527215365E-001
34.1742756 8.00254695667187E-001 8.48303107609316E-001
34.2742423 7.94196767816154E-001 8.41743918861210E-001
34.3742054 7.88201052123033E-001 8.35253544546824E-001
34.4741725 7.82266292981672E-001 8.28830587168924E-001
34.5741359 7.76392157421257E-001 8.22474648782492E-001
34.6740996 7.70577644320829E-001 8.16184609189158E-001
34.7740673 7.64821773589156E-001 8.09959372023404E-001
34.8740313 7.59124234406081E-001 8.03798565591083E-001
34.9739994 7.53483853597250E-001 7.97700886453625E-001
35.0739638 7.47900334336807E-001 7.91665979490733E-001
35.1739284 7.42372744353901E-001 7.85692803389490E-001
35.2738971 7.36900170812008E-001 7.79780338816857E-001
35.3738621 7.31482336785430E-001 7.73928254206074E-001
35.4738310 7.26118144960541E-001 7.68135332498701E-001
35.5737964 7.20807330988434E-001 7.62401257004591E-001
35.6737620 7.15549025796969E-001 7.56725058671958E-001
35.7737315 7.10342378295545E-001 7.51105788745544E-001
35.8736974 7.05187142025530E-001 7.45543151684583E-001
35.9736673 7.00082289572341E-001 7.40036009860961E-001
36.0736335 6.95027585787488E-001 7.34584081096861E-001
36.1735999 6.90022219680092E-001 7.29186462617277E-001
36.2735704 6.85065396916075E-001 7.23842270412290E-001
36.3735371 6.80156898440273E-001 7.18551241308106E-001
36.4735079 6.75295761320846E-001 7.13312310807598E-001
36.5734750 6.70481776679707E-001 7.08125227748428E-001
36.6734423 6.65714186967013E-001 7.02989150218497E-001
36.7734135 6.60992250080131E-001 6.97903253675592E-001
36.8733811 6.56315771626013E-001 6.92867304044811E-001
36.9733527 6.51683848228165E-001 6.87880304242227E-001
37.0733206 6.47096294655990E-001 6.82942030996353E-001
37.1732887 6.42552402587624E-001 6.78051698353444E-001
37.2732608 6.38051478042519E-001 6.73208536456827E-001
37.3732292 6.33593348834236E-001 6.68412337408385E-001
37.4732015 6.29177166653104E-001 6.63662166340337E-001
37.5731702 6.24802767565661E-001 6.58957825077010E-001
37.6731391 6.20469488647876E-001 6.54298579173877E-001
37.7731119 6.16176680304674E-001 6.49683709120778E-001
37.8730811 6.11924190354566E-001 6.45113030580851E-001
37.9730543 6.07711221460765E-001 6.40585666172408E-001
38.0730237 6.03537628878757E-001 6.36101440312772E-001
38.1729934 5.99402791595942E-001 6.31659666025324E-001
38.2729669 5.95306101000781E-001 6.27259670204316E-001
38.3729369 5.91247422940828E-001 6.22901289730648E-001
38.4729107 5.87226007313456E-001 6.18583700398092E-001
38.5728809 5.83241726670382E-001 6.14306746973573E-001
38.6728513 5.79293998733023E-001 6.10069786272810E-001
38.7728256 5.75382252772372E-001 6.05872188008414E-001
38.8727962 5.71506370890087E-001 6.01713808177243E-001
38.9727708 5.67665646799232E-001 5.97593871815127E-001
39.0727417 5.63859968646947E-001 5.93512242025804E-001
39.1727127 5.60088789989403E-001 5.89468316070218E-001
39.2726877 5.56351575150051E-001 5.85461503213123E-001
39.3726590 5.52648220888854E-001 5.81491676680514E-001
39.4726343 5.48978061605211E-001 5.77558107156654E-001
39.5726059 5.45340999512007E-001 5.73660674274525E-001
39.6725776 5.41736521351607E-001 5.69798812688580E-001
39.7725533 5.38164123914109E-001 5.65971968237183E-001
39.8725252 5.34623717181835E-001 5.62180029680126E-001
39.9725012 5.31114673372492E-001 5.58422310062927E-001
40.0724734 5.27636907387816E-001 5.54698703923099E-001
40.1724458 5.24189936734073E-001 5.51008680522895E-001
40.2724221 5.20773288302683E-001 5.47351719554899E-001
40.3723947 5.17386884005184E-001 5.43727723788069E-001
40.4723712 5.14030131246100E-001 5.40136045618770E-001
40.5723441 5.10702956375661E-001 5.36576593027450E-001
40.6723171 5.07404905446207E-001 5.33048867338322E-001
40.7722940 5.04135533284445E-001 5.29552379612511E-001
40.8722673 5.00894772565681E-001 5.26087045255898E-001
40.9722444 4.97682063464125E-001 5.22652253255579E-001
41.0722179 4.94497342660303E-001 5.19247923719000E-001
41.1721915 4.91340182719788E-001 5.15873587703071E-001
41.2721690 4.88210164418883E-001 5.12528785362833E-001
41.3721428 4.85107230145538E-001 5.09213443505030E-001
41.4721206 4.82030850621012E-001 5.05926985173995E-001
41.5720946 4.78980971847324E-001 5.02669341418465E-001
41.6720688 4.75957191038019E-001 4.99440070894559E-001
41.7720469 4.72959113096702E-001 4.96238740767459E-001
41.8720213 4.69986689175277E-001 4.93065288130523E-001
41.9719996 4.67039418496109E-001 4.89919167757290E-001
42.0719743 4.64117255471972E-001 4.86800320568620E-001
42.1719490 4.61219820251104E-001 4.83708330863569E-001
42.2719276 4.58346740190334E-001 4.80642790906442E-001
42.3719026 4.55497974348716E-001 4.77603647072051E-001
42.4718815 4.52673048564472E-001 4.74590383721615E-001
42.5718566 4.49871924838396E-001 4.71602950683343E-001
42.6718319 4.47094244678131E-001 4.68640956103545E-001
42.7718111 4.44339656354250E-001 4.65704015591235E-001
42.8717866 4.41608126058650E-001 4.62792083895286E-001
42.9717660 4.38899204506490E-001 4.59904672992566E-001
43.0717417 4.36212860542872E-001 4.57041740747479E-001
43.1717175 4.33548755584997E-001 4.54202917503605E-001
43.2716972 4.30906557400078E-001 4.51387840602351E-001
43.3716732 4.28286238612680E-001 4.48596472346986E-001
43.4716531 4.25687373209353E-001 4.45828350512216E-001
43.5716293 4.23109936206855E-001 4.43083440211503E-001
43.6716056 4.20553607596238E-001 4.40361392468063E-001
43.7715858 4.18018073335631E-001 4.37661864872471E-001
43.8715623 4.15503311848764E-001 4.34984826541518E-001
43.9715428 4.13008918909763E-001 4.32329839370405E-001
44.0715195 4.10534875098303E-001 4.29696875010009E-001
44.1714963 4.08080877747573E-001 4.27085603765886E-001
44.2714770 4.05646629802374E-001 4.24495702111972E-001
44.3714539 4.03232114912118E-001 4.21927145308521E-001
44.4714348 4.00836949265889E-001 4.19379517821987E-001
44.5714120 3.98461118455106E-001 4.16852797196896E-001
44.6713893 3.96104336018209E-001 4.14346671733406E-001
44.7713704 3.93766320774985E-001 4.11860835529908E-001
44.8713479 3.91447061081126E-001 4.09395269383770E-001
44.9713293 3.89146192269744E-001 4.06949578900408E-001
45.0713069 3.86863704444706E-001 4.04523746935312E-001
45.1712846 3.84599326299388E-001 4.02117478595346E-001
45.2712662 3.82352791501387E-001 3.99730484441892E-001
45.3712441 3.80124092642034E-001 3.97362750260451E-001
45.4712259 3.77912883020627E-001 3.95013901469975E-001
45.5712040 3.75719156800981E-001 3.92683925709268E-001
45.6711822 3.73542656860197E-001 3.90372543795079E-001
45.7711643 3.71383130763752E-001 3.88079481679224E-001
45.8711426 3.69240574911962E-001 3.85804729638052E-001
45.9711248 3.67114659477788E-001 3.83547931676407E-001
46.0711034 3.65005382274720E-001 3.81309079738348E-001
46.1710820 3.62912499464740E-001 3.79087909336868E-001
46.2710644 3.60835771631933E-001 3.76884160822865E-001
46.3710432 3.58775198598689E-001 3.74697828512880E-001
46.4710259 3.56730466397347E-001 3.72528573859534E-001
46.5710048 3.54701576118958E-001 3.70376392678835E-001
46.6709838 3.52688296377795E-001 3.68241034242420E-001
46.7709667 3.50690399961990E-001 3.66122252383152E-001
46.8709459 3.48707889764998E-001 3.64020045049192E-001
46.9709290 3.46740466736100E-001 3.61934090084905E-001
47.0709083 3.44788134906280E-001 3.59864386785347E-001
47.1708877 3.42850674570236E-001 3.57810697312764E-001
47.2708710 3.40927869964902E-001 3.55772788132821E-001
47.3708506 3.39019726736258E-001 3.53750660454738E-001
47.4708341 3.37125959874122E-001 3.51744007533906E-001
47.5708138 3.35246576042977E-001 3.49752831788025E-001
47.6707936 3.33381366501784E-001 3.47776907465651E-001
47.7707773 3.31530126235450E-001 3.45816012878324E-001
47.8707573 3.29692863353331E-001 3.43870152160122E-001
47.9707411 3.27869306070108E-001 3.41939033065916E-001
48.0707212 3.26059463405572E-001 3.40022660812658E-001
48.1707014 3.24263136917932E-001 3.38120820989332E-001
48.2706855 3.22480131689214E-001 3.36233303023501E-001
48.3706658 3.20710458029605E-001 3.34360113668980E-001
48.4706500 3.18953856618900E-001 3.32500974332169E-001
48.5706305 3.17210338579588E-001 3.30655892735741E-001
48.6706110 3.15479715151109E-001 3.28824665116839E-001
48.7705955 3.13761800907688E-001 3.27007091341574E-001
48.8705762 3.12056608121911E-001 3.25203180506509E-001
48.9705608 3.10363889230473E-001 3.23412666880141E-001
49.0705416 3.08683657229128E-001 3.21635560424369E-001
49.1705225 3.07015732463767E-001 3.19871667381468E-001
49.2705073 3.05359938438152E-001 3.18120797426740E-001
49.3704883 3.03716289170693E-001 3.16382961747987E-001
49.4704733 3.02084548194303E-001 3.14657906740264E-001
49.5704545 3.00464730169591E-001 3.12945644362696E-001
49.6704357 2.98856664013929E-001 3.11245990264935E-001
49.7704208 2.97260181636847E-001 3.09558763346354E-001
49.8704022 2.95675298605843E-001 3.07883976657571E-001
49.9703875 2.94101788933241E-001 3.06221388034353E-001
50.0703690 2.92539668755177E-001 3.04571011213249E-001
50.1703506 2.90988775062196E-001 3.02932670695187E-001
50.2703361 2.89448947681691E-001 3.01306194059196E-001
50.3703178 2.87920203551506E-001 2.99691596011236E-001
50.4703034 2.86402326587110E-001 2.98088645187771E-001
50.5702853 2.84895334228155E-001 2.96497356903122E-001
50.6702672 2.83399071073875E-001 2.94917563991739E-001
50.7702530 2.81913384414679E-001 2.93349102205395E-001
50.8702350 2.80438292396367E-001 2.91791987716913E-001
50.9702209 2.78973588298772E-001 2.90245999365772E-001
51.0702031 2.77519290708783E-001 2.88711153862686E-001
51.1701853 2.76075251401050E-001 2.87187291893232E-001
51.2701714 2.74641324704671E-001 2.85674256909573E-001
51.3701538 2.73217529825868E-001 2.84172066380166E-001
51.4701400 2.71803668904742E-001 2.82680508788942E-001
51.5701225 2.70399761533441E-001 2.81199602078229E-001
51.6701050 2.69005666257586E-001 2.79729194334947E-001
51.7700914 2.67621244048830E-001 2.78269136271179E-001
51.8700741 2.66246515039782E-001 2.76819446495456E-001
51.9700606 2.64881289758849E-001 2.75379922613784E-001
52.0700434 2.63525588674459E-001 2.73950583650403E-001
52.1700263 2.62179276725406E-001 2.72531284673899E-001
52.2700130 2.60842221155824E-001 2.71121883245242E-001
52.3699959 2.59514442902966E-001 2.69722398971716E-001
52.4699827 2.58195760441352E-001 2.68332638092524E-001
52.5699658 2.56886194998540E-001 2.66952620577823E-001
52.6699489 2.55585617553350E-001 2.65582208085997E-001
52.7699359 2.54293901276440E-001 2.64221264643078E-001
52.8699192 2.53011067799132E-001 2.62869810726731E-001
52.9699063 2.51736943127493E-001 2.61527660751503E-001
53.0698897 2.50471549141824E-001 2.60194835509940E-001
53.1698731 2.49214762530646E-001 2.58871202884078E-001
53.2698603 2.47966462067507E-001 2.57556633006342E-001
53.3698439 2.46726669977401E-001 2.56251147108178E-001
53.4698313 2.45495219409015E-001 2.54954567350397E-001
53.5698149 2.44272132798803E-001 2.53666915235745E-001
53.6697986 2.43057292235805E-001 2.52388064527567E-001
53.7697861 2.41850581793517E-001 2.51117891129287E-001
53.8697699 2.40652024199467E-001 2.49856416920250E-001
53.9697576 2.39461459379854E-001 2.48603471405152E-001
54.0697415 2.38278910239622E-001 2.47359076695069E-001
54.1697254 2.37104263978754E-001 2.46123112114348E-001
54.2697133 2.35937409686927E-001 2.44895459023581E-001
54.3696973 2.34778370511511E-001 2.43676139853893E-001
54.4696852 2.33626992813252E-001 2.42464991076262E-001
54.5696694 2.32483299886048E-001 2.41262035317629E-001
54.6696536 2.31347183769440E-001 2.40067157163459E-001
54.7696417 2.30218538303321E-001 2.38880243137668E-001
54.8696260 2.29097386979898E-001 2.37701316135921E-001
54.9696142 2.27983582272096E-001 2.36530219240917E-001
55.0695986 2.26877147790650E-001 2.35366975511553E-001
55.1695831 2.25777980160154E-001 2.34211474513471E-001
55.2695714 2.24685977721281E-001 2.33063607658598E-001
55.3695560 2.23601164243086E-001 2.31923398228003E-001
55.4695444 2.22523398007480E-001 2.30790695582956E-001
55.5695291 2.21452702876670E-001 2.29665523138204E-001
55.6695138 2.20388979821497E-001 2.28547775176206E-001
55.7695023 2.19332131449331E-001 2.27437347738792E-001
55.8694872 2.18282181744475E-001 2.26334264420673E-001
55.9694758 2.17238994512503E-001 2.25238380548473E-001
56.0694607 2.16202593807892E-001 2.24149719823795E-001
56.1694457 2.15172884723506E-001 2.23068180998879E-001
56.2694345 2.14149773913616E-001 2.21993664503330E-001
56.3694196 2.13133285522004E-001 2.20926194180465E-001
56.4694085 2.12123288609233E-001 2.19865631027608E-001
56.5693936 2.11119807368472E-001 2.18811998970702E-001
56.6693788 2.10122750803958E-001 2.17765200999908E-001
56.7693678 2.09132029410347E-001 2.16725141705329E-001
56.8693531 2.08147667440458E-001 2.15691845119989E-001
56.9693423 2.07169538956704E-001 2.14665177634547E-001
57.0693276 2.06197668242493E-001 2.13645163342690E-001
57.1693130 2.05231968015421E-001 2.12631709254745E-001
57.2693023 2.04272352416392E-001 2.11624723907852E-001
57.3692878 2.03318845761666E-001 2.10624231471438E-001
57.4692772 2.02371326876869E-001 2.09630103468260E-001
57.5692628 2.01429820091879E-001 2.08642364108540E-001
57.6692484 2.00494241651408E-001 2.07660924218159E-001
57.7692379 1.99564509159989E-001 2.06685696080681E-001
57.8692236 1.98640646956169E-001 2.05716703953740E-001
57.9692132 1.97722538403689E-001 2.04753824245997E-001
58.0691990 1.96810207839401E-001 2.03797081237934E-001
58.1691849 1.95903574859863E-001 2.02846389378587E-001
58.2691746 1.95002560361368E-001 2.01901664509314E-001
58.3691605 1.94107188667631E-001 2.00962930932416E-001
58.4691503 1.93217347468075E-001 2.00030069710319E-001
58.5691363 1.92333061070928E-001 1.99103105151966E-001
58.6691224 1.91454252259559E-001 1.98181955148560E-001
58.7691123 1.90580845060176E-001 1.97266538921772E-001
58.8690985 1.89712863748240E-001 1.96356880779289E-001
58.9690885 1.88850200138259E-001 1.95452866218278E-001
59.0690747 1.87992878477799E-001 1.94554519538460E-001
59.1690610 1.87140824581559E-001 1.93661761902828E-001
59.2690511 1.86293965453171E-001 1.92774515746297E-001
59.3690374 1.85452325289793E-001 1.91892805346535E-001
59.4690277 1.84615799841496E-001 1.91016520428703E-001
59.5690141 1.83784413266403E-001 1.90145685249353E-001
59.6690006 1.82958094263981E-001 1.89280224082810E-001
59.7689909 1.82136772671535E-001 1.88420062419870E-001
59.8689774 1.81320472580948E-001 1.87565224476321E-001
59.9689678 1.80509093498709E-001 1.86715604010051E-001
60.0689545 1.79702659467678E-001 1.85871225203910E-001
60.1689411 1.78901101933871E-001 1.85032015292356E-001
60.2689316 1.78104353432678E-001 1.84197902673761E-001
60.3689184 1.77312437926550E-001 1.83368911473416E-001
60.4689090 1.76525258508963E-001 1.82544939297401E-001
60.5688958 1.75742839084412E-001 1.81726010227466E-001
60.6688827 1.74965113715029E-001 1.80912054315633E-001
60.7688734 1.74192017506347E-001 1.80103002728024E-001
60.8688603 1.73423574269789E-001 1.79298879473763E-001
60.9688511 1.72659690525498E-001 1.78499585832660E-001
61.0688381 1.71900390018976E-001 1.77705145760799E-001
61.1688251 1.71145609305339E-001 1.76915491993294E-001
61.2688160 1.70395285939452E-001 1.76130558332097E-001
61.3688031 1.69649443562469E-001 1.75350368647199E-001
61.4687941 1.68907991969423E-001 1.74574827727099E-001
61.5687813 1.68170954728455E-001 1.73803959380261E-001
61.6687685 1.67438270771354E-001 1.73037698897967E-001
61.7687596 1.66709879988207E-001 1.72275982593486E-001
61.8687469 1.65985805832789E-001 1.71518834177172E-001
61.9687381 1.65265961231266E-001 1.70766161790013E-001
62.0687254 1.64550369558116E-001 1.70017989073277E-001
62.1687128 1.63838972011883E-001 1.69274253754561E-001
62.2687041 1.63131710710030E-001 1.68534894540866E-001
62.3686916 1.62428608903799E-001 1.67799934964653E-001
62.4686829 1.61729582514263E-001 1.67069286371499E-001
62.5686704 1.61034654707815E-001 1.66342972218062E-001
62.6686580 1.60343768845836E-001 1.65620932555024E-001
62.7686494 1.59656869171181E-001 1.64903108372022E-001
62.8686371 1.58973978719195E-001 1.64189523007424E-001
62.9686286 1.58295016276703E-001 1.63480090871274E-001
63.0686163 1.57620004789316E-001 1.62774835220195E-001
63.1686040 1.56948889682943E-001 1.62073698320923E-001
63.2685918 1.56281642609785E-001 1.61376649853803E-001
63.3685872 1.55618185001820E-001 1.60683607050672E-001
63.4685751 1.54958590233777E-001 1.59994645869028E-001
63.5685630 1.54302779935544E-001 1.59309683762226E-001
63.6685509 1.53650726738983E-001 1.58628691470682E-001
63.7685388 1.53002403514638E-001 1.57951639993000E-001
63.8685344 1.52357734328517E-001 1.57278449374575E-001
63.9685224 1.51716790882257E-001 1.56609193835083E-001
64.0685105 1.51079497425666E-001 1.55943793625723E-001
64.1684986 1.50445827759929E-001 1.55282220751512E-001
64.2684867 1.49815755913012E-001 1.54624447462631E-001
64.3684824 1.49189208474117E-001 1.53970396498032E-001
64.4684706 1.48566255514000E-001 1.53320140383160E-001
64.5684588 1.47946823792503E-001 1.52673602048123E-001
64.6684470 1.47330888222009E-001 1.52030754698949E-001
64.7684353 1.46718423930460E-001 1.51391571774559E-001
64.8684312 1.46109359924979E-001 1.50755978593563E-001
64.9684195 1.45503764686714E-001 1.50124046029844E-001
65.0684079 1.44901567381152E-001 1.49495699579509E-001
65.1683963 1.44302743977044E-001 1.48870913589652E-001
65.2683847 1.43707270648103E-001 1.48249662628687E-001
65.3683808 1.43115078719359E-001 1.47631874486745E-001
65.4683692 1.42526235122661E-001 1.47017618427858E-001
65.5683578 1.41940671329953E-001 1.46406822406918E-001
65.6683463 1.41358364314593E-001 1.45799461855543E-001
65.7683349 1.40779291244909E-001 1.45195512415752E-001
65.8683311 1.40203385668765E-001 1.44594904246480E-001
65.9683197 1.39630713008080E-001 1.43997705042672E-001
66.0683084 1.39061206946944E-001 1.43403845116143E-001
66.1682971 1.38494845414462E-001 1.42813300929682E-001
66.2682858 1.37931606525260E-001 1.42226049146178E-001
66.3682821 1.37371425959632E-001 1.41642022195752E-001
66.4682709 1.36814367667986E-001 1.41061286244084E-001
66.5682597 1.36260367456871E-001 1.40483773863087E-001
66.6682485 1.35709404164972E-001 1.39909462496364E-001
66.7682374 1.35161456807576E-001 1.39338329777883E-001
66.8682339 1.34616463111395E-001 1.38770310316148E-001
66.9682228 1.34074485592822E-001 1.38205468786447E-001
67.0682118 1.33535462095512E-001 1.37643739928732E-001
67.1682007 1.32999372324112E-001 1.37085102119852E-001
67.2681897 1.32466196151436E-001 1.36529533917834E-001
67.3681864 1.31935873268759E-001 1.35976972021295E-001
67.4681754 1.31408464795015E-001 1.35427479653073E-001
67.5681645 1.30883910529732E-001 1.34880993633573E-001
67.6681536 1.30362191002276E-001 1.34337493227963E-001
67.7681428 1.29843286902208E-001 1.33796957873892E-001
67.8681396 1.29327139807428E-001 1.33259326276106E-001
67.9681288 1.28813809475058E-001 1.32724660241996E-001
68.0681180 1.28303237583135E-001 1.32192898589082E-001
68.1681072 1.27795405446744E-001 1.31664021428370E-001
68.2680965 1.27290294533617E-001 1.31138009035141E-001
68.3680934 1.26787848234044E-001 1.30614802040316E-001
68.4680827 1.26288124978080E-001 1.30094460871932E-001
68.5680721 1.25791068248573E-001 1.29576926265271E-001
68.6680615 1.25296660109421E-001 1.29062179137018E-001
68.7680509 1.24804882770029E-001 1.28550200560372E-001
68.8680479 1.24315681362343E-001 1.28040933016296E-001
68.9680374 1.23829113023202E-001 1.27534435588653E-001
69.0680269 1.23345122970029E-001 1.27030650854909E-001
69.1680164 1.22863693980607E-001 1.26529560499445E-001
69.2680059 1.22384808971466E-001 1.26031146355801E-001
69.3680031 1.21908414748775E-001 1.25535352682458E-001
69.4679927 1.21434567189140E-001 1.25042237253389E-001
69.5679823 1.20963213177593E-001 1.24551744416234E-001
69.6679719 1.20494336172730E-001 1.24063856587119E-001
69.7679615 1.20027919765490E-001 1.23578556324375E-001
69.8679589 1.19563912371961E-001 1.23095789594873E-001
69.9679486 1.19102368640640E-001 1.22615612896102E-001
70.0679383 1.18643237060301E-001 1.22137972277238E-001
70.1679281 1.18186501739023E-001 1.21662850852120E-001
70.2679178 1.17732146911163E-001 1.21190231870210E-001
70.3679153 1.17280122541386E-001 1.20720062940862E-001
70.4679051 1.16830482081358E-001 1.20252399317626E-001
70.5678949 1.16383175562660E-001 1.19787188685758E-001
70.6678848 1.15938187713165E-001 1.19324414824586E-001
70.7678747 1.15495503381281E-001 1.18864061642816E-001
70.8678723 1.15055074021709E-001 1.18406078329437E-001
70.9678622 1.14616951919734E-001 1.17950518925742E-001
71.0678522 1.14181088591585E-001 1.17497332690637E-001
71.1678422 1.13747469356790E-001 1.17046504038402E-001
71.2678322 1.13316079649961E-001 1.16598017506788E-001
71.3678299 1.12886872359950E-001 1.16151823804438E-001
71.4678200 1.12459898635307E-001 1.15707975791250E-001
71.5678100 1.12035111421371E-001 1.15266424240197E-001
71.6678002 1.11612496602643E-001 1.14827154171577E-001
71.7677903 1.11192040173533E-001 1.14390150723553E-001
71.8677881 1.10773696403671E-001 1.13955366067182E-001
71.9677783 1.10357515333725E-001 1.13522851911006E-001
72.0677685 1.09943451285101E-001 1.13092560485189E-001
72.1677587 1.09531490681956E-001 1.12664477388612E-001
72.2677489 1.09121620053453E-001 1.12238588332705E-001
72.3677468 1.08713794999007E-001 1.11814846896282E-001
72.4677371 1.08308064479479E-001 1.11393303665769E-001
72.5677275 1.07904384141666E-001 1.10973912274206E-001
72.6677178 1.07502740925356E-001 1.10556658873037E-001
72.7677082 1.07103121870692E-001 1.10141529721215E-001
72.8677062 1.06705483858141E-001 1.09728479753101E-001
72.9676966 1.06309874796084E-001 1.09317558461464E-001
73.0676870 1.05916251608260E-001 1.08908720830333E-001
73.1676774 1.05524601727289E-001 1.08501953539028E-001
73.2676679 1.05134912681721E-001 1.08097243369594E-001
73.3676660 1.04747142586491E-001 1.07694546562059E-001
73.4676565 1.04361338324080E-001 1.07293911543224E-001
73.5676471 1.03977458048853E-001 1.06895294598525E-001
73.6676376 1.03595489664604E-001 1.06498682911727E-001
73.7676282 1.03215421166861E-001 1.06104063764780E-001
73.8676264 1.02837211860468E-001 1.05711394655697E-001
73.9676171 1.02460907627871E-001 1.05320722972258E-001
74.0676077 1.02086467809757E-001 1.04932006253902E-001
74.1675984 1.01713880760526E-001 1.04545232166597E-001
74.2675890 1.01343134922318E-001 1.04160388470180E-001
74.3675874 1.00974190747267E-001 1.03777433875057E-001
74.4675781 1.00607093142941E-001 1.03396414756205E-001
74.5675688 1.00241802593960E-001 1.03017289861737E-001
74.6675596 9.98783078857819E-002 1.02640047318694E-001
74.7675504 9.95165978878132E-002 1.02264675343891E-001
74.8675488 9.91566341586809E-002 1.01891133816516E-001
74.9675396 9.87984606555534E-002 1.01519468124253E-001
75.0675305 9.84420389664139E-002 1.01149638180523E-001
75.1675213 9.80873582891947E-002 1.00781632553367E-001
75.2675122 9.77344079021741E-002 1.00415439896710E-001
75.3675108 9.73831504314246E-002 1.00051021216799E-001
75.4675017 9.70336289075204E-002 9.96884209388330E-002
75.5674926 9.66858059829643E-002 9.93276001000466E-002
75.6674836 9.63396712504965E-002 9.89685476904071E-002
75.7674746 9.59952143797735E-002 9.86112527820598E-002
75.8674732 9.56523990269200E-002 9.82556774683788E-002
75.9674642 9.53112673190714E-002 9.79018652362133E-002
76.0674553 9.49717829360499E-002 9.75497782068889E-002
76.1674463 9.46339358485966E-002 9.71994057741609E-002
76.2674374 9.42977161011077E-002 9.68507374104437E-002
76.3674361 9.39630883439394E-002 9.65037362579998E-002
76.4674273 9.36300938233109E-002 9.61584448888059E-002
76.5674184 9.32986972107240E-002 9.58148264702429E-002
76.6674096 9.29688888389303E-002 9.54728707826062E-002
76.7674007 9.26406591112322E-002 9.51325676815027E-002
76.8673996 9.23139736378943E-002 9.47938813214631E-002
76.9673908 9.19888728061250E-002 9.44568533824260E-002
77.0673820 9.16653222449511E-002 9.41214480413948E-002
77.1673732 9.13433126339153E-002 9.37876554487963E-002
77.2673645 9.10228347201550E-002 9.34554658271840E-002
77.3673634 9.07038550409446E-002 9.31248443082731E-002
77.4673547 9.03864131457856E-002 9.27958317021731E-002
77.5673461 9.00704755884902E-002 9.24683931606015E-002
77.6673374 8.97560333809005E-002 9.21425191885017E-002
77.7673288 8.94430775996400E-002 9.18182003599128E-002
77.8673278 8.91315756774489E-002 9.14954027501120E-002
77.9673192 8.88215663468429E-002 9.11741663209811E-002
78.0673106 8.85130170550234E-002 9.08544571654923E-002
78.1673020 8.82059191323320E-002 9.05362661282426E-002
78.2672935 8.79002639712111E-002 9.02195841200380E-002
78.3672925 8.75960198696133E-002 8.99043781274855E-002
78.4672840 8.72932247632210E-002 8.95906872852482E-002
78.5672755 8.69918469625105E-002 8.92784785954751E-002
78.6672671 8.66918781031755E-002 8.89677432282628E-002
78.7672586 8.63933098804568E-002 8.86584724171682E-002
78.8672578 8.60961114284946E-002 8.83506340292199E-002
78.9672493 8.58003199057384E-002 8.80442663922957E-002
79.0672409 8.55059044570449E-002 8.77393373869564E-002
79.1672325 8.52128570109315E-002 8.74358384953173E-002
79.2672242 8.49211695530279E-002 8.71337612603350E-002
79.3672234 8.46308120258094E-002 8.68330743998123E-002
79.4672151 8.43418208295547E-002 8.65338154547137E-002
79.5672068 8.40541659157696E-002 8.62359531544996E-002
79.6671985 8.37678394938523E-002 8.59394792804586E-002
79.7671902 8.34828338279926E-002 8.56443856722258E-002
79.8671895 8.31991196422633E-002 8.53506418699310E-002
79.9671813 8.29167325973124E-002 8.50582846469536E-002
80.0671730 8.26356434246721E-002 8.47672835533323E-002
80.1671648 8.23558446032338E-002 8.44776306572876E-002
80.2671566 8.20773286644672E-002 8.41893180830072E-002
80.3671560 8.18000670883694E-002 8.39023161656453E-002
80.4671478 8.15240948139904E-002 8.36166609297945E-002
80.5671397 8.12493833273224E-002 8.33323227188871E-002
80.6671315 8.09759253658886E-002 8.30492938764042E-002
80.7671234 8.07037137176796E-002 8.27675667995263E-002
80.8671229 8.04327205939583E-002 8.24871125922194E-002
80.9671148 8.01629802297157E-002 8.22079665485725E-002
81.0671067 7.98944648408455E-002 8.19300997793104E-002
81.1670987 7.96271674131410E-002 8.16535048920450E-002
81.2670906 7.93610809808478E-002 8.13781745459240E-002
81.3670902 7.90961784628039E-002 8.11040805885533E-002
81.4670822 7.88324934070012E-002 8.08312576013014E-002
81.5670742 7.85699987356384E-002 8.05596774371165E-002
81.6670662 7.83086876728897E-002 8.02893329571247E-002
81.7670583 7.80485534894588E-002 8.00202170719238E-002
81.8670579 7.77895697889920E-002 7.97523023485788E-002
81.9670500 7.75317694490760E-002 7.94856226730344E-002
82.0670421 7.72751260755356E-002 7.92201506163791E-002
82.1670342 7.70196331214864E-002 7.89558792831228E-002
82.2670263 7.67652840847370E-002 7.86928018252774E-002
82.3670260 7.65120532318572E-002 7.84308915061329E-002
82.4670182 7.62599727861700E-002 7.81701815330345E-002
82.5670103 7.60090170153238E-002 7.79106451720675E-002
82.6670025 7.57591795923620E-002 7.76522757614576E-002
82.7669947 7.55104542332669E-002 7.73950666850509E-002
82.8669945 7.52628158464891E-002 7.71389918800316E-002
82.9669867 7.50162960167895E-002 7.68840838915105E-002
83.0669790 7.47708696526749E-002 7.66303166583248E-002
83.1669712 7.45265306385071E-002 7.63776837431842E-002
83.2669635 7.42832728999120E-002 7.61261787526239E-002
83.3669634 7.40410719669820E-002 7.58757762762532E-002
83.4669556 7.37999588011908E-002 7.56265082128681E-002
83.5669479 7.35599089317376E-002 7.53783491526686E-002
83.6669403 7.33209164460779E-002 7.51312928740338E-002
83.7669326 7.30829754713308E-002 7.48853331974533E-002
83.8669326 7.28460621397604E-002 7.46404453443166E-002
83.9669249 7.26102068044134E-002 7.43966605825906E-002
84.0669173 7.23753855957793E-002 7.41539541332684E-002
84.1669097 7.21415927965478E-002 7.39123199819781E-002
84.2669021 7.19088227275418E-002 7.36717521548197E-002
84.3669022 7.16770521044617E-002 7.34322264851046E-002
84.4668946 7.14463106863848E-002 7.31937736250358E-002
84.5668870 7.12165751864189E-002 7.29563694066119E-002
84.6668795 7.09878400749747E-002 7.27200080146642E-002
84.7668720 7.07600998591338E-002 7.24846836729303E-002
84.8668721 7.05333318199990E-002 7.22503728075367E-002
84.9668646 7.03075651367448E-002 7.20171054695799E-002
85.0668571 7.00827770871238E-002 7.17848580830229E-002
85.1668496 6.98589623220843E-002 7.15536250242111E-002
85.2668422 6.96361155278473E-002 7.13234007068991E-002
85.3668424 6.94142145335560E-002 7.10941621316412E-002
85.4668349 6.91932879521689E-002 7.08659387626868E-002
85.5668275 6.89733136087776E-002 7.06387075976374E-002
85.6668201 6.87542863279980E-002 7.04124631970015E-002
85.7668127 6.85362009683816E-002 7.01872001572659E-002
85.8668130 6.83190358903928E-002 6.99628960357114E-002
85.9668056 6.81028191540914E-002 6.97395797236149E-002
86.0667983 6.78875291152410E-002 6.95172287745740E-002
86.1667909 6.76731607655542E-002 6.92958379262311E-002
86.2667836 6.74597091293985E-002 6.90754019508383E-002
86.3667839 6.72471530824545E-002 6.88558989453595E-002
86.4667766 6.70355201448435E-002 6.86373572415993E-002
86.5667694 6.68247891869458E-002 6.84197549321625E-002
86.6667621 6.66149553612816E-002 6.82030869251019E-002
86.7667548 6.64060138518021E-002 6.79873481617712E-002
86.8667552 6.61979440338877E-002 6.77725172624027E-002
86.9667480 6.59907729003327E-002 6.75586220124657E-002
87.0667408 6.57844798206638E-002 6.73456410272082E-002
87.1667336 6.55790601021911E-002 6.71335693786614E-002
87.2667264 6.53745090824833E-002 6.69224021709049E-002
87.3667268 6.51708066216672E-002 6.67121185316264E-002
87.4667197 6.49679791974846E-002 6.65027457127439E-002
87.5667125 6.47660066636988E-002 6.62942628363833E-002
87.6667054 6.45648844766486E-002 6.60866651323993E-002
87.7666983 6.43646081218082E-002 6.58799478614955E-002
87.8666988 6.41651579296375E-002 6.56740906435779E-002
87.9666917 6.39665598747720E-002 6.54691202094549E-002
88.0666846 6.37687942808385E-002 6.52650161729379E-002
88.1666775 6.35718567476874E-002 6.50617739158134E-002
88.2666705 6.33757429032298E-002 6.48593888495686E-002
88.3666710 6.31804335343609E-002 6.46578410716423E-002
88.4666640 6.29859541242384E-002 6.44571568038415E-002
88.5666570 6.27922854524937E-002 6.42573161370204E-002
88.6666500 6.25994232572049E-002 6.40583145992558E-002
88.7666429 6.24073633034812E-002 6.38601477472267E-002
88.8666436 6.22160868212511E-002 6.36627961417471E-002
88.9666366 6.20256188135138E-002 6.34662855074086E-002
89.0666296 6.18359405025388E-002 6.32705963979900E-002
89.1666227 6.16470477595701E-002 6.30757244824569E-002
89.2666157 6.14589364818959E-002 6.28816654573240E-002
89.3666164 6.12715883295511E-002 6.26884003331296E-002
89.4666095 6.10850278363947E-002 6.24959543487220E-002
89.5666026 6.08992366544407E-002 6.23043085071903E-002
89.6665957 6.07142107832483E-002 6.21134586132142E-002
89.7665889 6.05299462474754E-002 6.19234004980139E-002
89.8665896 6.03464251247906E-002 6.17341156086860E-002
89.9665828 6.01636714906405E-002 6.15456287095025E-002
90.0665759 5.99816674143421E-002 6.13579212397317E-002
90.1665691 5.98004090191211E-002 6.11709891348096E-002
90.2665622 5.96198924523954E-002 6.09848283557465E-002
90.3665631 5.94401001974305E-002 6.07994207734953E-002
90.4665563 5.92610558817052E-002 6.06147906886242E-002
90.5665495 5.90827419798332E-002 6.04309199639113E-002
90.6665427 5.89051547342494E-002 6.02478046607980E-002
90.7665359 5.87282904107120E-002 6.00654408653735E-002
90.8665368 5.85521318864661E-002 5.98838108601919E-002
90.9665301 5.83767023511923E-002 5.97029384927016E-002
91.0665233 5.82019846732103E-002 5.95228060369656E-002
91.1665166 5.80279752098910E-002 5.93434096758764E-002
91.2665099 5.78546703410947E-002 5.91647456160864E-002
91.3665108 5.76820533268298E-002 5.89867965399225E-002
91.4665041 5.75101469288813E-002 5.88095858520189E-002
91.5664975 5.73389343980849E-002 5.86330962259242E-002
91.6664908 5.71684122026482E-002 5.84573239616154E-002
91.7664842 5.69985768324691E-002 5.82822653819782E-002
91.8664851 5.68294119194877E-002 5.81079035576942E-002
91.9664785 5.66609398072376E-002 5.79342614606184E-002
92.0664719 5.64931441182632E-002 5.77613221523935E-002
92.1664653 5.63260214276770E-002 5.75890820458939E-002
92.2664587 5.61595683315146E-002 5.74175375760858E-002
92.3664597 5.59937688231869E-002 5.72466721909810E-002
92.4664531 5.58286448373676E-002 5.70765084394272E-002
92.5664466 5.56641803578715E-002 5.69070297601617E-002
92.6664400 5.55003720629432E-002 5.67382326749396E-002
92.7664335 5.53372166510137E-002 5.65701137268245E-002
92.8664346 5.51746984668585E-002 5.64026567305115E-002
92.9664281 5.50128390454393E-002 5.62358838213575E-002
93.0664215 5.48516227217564E-002 5.60697788045708E-002
93.1664150 5.46910462735649E-002 5.59043383069340E-002
93.2664086 5.45311064981003E-002 5.57395589757860E-002
93.3664097 5.43717880817371E-002 5.55754249822208E-002
93.4664032 5.42131121686354E-002 5.54119580573731E-002
93.5663968 5.40550634352357E-002 5.52491423626598E-002
93.6663903 5.38976387553277E-002 5.50869746261930E-002
93.7663839 5.37408350215035E-002 5.49254515959196E-002
93.8663851 5.35846372522989E-002 5.47645577893958E-002
93.9663787 5.34290662097525E-002 5.46043145425619E-002
94.0663723 5.32741069023255E-002 5.44447063631280E-002
94.1663659 5.31197562965052E-002 5.42857300769859E-002
94.2663595 5.29660113769293E-002 5.41273825291703E-002
94.3663607 5.28128574851724E-002 5.39696485740975E-002
94.4663544 5.26603150096071E-002 5.38125491613076E-002
94.5663480 5.25083692816101E-002 5.36560691352203E-002
94.6663417 5.23570173571609E-002 5.35002054161007E-002
94.7663353 5.22062563097636E-002 5.33449549426906E-002
94.8663366 5.20560717952113E-002 5.31903028969861E-002
94.9663303 5.19064838364485E-002 5.30362698506934E-002
95.0663240 5.17574780789637E-002 5.28828409756797E-002
95.1663177 5.16090516651496E-002 5.27300132833103E-002
95.2663114 5.14612017543230E-002 5.25777838027895E-002
95.3663128 5.13139143079651E-002 5.24261380347206E-002
95.4663065 5.11672089916202E-002 5.22750961813218E-002
95.5663002 5.10210717563735E-002 5.21246437329526E-002
95.6662940 5.08754998280736E-002 5.19747777889365E-002
95.7662878 5.07304904489152E-002 5.18254954658222E-002
95.8662892 5.05860298778179E-002 5.16767825741451E-002
95.9662829 5.04421374307471E-002 5.15286589547669E-002
96.0662767 5.02987993561494E-002 5.13811104078798E-002
96.1662705 5.01560129604866E-002 5.12341341177464E-002
96.2662643 5.00137755660115E-002 5.10877272852655E-002
96.3662658 4.98720737211009E-002 5.09418760225139E-002
96.4662596 4.97309263997639E-002 5.07965998169205E-002
96.5662535 4.95903201398402E-002 5.06518847701345E-002
96.6662473 4.94502523256732E-002 5.05077281484574E-002
96.7662412 4.93107203568634E-002 5.03641272342598E-002
96.8662427 4.91717110635220E-002 5.02210684330444E-002
96.9662365 4.90332430851306E-002 5.00785708865281E-002
97.0662304 4.88953032412120E-002 4.99366209897153E-002
97.1662243 4.87578889913644E-002 4.97952160881581E-002
97.2662182 4.86209978099310E-002 4.96543535429340E-002
97.3662198 4.84846168012832E-002 4.95140200451192E-002
97.4662137 4.83487642776158E-002 4.93742343982432E-002
97.5662076 4.82134273326721E-002 4.92349832828260E-002
97.6662016 4.80786034987807E-002 4.90962641209913E-002
97.7661955 4.79442903225210E-002 4.89580743498645E-002
97.8661971 4.78104751752910E-002 4.88204009384971E-002
97.9661911 4.76771760490558E-002 4.86832623595647E-002
98.0661851 4.75443803045563E-002 4.85466455715168E-002
98.1661791 4.74120855444222E-002 4.84105480704722E-002
98.2661730 4.72802893850603E-002 4.82749673670485E-002
98.3661747 4.71489794578906E-002 4.81398907009180E-002
98.4661687 4.70181734415290E-002 4.80053362210508E-002
98.5661627 4.68878589567196E-002 4.78712911564824E-002
98.6661568 4.67580336740578E-002 4.77377530748500E-002
98.7661508 4.66286952774596E-002 4.76047195578051E-002
98.8661525 4.64998316515851E-002 4.74721781085217E-002
98.9661465 4.63714601684081E-002 4.73401465592319E-002
99.0661406 4.62435687019035E-002 4.72086124024490E-002
99.1661347 4.61161549883851E-002 4.70775732749456E-002
99.2661288 4.59892167770478E-002 4.69470268270430E-002
99.3661305 4.58627421992235E-002 4.68169608185240E-002
99.4661246 4.57367483267834E-002 4.66873927716754E-002
99.5661187 4.56112232803737E-002 4.65583104356048E-002
99.6661128 4.54861648598638E-002 4.64297115139282E-002
99.7661070 4.53615708775816E-002 4.63015937233627E-002
99.8661087 4.52374297051685E-002 4.61739450736244E-002
99.9661029 4.51137581207691E-002 4.60467827836772E-002
100.0660970 4.49905444853467E-002 4.59200948525571E-002
100.1660912 4.48677866602450E-002 4.57938790485181E-002
100.2660854 4.47454825188594E-002 4.56681331524848E-002
100.3660872 4.46236206669764E-002 4.55428454176410E-002
100.4660814 4.45022175952320E-002 4.54180327660849E-002
100.5660756 4.43812618987498E-002 4.52936834403236E-002
100.6660698 4.42607514983442E-002 4.51697952711273E-002
100.7660640 4.41406843264898E-002 4.50463661015216E-002
100.8660658 4.40210492171450E-002 4.49233844218949E-002
100.9660601 4.39018623795008E-002 4.48008668637758E-002
101.0660543 4.37831126368751E-002 4.46788019068873E-002
101.1660486 4.36647979676241E-002 4.45571874424726E-002
101.2660428 4.35469163613868E-002 4.44360213736314E-002
101.3660447 4.34294568745046E-002 4.43152924218881E-002
101.4660390 4.33124354406373E-002 4.41950169343412E-002
101.5660333 4.31958411055147E-002 4.40751836218683E-002
101.6660275 4.30796719031768E-002 4.39557904342194E-002
101.7660218 4.29639258785839E-002 4.38368353326164E-002
101.8660238 4.28485923048483E-002 4.37183072638385E-002
101.9660181 4.27336868458673E-002 4.36002222965423E-002
102.0660124 4.26191987641767E-002 4.34825693668857E-002
102.1660067 4.25051261477116E-002 4.33653464812319E-002
102.2660011 4.23914670949772E-002 4.32485516570455E-002
102.3660031 4.22782110904166E-002 4.31321740606605E-002
102.4659974 4.21653735337912E-002 4.30162294881317E-002
102.5659918 4.20529438990079E-002 4.29007070952035E-002
102.6659861 4.19409203261733E-002 4.27856049430285E-002
102.7659805 4.18293009656270E-002 4.26709211035042E-002
102.8659825 4.17180755078673E-002 4.25566449569935E-002
102.9659769 4.16072590940086E-002 4.24427920326460E-002
103.0659713 4.14968414040588E-002 4.23293517002723E-002
103.1659657 4.13868206286353E-002 4.22163220740581E-002
103.2659601 4.12771949682638E-002 4.21037012785905E-002
103.3659622 4.11679543143814E-002 4.19914789029030E-002
103.4659566 4.10591135548106E-002 4.18796702147973E-002
103.5659511 4.09506625705490E-002 4.17682647927978E-002
103.6659455 4.08425996011245E-002 4.16572608024310E-002
103.7659400 4.07349228956601E-002 4.15466564192938E-002
103.8659421 4.06276225415693E-002 4.14364414358946E-002
103.9659365 4.05207131786075E-002 4.13266308641084E-002
104.0659310 4.04141848838036E-002 4.12172144859830E-002
104.1659255 4.03080359440538E-002 4.11081905167548E-002
104.2659200 4.02022646555470E-002 4.09995571814117E-002
104.3659221 4.00968612968586E-002 4.08913044708980E-002
104.4659166 3.99918402647755E-002 4.07834471464513E-002
104.5659112 3.98871918275473E-002 4.06759751886077E-002
104.6659057 3.97829143179511E-002 4.05688868607421E-002
104.7659002 3.96790060777665E-002 4.04621804356737E-002
104.8659024 3.95754575720586E-002 4.03558460978940E-002
104.9658969 3.94722829596209E-002 4.02498983631640E-002
105.0658915 3.93694726952563E-002 4.01443274056240E-002
105.1658860 3.92670251561893E-002 4.00391315352727E-002
105.2658806 3.91649387283663E-002 3.99343090712568E-002
105.3658828 3.90632040588089E-002 3.98298503868719E-002
105.4658774 3.89618350731729E-002 3.97257697574385E-002
105.5658720 3.88608224082839E-002 3.96220575459622E-002
105.6658666 3.87601644844315E-002 3.95187121076052E-002
105.7658612 3.86598597303566E-002 3.94157318063916E-002
105.8658634 3.85598989706367E-002 3.93131071998191E-002
105.9658580 3.84602959025289E-002 3.92108523276821E-002
106.0658527 3.83610413404843E-002 3.91089577372528E-002
106.1658473 3.82621337465243E-002 3.90074218274486E-002
106.2658419 3.81635715908604E-002 3.89062430057732E-002
106.3658442 3.80653458713543E-002 3.88054120094592E-002
106.4658389 3.79674700614902E-002 3.87049426475721E-002
106.5658335 3.78699351490758E-002 3.86048256471866E-002
106.6658282 3.77727396365780E-002 3.85050594496175E-002
106.7658229 3.76758820344017E-002 3.84056425044998E-002
106.8658252 3.75793535095456E-002 3.83065657244654E-002
106.9658199 3.74831673162363E-002 3.82078426925320E-002
107.0658146 3.73873146114934E-002 3.81094643112447E-002
107.1658093 3.72917939369880E-002 3.80114290630052E-002
107.2658040 3.71966038420867E-002 3.79137354382796E-002
107.3658063 3.71017356588973E-002 3.78163745208895E-002
107.4658011 3.70072024267970E-002 3.77193596723748E-002
107.5657958 3.69129954679925E-002 3.76226819665442E-002
107.6657905 3.68191133621616E-002 3.75263399256230E-002
107.7657853 3.67255546964433E-002 3.74303320796533E-002
107.8657877 3.66323109641432E-002 3.73346496795593E-002
107.9657824 3.65393949940930E-002 3.72393058698643E-002
108.0657772 3.64467982697769E-002 3.71442918915559E-002
108.1657720 3.63545194077237E-002 3.70496063054634E-002
108.2657667 3.62625570316973E-002 3.69552476799945E-002
108.3657692 3.61709027924016E-002 3.68612074292066E-002
108.4657639 3.60795693123250E-002 3.67674984849618E-002
108.5657587 3.59885482324317E-002 3.66741122514595E-002
108.6657536 3.58978382049861E-002 3.65810473269566E-002
108.7657484 3.58074378892689E-002 3.64883023170576E-002
108.8657508 3.57173390896913E-002 3.63958687950982E-002
108.9657456 3.56275542265018E-002 3.63037594845316E-002
109.0657405 3.55380750944553E-002 3.62119659489157E-002
