0.0053140 1.26804328161781E+001 3.59062517135970E+003
0.0210792 4.84517554122426E+001 3.50381684464989E+003
0.0467942 1.01278169774108E+002 3.36826648736512E+003
0.0817065 1.63250481348531E+002 3.19544850480979E+003
0.1249105 2.26651131068751E+002 2.99793098332528E+003
0.1754417 2.85398354268629E+002 2.78748403243478E+003
0.2323515 3.35607448399939E+002 2.57390978418049E+003
0.2947571 3.75453891692193E+002 2.36459946483828E+003
0.3618673 4.04680636377900E+002 2.16461657002208E+003
0.4329916 4.24035273647811E+002 1.97705857463770E+003
0.5075377 4.34793160543670E+002 1.80351113958709E+003
0.5850032 4.38417830741405E+002 1.64447874897773E+003
0.6649650 4.36349873448711E+002 1.49974334719615E+003
0.7470680 4.29893653753396E+002 1.36863753068570E+003
0.8310139 4.20169459018742E+002 1.25024263521880E+003
0.9165527 4.08104942651292E+002 1.14352302568152E+003
1.0034738 3.94447674861654E+002 1.04741458971801E+003
1.0915995 3.79787242617193E+002 9.60879713136126E+002
1.1807797 3.64580017559992E+002 8.82938697317324E+002
1.2708868 3.49173235296530E+002 8.12686803967210E+002
1.3618115 3.33826359079861E+002 7.49300388764095E+002
1.4534610 3.18729276130694E+002 6.92036950699793E+002
1.5457546 3.04017626497561E+002 6.40232553202396E+002
1.6386236 2.89784810684596E+002 5.93295467479536E+002
1.7320075 2.76092084639562E+002 5.50700901801494E+002
1.8258543 2.62976082940976E+002 5.11983670178860E+002
1.9201186 2.50455015679874E+002 4.76732198771200E+002
2.0147601 2.38533495115763E+002 4.44582737575586E+002
2.1097440 2.27206003582618E+002 4.15213277309720E+002
2.2050388 2.16459950426490E+002 3.88339181297603E+002
2.3006174 2.06277647297631E+002 3.63708221976518E+002
2.3964555 1.96638046705792E+002 3.41096862913259E+002
2.4925310 1.87518054947490E+002 3.20306910955696E+002
2.5888248 1.78893313163049E+002 3.01162087927964E+002
2.6853193 1.70739069981566E+002 2.83505746705493E+002
2.7819988 1.63030547783005E+002 2.67198195621857E+002
2.8788497 1.55743380060051E+002 2.52114800092126E+002
2.9758588 1.48853920753350E+002 2.38144285767271E+002
3.0730149 1.42339303998897E+002 2.25186929937052E+002
3.1703074 1.36177691879741E+002 2.13153463207863E+002
3.2677268 1.30348232143974E+002 2.01963653093413E+002
3.3652646 1.24831154460840E+002 1.91545385165191E+002
3.4629133 1.19607737353456E+002 1.81833671539155E+002
3.5606650 1.14660394504876E+002 1.72770030809103E+002
3.6585133 1.09972499933307E+002 1.64301506775824E+002
3.7564523 1.05528453980867E+002 1.56380238166363E+002
3.8544764 1.01313616521444E+002 1.48962866385650E+002
3.9525810 9.73142433203730E+001 1.42010023780116E+002
4.0507604 9.35175141537549E+001 1.35486040783751E+002
4.1490108 8.99113706230623E+001 1.29358373251496E+002
4.2473280 8.64845457888307E+001 1.23597406116082E+002
4.3457083 8.32264979556112E+001 1.18176125857604E+002
4.4441489 8.01273510727320E+001 1.13069836575646E+002
4.5426454 7.71779096887020E+001 1.08256024537505E+002
4.6411954 7.43695289616484E+001 1.03714006362192E+002
4.7397961 7.16941352136688E+001 9.94248442900276E+001
4.8384450 6.91441737002233E+001 9.53711573342359E+001
4.9371399 6.67125623875475E+001 9.15369571354376E+001
5.0358779 6.43927050117134E+001 8.79075890538892E+001
5.1346571 6.21783908921124E+001 8.44695051976690E+001
5.2334756 6.00638131796368E+001 8.12102331884551E+001
5.3323316 5.80435302454587E+001 7.81182627335134E+001
5.4312238 5.61124317580559E+001 7.51829468509778E+001
5.5301496 5.42657518869603E+001 7.23944804168816E+001
5.6291079 5.24989925044653E+001 6.97437470934524E+001
5.7280973 5.08079403491780E+001 6.72223135543024E+001
5.8271164 4.91886389609282E+001 6.48223586636763E+001
5.9261644 4.76373641161119E+001 6.25366117376022E+001
6.0252392 4.61506369986272E+001 6.03583492875892E+001
6.1243401 4.47251648995805E+001 5.82812876670810E+001
6.2234659 4.33578572329924E+001 5.62995890253047E+001
6.3226158 4.20458050927220E+001 5.44078154582022E+001
6.4217891 4.07862633992128E+001 5.26008890211614E+001
6.5209840 3.95766635542996E+001 5.08740970270430E+001
6.6202001 3.84145670959834E+001 4.92230141551931E+001
6.7194366 3.72976803606142E+001 4.76435133484240E+001
6.8186927 3.62238394335850E+001 4.61317351173648E+001
6.9179682 3.51909970255425E+001 4.46840607698686E+001
7.0172613 3.41972342623966E+001 4.32971213900958E+001
7.1165720 3.32407239736115E+001 4.19677396505829E+001
7.2158999 3.23197395888586E+001 4.06929363528399E+001
7.3152432 3.14326654470459E+001 3.94699389967695E+001
7.4146030 3.05779439101195E+001 3.82961037699672E+001
7.5139770 2.97541330669896E+001 3.71689905461691E+001
7.6133666 2.89598364301154E+001 3.60862622175770E+001
7.7127702 2.81937539847037E+001 3.50457509266801E+001
7.8121865 2.74546530332559E+001 3.40454146610013E+001
7.9116168 2.67413441789282E+001 3.30833018235464E+001
8.0110589 2.60527262420974E+001 3.21576091423703E+001
8.1105143 2.53877282297188E+001 3.12666008273693E+001
8.2099815 2.47453525720254E+001 3.04086644366689E+001
8.3094593 2.41246513393705E+001 2.95822766722224E+001
8.4089492 2.35247065463760E+001 2.87859753219148E+001
8.5084489 2.29446683737014E+001 2.80184083042039E+001
8.6079599 2.23837068099592E+001 2.72782678377929E+001
8.7074812 2.18410484655644E+001 2.65643377164163E+001
8.8070112 2.13159569561970E+001 2.58754658975959E+001
8.9065517 2.08077165702931E+001 2.52105418991637E+001
9.0061006 2.03156649576839E+001 2.45685384788077E+001
9.1056593 1.98391524808467E+001 2.39484573784160E+001
9.2052267 1.93775737215674E+001 2.33493694924415E+001
9.3048016 1.89303511375354E+001 2.27703925785248E+001
9.4043856 1.84969213824967E+001 2.22106727783667E+001
9.5039766 1.80767634001578E+001 2.16694201842099E+001
9.6035763 1.76693639846433E+001 2.11458636475261E+001
9.7031836 1.72742448797681E+001 2.06392850641082E+001
9.8027972 1.68909490379375E+001 2.01490010183448E+001
9.9024188 1.65190290582577E+001 1.96743474826114E+001
10.0020464 1.61580714467186E+001 1.92147103024815E+001
10.1016817 1.58076672261934E+001 1.87694872018327E+001
10.2013235 1.54674353572153E+001 1.83381171844069E+001
10.3009707 1.51370110889831E+001 1.79200652486736E+001
10.4006251 1.48160361077272E+001 1.75148095780500E+001
10.5002846 1.45041795828079E+001 1.71218677903070E+001
10.5999509 1.42011129198724E+001 1.67407647257206E+001
10.6996230 1.39065300962239E+001 1.63710577801448E+001
10.7992996 1.36201377110686E+001 1.60123240514369E+001
10.8989827 1.33416465292726E+001 1.56641495104768E+001
10.9986702 1.30707898200296E+001 1.53261517064561E+001
11.0983637 1.28073015374131E+001 1.49979522526461E+001
11.1980623 1.25509340551373E+001 1.46791987557034E+001
11.2977649 1.23014496099760E+001 1.43695539123191E+001
11.3974732 1.20586129948126E+001 1.40686862759864E+001
11.4971853 1.18222076059554E+001 1.37762899845588E+001
11.5969029 1.15920164804171E+001 1.34920610989461E+001
11.6966250 1.13678378282005E+001 1.32157166719451E+001
11.7963505 1.11494776278267E+001 1.29469854269229E+001
11.8960812 1.09367432741639E+001 1.26855998249858E+001
11.9958151 1.07294576776211E+001 1.24313132796858E+001
12.0955540 1.05274426991045E+001 1.21838796834649E+001
12.1952970 1.03305328083315E+001 1.19430700614844E+001
12.2950428 1.01385686396668E+001 1.17086645467865E+001
12.3947934 9.95139143939591E+000 1.14804455180730E+001
12.4945468 9.76885550121514E+000 1.12582126843839E+001
12.5943047 9.59081362654547E+000 1.10417652698392E+001
12.6940662 9.41712918120022E+000 1.08309166191513E+001
12.7938302 9.24767045748626E+000 1.06254872450177E+001
12.8935986 9.08230579568570E+000 1.04252988554262E+001
12.9933693 8.92091459259251E+000 1.02301876247677E+001
13.0931443 8.76337448289235E+000 1.00399886113589E+001
13.1929224 8.60957202098872E+000 9.85454861774532E+000
13.2927027 8.45939772457221E+000 9.67372013223061E+000
13.3924871 8.31274176844926E+000 9.49735610136094E+000
13.4922734 8.16950376407975E+000 9.32532165015666E+000
13.5920637 8.02958141155848E+000 9.15748038740813E+000
13.6918568 7.89287999635557E+000 8.99370577242531E+000
13.7916517 7.75930801243362E+000 8.83387580781574E+000
13.8914504 7.62877334490313E+000 8.67786844088399E+000
13.9912508 7.50119198680418E+000 8.52557195196257E+000
14.0910548 7.37647795416457E+000 8.37687286548723E+000
14.1908615 7.25455175712189E+000 8.23166603306951E+000
14.2906697 7.13533651873003E+000 8.08984996180958E+000
14.3904813 7.01875457744564E+000 7.95132275008506E+000
14.4902944 6.90473528136621E+000 7.81599132731929E+000
14.5901109 6.79320599335557E+000 7.68376073863660E+000
14.6899298 6.68409967114296E+000 7.55454312007059E+000
14.7897500 6.57735141234256E+000 7.42825356790842E+000
14.8895734 6.47289541938057E+000 7.30480653135824E+000
14.9893980 6.37067198994065E+000 7.18412405791306E+000
15.0892259 6.27061946709129E+000 7.06612625908021E+000
15.1890558 6.17268104244138E+000 6.95073932565062E+000
15.2888878 6.07680076470012E+000 6.83789079596807E+000
15.3887200 5.98292622859444E+000 6.72751270415111E+000
15.4885562 5.89100138566767E+000 6.61953311243067E+000
15.5883943 5.80097722337109E+000 6.51388865169401E+000
15.6882343 5.71280450581492E+000 6.41051596908273E+000
15.7880763 5.62643552569565E+000 6.30935377483057E+000
15.8879183 5.54182564647123E+000 6.21034463233994E+000
15.9877640 5.45892682777236E+000 6.11342737058612E+000
16.0876115 5.37769725634742E+000 6.01854834169342E+000
16.1874608 5.29809480954531E+000 5.92565375870331E+000
16.2873119 5.22007863904004E+000 5.83469153871028E+000
16.3871628 5.14361057002033E+000 5.74561292139866E+000
16.4870172 5.06864925361131E+000 5.65836564856177E+000
16.5868734 4.99515887565400E+000 5.57290409937183E+000
16.6867312 4.92310325424306E+000 5.48918240400526E+000
16.7865905 4.85244727476088E+000 5.40715610746438E+000
16.8864496 4.78315816204156E+000 5.32678363624499E+000
16.9863121 4.71520018488994E+000 5.24802014917597E+000
17.0861762 4.64854255093525E+000 5.17082668748674E+000
17.1860417 4.58315406239159E+000 5.09516396733085E+000
17.2859087 4.51900441930932E+000 5.02099388534516E+000
17.3857753 4.45606537863780E+000 4.94828085056800E+000
17.4856452 4.39430594650755E+000 4.87698622496474E+000
17.5855166 4.33369955249691E+000 4.80707660576211E+000
17.6853893 4.27421919849411E+000 4.73851821423955E+000
17.7852633 4.21583864485477E+000 4.67127826124114E+000
17.8851368 4.15853346853650E+000 4.60532615926854E+000
17.9850136 4.10227668767346E+000 4.54062848281030E+000
18.0848916 4.04704529602843E+000 4.47715648397589E+000
18.1847709 3.99281584881107E+000 4.41488100681985E+000
18.2846515 3.93956554453558E+000 4.35377372860689E+000
18.3845314 3.88727319289142E+000 4.29380826511385E+000
18.4844144 3.83591522360062E+000 4.23495559068620E+000
18.5842986 3.78547165118866E+000 4.17719087438681E+000
18.6841841 3.73592204916929E+000 4.12048885904546E+000
18.7840706 3.68724653877486E+000 4.06482499201808E+000
18.8839565 3.63942667592587E+000 4.01017643510335E+000
18.9838453 3.59244180266933E+000 3.95651789247311E+000
19.0837353 3.54627450336069E+000 3.90382784288640E+000
19.1836263 3.50090692501413E+000 3.85208433098337E+000
19.2835185 3.45632168268694E+000 3.80126599951889E+000
19.3834098 3.41250267378568E+000 3.75135301389542E+000
19.4833041 3.36943173573950E+000 3.70232325304158E+000
19.5831994 3.32709364697423E+000 3.65415800335771E+000
19.6830957 3.28547275665111E+000 3.60683811678861E+000
19.7829930 3.24455381529005E+000 3.56034495500360E+000
19.8828894 3.20432272367630E+000 3.51466123733435E+000
19.9827887 3.16476346498742E+000 3.46976755553883E+000
20.0826889 3.12586269734145E+000 3.42564758673640E+000
20.1825901 3.08760666077010E+000 3.38228457873129E+000
20.2824922 3.04998194063410E+000 3.33966221531553E+000
20.3823934 3.01297615754928E+000 3.29776539535181E+000
20.4822973 2.97657514609190E+000 3.25657703734184E+000
20.5822022 2.94076718003556E+000 3.21608286143141E+000
20.6821079 2.90554012836045E+000 3.17626816750173E+000
20.7820145 2.87088215812223E+000 3.13711862965700E+000
20.8819201 2.83678237108217E+000 3.09862101328281E+000
20.9818284 2.80322820446876E+000 3.06076023958903E+000
21.0817375 2.77020932513689E+000 3.02352378061610E+000
21.1816475 2.73771500981036E+000 2.98689869991630E+000
21.2815583 2.70573479329341E+000 2.95087238332504E+000
21.3814680 2.67425905684955E+000 2.91543320003645E+000
21.4813803 2.64327662938717E+000 2.88056780093077E+000
21.5812935 2.61277838255591E+000 2.84626516522847E+000
21.6812074 2.58275481334570E+000 2.81251387726972E+000
21.7811221 2.55319664285882E+000 2.77930279983612E+000
21.8810357 2.52409536092356E+000 2.74662168459820E+000
21.9809519 2.49544100856934E+000 2.71445868116608E+000
22.0808688 2.46722550241933E+000 2.68280406948125E+000
22.1807864 2.43944040029812E+000 2.65164774937037E+000
22.2807048 2.41207745519775E+000 2.62097986196231E+000
22.3806219 2.38512912012416E+000 2.59079135426358E+000
22.4805416 2.35858649489264E+000 2.56107167856928E+000
22.5804621 2.33244240499871E+000 2.53181224074091E+000
22.6803832 2.30668933307878E+000 2.50300408194290E+000
22.7803050 2.28131993219388E+000 2.47463845307198E+000
22.8802255 2.25632749447833E+000 2.44670733769354E+000
22.9801486 2.23170404717015E+000 2.41920132378437E+000
23.0800723 2.20744320837284E+000 2.39211279462630E+000
23.1799967 2.18353826912004E+000 2.36543378449694E+000
23.2799217 2.15998266965460E+000 2.33915651048182E+000
23.3798454 2.13677043507258E+000 2.31327385754656E+000
23.4797716 2.11389440714630E+000 2.28777740660914E+000
23.5796984 2.09134889696955E+000 2.26266039180491E+000
23.6796259 2.06912790404017E+000 2.23791571395443E+000
23.7795539 2.04722555882063E+000 2.21353643365066E+000
23.8794806 2.02563652823987E+000 2.18951622184035E+000
23.9794098 2.00435437130280E+000 2.16584752998718E+000
24.0793395 1.98337400649206E+000 2.14252433486956E+000
24.1792698 1.96269005573588E+000 2.11954029543336E+000
24.2792007 1.94229725619311E+000 2.09688921062848E+000
24.3791302 1.92219083818289E+000 2.07456543851944E+000
24.4790621 1.90236499383470E+000 2.05256219584063E+000
24.5789946 1.88281517525758E+000 2.03087410921911E+000
24.6789277 1.86353655253559E+000 2.00949550257848E+000
24.7788612 1.84452439737742E+000 1.98842082283184E+000
24.8787934 1.82577443578595E+000 1.96764503023079E+000
24.9787279 1.80728142011025E+000 1.94716201596143E+000
25.0786630 1.78904127235427E+000 1.92696697669514E+000
25.1785986 1.77104964646272E+000 1.90705482107343E+000
25.2785347 1.75330228620809E+000 1.88742056604175E+000
25.3784693 1.73579535468377E+000 1.86805970087120E+000
25.4784064 1.71852410109530E+000 1.84896671262701E+000
25.5783439 1.70148486213444E+000 1.83013729920141E+000
25.6782819 1.68467371980529E+000 1.81156688460614E+000
25.7782204 1.66808683568556E+000 1.79325098844690E+000
25.8781574 1.65172075912410E+000 1.77518556580950E+000
25.9780968 1.63557118097069E+000 1.75736563147296E+000
26.0780366 1.61963480466252E+000 1.73978732503802E+000
26.1779769 1.60390809171236E+000 1.72244652580669E+000
26.2779176 1.58838757427144E+000 1.70533919764601E+000
26.3778568 1.57307014373215E+000 1.68846170671492E+000
26.4777984 1.55795188435873E+000 1.67180953621224E+000
26.5777404 1.54302982459992E+000 1.65537921585361E+000
26.6776829 1.52830076313257E+000 1.63916702804594E+000
26.7776257 1.51376156146780E+000 1.62316933016667E+000
26.8775671 1.49940941449913E+000 1.60738285191689E+000
26.9775108 1.48524075767336E+000 1.59180349320528E+000
27.0774549 1.47125290803689E+000 1.57642812902280E+000
27.1773994 1.45744296441254E+000 1.56125339943996E+000
27.2773442 1.44380808162546E+000 1.54627601113092E+000
27.3772876 1.43034572439374E+000 1.53149301596812E+000
27.4772333 1.41705264228076E+000 1.51690068536260E+000
27.5771793 1.40392640908700E+000 1.50249620051724E+000
27.6771257 1.39096439134655E+000 1.48827651950220E+000
27.7770725 1.37816400560161E+000 1.47423865967765E+000
27.8770178 1.36552295690510E+000 1.46037995899406E+000
27.9769653 1.35303827633165E+000 1.44669702074711E+000
28.0769132 1.34070776652850E+000 1.43318729824171E+000
28.1768615 1.32852903325995E+000 1.41984803284597E+000
28.2768101 1.31649972702808E+000 1.40667651881044E+000
28.3767572 1.30461776734205E+000 1.39367034860304E+000
28.4767065 1.29288043804374E+000 1.38082642260470E+000
28.5766562 1.28128574611808E+000 1.36814243637126E+000
28.6766062 1.26983151149738E+000 1.35561588414016E+000
28.7765565 1.25851559420823E+000 1.34324430740532E+000
28.8765053 1.24733610545972E+000 1.33102552549462E+000
28.9764563 1.23629055646742E+000 1.31895670523867E+000
29.0764077 1.22537713698554E+000 1.30703575826364E+000
29.1763593 1.21459385901550E+000 1.29526040493675E+000
29.2763113 1.20393877055354E+000 1.28362840793139E+000
29.3762617 1.19341015445794E+000 1.27213778914700E+000
29.4762144 1.18300572683847E+000 1.26078595483539E+000
29.5761673 1.17272384120067E+000 1.24957100968378E+000
29.6761206 1.16256268209040E+000 1.23849087664192E+000
29.7760741 1.15252046642211E+000 1.22754351660098E+000
29.8760261 1.14259563100235E+000 1.21672713265855E+000
29.9759803 1.13278607689572E+000 1.20603934659157E+000
30.0759347 1.12309030455803E+000 1.19547843588520E+000
30.1758895 1.11350665379609E+000 1.18504250529354E+000
30.2758445 1.10403349357168E+000 1.17472969365590E+000
30.3757980 1.09466939898378E+000 1.16453836642243E+000
30.4757536 1.08541243833159E+000 1.15446633972551E+000
30.5757095 1.07626124415114E+000 1.14451204596878E+000
30.6756657 1.06721429618212E+000 1.13467375333966E+000
30.7756221 1.05827010046591E+000 1.12494976069735E+000
30.8755770 1.04942735652193E+000 1.11533857919604E+000
30.9755340 1.04068428410641E+000 1.10583820053219E+000
31.0754913 1.03203963465104E+000 1.09644719622168E+000
31.1754469 1.02349217632562E+000 1.08716415765621E+000
31.2754067 1.01504005260095E+000 1.07798699969365E+000
31.3753629 1.00668256145085E+000 1.06891489259099E+000
31.4753231 9.98417741142732E-001 1.05994564075582E+000
31.5752798 9.90244920564125E-001 1.05107845110609E+000
31.6752368 9.82162503000134E-001 1.04231152768851E+000
31.7751978 9.74168927033771E-001 1.03364311480499E+000
31.8751552 9.66263565375069E-001 1.02507247129643E+000
31.9751168 9.58444598352024E-001 1.01659756466676E+000
32.0750747 9.50711426285552E-001 1.00821768644265E+000
32.1750329 9.43062572968918E-001 9.99931179533366E-001
32.2749952 9.35496594546992E-001 9.91736423657463E-001
32.3749539 9.28012930501407E-001 9.83632756660527E-001
32.4749166 9.20609890803614E-001 9.75618294535491E-001
32.5748758 9.13286939621433E-001 9.67692404302047E-001
32.6748352 9.06042710455396E-001 9.59853554992385E-001
32.7747986 8.98875866499835E-001 9.52100249347890E-001
32.8747585 8.91785906952284E-001 9.44431895752874E-001
32.9747223 8.84771260267808E-001 9.36846745596447E-001
33.0746827 8.77831447736626E-001 9.29344233330222E-001
33.1746432 8.70965202876219E-001 9.21922942709920E-001
33.2746078 8.64171286496389E-001 9.14581488406630E-001
33.3745687 8.57449251251389E-001 9.07319341850307E-001
33.4745337 8.50797634033673E-001 9.00134878070784E-001
33.5744951 8.44216007287262E-001 8.93027591812748E-001
33.6744568 8.37703195838745E-001 8.85996171338134E-001
33.7744224 8.31258049633723E-001 8.79039333302258E-001
33.8743844 8.24880169223142E-001 8.72156605539260E-001
33.9743505 8.18568190878791E-001 8.65346476147456E-001
34.0743130 8.12321732893819E-001 8.58608493833594E-001
34.1742756 8.06139703566784E-001 8.51941442193090E-001
34.2742423 8.00021034345413E-001 8.45344130934457E-001
34.3742054 7.93965368732012E-001 8.38816138401325E-001
34.4741725 7.87971434197997E-001 8.32356056236954E-001
34.5741359 7.82038890165064E-001 8.25963481488005E-001
34.6740996 7.76166721339564E-001 8.19637284835346E-001
34.7740673 7.70353933788920E-001 8.13376361007980E-001
34.8740313 7.64600209562716E-001 8.07180333620181E-001
34.9739994 7.58904359934383E-001 8.01047889267829E-001
35.0739638 7.53266081248192E-001 7.94978668338286E-001
35.1739284 7.47684428241462E-001 7.88971621169918E-001
35.2738971 7.42158475387105E-001 7.83025720276367E-001
35.3738621 7.36687939355194E-001 7.77140629880655E-001
35.4738310 7.31271708521101E-001 7.71315123767227E-001
35.5737964 7.25909512399775E-001 7.65548881213284E-001
35.6737620 7.20600469994892E-001 7.59840925515194E-001
35.7737315 7.15343718565967E-001 7.54190300443481E-001
35.8736974 7.10139005898303E-001 7.48596706676311E-001
35.9736673 7.04985291392257E-001 7.43058998160621E-001
36.0736335 6.99882334382787E-001 7.37576889095964E-001
36.1735999 6.94829312921471E-001 7.32149469685428E-001
36.2735704 6.89825421966772E-001 7.26775849058878E-001
36.3735371 6.84870437286742E-001 7.21455760644504E-001
36.4735079 6.79963383787280E-001 7.16188132184275E-001
36.5734750 6.75104047627740E-001 7.10972709259364E-001
36.6734423 6.70291661177107E-001 7.05808643505992E-001
36.7734135 6.65525472479895E-001 7.00695104077660E-001
36.8733811 6.60805282484553E-001 6.95631853843735E-001
36.9733527 6.56130176582679E-001 6.90617888562484E-001
37.0733206 6.51499965076976E-001 6.85652982033253E-001
37.1732887 6.46913930359999E-001 6.80736342367499E-001
37.2732608 6.42371369374347E-001 6.75867193908292E-001
37.3732292 6.37872105739245E-001 6.71045326007974E-001
37.4732015 6.33415280760506E-001 6.66269797189446E-001
37.5731702 6.29000726482240E-001 6.61540406640797E-001
37.6731391 6.24627771418031E-001 6.56856414451853E-001
37.7731119 6.20295757601465E-001 6.52217095769780E-001
37.8730811 6.16004529072859E-001 6.47622263782360E-001
37.9730543 6.11753278883707E-001 6.43071034998073E-001
38.0730237 6.07541858665522E-001 6.38563231460418E-001
38.1729934 6.03369639501527E-001 6.34098161153512E-001
38.2729669 5.99236005051097E-001 6.29675146044889E-001
38.3729369 5.95140817757015E-001 6.25294020785865E-001
38.4729107 5.91083318610604E-001 6.20953955515821E-001
38.5728809 5.87063376897293E-001 6.16654792863173E-001
38.6728513 5.83080403034129E-001 6.12395884992383E-001
38.7728256 5.79133819148392E-001 6.08176597067934E-001
38.8727962 5.75223504272373E-001 6.03996783077610E-001
38.9727708 5.71348743858242E-001 5.99855662818666E-001
39.0727417 5.67509423108231E-001 5.95753097467537E-001
39.1727127 5.63704988821381E-001 5.91688479987432E-001
39.2726877 5.59934898711603E-001 5.87661215439977E-001
39.3726590 5.56199046771015E-001 5.83671175240133E-001
39.4726343 5.52496759728647E-001 5.79717625213681E-001
39.5726059 5.48827937141497E-001 5.75800443256044E-001
39.6725776 5.45192059494667E-001 5.71919060046427E-001
39.7725533 5.41588617456729E-001 5.68072917534847E-001
39.8725252 5.38017518513452E-001 5.64261902848064E-001
39.9725012 5.34478127753337E-001 5.60485324520974E-001
40.0724734 5.30970357682352E-001 5.56743075524144E-001
40.1724458 5.27493720006622E-001 5.53034621439106E-001
40.2724221 5.24047735942400E-001 5.49359438357633E-001
40.3723947 5.20632325148960E-001 5.45717427575788E-001
40.4723712 5.17246888398099E-001 5.42107937298043E-001
40.5723441 5.13891349878590E-001 5.38530874091441E-001
40.6723171 5.10565250261122E-001 5.34985735868771E-001
40.7722940 5.07268139105951E-001 5.31472030353298E-001
40.8722673 5.03999947056261E-001 5.27989671622193E-001
40.9722444 5.00760108109536E-001 5.24538044763029E-001
41.0722179 4.97548556996054E-001 5.21117068608134E-001
41.1721915 4.94364861283291E-001 5.17726271049498E-001
41.2721690 4.91208596855749E-001 5.14365189145045E-001
41.3721428 4.88079704267786E-001 5.11033748502725E-001
41.4721206 4.84977648483207E-001 5.07731368535842E-001
41.5720946 4.81902373744316E-001 5.04457979142656E-001
41.6720688 4.78853472618461E-001 5.01213136040260E-001
41.7720469 4.75830545461239E-001 4.97996403517363E-001
41.8720213 4.72833541770133E-001 4.94807717585681E-001
41.9719996 4.69861955395960E-001 4.91646529634559E-001
42.0719743 4.66915739163775E-001 4.88512779546803E-001
42.1719490 4.63994508898823E-001 4.85406048889668E-001
42.2719276 4.61097887725728E-001 4.82325927253435E-001
42.3719026 4.58225833210923E-001 4.79272360036982E-001
42.4718815 4.55377866176657E-001 4.76244828444502E-001
42.5718566 4.52553947191364E-001 4.73243281367624E-001
42.6718319 4.49753713736843E-001 4.70267324411159E-001
42.7718111 4.46976810141853E-001 4.67316570696035E-001
42.8717866 4.44223201251881E-001 4.64390974090648E-001
42.9717660 4.41492433094059E-001 4.61490043624121E-001
43.0717417 4.38784473221562E-001 4.58613736315929E-001
43.1717175 4.36098979299208E-001 4.55761680143094E-001
43.2716972 4.33435615419686E-001 4.52933510129886E-001
43.3716732 4.30794352993350E-001 4.50129187785353E-001
43.4716531 4.28174761621499E-001 4.47348248129449E-001
43.5716293 4.25576815155965E-001 4.44590655513548E-001
43.6716056 4.23000190087337E-001 4.41856058755277E-001
43.7715858 4.20444568945475E-001 4.39144113285412E-001
43.8715623 4.17909929059510E-001 4.36454787504502E-001
43.9715428 4.15395862098112E-001 4.33787640731155E-001
44.0715195 4.12902347590957E-001 4.31142643929071E-001
44.1714963 4.10429079603060E-001 4.28519465346490E-001
44.2714770 4.07975757878058E-001 4.25917779442487E-001
44.3714539 4.05542365079030E-001 4.23337560831619E-001
44.4714348 4.03128513548417E-001 4.20778391568369E-001
44.5714120 4.00734187931691E-001 4.18240248577867E-001
44.6713893 3.98359098713509E-001 4.15722818239657E-001
44.7713704 3.96002961722127E-001 4.13225792770923E-001
44.8713479 3.93665764424960E-001 4.10749152387183E-001
44.9713293 3.91347138548095E-001 4.08292500434139E-001
45.0713069 3.89047073343709E-001 4.05855819209252E-001
45.1712846 3.86765294649445E-001 4.03438812024925E-001
45.2712662 3.84501533335057E-001 4.01041187684688E-001
45.3712441 3.82255781192437E-001 3.98662931450014E-001
45.4712259 3.80027688135919E-001 3.96303666621097E-001
45.5712040 3.77817247563043E-001 3.93963380334287E-001
45.6711822 3.75624199678299E-001 3.91641791728403E-001
45.7711643 3.73448289428432E-001 3.89338625111367E-001
45.8711426 3.71289512494852E-001 3.87053870287888E-001
45.9711248 3.69147535871517E-001 3.84787169274655E-001
46.0711034 3.67022356683082E-001 3.82538513563642E-001
46.1710820 3.64913728588387E-001 3.80307637097644E-001
46.2710644 3.62821409718561E-001 3.78094278689034E-001
46.3710432 3.60745399250116E-001 3.75898432230198E-001
46.4710259 3.58685380227590E-001 3.73719757306729E-001
46.5710048 3.56641353123431E-001 3.71558249328210E-001
46.6709838 3.54613084205740E-001 3.69413656095768E-001
46.7709667 3.52600343963259E-001 3.67285730001259E-001
46.8709459 3.50603134709815E-001 3.65174468611745E-001
46.9709290 3.48621154584533E-001 3.63079548016997E-001
47.0709083 3.46654407063517E-001 3.61000967147053E-001
47.1708877 3.44702670240803E-001 3.58938486785977E-001
47.2708710 3.42765726196313E-001 3.56891872048752E-001
47.3708506 3.40843580056516E-001 3.54861123802555E-001
47.4708341 3.38935944166266E-001 3.52845933652637E-001
47.5708138 3.37042824692997E-001 3.50846303689248E-001
47.6707936 3.35164010830012E-001 3.48862006868341E-001
47.7707773 3.33299295537318E-001 3.46892820234507E-001
47.8707573 3.31448686459325E-001 3.44938747615224E-001
47.9707411 3.29611909319491E-001 3.42999495212344E-001
48.0707212 3.27788972693055E-001 3.41075067949459E-001
48.1707014 3.25979676197921E-001 3.39165250202343E-001
48.2706855 3.24183823013903E-001 3.37269830209300E-001
48.3706658 3.22401423035785E-001 3.35388814449712E-001
48.4706500 3.20632214595330E-001 3.33521922867337E-001
48.5706305 3.18876208418143E-001 3.31669162922437E-001
48.6706110 3.17133213919850E-001 3.29830329712654E-001
48.7705955 3.15403043886485E-001 3.28005221986982E-001
48.8705762 3.13685710220223E-001 3.26193848596755E-001
48.9705608 3.11980963143197E-001 3.24395942431997E-001
49.0705416 3.10288815297572E-001 3.22611513220294E-001
49.1705225 3.08609085313761E-001 3.20840366132915E-001
49.2705073 3.06941595013384E-001 3.19082309795083E-001
49.3704883 3.05286358085307E-001 3.17337355175889E-001
49.4704733 3.03643135972389E-001 3.15605247370368E-001
49.5704545 3.02011943020975E-001 3.13885998128851E-001
49.6704357 3.00392606533785E-001 3.12179422093672E-001
49.7704208 2.98784956836924E-001 3.10485337176473E-001
49.8704022 2.97189009205467E-001 3.08803756233252E-001
49.9703875 2.95604535677920E-001 3.07134435872928E-001
50.0703690 2.94031552111875E-001 3.05477389646436E-001
50.1703506 2.92469893977142E-001 3.03832441106658E-001
50.2703361 2.90919399609638E-001 3.02199416902922E-001
50.3703178 2.89380085688511E-001 3.00578331568448E-001
50.4703034 2.87851734264002E-001 2.98968952581158E-001
50.5702853 2.86334362529673E-001 2.97371295090815E-001
50.6702672 2.84827813651558E-001 2.95785191039026E-001
50.7702530 2.83331933514309E-001 2.94210475301913E-001
50.8702350 2.81846740035670E-001 2.92647163899434E-001
50.9702209 2.80372024731765E-001 2.91095034576338E-001
51.0702031 2.78907805972882E-001 2.89554103897907E-001
51.1701853 2.77453934182120E-001 2.88024211708327E-001
51.2701714 2.76010262362783E-001 2.86505200634489E-001
51.3701538 2.74576809520871E-001 2.84997088010045E-001
51.4701400 2.73153376127760E-001 2.83499661283846E-001
51.5701225 2.71739981585786E-001 2.82012938270168E-001
51.6701050 2.70336483165230E-001 2.80536766262524E-001
51.7700914 2.68942740586598E-001 2.79070995194720E-001
51.8700741 2.67558773807569E-001 2.77615643556888E-001
51.9700606 2.66184391776747E-001 2.76170507975760E-001
52.0700434 2.64819614797081E-001 2.74735607363309E-001
52.1700263 2.63464306603217E-001 2.73310796039503E-001
52.2700130 2.62118333257875E-001 2.71895930830903E-001
52.3699959 2.60781715546346E-001 2.70491031241298E-001
52.4699827 2.59454270446661E-001 2.69095902582856E-001
52.5699658 2.58136019043000E-001 2.67710564727811E-001
52.6699489 2.56826831176576E-001 2.66334878627761E-001
52.7699359 2.55526578901825E-001 2.64968707615306E-001
52.8699192 2.54235283718961E-001 2.63612072078151E-001
52.9699063 2.52952770215673E-001 2.62264785552750E-001
53.0698897 2.51679060148952E-001 2.60926868746751E-001
53.1698731 2.50414029131953E-001 2.59598188874504E-001
53.2698603 2.49157554882979E-001 2.58278615413303E-001
53.3698439 2.47909659514859E-001 2.56968169516927E-001
53.4698313 2.46670174831171E-001 2.55666672513976E-001
53.5698149 2.45439123163284E-001 2.54374145834125E-001
53.6697986 2.44216385583125E-001 2.53090462609600E-001
53.7697861 2.43001845166023E-001 2.51815498124521E-001
53.8697699 2.41795524544534E-001 2.50549274191732E-001
53.9697576 2.40597262368533E-001 2.49291619526750E-001
54.0697415 2.39407081454413E-001 2.48042556178321E-001
54.1697254 2.38224868039606E-001 2.46801962873898E-001
54.2697133 2.37050510269083E-001 2.45569720388299E-001
54.3696973 2.35884031210844E-001 2.44345851096283E-001
54.4696852 2.34725276013918E-001 2.43130190720045E-001
54.5696694 2.33574267898658E-001 2.41922761833945E-001
54.6696536 2.32430897993182E-001 2.40723448458601E-001
54.7696417 2.31295059242786E-001 2.39532136563564E-001
54.8696260 2.30166775074456E-001 2.38348848997326E-001
54.9696142 2.29045896810127E-001 2.37173428131747E-001
55.0695986 2.27932448000595E-001 2.36005896981984E-001
55.1695831 2.26826324406978E-001 2.34846144578870E-001
55.2695714 2.25727423522344E-001 2.33694061809397E-001
55.3695560 2.24635769063353E-001 2.32549671915803E-001
55.4695444 2.23551218218040E-001 2.31412823584177E-001
55.5695291 2.22473794801003E-001 2.30283540193549E-001
55.6695138 2.21403398964596E-001 2.29161715519727E-001
55.7695023 2.20339932512684E-001 2.28047245107212E-001
55.8694872 2.19283419388793E-001 2.26940152519439E-001
55.9694758 2.18233722358369E-001 2.25840292441395E-001
56.0694607 2.17190865439449E-001 2.24747688546226E-001
56.1694457 2.16154752948647E-001 2.23662239105949E-001
56.2694345 2.15125290778137E-001 2.22583844078739E-001
56.3694196 2.14102503041445E-001 2.21512527283487E-001
56.4694085 2.13086257809614E-001 2.20448149107436E-001
56.5693936 2.12076579249479E-001 2.19390733454657E-001
56.6693788 2.11073375628710E-001 2.18340182859895E-001
56.7693678 2.10076556718771E-001 2.17296401466139E-001
56.8693531 2.09086146751738E-001 2.16259413288190E-001
56.9693423 2.08102018848187E-001 2.15229084136337E-001
57.0693276 2.07124197274330E-001 2.14205438088355E-001
57.1693130 2.06152594048500E-001 2.13188381722459E-001
57.2693023 2.05187122624975E-001 2.12177823151519E-001
57.3692878 2.04227807307879E-001 2.11173786532350E-001
57.4692772 2.03274526025944E-001 2.10176142835331E-001
57.5692628 2.02327303100112E-001 2.09184916260163E-001
57.6692484 2.01386054110913E-001 2.08200017222514E-001
57.7692379 2.00450696010657E-001 2.07221357603156E-001
57.8692236 1.99521253133513E-001 2.06248961652182E-001
57.9692132 1.98597607988729E-001 2.05282705252262E-001
58.0691990 1.97679784911671E-001 2.04322612678222E-001
58.1691849 1.96767702867730E-001 2.03368597989488E-001
58.2691746 1.95861282133349E-001 2.02420576644823E-001
58.3691605 1.94960547034869E-001 2.01478572943567E-001
58.4691503 1.94065384447231E-001 2.00542467447038E-001
58.5691363 1.93175818683892E-001 1.99612284462923E-001
58.6691224 1.92291771928139E-001 1.98687941512195E-001
58.7691123 1.91413167616815E-001 1.97769357452940E-001
58.8690985 1.90540030034313E-001 1.96856556594009E-001
58.9690885 1.89672250218440E-001 1.95949423954953E-001
59.0690747 1.88809852428034E-001 1.95047983838191E-001
59.1690610 1.87952761907000E-001 1.94152157054743E-001
59.2690511 1.87100905098326E-001 1.93261865693833E-001
59.3690374 1.86254306213770E-001 1.92377134038013E-001
59.4690277 1.85412860262398E-001 1.91497851357002E-001
59.5690141 1.84576591419033E-001 1.90624041913618E-001
59.6690006 1.83745427839955E-001 1.89755629647402E-001
59.7689909 1.82919298828900E-001 1.88892539720322E-001
59.8689774 1.82098228497439E-001 1.88034796356398E-001
59.9689678 1.81282115644796E-001 1.87182292879020E-001
60.0689545 1.80470984335402E-001 1.86335053480510E-001
60.1689411 1.79664765498117E-001 1.85493005076745E-001
60.2689316 1.78863391160303E-001 1.84656075753167E-001
60.3689184 1.78066885308656E-001 1.83824289646297E-001
60.4689090 1.77275150361294E-001 1.82997543947523E-001
60.5688958 1.76488210248643E-001 1.82175862750935E-001
60.6688827 1.75705998540247E-001 1.81359175805261E-001
60.7688734 1.74928449857704E-001 1.80547413978681E-001
60.8688603 1.74155588040760E-001 1.79740601294239E-001
60.9688511 1.73387318964391E-001 1.78938638635778E-001
61.0688381 1.72623666403923E-001 1.78141549974296E-001
61.1688251 1.71864566445073E-001 1.77349267756031E-001
61.2688160 1.71109956181526E-001 1.76561725499139E-001
61.3688031 1.70359859286389E-001 1.75778947089934E-001
61.4687941 1.69614184938111E-001 1.75000836938665E-001
61.5687813 1.68872956738124E-001 1.74227418871010E-001
61.6687685 1.68136113170721E-001 1.73458627902986E-001
61.7687596 1.67403593686303E-001 1.72694400077420E-001
61.8687469 1.66675421773824E-001 1.71934759123133E-001
61.9687381 1.65951509769940E-001 1.71179612819636E-001
62.0687254 1.65231881085495E-001 1.70428984827456E-001
62.1687128 1.64516476492241E-001 1.69682812611780E-001
62.2687041 1.63805237688261E-001 1.68941034621784E-001
62.3686916 1.63098187962840E-001 1.68203674410301E-001
62.4686829 1.62395242673193E-001 1.67470642977316E-001
62.5686704 1.61696425024800E-001 1.66741963800562E-001
62.6686580 1.61001677971821E-001 1.66017576680463E-001
62.7686494 1.60310945356939E-001 1.65297422360746E-001
62.8686371 1.59624250256063E-001 1.64581524201845E-001
62.9686286 1.58941510916481E-001 1.63869796283263E-001
63.0686163 1.58262750325289E-001 1.63162261884304E-001
63.1686040 1.57587913519687E-001 1.62458863032932E-001
63.2685918 1.56916971910296E-001 1.61759569260193E-001
63.3685872 1.56249846411205E-001 1.61064297480755E-001
63.4685751 1.55586610720144E-001 1.60373123845988E-001
63.5685630 1.54927185951961E-001 1.59685965493878E-001
63.6685509 1.54271544506734E-001 1.59002793021644E-001
63.7685388 1.53619659025594E-001 1.58323577286170E-001
63.8685344 1.52971453078650E-001 1.57648238029283E-001
63.9685224 1.52326998682417E-001 1.56976849659673E-001
64.0685105 1.51686219593459E-001 1.56309332126647E-001
64.1684986 1.51049089392786E-001 1.55645657299251E-001
64.2684867 1.50415581890423E-001 1.54985797293097E-001
64.3684824 1.49785623200543E-001 1.54329674556460E-001
64.4684706 1.49159283700841E-001 1.53677361799057E-001
64.5684588 1.48536489678606E-001 1.53028781661884E-001
64.6684470 1.47917215836991E-001 1.52383907221814E-001
64.7684353 1.47301437096819E-001 1.51742711789934E-001
64.8684312 1.46689082010008E-001 1.51105120406423E-001
64.9684195 1.46080219356876E-001 1.50471204124787E-001
65.0684079 1.45474777850016E-001 1.49840888164160E-001
65.1683963 1.44872733259273E-001 1.49214146748910E-001
65.2683847 1.44274061561453E-001 1.48590954325964E-001
65.3683808 1.43678693645211E-001 1.47971238418652E-001
65.4683692 1.43086696733984E-001 1.47355068466086E-001
65.5683578 1.42498001865496E-001 1.46742372157715E-001
65.6683463 1.41912585823950E-001 1.46133124808492E-001
65.7683349 1.41330425590399E-001 1.45527301944943E-001
65.8683311 1.40751454294236E-001 1.44924833470248E-001
65.9683197 1.40175737641557E-001 1.44325787249995E-001
66.0683084 1.39603208899994E-001 1.43730093341509E-001
66.1682971 1.39033845818698E-001 1.43137728096639E-001
66.2682858 1.38467626334119E-001 1.42548668068433E-001
66.3682821 1.37904485725101E-001 1.41962845441759E-001
66.4682709 1.37344488219003E-001 1.41380326548606E-001
66.5682597 1.36787569222801E-001 1.40801043716814E-001
66.6682485 1.36233707403921E-001 1.40224974284445E-001
66.7682374 1.35682881608069E-001 1.39652095780967E-001
66.8682339 1.35135029176703E-001 1.39082342579615E-001
66.9682228 1.34590212896109E-001 1.38515779517757E-001
67.0682118 1.34048370226443E-001 1.37952341101175E-001
67.1682007 1.33509480709305E-001 1.37392005606283E-001
67.2681897 1.32973524056053E-001 1.36834751491650E-001
67.3681864 1.32440439588120E-001 1.36280515230124E-001
67.4681754 1.31910288687455E-001 1.35729360202491E-001
67.5681645 1.31383010785379E-001 1.35181223004418E-001
67.6681536 1.30858586255982E-001 1.34636082805451E-001
67.7681428 1.30336995635046E-001 1.34093918948556E-001
67.8681396 1.29818180145304E-001 1.33554669921743E-001
67.9681288 1.29302199800184E-001 1.33018397686331E-001
68.0681180 1.28788995924087E-001 1.32485040844067E-001
68.1681072 1.28278549684162E-001 1.31954579414898E-001
68.2680965 1.27770842401628E-001 1.31426993583924E-001
68.3680934 1.27265817125586E-001 1.30902223773940E-001
68.4680827 1.26763532535858E-001 1.30380330562984E-001
68.5680721 1.26263931775532E-001 1.29861254479107E-001
68.6680615 1.25766996767521E-001 1.29344976352247E-001
68.7680509 1.25272709581589E-001 1.28831477169682E-001
68.8680479 1.24781015021811E-001 1.28320699212449E-001
68.9680374 1.24291970468424E-001 1.27812701710584E-001
69.0680269 1.23805520812314E-001 1.27307427042461E-001
69.1680164 1.23321648696856E-001 1.26804856809788E-001
69.2680059 1.22840336905448E-001 1.26304972764224E-001
69.3680031 1.22361531929080E-001 1.25807718972128E-001
69.4679927 1.21885289881552E-001 1.25313153349919E-001
69.5679823 1.21411557333966E-001 1.24821220053902E-001
69.6679719 1.20940317616739E-001 1.24331901421389E-001
69.7679615 1.20471554193836E-001 1.23845179932647E-001
69.8679589 1.20005215178277E-001 1.23361001369868E-001
69.9679486 1.19541355449705E-001 1.22879422369359E-001
70.0679383 1.19079923194991E-001 1.22400388796351E-001
70.1679281 1.18620902399932E-001 1.21923883689525E-001
70.2679178 1.18164277177748E-001 1.21449890223890E-001
70.3679153 1.17709997201587E-001 1.20978355831227E-001
70.4679051 1.17258116148372E-001 1.20509335900359E-001
70.5678949 1.16808583759254E-001 1.20042777939653E-001
70.6678848 1.16361384645416E-001 1.19578665656737E-001
70.7678747 1.15916503539659E-001 1.19116982889292E-001
70.8678723 1.15473891616187E-001 1.18657678655502E-001
70.9678622 1.15033601379814E-001 1.18200807128491E-001
71.0678522 1.14595584067287E-001 1.17746317397000E-001
71.1678422 1.14159824886744E-001 1.17294193806893E-001
71.2678322 1.13726309162432E-001 1.16844420828136E-001
71.3678299 1.13294989513229E-001 1.16396949005032E-001
71.4678200 1.12865917301635E-001 1.15951831325957E-001
71.5678100 1.12439045203963E-001 1.15509018400138E-001
71.6678002 1.12014358998346E-001 1.15068495182565E-001
71.7677903 1.11591844573806E-001 1.14630246746693E-001
71.8677881 1.11171455940044E-001 1.14194225105409E-001
71.9677783 1.10753243346247E-001 1.13760482092466E-001
72.0677685 1.10337160854785E-001 1.13328969780412E-001
72.1677587 1.09923194788213E-001 1.12899673705770E-001
72.2677489 1.09511331575020E-001 1.12472579518179E-001
72.3677468 1.09101526564294E-001 1.12047640644172E-001
72.4677371 1.08693828920133E-001 1.11624907792209E-001
72.5677275 1.08288194039835E-001 1.11204334443571E-001
72.6677178 1.07884608766114E-001 1.10785906690137E-001
72.7677082 1.07483060042912E-001 1.10369610731836E-001
72.8677062 1.07083504509546E-001 1.09955401356380E-001
72.9676966 1.06685990272489E-001 1.09543328175477E-001
73.0676870 1.06290474015105E-001 1.09133346026990E-001
73.1676774 1.05896943077230E-001 1.08725441533329E-001
73.2676679 1.05505384895466E-001 1.08319601420142E-001
73.3676660 1.05115757352366E-001 1.07915781786183E-001
73.4676565 1.04728107523503E-001 1.07514031174185E-001
73.5676471 1.04342393331585E-001 1.07114305728765E-001
73.6676376 1.03958602591701E-001 1.06716592579296E-001
73.7676282 1.03576723211464E-001 1.06320878953823E-001
73.8676264 1.03196714271728E-001 1.05927122214228E-001
73.9676171 1.02818621843162E-001 1.05535369861294E-001
74.0676077 1.02442405043135E-001 1.05145579298754E-001
74.1675984 1.02068052141216E-001 1.04757738140575E-001
74.2675890 1.01695551495467E-001 1.04371834095057E-001
74.3675874 1.01324863342052E-001 1.03987825741391E-001
74.4675781 1.00956032772029E-001 1.03605759564710E-001
74.5675688 1.00589020054681E-001 1.03225594182308E-001
74.6675596 1.00223813894315E-001 1.02847317671498E-001
74.7675504 9.98604030799017E-002 1.02470918199807E-001
74.8675488 9.94987489617789E-002 1.02096355519913E-001
74.9675396 9.91388956759973E-002 1.01723675126883E-001
75.0675305 9.87808046028419E-002 1.01352836807996E-001
75.1675213 9.84244648625930E-002 1.00983829083727E-001
75.2675122 9.80698656565557E-002 1.00616640560847E-001
75.3675108 9.77169694098658E-002 1.00251232123595E-001
75.4675017 9.73658193274986E-002 9.98876483018584E-002
75.5674926 9.70163778615718E-002 9.95258500112070E-002
75.6674836 9.66686345304997E-002 9.91658261960911E-002
75.7674746 9.63225789302593E-002 9.88075658835368E-002
75.8674732 9.59781745230785E-002 9.84510310492182E-002
75.9674642 9.56354636061360E-002 9.80962652820490E-002
76.0674553 9.52944096658715E-002 9.77432305859778E-002
76.1674463 9.49550026018654E-002 9.73919163111939E-002
76.2674374 9.46172323879667E-002 9.70423118869240E-002
76.3674361 9.42810634873786E-002 9.66943803418569E-002
76.4674273 9.39465373121244E-002 9.63481643474825E-002
76.5674184 9.36136183470333E-002 9.60036269579104E-002
76.6674096 9.32822968567067E-002 9.56607579117254E-002
76.7674007 9.29525631768809E-002 9.53195470231842E-002
76.8673996 9.26243827371291E-002 9.49799583371961E-002
76.9673908 9.22977960863409E-002 9.46420336307322E-002
77.0673820 9.19727686733008E-002 9.43057369714568E-002
77.1673732 9.16492911122662E-002 9.39710584698521E-002
77.2673645 9.13273540856463E-002 9.36379883088694E-002
77.3673634 9.10069239562175E-002 9.33064915143898E-002
77.4673547 9.06880404311531E-002 9.29766089911424E-002
77.5673461 9.03706698901859E-002 9.26483057852737E-002
77.6673374 9.00548032826016E-002 9.23215723634633E-002
77.7673288 8.97404316229971E-002 9.19963992618123E-002
77.8673278 8.94275221755526E-002 9.16727524533935E-002
77.9673192 8.91161138265558E-002 9.13506719923611E-002
78.0673106 8.88061738550393E-002 9.10301238697293E-002
78.1673020 8.84976935313866E-002 9.07110988934307E-002
78.2672935 8.81906641885864E-002 9.03935879379178E-002
78.3672925 8.78850539617269E-002 9.00775578910736E-002
78.4672840 8.75809009364695E-002 8.97630479775511E-002
78.5672755 8.72781732607908E-002 8.94500251010046E-002
78.6672671 8.69768625129016E-002 8.91384803963904E-002
78.7672586 8.66769603310407E-002 8.88284050624209E-002
78.8672578 8.63784356919476E-002 8.85197668707385E-002
78.9672493 8.60813259003621E-002 8.82126042369903E-002
79.0672409 8.57855999440804E-002 8.79068849465654E-002
79.1672325 8.54912496964960E-002 8.76026004478901E-002
79.2672242 8.51982670885728E-002 8.72997422505140E-002
79.3672234 8.49066219106290E-002 8.69982789800558E-002
79.4672151 8.46163507056452E-002 8.66982482630903E-002
79.5672068 8.43274232732880E-002 8.63996187370936E-002
79.6671985 8.40398317700797E-002 8.61023821510486E-002
79.7671902 8.37535684077714E-002 8.58065303125533E-002
79.8671895 8.34686037633121E-002 8.55120326726263E-002
79.9671813 8.31849736365628E-002 8.52189260881571E-002
80.0671730 8.29026486122273E-002 8.49271800202593E-002
80.1671648 8.26216211184657E-002 8.46367865061664E-002
80.2671566 8.23418836364326E-002 8.43477376393350E-002
80.3671560 8.20634075038343E-002 8.40600036687574E-002
80.4671478 8.17862277955396E-002 8.37736207004938E-002
80.5671397 8.15103158555255E-002 8.34885589919886E-002
80.6671315 8.12356643726286E-002 8.32048108569929E-002
80.7671234 8.09622660865500E-002 8.29223686632011E-002
80.8671229 8.06900930709036E-002 8.26412034312495E-002
80.9671148 8.04191796931982E-002 8.23613505347084E-002
81.0671067 8.01494980319356E-002 8.20827810011348E-002
81.1670987 7.98810410261731E-002 8.18054874096093E-002
81.2670906 7.96138016637994E-002 8.15294623909815E-002
81.3670902 7.93477527304634E-002 8.12546777122477E-002
81.4670822 7.90829279034642E-002 8.09811680323255E-002
81.5670742 7.88192999720500E-002 8.07089051237039E-002
81.6670662 7.85568621155210E-002 8.04378818201221E-002
81.7670583 7.82956075600687E-002 8.01680910050127E-002
81.8670579 7.80355097804359E-002 7.98995051674442E-002
81.9670500 7.77766017803930E-002 7.96321582690311E-002
82.0670421 7.75188570370841E-002 7.93660228030057E-002
82.1670342 7.72622689605276E-002 7.91010918475823E-002
82.2670263 7.70068310057807E-002 7.88373585286893E-002
82.3670260 7.67525173146296E-002 7.85747960341311E-002
82.4670182 7.64993602335429E-002 7.83134376450948E-002
82.5670103 7.62473339055925E-002 7.80532565523112E-002
82.6670025 7.59964319624215E-002 7.77942460687520E-002
82.7669947 7.57466480789425E-002 7.75363995532124E-002
82.8669945 7.54979570427833E-002 7.72796908698048E-002
82.9669867 7.52503905588953E-002 7.70241526357037E-002
83.0669790 7.50039234151554E-002 7.67697587167965E-002
83.1669712 7.47585494561459E-002 7.65165026515338E-002
83.2669635 7.45142625680289E-002 7.62643780223857E-002
83.3669634 7.42710381638839E-002 7.60133593482110E-002
83.4669556 7.40289073225001E-002 7.57634785981389E-002
83.5669479 7.37878454562430E-002 7.55147102917325E-002
83.6669403 7.35478466143370E-002 7.52670481840619E-002
83.7669326 7.33089048859716E-002 7.50204860724931E-002
83.8669326 7.30709962900634E-002 7.47749991098971E-002
83.9669249 7.28341512941777E-002 7.45306186328917E-002
84.0669173 7.25983459156224E-002 7.42873197940568E-002
84.1669097 7.23635744003357E-002 7.40450965566195E-002
84.2669021 7.21298310326776E-002 7.38039429244555E-002
84.3669022 7.18970924185275E-002 7.35638346645053E-002
84.4668946 7.16653884287604E-002 7.33248024959857E-002
84.5668870 7.14346956668172E-002 7.30868221846217E-002
84.6668795 7.12050085677717E-002 7.28498878937114E-002
84.7668720 7.09763216036442E-002 7.26139938256275E-002
84.8668721 7.07486119491110E-002 7.23791163421921E-002
84.9668646 7.05219088924970E-002 7.21452855599225E-002
85.0668571 7.02961896052711E-002 7.19124778385676E-002
85.1668496 7.00714487043971E-002 7.16806875337685E-002
85.2668422 6.98476808423749E-002 7.14499090387370E-002
85.3668424 6.96248637451897E-002 7.12201192917113E-002
85.4668349 6.94030261323739E-002 7.09913478208121E-002
85.5668275 6.91821457259933E-002 7.07635715614094E-002
85.6668201 6.89622173179728E-002 7.05367850540997E-002
85.7668127 6.87432357344243E-002 7.03109828756128E-002
85.8668130 6.85251792358016E-002 7.00861425228282E-002
85.9668056 6.83080759862319E-002 6.98622929493863E-002
86.0667983 6.80919042415904E-002 6.96394116485615E-002
86.1667909 6.78766589621356E-002 6.94174933388425E-002
86.2667836 6.76623351410217E-002 6.91965327734756E-002
86.3667839 6.74489115569507E-002 6.89765079908675E-002
86.4667766 6.72364158316715E-002 6.87574473837190E-002
86.5667694 6.70248267386986E-002 6.85393289861496E-002
86.6667621 6.68141394002819E-002 6.83221476877838E-002
86.7667548 6.66043489703327E-002 6.81058984116881E-002
86.8667552 6.63954347301734E-002 6.78905597213138E-002
86.9667480 6.61874237718523E-002 6.76761594615985E-002
87.0667408 6.59802953709423E-002 6.74626761910754E-002
87.1667336 6.57740448056163E-002 6.72501049640416E-002
87.2667264 6.55686673845261E-002 6.70384408669771E-002
87.3667268 6.53641428765552E-002 6.68276629724994E-002
87.4667197 6.51604978563895E-002 6.66177985906059E-002
87.5667125 6.49577120866448E-002 6.64088267884133E-002
87.6667054 6.47557809956071E-002 6.62007427787063E-002
87.7666983 6.45547000409094E-002 6.59935418052474E-002
87.8666988 6.43544494644812E-002 6.57872034345213E-002
87.9666917 6.41550553356537E-002 6.55817544540633E-002
88.0666846 6.39564978896118E-002 6.53771744243202E-002
88.1666775 6.37587726991917E-002 6.51734587106437E-002
88.2666705 6.35618753654925E-002 6.49706027082104E-002
88.3666710 6.33657865894954E-002 6.47685864626271E-002
88.4666640 6.31705319468651E-002 6.45674362511119E-002
88.5666570 6.29760921313996E-002 6.43671321127388E-002
88.6666500 6.27824628551577E-002 6.41676695597589E-002
88.7666429 6.25896398574229E-002 6.39690441331439E-002
88.8666436 6.23976042847324E-002 6.37712363434083E-002
88.9666366 6.22063812304616E-002 6.35742719692736E-002
89.0666296 6.20159518335631E-002 6.33781315142669E-002
89.1666227 6.18263119402142E-002 6.31828106321107E-002
89.2666157 6.16374574228225E-002 6.29883050041907E-002
89.3666164 6.14493698604646E-002 6.27945955922233E-002
89.4666095 6.12620738753021E-002 6.26017076879397E-002
89.5666026 6.10755510384589E-002 6.24096222456512E-002
89.6665957 6.08897973253411E-002 6.22183350553531E-002
89.7665889 6.07048087366309E-002 6.20278419336901E-002
89.8665896 6.05205672713865E-002 6.18381242803622E-002
89.9665828 6.03370970913379E-002 6.16492069113107E-002
90.0665759 6.01543801872543E-002 6.14610712184476E-002
90.1665691 5.99724126590829E-002 6.12737131230595E-002
90.2665622 5.97911906311338E-002 6.10871285721120E-002
90.3665631 5.96106965103282E-002 6.09012993905370E-002
90.4665563 5.94309540084623E-002 6.07162499293896E-002
90.5665495 5.92519455238616E-002 6.05319620054635E-002
90.6665427 5.90736672765220E-002 6.03484316665639E-002
90.7665359 5.88961155099258E-002 6.01656549852436E-002
90.8665368 5.87192730271605E-002 5.99836141993627E-002
90.9665301 5.85431631003100E-002 5.98023332057063E-002
91.0665233 5.83677685235877E-002 5.96217942336765E-002
91.1665166 5.81930856327297E-002 5.94419934530213E-002
91.2665099 5.80191107861186E-002 5.92629270573444E-002
91.3665108 5.78458271717160E-002 5.90845776855596E-002
91.4665041 5.76732576318468E-002 5.89069687905174E-002
91.5664975 5.75013853453464E-002 5.87300830023835E-002
91.6664908 5.73302067595595E-002 5.85539166084618E-002
91.7664842 5.71597183436713E-002 5.83784659190568E-002
91.8664851 5.69899036596141E-002 5.82037139626736E-002
91.9664785 5.68207851296460E-002 5.80296837582927E-002
92.0664719 5.66523463063455E-002 5.78563583254075E-002
92.1664653 5.64845837447024E-002 5.76837340646716E-002
92.2664587 5.63174940207736E-002 5.75118073989184E-002
92.3664597 5.61510610599314E-002 5.73405617351774E-002
92.4664531 5.59853068738063E-002 5.71700196683592E-002
92.5664466 5.58202153782122E-002 5.70001645962436E-002
92.6664400 5.56557832319809E-002 5.68309930287985E-002
92.7664335 5.54920071142693E-002 5.66625014973848E-002
92.8664346 5.53288713037167E-002 5.64946737768688E-002
92.9664281 5.51663974105197E-002 5.63275320476355E-002
93.0664215 5.50045697035761E-002 5.61610600750866E-002
93.1664150 5.48433849419099E-002 5.59952544746336E-002
93.2664086 5.46828399041584E-002 5.58301118823258E-002
93.3664097 5.45229192123982E-002 5.56656164305421E-002
93.4664032 5.43636440843471E-002 5.55017898944381E-002
93.5663968 5.42049991321774E-002 5.53386163967354E-002
93.6663903 5.40469812116024E-002 5.51760926545748E-002
93.7663839 5.38895871972646E-002 5.50142154050097E-002
93.8663851 5.37328020451787E-002 5.48529691279576E-002
93.9663787 5.35766465893070E-002 5.46923752023984E-002
94.0663723 5.34211057756158E-002 5.45324180984210E-002
94.1663659 5.32661765531438E-002 5.43730946313295E-002
94.2663595 5.31118558892028E-002 5.42144016356452E-002
94.3663607 5.29581290645630E-002 5.40563239291865E-002
94.4663544 5.28050165379296E-002 5.38988825035764E-002
94.5663480 5.26525035798980E-002 5.37420621666523E-002
94.6663417 5.25005872296028E-002 5.35858598284593E-002
94.7663353 5.23492645438205E-002 5.34302724175913E-002
94.8663366 5.21985211191999E-002 5.32752850804520E-002
94.9663303 5.20483770474677E-002 5.31209184298991E-002
95.0663240 5.18988179149884E-002 5.29671576022211E-002
95.1663177 5.17498408478890E-002 5.28139995989171E-002
95.2663114 5.16014429893338E-002 5.26614414393941E-002
95.3663128 5.14536102432655E-002 5.25094685896352E-002
95.4663065 5.13063623424994E-002 5.23581012921028E-002
95.5663002 5.11596851805995E-002 5.22073250025481E-002
95.6662940 5.10135759677054E-002 5.20571368107679E-002
95.7662878 5.08680319304118E-002 5.19075338238506E-002
95.8662892 5.07230392716525E-002 5.17585018186516E-002
95.9662829 5.05786173731921E-002 5.16100606753926E-002
96.0662767 5.04347524275058E-002 5.14621961605960E-002
96.1662705 5.02914417258817E-002 5.13149054493242E-002
96.2662643 5.01486825755034E-002 5.11681857333390E-002
96.3662658 5.00064614702641E-002 5.10220230919469E-002
96.4662596 4.98647974485373E-002 5.08764370510750E-002
96.5662535 4.97236769936915E-002 5.07314136796107E-002
96.6662473 4.95830974754102E-002 5.05869502349685E-002
96.7662412 4.94430562787351E-002 5.04430439906932E-002
96.8662427 4.93035401807475E-002 5.02996813203971E-002
96.9662365 4.91645678838952E-002 5.01568814034556E-002
97.0662304 4.90261261546807E-002 5.00146306029894E-002
97.1662243 4.88882124385374E-002 4.98729262559653E-002
97.2662182 4.87508241957394E-002 4.97317657149335E-002
97.3662198 4.86139484790355E-002 4.95911356399313E-002
97.4662137 4.84776036622236E-002 4.94510548713282E-002
97.5662076 4.83417767874316E-002 4.93115100586106E-002
97.6662016 4.82064653732982E-002 4.91724986156064E-002
97.7661955 4.80716669528058E-002 4.90340179712013E-002
97.8661971 4.79373688470913E-002 4.88960550642313E-002
97.9661911 4.78035891083945E-002 4.87586284034148E-002
98.0661851 4.76703150472006E-002 4.86217249169901E-002
98.1661791 4.75375442529066E-002 4.84853420930586E-002
98.2661730 4.74052743287758E-002 4.83494774342747E-002
98.3661747 4.72734928572855E-002 4.82141181508926E-002
98.4661687 4.71422175760313E-002 4.80792824271475E-002
98.5661627 4.70114360568180E-002 4.79449574626603E-002
98.6661568 4.68811459574482E-002 4.78111408173182E-002
98.7661508 4.67513449491306E-002 4.76778300650756E-002
98.8661525 4.66220208688590E-002 4.75450126804602E-002
98.9661465 4.64931911463247E-002 4.74127065302116E-002
99.0661406 4.63648436078381E-002 4.72808990781990E-002
99.1661347 4.62369759773429E-002 4.71495879537029E-002
99.2661288 4.61095859917468E-002 4.70187707996030E-002
99.3661305 4.59826617359519E-002 4.68884353477833E-002
99.4661246 4.58562203383157E-002 4.67585991542994E-002
99.5661187 4.57302498730546E-002 4.66292499403611E-002
99.6661128 4.56047481280752E-002 4.65003854023403E-002
99.7661070 4.54797129038221E-002 4.63720032497584E-002
99.8661087 4.53551325267044E-002 4.62440914651566E-002
99.9661029 4.52310238301528E-002 4.61166673005473E-002
100.0660970 4.51073751298972E-002 4.59897187277916E-002
100.1660912 4.49841842757099E-002 4.58632435081382E-002
100.2660854 4.48614491294920E-002 4.57372394155521E-002
100.3660872 4.47391582529577E-002 4.56116946767440E-002
100.4660814 4.46173281908593E-002 4.54866262461579E-002
100.5660756 4.44959474942453E-002 4.53620223398267E-002
100.6660698 4.43750140727364E-002 4.52378807817443E-002
100.7660640 4.42545258476867E-002 4.51141994082050E-002
100.8660658 4.41344716101070E-002 4.49909666838034E-002
100.9660601 4.40148676221629E-002 4.48681992717286E-002
101.0660543 4.38957026642207E-002 4.47458856259082E-002
101.1660486 4.37769747038054E-002 4.46240236310303E-002
101.2660428 4.36586817197963E-002 4.45026111836822E-002
101.3660447 4.35408127266765E-002 4.43816369802528E-002
101.4660390 4.34233837099679E-002 4.42611173988336E-002
101.5660333 4.33063836735364E-002 4.41410411251641E-002
101.6660275 4.31898106409411E-002 4.40214061026518E-002
101.7660218 4.30736626467292E-002 4.39022102862175E-002
101.8660238 4.29579289232113E-002 4.37834425981429E-002
101.9660181 4.28426251850608E-002 4.36651191374261E-002
102.0660124 4.27277406540049E-002 4.35472288157242E-002
102.1660067 4.26132734078343E-002 4.34297696332627E-002
102.2660011 4.24992215349758E-002 4.33127396014087E-002
102.3660031 4.23855744800945E-002 4.31961278626167E-002
102.4659974 4.22723476926689E-002 4.30799502426481E-002
102.5659918 4.21595306068203E-002 4.29641958733638E-002
102.6659861 4.20471213528356E-002 4.28488628099764E-002
102.7659805 4.19351180712976E-002 4.27339491184816E-002
102.8659825 4.18235104139199E-002 4.26194441559623E-002
102.9659769 4.17123135705006E-002 4.25053634806548E-002
103.0659713 4.16015171822542E-002 4.23916964390856E-002
103.1659657 4.14911194302910E-002 4.22784411396902E-002
103.2659601 4.13811185056899E-002 4.21655957013423E-002
103.3659622 4.12715042620665E-002 4.20531496903771E-002
103.4659566 4.11622916349192E-002 4.19411184030783E-002
103.5659511 4.10534704674143E-002 4.18294913952672E-002
103.6659455 4.09450389898733E-002 4.17182668269028E-002
103.7659400 4.08369954422722E-002 4.16074428680506E-002
103.8659421 4.07293298751366E-002 4.14970092890847E-002
103.9659365 4.06220569749144E-002 4.13869811297721E-002
104.0659310 4.05151667817367E-002 4.12773481500205E-002
104.1659255 4.04086575735835E-002 4.11681085596758E-002
104.2659200 4.03025276377848E-002 4.10592605783693E-002
104.3659221 4.01967672169346E-002 4.09507941754581E-002
104.4659166 4.00913907535525E-002 4.08427241394961E-002
104.5659112 3.99863884798956E-002 4.07350404294258E-002
104.6659057 3.98817587201051E-002 4.06277413034017E-002
104.7659002 3.97774998073792E-002 4.05208250290554E-002
104.8659024 3.96736021716810E-002 4.04142817698214E-002
104.9658969 3.95700800166004E-002 4.03081260682156E-002
105.0658915 3.94669237618262E-002 4.02023480773150E-002
105.1658860 3.93641317762169E-002 4.00969461020616E-002
105.2658806 3.92617024374056E-002 3.99919184565772E-002
105.3658828 3.91596263581649E-002 3.98872554936155E-002
105.4658774 3.90579175080334E-002 3.97829715147038E-002
105.5658720 3.89565664895752E-002 3.96790568622988E-002
105.6658666 3.88555717149740E-002 3.95755098866639E-002
105.7658612 3.87549316049158E-002 3.94723289469554E-002
105.8658634 3.86546369505575E-002 3.93695045806285E-002
105.9658580 3.85547014921468E-002 3.92670508531499E-002
106.0658527 3.84551160107013E-002 3.91649582917418E-002
106.1658473 3.83558789603871E-002 3.90632252905754E-002
106.2658419 3.82569888036102E-002 3.89618502524379E-002
106.3658442 3.81584365056158E-002 3.88608238950044E-002
106.4658389 3.80602355820078E-002 3.87601600524904E-002
106.5658335 3.79623769879641E-002 3.86598494324057E-002
106.6658282 3.78648592183384E-002 3.85598904714654E-002
106.7658229 3.77676807759705E-002 3.84602816147343E-002
106.8658252 3.76708327960231E-002 3.83610137557572E-002
106.9658199 3.75743285739928E-002 3.82621005021927E-002
107.0658146 3.74781592350493E-002 3.81635327374909E-002
107.1658093 3.73823233134844E-002 3.80653089395962E-002
107.2658040 3.72868193513314E-002 3.79674275945449E-002
107.3658063 3.71916386496201E-002 3.78698797675287E-002
107.4658011 3.70967942881681E-002 3.77726788442309E-002
107.5657958 3.70022775580897E-002 3.76758158798221E-002
107.6657905 3.69080870319089E-002 3.75792893922070E-002
107.7657853 3.68142212896550E-002 3.74830979071338E-002
107.8657877 3.67206717942923E-002 3.73872326573405E-002
107.9657824 3.66274514142823E-002 3.72917068110085E-002
108.0657772 3.65345516027530E-002 3.71965115909306E-002
108.1657720 3.64419709692968E-002 3.71016455537476E-002
108.2657667 3.63497081307840E-002 3.70071072637044E-002
108.3657692 3.62577547082922E-002 3.69128881171034E-002
108.4657639 3.61661233631489E-002 3.68190010689904E-002
108.5657587 3.60748057066766E-002 3.67254375058011E-002
108.6657536 3.59838003844135E-002 3.66321960217310E-002
108.7657484 3.58931060489551E-002 3.65392752183487E-002
108.8657508 3.58027144757811E-002 3.64466666516533E-002
108.9657456 3.57126381232066E-002 3.63543830678188E-002
109.0657405 3.56228687570396E-002 3.62624160130581E-002
