0.0053140 6.21365134700932E+000 2.44040253768872E+003
0.0210792 2.39093869581840E+001 2.38906716227422E+003
0.0467942 5.05364010591018E+001 2.30845088735356E+003
0.0817065 8.26492410723398E+001 2.20483510392644E+003
0.1249105 1.16720431018554E+002 2.08521087632040E+003
0.1754417 1.49762818689335E+002 1.95626949063150E+003
0.2323515 1.79637724828653E+002 1.82374412909255E+003
0.2947571 2.05084501333353E+002 1.69212128617230E+003
0.3618673 2.25580299611161E+002 1.56463352277923E+003
0.4329916 2.41136970651876E+002 1.44341324933232E+003
0.5075377 2.52104426824214E+002 1.32971248977763E+003
0.5850032 2.59013074020399E+002 1.22412457304743E+003
0.6649650 2.62462119091236E+002 1.12677793257256E+003
0.7470680 2.63048250689504E+002 1.03749030099621E+003
0.8310139 2.61324876487160E+002 9.55885781684141E+002
0.9165527 2.57782449474918E+002 8.81478080954284E+002
1.0034738 2.52842141085276E+002 8.13728569920692E+002
1.0915995 2.46857365483921E+002 7.52084992054011E+002
1.1807797 2.40119396498856E+002 6.96005874700875E+002
1.2708868 2.32864851216824E+002 6.44975889383006E+002
1.3618115 2.25283519346611E+002 5.98513839115875E+002
1.4534610 2.17525816920404E+002 5.56176250026573E+002
1.5457546 2.09709652573199E+002 5.17558837419307E+002
1.6386236 2.01926186939493E+002 4.82294852204995E+002
1.7320075 1.94245002304631E+002 4.50053855463955E+002
1.8258543 1.86718178165990E+002 4.20538575277811E+002
1.9201186 1.79383828533245E+002 3.93482408023124E+002
2.0147601 1.72269006794130E+002 3.68646761211457E+002
2.1097440 1.65391909244820E+002 3.45817878283774E+002
2.2050388 1.58763893872499E+002 3.24804734828666E+002
2.3006174 1.52390883212043E+002 3.05436259910144E+002
2.3964555 1.46274636861833E+002 2.87559340816142E+002
2.4925310 1.40413770028033E+002 2.71036966792566E+002
2.5888248 1.34804433294585E+002 2.55746174102962E+002
2.6853193 1.29441045360427E+002 2.41576786889947E+002
2.7819988 1.24316690260545E+002 2.28429752618583E+002
2.8788497 1.19423548908292E+002 2.16216018314415E+002
2.9758588 1.14753237269664E+002 2.04855504680252E+002
3.0730149 1.10296965093429E+002 1.94275931839733E+002
3.1703074 1.06045810782304E+002 1.84412174045740E+002
3.2677268 1.01990788761663E+002 1.75205315436451E+002
3.3652646 9.81230014367554E+001 1.66602077889419E+002
3.4629133 9.44336929977131E+001 1.58554160882900E+002
3.5606650 9.09143792564214E+001 1.51017864003944E+002
3.6585133 8.75567854285262E+001 1.43953389053185E+002
3.7564523 8.43529471210010E+001 1.37324581117643E+002
3.8544764 8.12952115699798E+001 1.31098520856779E+002
3.9525810 7.83762350363738E+001 1.25245170558600E+002
4.0507604 7.55890424092472E+001 1.19737193378671E+002
4.1490108 7.29269434211830E+001 1.14549527415847E+002
4.2473280 7.03835848892179E+001 1.09659268503033E+002
4.3457083 6.79529296257586E+001 1.05045435837263E+002
4.4441489 6.56292367199621E+001 1.00688768173147E+002
4.5426454 6.34070950150903E+001 9.65716414996493E+001
4.6411954 6.12813453601454E+001 9.26777975384869E+001
4.7397961 5.92471134957097E+001 8.89922962234797E+001
4.8384450 5.72997864889533E+001 8.55013761083111E+001
4.9371399 5.54349916997556E+001 8.21923327901521E+001
5.0358779 5.36486196932260E+001 7.90534856133739E+001
5.1346571 5.19367588594057E+001 7.60739970450810E+001
5.2334756 5.02957195906418E+001 7.32438590199134E+001
5.3323316 4.87220138021685E+001 7.05538067214504E+001
5.4312238 4.72123369019077E+001 6.79952434127864E+001
5.5301496 4.57635857452998E+001 6.55602313676193E+001
5.6291079 4.43728053983107E+001 6.32413668879490E+001
5.7280973 4.30372086263880E+001 6.10317826863255E+001
5.8271164 4.17541594273631E+001 5.89250927212755E+001
5.9261644 4.05211586190704E+001 5.69153440784481E+001
6.0252392 3.93358589283581E+001 5.49970195865220E+001
6.1243401 3.81960219904975E+001 5.31649482625457E+001
6.2234659 3.70995347826960E+001 5.14143148242802E+001
6.3226158 3.60443967332405E+001 4.97406231955760E+001
6.4217891 3.50287084726431E+001 4.81396646717049E+001
6.5209840 3.40506848988845E+001 4.66075258326579E+001
6.6202001 3.31086203731866E+001 4.51405223895751E+001
6.7194366 3.22009028538898E+001 4.37352113834430E+001
6.8186927 3.13260038672641E+001 4.23883662763493E+001
6.9179682 3.04824697697095E+001 4.10969552293010E+001
7.0172613 2.96689331863085E+001 3.98581510593206E+001
7.1165720 2.88840846583299E+001 3.86692810708324E+001
7.2158999 2.81266813526848E+001 3.75278344224479E+001
7.3152432 2.73955569729594E+001 3.64314712952887E+001
7.4146030 2.66895794636991E+001 3.53779543034853E+001
7.5139770 2.60076997355199E+001 3.43652169291377E+001
7.6133666 2.53488946595890E+001 3.33912742641040E+001
7.7127702 2.47122102568750E+001 3.24542834822438E+001
7.8121865 2.40967385044533E+001 3.15525057764919E+001
7.9116168 2.35015981056264E+001 3.06842752080329E+001
8.0110589 2.29259726773753E+001 2.98480516888433E+001
8.1105143 2.23690630353071E+001 2.90423487242467E+001
8.2099815 2.18301239518272E+001 2.82657844935079E+001
8.3094593 2.13084449047124E+001 2.75170515602121E+001
8.4089492 2.08033340311065E+001 2.67948919557638E+001
8.5084489 2.03141507790410E+001 2.60981421233735E+001
8.6079599 1.98402656651513E+001 2.54256736720444E+001
8.7074812 1.93810917347460E+001 2.47764366895273E+001
8.8070112 1.89360684472859E+001 2.41494352638963E+001
8.9065517 1.85046481745620E+001 2.35437072398030E+001
9.0061006 1.80863242656058E+001 2.29583624928495E+001
9.1056593 1.76805968641880E+001 2.23925338069122E+001
9.2052267 1.72869999752478E+001 2.18454137628505E+001
9.3048016 1.69050878681903E+001 2.13162346892683E+001
9.4043856 1.65344236260719E+001 2.08042519917473E+001
9.5039766 1.61746033875236E+001 2.03087768896491E+001
9.6035763 1.58252271178669E+001 1.98291352841446E+001
9.7031836 1.54859220103584E+001 1.93646993226245E+001
9.8027972 1.51563309282477E+001 1.89148707833853E+001
9.9024188 1.48361026221621E+001 1.84790671853015E+001
10.0020464 1.45249127679601E+001 1.80567499158158E+001
10.1016817 1.42224388186457E+001 1.76473894870913E+001
10.2013235 1.39283803313174E+001 1.72504926730345E+001
10.3009707 1.36424490742826E+001 1.68655885967428E+001
10.4006251 1.33643606130360E+001 1.64922170375645E+001
10.5002846 1.30938526488667E+001 1.61299527100553E+001
10.5999509 1.28306632572715E+001 1.57783756851340E+001
10.6996230 1.25745486228764E+001 1.54370948306521E+001
10.7992996 1.23252745175633E+001 1.51057360547688E+001
10.8989827 1.20826090184782E+001 1.47839323734542E+001
10.9986702 1.18463385614864E+001 1.44713449619979E+001
11.0983637 1.16162490093633E+001 1.41676377946532E+001
11.1980623 1.13921411905199E+001 1.38724979853641E+001
11.2977649 1.11738235147524E+001 1.35856257714764E+001
11.3974732 1.09611056348333E+001 1.33067260087577E+001
11.4971853 1.07538125562722E+001 1.30355265049440E+001
11.5969029 1.05517680854234E+001 1.27717561362774E+001
11.6966250 1.03548084986133E+001 1.25151625767591E+001
11.7963505 1.01627761086920E+001 1.22655037017643E+001
11.8960812 9.97551371878306E+000 1.20225402531078E+001
11.9958151 9.79287707132192E+000 1.17860518734800E+001
12.0955540 9.61472030988017E+000 1.15558181123222E+001
12.1952970 9.44090804953048E+000 1.13316339448365E+001
12.2950428 9.27130974342445E+000 1.11133023452077E+001
12.3947934 9.10579480602225E+000 1.09006279199275E+001
12.4945468 8.94424363703276E+000 1.06934309887160E+001
12.5943047 8.78653479677618E+000 1.04915310095074E+001
12.6940662 8.63255570346165E+000 1.02947602182115E+001
12.7938302 8.48219767716265E+000 1.01029571737269E+001
12.8935986 8.33535163235559E+000 9.91596119946557E+000
12.9933693 8.19191787386814E+000 9.73362479706840E+000
13.0931443 8.05179473809673E+000 9.55579911070878E+000
13.1929224 7.91488810611899E+000 9.38234596185116E+000
13.2927027 7.78110702459782E+000 9.21313220804483E+000
13.3924871 7.65035988523312E+000 9.04802486431220E+000
13.4922734 7.52256315834132E+000 8.88690208785494E+000
13.5920637 7.39763129428893E+000 8.72964037234896E+000
13.6918568 7.27548521130583E+000 8.57612520594268E+000
13.7916517 7.15604841043614E+000 8.42624611639032E+000
13.8914504 7.03924357366038E+000 8.27989236838905E+000
13.9912508 6.92500037487548E+000 8.13696271830415E+000
14.0910548 6.81324646981587E+000 7.99735408458168E+000
14.1908615 6.70391509273789E+000 7.86097101979236E+000
14.2906697 6.59694159660144E+000 7.72772133841112E+000
14.3904813 6.49226041297687E+000 7.59751230521176E+000
14.4902944 6.38981205886930E+000 7.47025932703128E+000
14.5901109 6.28953507092773E+000 7.34587588946258E+000
14.6899298 6.19137282478868E+000 7.22428200316110E+000
14.7897500 6.09527044300386E+000 7.10540032921643E+000
14.8895734 6.00117206902672E+000 6.98915278869104E+000
14.9893980 5.90902717065788E+000 6.87546833218300E+000
15.0892259 5.81878329683109E+000 6.76427396822269E+000
15.1890558 5.73039221650776E+000 6.65550231895960E+000
15.2888878 5.64380632877270E+000 6.54908716902322E+000
15.3887200 5.55898109781493E+000 6.44496643954982E+000
15.4885562 5.47586856260731E+000 6.34307420520279E+000
15.5883943 5.39442699312439E+000 6.24335252889348E+000
15.6882343 5.31461433794667E+000 6.14574339963279E+000
15.7880763 5.23638981265257E+000 6.05019066751195E+000
15.8879183 5.15971530343576E+000 5.95664173973247E+000
15.9877640 5.08454950428799E+000 5.86504041502810E+000
16.0876115 5.01085664984939E+000 5.77533752438471E+000
16.1874608 4.93860059757264E+000 5.68748369564452E+000
16.2873119 4.86774626710045E+000 5.60143109824274E+000
16.3871628 4.79826091651398E+000 5.51713497852663E+000
16.4870172 4.73010883225823E+000 5.43454720821756E+000
16.5868734 4.66325924677027E+000 5.35362587866355E+000
16.6867312 4.59768097952203E+000 5.27432878758225E+000
16.7865905 4.53334374431079E+000 5.19661501609353E+000
16.8864496 4.47021931209472E+000 5.12044632159080E+000
16.9863121 4.40827668941346E+000 5.04578131235086E+000
17.0861762 4.34748931409673E+000 4.97258412149466E+000
17.1860417 4.28783019015020E+000 4.90081852690521E+000
17.2859087 4.22927307766670E+000 4.83044938003722E+000
17.3857753 4.17179355444883E+000 4.76144387224906E+000
17.4856452 4.11536462749558E+000 4.69376626047429E+000
17.5855166 4.05996328756733E+000 4.62738572922230E+000
17.6853893 4.00556608181003E+000 4.56227106766845E+000
17.7852633 3.95215019909935E+000 4.49839196711957E+000
17.8851368 3.89969444113830E+000 4.43572017468763E+000
17.9850136 3.84817521901090E+000 4.37422470559699E+000
18.0848916 3.79757253676745E+000 4.31387898658438E+000
18.1847709 3.74786595320750E+000 4.25465602495001E+000
18.2846515 3.69903557384702E+000 4.19652958934006E+000
18.3845314 3.65106294087475E+000 4.13947526289764E+000
18.4844144 3.60392737306147E+000 4.08346608669877E+000
18.5842986 3.55761143950561E+000 4.02847906529625E+000
18.6841841 3.51209726836362E+000 3.97449077155106E+000
18.7840706 3.46736745523842E+000 3.92147842349926E+000
18.8839565 3.42340588025126E+000 3.86942084761137E+000
18.9838453 3.38019435493721E+000 3.81829450534868E+000
19.0837353 3.33771763959108E+000 3.76807943092408E+000
19.1836263 3.29596006214422E+000 3.71875522332626E+000
19.2835185 3.25490635157525E+000 3.67030203041789E+000
19.3834098 3.21454238937892E+000 3.62270143163620E+000
19.4833041 3.17485213163452E+000 3.57593280599409E+000
19.5831994 3.13582221679897E+000 3.52997876306922E+000
19.6830957 3.09743886254376E+000 3.48482148004692E+000
19.7829930 3.05968863175665E+000 3.44044360280622E+000
19.8828894 3.02255912484240E+000 3.39682905627235E+000
19.9827887 2.98603614905195E+000 3.35395971755850E+000
20.0826889 2.95010795790513E+000 3.31182039347133E+000
20.1825901 2.91476239775185E+000 3.27039546583835E+000
20.2824922 2.87998761304107E+000 3.22966971814299E+000
20.3823934 2.84577268515265E+000 3.18962908076796E+000
20.4822973 2.81210502442597E+000 3.15025757754840E+000
20.5822022 2.77897427751370E+000 3.11154189647615E+000
20.6821079 2.74636969882490E+000 3.07346831121016E+000
20.7820145 2.71428080096397E+000 3.03602344079143E+000
20.8819201 2.68269794515191E+000 2.99919493617335E+000
20.9818284 2.65160993428204E+000 2.96296867236777E+000
21.0817375 2.62100762028640E+000 2.92733295336169E+000
21.1816475 2.59088147854364E+000 2.89227568166981E+000
21.2815583 2.56122220871869E+000 2.85778505776963E+000
21.3814680 2.53202128127221E+000 2.82385021358244E+000
21.4813803 2.50326871236890E+000 2.79045862574966E+000
21.5812935 2.47495639968040E+000 2.75759999089481E+000
21.6812074 2.44707588036967E+000 2.72526361847547E+000
21.7811221 2.41961888697713E+000 2.69343907580778E+000
21.8810357 2.39257785402757E+000 2.66211677352324E+000
21.9809519 2.36594385778341E+000 2.63128557840285E+000
22.0808688 2.33970970572750E+000 2.60093639090119E+000
22.1807864 2.31386786092952E+000 2.57105973948148E+000
22.2807048 2.28841095711347E+000 2.54164637642854E+000
22.3806219 2.26333226894203E+000 2.51268781974996E+000
22.4805416 2.23862380149249E+000 2.48417414649164E+000
22.5804621 2.21427915589025E+000 2.45609730078957E+000
22.6803832 2.19029160477085E+000 2.42844887039869E+000
22.7803050 2.16665457021688E+000 2.40122063791076E+000
22.8802255 2.14336206092284E+000 2.37440508308107E+000
22.9801486 2.12040689791598E+000 2.34799333971289E+000
23.0800723 2.09778337638797E+000 2.32197825932957E+000
23.1799967 2.07548547863091E+000 2.29635235279866E+000
23.2799217 2.05350731813961E+000 2.27110830106205E+000
23.3798454 2.03184354652822E+000 2.24623942144273E+000
23.4797716 2.01048770345701E+000 2.22173777306640E+000
23.5796984 1.98943469258616E+000 2.19759699848259E+000
23.6796259 1.96867911981989E+000 2.17381041518917E+000
23.7795539 1.94821570652595E+000 2.15037148953748E+000
23.8794806 1.92803966878231E+000 2.12727427019845E+000
23.9794098 1.90814518073288E+000 2.10451162872958E+000
24.0793395 1.88852768072197E+000 2.08207789905918E+000
24.1792698 1.86918232395776E+000 2.05996710537617E+000
24.2792007 1.85010436749715E+000 2.03817340248274E+000
24.3791302 1.83128952414223E+000 2.01669147926934E+000
24.4790621 1.81273252955752E+000 1.99551492246870E+000
24.5789946 1.79442929300130E+000 1.97463867180272E+000
24.6789277 1.77637545464189E+000 1.95405737215321E+000
24.7788612 1.75856674468857E+000 1.93376578329196E+000
24.8787934 1.74099931402830E+000 1.91375915592320E+000
24.9787279 1.72366839641502E+000 1.89403170792288E+000
25.0786630 1.70657031676453E+000 1.87457891109121E+000
25.1785986 1.68970114434650E+000 1.85539595679140E+000
25.2785347 1.67305702820522E+000 1.83647813768561E+000
25.3784693 1.65663450642379E+000 1.81782119864596E+000
25.4784064 1.64042925555994E+000 1.79941991588204E+000
25.5783439 1.62443796818929E+000 1.78127022960790E+000
25.6782819 1.60865709406979E+000 1.76336781345326E+000
25.7782204 1.59308315378610E+000 1.74570843056740E+000
25.8781574 1.57771302834791E+000 1.72828826147252E+000
25.9780968 1.56254278881160E+000 1.71110257745507E+000
26.0780366 1.54756945362058E+000 1.69414773201475E+000
26.1779769 1.53278981061228E+000 1.67741982533674E+000
26.2779176 1.51820071063379E+000 1.66091503689032E+000
26.3778568 1.50379933901995E+000 1.64462993209641E+000
26.4777984 1.48958211901899E+000 1.62856022221748E+000
26.5777404 1.47554635846936E+000 1.61270262618174E+000
26.6776829 1.46168914620590E+000 1.59705362227392E+000
26.7776257 1.44800762722850E+000 1.58160975914691E+000
26.8775671 1.43449925746198E+000 1.56636794299584E+000
26.9775108 1.42116077520739E+000 1.55132427694174E+000
27.0774549 1.40798974579684E+000 1.53647580369499E+000
27.1773994 1.39498352656545E+000 1.52181933739113E+000
27.2773442 1.38213952500699E+000 1.50735175474874E+000
27.3772876 1.36945543808951E+000 1.49307026428267E+000
27.4772333 1.35692828649149E+000 1.47897131885108E+000
27.5771793 1.34455586507552E+000 1.46505224861969E+000
27.6771257 1.33233577113603E+000 1.45131016665112E+000
27.7770725 1.32026564684416E+000 1.43774224177758E+000
27.8770178 1.30834340427806E+000 1.42434595124338E+000
27.9769653 1.29656631768316E+000 1.41111806068441E+000
28.0769132 1.28493238689016E+000 1.39805615596307E+000
28.1768615 1.27343942403381E+000 1.38515761672548E+000
28.2768101 1.26208528147106E+000 1.37241987241092E+000
28.3767572 1.25086806358213E+000 1.35984063958658E+000
28.4767065 1.23978527272336E+000 1.34741696416245E+000
28.5766562 1.22883509207488E+000 1.33514665987157E+000
28.6766062 1.21801552645938E+000 1.32302734454946E+000
28.7765565 1.20732461681200E+000 1.31105668057134E+000
28.8765053 1.19676063971578E+000 1.29923259802783E+000
28.9764563 1.18632130310000E+000 1.28755239445499E+000
29.0764077 1.17600495442921E+000 1.27601408702452E+000
29.1763593 1.16580977163943E+000 1.26461550678129E+000
29.2763113 1.15573396514336E+000 1.25335452468207E+000
29.3762617 1.14577596598057E+000 1.24222926165924E+000
29.4762144 1.13593366765963E+000 1.23123724157136E+000
29.5761673 1.12620556508460E+000 1.22037666353281E+000
29.6761206 1.11658999197495E+000 1.20964554977579E+000
29.7760741 1.10708531130427E+000 1.19904195835966E+000
29.8760261 1.09769009287086E+000 1.18856418107761E+000
29.9759803 1.08840239799198E+000 1.17820994571504E+000
30.0759347 1.07922085410055E+000 1.16797761437868E+000
30.1758895 1.07014393532841E+000 1.15786538103501E+000
30.2758445 1.06117014220011E+000 1.14787147186519E+000
30.3757980 1.05229816936175E+000 1.13799433188720E+000
30.4757536 1.04352623011524E+000 1.12823187295169E+000
30.5757095 1.03485307120032E+000 1.11858260341950E+000
30.6756657 1.02627729350307E+000 1.10904487177432E+000
30.7756221 1.01779752175696E+000 1.09961705551358E+000
30.8755770 1.00941256310689E+000 1.09029773728441E+000
30.9755340 1.00112076872332E+000 1.08108499535441E+000
31.0754913 9.92920992907909E-001 1.07197746952648E+000
31.1754469 9.84812104953481E-001 1.06297381828902E+000
31.2754067 9.76792380492776E-001 1.05407204328597E+000
31.3753629 9.68861189618094E-001 1.04527136323952E+000
31.4753231 9.61016706147842E-001 1.03656967133922E+000
31.5752798 9.53258327883610E-001 1.02796622078787E+000
31.6752368 9.45584573244891E-001 1.01945929126691E+000
31.7751978 9.37993993119521E-001 1.01104720083150E+000
31.8751552 9.30486024610641E-001 1.00272925153430E+000
31.9751168 9.23058971647594E-001 9.94503491678206E-001
32.0750747 9.15712296109272E-001 9.86369254076300E-001
32.1750329 9.08444626519332E-001 9.78324950307380E-001
32.2749952 9.01254621202932E-001 9.70369027067644E-001
32.3749539 8.94141777196829E-001 9.62500860773321E-001
32.4749166 8.87104517344293E-001 9.54718641064168E-001
32.5748758 8.80142360856244E-001 9.47021771827803E-001
32.6748352 8.73254036638070E-001 9.39408784536214E-001
32.7747986 8.66438300986893E-001 9.31878242846492E-001
32.8747585 8.59694704594225E-001 9.24429589607359E-001
32.9747223 8.53021779136983E-001 9.17061143435914E-001
33.0746827 8.46419095170544E-001 9.09772371740151E-001
33.1746432 8.39885473244772E-001 9.02561915134205E-001
33.2746078 8.33419759120349E-001 8.95428443772344E-001
33.3745687 8.27021551565584E-001 8.88371459910706E-001
33.4745337 8.20689482001747E-001 8.81389400036741E-001
33.5744951 8.14423167006734E-001 8.74481788383838E-001
33.6744568 8.08221510910805E-001 8.67647365063622E-001
33.7744224 8.02083441278214E-001 8.60884897338167E-001
33.8743844 7.96008599992402E-001 8.54193940639760E-001
33.9743505 7.89995710010669E-001 8.47573039328453E-001
34.0743130 7.84044429197115E-001 8.41021768521328E-001
34.1742756 7.78153738573562E-001 8.34538959161481E-001
34.2742423 7.72322640601329E-001 8.28123467179984E-001
34.3742054 7.66550815860040E-001 8.21774895650689E-001
34.4741725 7.60837071419188E-001 8.15491887792602E-001
34.5741359 7.55181102208798E-001 8.09274064326333E-001
34.6740996 7.49581959542866E-001 8.03120339227606E-001
34.7740673 7.44038714543513E-001 7.97029649500208E-001
34.8740313 7.38551082546258E-001 7.91001640937379E-001
34.9739994 7.33117948008676E-001 7.85035047478075E-001
35.0739638 7.27739039161812E-001 7.79129530748144E-001
35.1739284 7.22413471826567E-001 7.73284080726807E-001
35.2738971 7.17140380146814E-001 7.67497708642371E-001
35.3738621 7.11919510696418E-001 7.61770098624435E-001
35.4738310 7.06749819222053E-001 7.56100067971591E-001
35.5737964 7.01631063893308E-001 7.50487315029221E-001
35.6737620 6.96562419800620E-001 7.44930899435294E-001
35.7737315 6.91543079003493E-001 7.39429900459755E-001
35.8736974 6.86572816170498E-001 7.33984036660916E-001
35.9736673 6.81650652797788E-001 7.28592202031107E-001
36.0736335 6.76776373987127E-001 7.23254127901767E-001
36.1735999 6.71949209350698E-001 7.17968937834356E-001
36.2735704 6.67168404233834E-001 7.12735773550243E-001
36.3735371 6.62433758587322E-001 7.07554384548590E-001
36.4735079 6.57744354618440E-001 7.02423735469819E-001
36.5734750 6.53100001670334E-001 6.97343587297509E-001
36.6734423 6.48499979567244E-001 6.92313122325019E-001
36.7734135 6.43943582736882E-001 6.87331539663728E-001
36.8733811 6.39430633893433E-001 6.82398616636967E-001
36.9733527 6.34960271366835E-001 6.77513383042526E-001
37.0733206 6.30532326330816E-001 6.72675626535700E-001
37.1732887 6.26146124904614E-001 6.67884583435859E-001
37.2732608 6.21801006777053E-001 6.63139505655521E-001
37.3732292 6.17496815167661E-001 6.58440195554188E-001
37.4732015 6.13232740344931E-001 6.53785743093491E-001
37.5731702 6.09008633151123E-001 6.49175959933217E-001
37.6731391 6.04823862435786E-001 6.44610132147430E-001
37.7731119 6.00677809670661E-001 6.40087560283819E-001
37.8730811 5.96570336554403E-001 6.35608069241474E-001
37.9730543 5.92500681473910E-001 6.31170804598534E-001
38.0730237 5.88468712999180E-001 6.26775599629871E-001
38.1729934 5.84473839462067E-001 6.22421786282340E-001
38.2729669 5.80515480947437E-001 6.18108709951865E-001
38.3729369 5.76593515813214E-001 6.13836215839270E-001
38.4729107 5.72707227072592E-001 6.09603500992831E-001
38.5728809 5.68856499279555E-001 6.05410418159894E-001
38.6728513 5.65040777285254E-001 6.01256341627623E-001
38.7728256 5.61259516895480E-001 5.97140658193448E-001
38.8727962 5.57512611491484E-001 5.93063231352057E-001
38.9727708 5.53799385516705E-001 5.89023305836353E-001
39.0727417 5.50119737941042E-001 5.85020751943016E-001
39.1727127 5.46473147428755E-001 5.81054983081041E-001
39.2726877 5.42859102864573E-001 5.77125424308418E-001
39.3726590 5.39277511181200E-001 5.73231955610506E-001
39.4726343 5.35727735323840E-001 5.69373865944540E-001
39.5726059 5.32209687267041E-001 5.65551041428819E-001
39.6725776 5.28722877013709E-001 5.61762931658240E-001
39.7725533 5.25266824111335E-001 5.58008997085616E-001
39.8725252 5.21841447718756E-001 5.54289132566166E-001
39.9725012 5.18446146596569E-001 5.50602668114651E-001
40.0724734 5.15080844452820E-001 5.46949504117480E-001
40.1724458 5.11745080363962E-001 5.43329123674119E-001
40.2724221 5.08438402328113E-001 5.39741020014489E-001
40.3723947 5.05160740535953E-001 5.36185101405557E-001
40.4723712 5.01911527096467E-001 5.32660736018005E-001
40.5723441 4.98690696305380E-001 5.29167837108327E-001
40.6723171 4.95497814236963E-001 5.25705918828910E-001
40.7722940 4.92332455312446E-001 5.22274504792900E-001
40.8722673 4.89194559677331E-001 5.18873515366185E-001
40.9722444 4.86083590520990E-001 5.15502354213733E-001
41.0722179 4.82999491693223E-001 5.12160946203000E-001
41.1721915 4.79941854361908E-001 5.08848834295149E-001
41.2721690 4.76910277511085E-001 5.05565570294898E-001
41.3721428 4.73904710269147E-001 5.02311085484125E-001
41.4721206 4.70924644818576E-001 4.99084816577846E-001
41.5720946 4.67970033630234E-001 4.95886698919592E-001
41.6720688 4.65040491216899E-001 4.92716302222840E-001
41.7720469 4.62135639416791E-001 4.89573204475177E-001
41.8720213 4.59255435463484E-001 4.86457346807794E-001
41.9719996 4.56399398609641E-001 4.83368196738707E-001
42.0719743 4.53567489104408E-001 4.80305699063873E-001
42.1719490 4.50759343197936E-001 4.77269448362573E-001
42.2719276 4.47974604011685E-001 4.74259046962288E-001
42.3719026 4.45213236091291E-001 4.71274444880969E-001
42.4718815 4.42474783986278E-001 4.68315138371688E-001
42.5718566 4.39759214962338E-001 4.65381080758854E-001
42.6718319 4.37066185527762E-001 4.62471889755149E-001
42.7718111 4.34395358641469E-001 4.59587190335240E-001
42.8717866 4.31746705444045E-001 4.56726940534679E-001
42.9717660 4.29119794144904E-001 4.53890663436482E-001
43.0717417 4.26514598337376E-001 4.51078320058963E-001
43.1717175 4.23930793425394E-001 4.48289549655684E-001
43.2716972 4.21368060873445E-001 4.45523998292220E-001
43.3716732 4.18826377768300E-001 4.42781631236389E-001
43.4716531 4.16305334466693E-001 4.40061996644267E-001
43.5716293 4.13804910266216E-001 4.37365062473826E-001
43.6716056 4.11324798210246E-001 4.34690488054097E-001
43.7715858 4.08864697040708E-001 4.32037939109298E-001
43.8715623 4.06424589203311E-001 4.29407387429480E-001
43.9715428 4.04004085803159E-001 4.26798404621986E-001
44.0715195 4.01603171277719E-001 4.24210964902361E-001
44.1714963 3.99221555150563E-001 4.21644746325342E-001
44.2714770 3.96858952307523E-001 4.19099432954364E-001
44.3714539 3.94515350021416E-001 4.16575002459387E-001
44.4714348 3.92190378850661E-001 4.14071048400478E-001
44.5714120 3.89884027861369E-001 4.11587550633583E-001
44.6713893 3.87596021986527E-001 4.09124204694711E-001
44.7713704 3.85326091208717E-001 4.06680711769864E-001
44.8713479 3.83074227145988E-001 4.04257054827539E-001
44.9713293 3.80840078610105E-001 4.01852847994546E-001
45.0713069 3.78623638832539E-001 3.99468076208500E-001
45.1712846 3.76424647165737E-001 3.97102451338273E-001
45.2712662 3.74242847720797E-001 3.94755690569520E-001
45.3712441 3.72078236024202E-001 3.92427781642791E-001
45.4712259 3.69930478028204E-001 3.90118357968570E-001
45.5712040 3.67799570709618E-001 3.87827409060073E-001
45.6711822 3.65685266924328E-001 3.85554662058271E-001
45.7711643 3.63587324015893E-001 3.83299849111107E-001
45.8711426 3.61505741023140E-001 3.81062962254188E-001
45.9711248 3.59440200005837E-001 3.78843652992803E-001
46.0711034 3.57390701305209E-001 3.76641914957181E-001
46.1710820 3.55357010432225E-001 3.74457489579696E-001
46.2710644 3.53338897132945E-001 3.72290123011396E-001
46.3710432 3.51336363599219E-001 3.70139811150593E-001
46.4710259 3.49349107038712E-001 3.68006222494806E-001
46.5710048 3.47377130811439E-001 3.65889354375541E-001
46.6709838 3.45420212297115E-001 3.63788961609114E-001
46.7709667 3.43478132874910E-001 3.61704803461994E-001
46.8709459 3.41550897563637E-001 3.59636879303159E-001
46.9709290 3.39638217826616E-001 3.57584873598920E-001
47.0709083 3.37740099728987E-001 3.55548787005032E-001
47.1708877 3.35856331789744E-001 3.53528386881319E-001
47.2708710 3.33986706307342E-001 3.51523444787459E-001
47.3708506 3.32131230831576E-001 3.49533963207472E-001
47.4708341 3.30289630251168E-001 3.47559641625677E-001
47.5708138 3.28461913051629E-001 3.45600483680027E-001
47.6707936 3.26647878213978E-001 3.43656268494841E-001
47.7707773 3.24847328293136E-001 3.41726779160791E-001
47.8707573 3.23060273101156E-001 3.39812020954251E-001
47.9707411 3.21286450178951E-001 3.37911707493507E-001
48.0707212 3.19525870173845E-001 3.36025845088298E-001
48.1707014 3.17778341899594E-001 3.34154223904764E-001
48.2706855 3.16043677551656E-001 3.32296637857386E-001
48.3706658 3.14321888960290E-001 3.30453094721996E-001
48.4706500 3.12612725597967E-001 3.28623321428206E-001
48.5706305 3.10916200038987E-001 3.26807326675756E-001
48.6706110 3.09232130344687E-001 3.25004911001648E-001
48.7705955 3.07560337778237E-001 3.23215878487515E-001
48.8705762 3.05900835966442E-001 3.21440239142729E-001
48.9705608 3.04253385641162E-001 3.19677732442099E-001
49.0705416 3.02618001090367E-001 3.17928369219512E-001
49.1705225 3.00994509078417E-001 3.16191959759388E-001
49.2705073 2.99382739403076E-001 3.14468317700292E-001
49.3704883 2.97782707286320E-001 3.12757455043657E-001
49.4704733 2.96194184091980E-001 3.11059123095425E-001
49.5704545 2.94617185627908E-001 3.09373334591279E-001
49.6704357 2.93051546854351E-001 3.07699908983312E-001
49.7704208 2.91497105607106E-001 3.06038668899503E-001
49.8704022 2.89953878520379E-001 3.04389628114026E-001
49.9703875 2.88421647003880E-001 3.02752549097913E-001
50.0703690 2.86900428209283E-001 3.01127446277591E-001
50.1703506 2.85390064820069E-001 2.99514147733306E-001
50.2703361 2.83890402247243E-001 2.97912484554252E-001
50.3703178 2.82401458371023E-001 2.96322472088117E-001
50.4703034 2.80923024099117E-001 2.94743883349295E-001
50.5702853 2.79455117767059E-001 2.93176734263242E-001
50.6702672 2.77997589340744E-001 2.91620861035889E-001
50.7702530 2.76550291374677E-001 2.90076102725666E-001
50.8702350 2.75113242844070E-001 2.88542476072787E-001
50.9702209 2.73686243642103E-001 2.87019764054225E-001
51.0702031 2.72269313142842E-001 2.85507983920290E-001
51.1701853 2.70862308183167E-001 2.84006979534295E-001
51.2701714 2.69465088058115E-001 2.82516597465333E-001
51.3701538 2.68077672700699E-001 2.81036855681715E-001
51.4701400 2.66699870509777E-001 2.79567546580055E-001
51.5701225 2.65331701765920E-001 2.78108688577286E-001
51.6701050 2.63973029792732E-001 2.76660132757325E-001
51.7700914 2.62623720249385E-001 2.75221732772172E-001
51.8700741 2.61283793902060E-001 2.73793507668861E-001
51.9700606 2.59953067205845E-001 2.72375258755728E-001
52.0700434 2.58631561227886E-001 2.70967005472578E-001
52.1700263 2.57319145419371E-001 2.69568605716263E-001
52.2700130 2.56015691451795E-001 2.68179919822414E-001
52.3699959 2.54721220811303E-001 2.66800967781086E-001
52.4699827 2.53435557587901E-001 2.65431559336847E-001
52.5699658 2.52158723526391E-001 2.64071714821787E-001
52.6699489 2.50890593869671E-001 2.62721298564940E-001
52.7699359 2.49631045972485E-001 2.61380177212602E-001
52.8699192 2.48380101938156E-001 2.60048371574582E-001
52.9699063 2.47137593096408E-001 2.58725699386246E-001
53.0698897 2.45903541770804E-001 2.57412181753363E-001
53.1698731 2.44677828681615E-001 2.56107689081277E-001
53.2698603 2.43460336558852E-001 2.54812093978326E-001
53.3698439 2.42251088029696E-001 2.53525417962128E-001
53.4698313 2.41049921292645E-001 2.52247486341284E-001
53.5698149 2.39856859160260E-001 2.50978320887530E-001
53.6697986 2.38671787535825E-001 2.49717797749686E-001
53.7697861 2.37494594236166E-001 2.48465795172049E-001
53.8697699 2.36325302327646E-001 2.47222335278399E-001
53.9697576 2.35163756529134E-001 2.45987250558877E-001
54.0697415 2.34009980060741E-001 2.44760563353396E-001
54.1697254 2.32863863732930E-001 2.43542155242760E-001
54.2697133 2.31725300179029E-001 2.42331909802019E-001
54.3696973 2.30594312827762E-001 2.41129849668845E-001
54.4696852 2.29470752590945E-001 2.39935814147255E-001
54.5696694 2.28354643022367E-001 2.38749826056584E-001
54.6696536 2.27245879581040E-001 2.37571772117909E-001
54.7696417 2.26144359463308E-001 2.36401540951182E-001
54.8696260 2.25050106390610E-001 2.35239155624246E-001
54.9696142 2.23962977159802E-001 2.34084461909659E-001
55.0695986 2.22882995591393E-001 2.32937483025656E-001
55.1695831 2.21810061550286E-001 2.31798110560229E-001
55.2695714 2.20744076557998E-001 2.30666237910344E-001
55.3695560 2.19685064565576E-001 2.29541888498069E-001
55.4695444 2.18632887965187E-001 2.28424914239952E-001
55.5695291 2.17587570783406E-001 2.27315338680103E-001
55.6695138 2.16549017063223E-001 2.26213058017110E-001
55.7695023 2.15517132428024E-001 2.25117970173732E-001
55.8694872 2.14491941001319E-001 2.24030098857425E-001
55.9694758 2.13473310497806E-001 2.22949301823502E-001
56.0694607 2.12461265095217E-001 2.21875602875767E-001
56.1694457 2.11455712800645E-001 2.20808902582911E-001
56.2694345 2.10456563129565E-001 2.19749103157761E-001
56.3694196 2.09463840326250E-001 2.18696228530785E-001
56.4694085 2.08477417170951E-001 2.17650142008858E-001
56.5693936 2.07497317942892E-001 2.16610867595526E-001
56.6693788 2.06523454412147E-001 2.15578310003805E-001
56.7693678 2.05555739789099E-001 2.14552375515271E-001
56.8693531 2.04594198392037E-001 2.13533088226927E-001
56.9693423 2.03638707824545E-001 2.12520316726795E-001
57.0693276 2.02689292422463E-001 2.11514085163903E-001
57.1693130 2.01745867529705E-001 2.10514302183499E-001
57.2693023 2.00808349866098E-001 2.09520877927984E-001
57.3692878 1.99876763781747E-001 2.08533836609811E-001
57.4692772 1.98950991475119E-001 2.07553051843386E-001
57.5692628 1.98031057298160E-001 2.06578547874152E-001
57.6692484 1.97116879990646E-001 2.05610237080239E-001
57.7692379 1.96208379607335E-001 2.04648033269424E-001
57.8692236 1.95305580492067E-001 2.03691960723432E-001
57.9692132 1.94408369222621E-001 2.02741897842910E-001
58.0691990 1.93516770130532E-001 2.01797868925381E-001
58.1691849 1.92630705183872E-001 2.00859789894377E-001
58.2691746 1.91750097608005E-001 1.99927578039222E-001
58.3691605 1.90874971706217E-001 1.99001257669220E-001
58.4691503 1.90005218232059E-001 1.98080711744766E-001
58.5691363 1.89140861463774E-001 1.97165964575450E-001
58.6691224 1.88281826439891E-001 1.96256935453787E-001
58.7691123 1.87428039401574E-001 1.95353544977652E-001
58.8690985 1.86579524580704E-001 1.94455817446326E-001
58.9690885 1.85736176714336E-001 1.93563640166215E-001
59.0690747 1.84898019997863E-001 1.92677037422911E-001
59.1690610 1.84064982391502E-001 1.91795931711805E-001
59.2690511 1.83236993006305E-001 1.90920246776437E-001
59.3690374 1.82414075975046E-001 1.90050006872195E-001
59.4690277 1.81596129836555E-001 1.89185103449691E-001
59.5690141 1.80783178676859E-001 1.88325560738049E-001
59.6690006 1.79975153237573E-001 1.87471304279066E-001
59.7689909 1.79171985362025E-001 1.86622260808485E-001
59.8689774 1.78373699059060E-001 1.85778454507348E-001
59.9689678 1.77580196497433E-001 1.84939780779819E-001
60.0689545 1.76791501630057E-001 1.84106263769381E-001
60.1689411 1.76007547847582E-001 1.83277831916757E-001
60.2689316 1.75228269595773E-001 1.82454414805236E-001
60.3689184 1.74453690737342E-001 1.81636036514171E-001
60.4689090 1.73683716908377E-001 1.80822596221081E-001
60.5688958 1.72918371907466E-001 1.80014117957637E-001
60.6688827 1.72157591649346E-001 1.79210532924404E-001
60.7688734 1.71401313059637E-001 1.78411773415790E-001
60.8688603 1.70649559835121E-001 1.77617863384969E-001
60.9688511 1.69902240925308E-001 1.76828705612397E-001
61.0688381 1.69159379955556E-001 1.76044323994505E-001
61.1688251 1.68420915246684E-001 1.75264652360472E-001
61.2688160 1.67686786088392E-001 1.74489625587098E-001
61.3688031 1.66957015993913E-001 1.73719267479471E-001
61.4687941 1.66231517080422E-001 1.72953484259755E-001
61.5687813 1.65510312783256E-001 1.72192299668210E-001
61.6687685 1.64793343717806E-001 1.71435650038751E-001
61.7687596 1.64080551428444E-001 1.70683472709036E-001
61.8687469 1.63371959229241E-001 1.69935791316541E-001
61.9687381 1.62667482266923E-001 1.69192515372502E-001
62.0687254 1.61967143771943E-001 1.68453668442374E-001
62.1687128 1.61270886548847E-001 1.67719189247801E-001
62.2687041 1.60578654293236E-001 1.66989017472506E-001
62.3686916 1.59890470106233E-001 1.66263176568991E-001
62.4686829 1.59206252033190E-001 1.65541579193005E-001
62.5686704 1.58526023086564E-001 1.64824248718644E-001
62.6686580 1.57849728160356E-001 1.64111126144722E-001
62.7686494 1.57177313003550E-001 1.63402153392545E-001
62.8686371 1.56508800492192E-001 1.62697353714250E-001
62.9686286 1.55844111446090E-001 1.61996642773124E-001
63.0686163 1.55183268648211E-001 1.61300043737261E-001
63.1686040 1.54526218987651E-001 1.60607499778115E-001
63.2685918 1.53872935023891E-001 1.59918981140902E-001
63.3685872 1.53223340140582E-001 1.59234406260102E-001
63.4685751 1.52577506486081E-001 1.58553850354437E-001
63.5685630 1.51935357631323E-001 1.57877232073137E-001
63.6685509 1.51296867078779E-001 1.57204522698444E-001
63.7685388 1.50662008560699E-001 1.56535693765197E-001
63.8685344 1.50030708012206E-001 1.55870666470008E-001
63.9685224 1.49403035939441E-001 1.55209514312286E-001
64.0685105 1.48778918451419E-001 1.54552158688136E-001
64.1684986 1.48158330176461E-001 1.53898572117097E-001
64.2684867 1.47541245961278E-001 1.53248727358603E-001
64.3684824 1.46927594185796E-001 1.52602548254018E-001
64.4684706 1.46317443755475E-001 1.51960106626641E-001
64.5684588 1.45710723211638E-001 1.51321326503107E-001
64.6684470 1.45107408252808E-001 1.50686181578229E-001
64.7684353 1.44507474785145E-001 1.50054645774745E-001
64.8684312 1.43910853532041E-001 1.49426645467348E-001
64.9684195 1.43317611838853E-001 1.48802250845488E-001
65.0684079 1.42727680578713E-001 1.48181388455872E-001
65.1683963 1.42141036467824E-001 1.47564033110104E-001
65.2683847 1.41557656419879E-001 1.46950159836423E-001
65.3683808 1.40977473405418E-001 1.46339697437041E-001
65.4683692 1.40400553249323E-001 1.45732714508878E-001
65.5683578 1.39826829061003E-001 1.45129140013787E-001
65.6683463 1.39256278524751E-001 1.44528949825000E-001
65.7683349 1.38688879512772E-001 1.43932120021724E-001
65.8683311 1.38124567151171E-001 1.43338581733162E-001
65.9683197 1.37563405783040E-001 1.42748402004069E-001
66.0683084 1.37005330663207E-001 1.42161512111750E-001
66.1682971 1.36450320397220E-001 1.41577888938994E-001
66.2682858 1.35898353769489E-001 1.40997509564512E-001
66.3682821 1.35349367974568E-001 1.40420307348947E-001
66.4682709 1.34803425911504E-001 1.39846347824307E-001
66.5682597 1.34260464894099E-001 1.39275564488572E-001
66.6682485 1.33720464404904E-001 1.38707935184933E-001
66.7682374 1.33183404096773E-001 1.38143437943003E-001
66.8682339 1.32649223149804E-001 1.37582008264006E-001
66.9682228 1.32117983055815E-001 1.37023710205688E-001
67.0682118 1.31589623105308E-001 1.36468479396562E-001
67.1682007 1.31064123615999E-001 1.35916294593787E-001
67.2681897 1.30541465067818E-001 1.35367134731971E-001
67.3681864 1.30021588547480E-001 1.34820937366491E-001
67.4681754 1.29504554175469E-001 1.34277765118370E-001
67.5681645 1.28990303140645E-001 1.33737555660896E-001
67.6681536 1.28478816556329E-001 1.33200288621320E-001
67.7681428 1.27970075690400E-001 1.32665943795857E-001
67.8681396 1.27464023461018E-001 1.32134460711786E-001
67.9681288 1.26960718652324E-001 1.31605900590026E-001
68.0681180 1.26460104276912E-001 1.31080203067006E-001
68.1681072 1.25962162206275E-001 1.30557348598591E-001
68.2680965 1.25466874459225E-001 1.30037317801592E-001
68.3680934 1.24974185713746E-001 1.29520052096874E-001
68.4680827 1.24484153451731E-001 1.29005611340956E-001
68.5680721 1.23996722438393E-001 1.28493937055680E-001
68.6680615 1.23511875267976E-001 1.27985010486299E-001
68.7680509 1.23029594675189E-001 1.27478813031424E-001
68.8680479 1.22549827029570E-001 1.26975287930920E-001
68.9680374 1.22072628543980E-001 1.26474493711710E-001
69.0680269 1.21597945668462E-001 1.25976373707000E-001
69.1680164 1.21125761686470E-001 1.25480909914320E-001
69.2680059 1.20656060015433E-001 1.24988084477378E-001
69.3680031 1.20188788651349E-001 1.24497842383970E-001
69.4679927 1.19724002570404E-001 1.24010240865336E-001
69.5679823 1.19261649842815E-001 1.23525224995481E-001
69.6679719 1.18801714409482E-001 1.23042777489087E-001
69.7679615 1.18344180339129E-001 1.22562881200219E-001
69.8679589 1.17888997192121E-001 1.22085482796862E-001
69.9679486 1.17436218739475E-001 1.21610638247608E-001
70.0679383 1.16985794609901E-001 1.21138294299993E-001
70.1679281 1.16537709371647E-001 1.20668434352594E-001
70.2679178 1.16091947714957E-001 1.20201041936934E-001
70.3679153 1.15648460705308E-001 1.19736065336592E-001
70.4679051 1.15207300939225E-001 1.19273559289695E-001
70.5678949 1.14768419545045E-001 1.18813472153145E-001
70.6678848 1.14331801689836E-001 1.18355787977919E-001
70.7678747 1.13897432657132E-001 1.17900490941838E-001
70.8678723 1.13465264960965E-001 1.17447530882451E-001
70.9678622 1.13035350053225E-001 1.16996961338757E-001
71.0678522 1.12607640505680E-001 1.16548732215816E-001
71.1678422 1.12182122057161E-001 1.16102828187155E-001
71.2678322 1.11758780557730E-001 1.15659234047364E-001
71.3678299 1.11337569915958E-001 1.15217901129164E-001
71.4678200 1.10918540468171E-001 1.14778881802931E-001
71.5678100 1.10501646175883E-001 1.14342127463466E-001
71.6678002 1.10086873324036E-001 1.13907623378553E-001
71.7677903 1.09674208303827E-001 1.13475354931558E-001
71.8677881 1.09263606366770E-001 1.13045274894241E-001
71.9677783 1.08855116761908E-001 1.12617434498055E-001
72.0677685 1.08448694789226E-001 1.12191786571762E-001
72.1677587 1.08044327255424E-001 1.11768316950577E-001
72.2677489 1.07642001068741E-001 1.11347011580103E-001
72.3677468 1.07241672774326E-001 1.10927824617523E-001
72.4677371 1.06843390561468E-001 1.10510806184281E-001
72.5677275 1.06447111019605E-001 1.10095910489825E-001
72.6677178 1.06052821454087E-001 1.09683123911354E-001
72.7677082 1.05660509267321E-001 1.09272432931523E-001
72.8677062 1.05270132250958E-001 1.08863793041733E-001
72.9676966 1.04881737561313E-001 1.08457253281548E-001
73.0676870 1.04495283030419E-001 1.08052769190203E-001
73.1676774 1.04110756440328E-001 1.07650327662732E-001
73.2676679 1.03728145665897E-001 1.07249915694948E-001
73.3676660 1.03347409700208E-001 1.06851490063529E-001
73.4676565 1.02968594692654E-001 1.06455098753537E-001
73.5676471 1.02591659673047E-001 1.06060698585340E-001
73.6676376 1.02216592879298E-001 1.05668276948891E-001
73.7676282 1.01843382638084E-001 1.05277821330473E-001
73.8676264 1.01471989100795E-001 1.04889289745257E-001
73.9676171 1.01102457435255E-001 1.04502729150435E-001
74.0676077 1.00734747826175E-001 1.04118097601001E-001
74.1675984 1.00368848947522E-001 1.03735382960057E-001
74.2675890 1.00004749558183E-001 1.03354573182815E-001
74.3675874 9.96424109266015E-002 1.02975627478197E-001
74.4675781 9.92818772636882E-002 1.02598591801442E-001
74.5675688 9.89231098680192E-002 1.02223425397680E-001
74.6675596 9.85660978307901E-002 1.01850116582487E-001
74.7675504 9.82108303244638E-002 1.01478653759544E-001
74.8675488 9.78572696950418E-002 1.01108997288718E-001
74.9675396 9.75054592205068E-002 1.00741192148510E-001
75.0675305 9.71553612740158E-002 1.00375198731619E-001
75.1675213 9.68069653460931E-002 1.00011005786453E-001
75.2675122 9.64602610050580E-002 9.96486021457121E-002
75.3675108 9.61152116366521E-002 9.92879492792538E-002
75.4675017 9.57718596092600E-002 9.89290912133611E-002
75.5674926 9.54301683329981E-002 9.85719894475710E-002
75.6674836 9.50901276806958E-002 9.82166331444467E-002
75.7674746 9.47517275996730E-002 9.78630115472222E-002
75.8674732 9.44149324791895E-002 9.75110871965391E-002
75.9674642 9.40797838007220E-002 9.71609031903180E-002
76.0674553 9.37462459753078E-002 9.68124220959319E-002
76.1674463 9.34143092418839E-002 9.64656334723457E-002
76.2674374 9.30839639107338E-002 9.61205269557500E-002
76.3674361 9.27551753399284E-002 9.57770661200250E-002
76.4674273 9.24279841461067E-002 9.54352931579331E-002
76.5674184 9.21023557066922E-002 9.50951716673338E-002
76.6674096 9.17782806113144E-002 9.47566915867059E-002
76.7674007 9.14557495179560E-002 9.44198429284763E-002
76.8673996 9.11347287202355E-002 9.40845902638018E-002
76.9673908 9.08152579914185E-002 9.37509749028550E-002
77.0673820 9.04973036422121E-002 9.34189614382018E-002
77.1673732 9.01808565982626E-002 9.30885401717670E-002
77.2673645 8.98659078507197E-002 9.27597014763043E-002
77.3673634 8.95524245968578E-002 9.24324108857892E-002
77.4673547 8.92404457874461E-002 9.21067088497553E-002
77.5673461 8.89299386347341E-002 9.17825609211866E-002
77.6673374 8.86208943864094E-002 9.14599577501617E-002
77.7673288 8.83133043529488E-002 9.11388900546186E-002
77.8673278 8.80071366046985E-002 9.08193242983244E-002
77.9673192 8.77024292902342E-002 9.05013000915224E-002
78.0673106 8.73991504929052E-002 9.01847839147478E-002
78.1673020 8.70972917691276E-002 8.98697667516733E-002
78.2672935 8.67968447355197E-002 8.95562396510040E-002
78.3672925 8.64977783061603E-002 8.92441699746336E-002
78.4672840 8.62001298471784E-002 8.89335965142792E-002
78.5672755 8.59038682838158E-002 8.86244866465108E-002
78.6672671 8.56089854685307E-002 8.83168316747302E-002
78.7672586 8.53154733115193E-002 8.80106229646792E-002
78.8672578 8.50233015424382E-002 8.77058287460088E-002
78.9672493 8.47325067641758E-002 8.74024870121048E-002
79.0672409 8.44430587158359E-002 8.71005660053432E-002
79.1672325 8.41549495338274E-002 8.68000573356470E-002
79.2672242 8.38681714099475E-002 8.65009526727127E-002
79.3672234 8.35826948624071E-002 8.62032210848156E-002
79.4672151 8.32985557495325E-002 8.59068997866507E-002
79.5672068 8.30157245973818E-002 8.56119578573977E-002
79.6671985 8.27341938147860E-002 8.53183872009140E-002
79.7671902 8.24539558637235E-002 8.50261797783851E-002
79.8671895 8.21749820250124E-002 8.47353054687530E-002
79.9671813 8.18973074305847E-002 8.44458007271251E-002
80.0671730 8.16209033676147E-002 8.41576354416494E-002
80.1671648 8.13457625063601E-002 8.38708017981210E-002
80.2671566 8.10718775680890E-002 8.35852920373314E-002
80.3671560 8.07992205713069E-002 8.33010768220528E-002
80.4671478 8.05278259392219E-002 8.30181918663842E-002
80.5671397 8.02576656953066E-002 8.27366078407211E-002
80.6671315 7.99887327607565E-002 8.24563172013570E-002
80.7671234 7.97210201057375E-002 8.21773124573583E-002
80.8671229 7.94545004625034E-002 8.18995650295608E-002
80.9671148 7.91892075627249E-002 8.16231099091248E-002
81.0671067 7.89251141423293E-002 8.13479185230342E-002
81.1670987 7.86622133634398E-002 8.10739835871708E-002
81.2670906 7.84004984352041E-002 8.08012978680687E-002
81.3670902 7.81399427806194E-002 8.05298335198789E-002
81.4670822 7.78805794565367E-002 8.02596248283997E-002
81.5670742 7.76223818884223E-002 7.99906439525556E-002
81.6670662 7.73653434697734E-002 7.97228838574089E-002
81.7670583 7.71094576392533E-002 7.94563375566503E-002
81.8670579 7.68546984884900E-002 7.91909779139703E-002
81.9670500 7.66010984157768E-002 7.89268385269006E-002
82.0670421 7.63486315140906E-002 7.86638922626258E-002
82.1670342 7.60972913991803E-002 7.84021323254557E-002
82.2670263 7.58470717301858E-002 7.81415519663975E-002
82.3670260 7.55979472461065E-002 7.78821247358335E-002
82.4670182 7.53499497024958E-002 7.76238835596575E-002
82.5670103 7.51030538386605E-002 7.73668019905552E-002
82.6670025 7.48572534838886E-002 7.71108734626030E-002
82.7669947 7.46125425091640E-002 7.68560914547307E-002
82.8669945 7.43688962804107E-002 7.66024301820502E-002
82.9669867 7.41263459258315E-002 7.63499219149935E-002
83.0669790 7.38848668106900E-002 7.60985408698676E-002
83.1669712 7.36444529694904E-002 7.58482807014632E-002
83.2669635 7.34050984768137E-002 7.55991351076632E-002
83.3669634 7.31667793058400E-002 7.53510789471926E-002
83.4669556 7.29295259723909E-002 7.51041438507560E-002
83.5669479 7.26933144480886E-002 7.48583046772439E-002
83.6669403 7.24581389647000E-002 7.46135552935151E-002
83.7669326 7.22239937925213E-002 7.43698896078382E-002
83.8669326 7.19908554930641E-002 7.41272831022429E-002
83.9669249 7.17587539843335E-002 7.38857667830136E-002
84.0669173 7.15276658254486E-002 7.36453161313884E-002
84.1669097 7.12975854378386E-002 7.34059252180346E-002
84.2669021 7.10685072799813E-002 7.31675881534215E-002
84.3669022 7.08404084835043E-002 7.29302810233466E-002
84.4668946 7.06133183827666E-002 7.26940342245656E-002
84.5668870 7.03872141062308E-002 7.24588238411960E-002
84.6668795 7.01620902577198E-002 7.22246441398201E-002
84.7668720 6.99379414766908E-002 7.19914894252867E-002
84.8668721 6.97147454473522E-002 7.17593363683618E-002
84.9668646 6.94925309342037E-002 7.15282147707597E-002
85.0668571 6.92712756175730E-002 7.12981013007427E-002
85.1668496 6.90509742767271E-002 7.10689904132639E-002
85.2668422 6.88316217252138E-002 7.08408766000744E-002
85.3668424 6.86131961829366E-002 7.06137370988146E-002
85.4668349 6.83957258579519E-002 7.03876011302536E-002
85.5668275 6.81791889656202E-002 7.01624459287644E-002
85.6668201 6.79635804540044E-002 6.99382661304579E-002
85.7668127 6.77488953041538E-002 6.97150564068385E-002
85.8668130 6.75351122554028E-002 6.94927945450015E-002
85.9668056 6.73222589724192E-002 6.92715091984859E-002
86.0667983 6.71103141893828E-002 6.90511781504121E-002
86.1667909 6.68992730167915E-002 6.88317962111506E-002
86.2667836 6.66891305968909E-002 6.86133582251224E-002
86.3667839 6.64798661727777E-002 6.83958425121024E-002
86.4667766 6.62715068784355E-002 6.81792771717457E-002
86.5667694 6.60640319512412E-002 6.79636405191980E-002
86.6667621 6.58574366580406E-002 6.77489275324911E-002
86.7667548 6.56517162962413E-002 6.75351332224218E-002
86.8667552 6.54468505976031E-002 6.73222364252875E-002
86.9667480 6.52428661777890E-002 6.71102646998457E-002
87.0667408 6.50397427623182E-002 6.68991968771597E-002
87.1667336 6.48374757685571E-002 6.66890280966087E-002
87.2667264 6.46360606432986E-002 6.64797535291074E-002
87.3667268 6.44354775924121E-002 6.62713525119087E-002
87.4667197 6.42357527252732E-002 6.60638520755105E-002
87.5667125 6.40368662410316E-002 6.58572315513738E-002
87.6667054 6.38388137019945E-002 6.56514862341828E-002
87.7666983 6.36415906988086E-002 6.54466114489799E-002
87.8666988 6.34451778974216E-002 6.52425870189722E-002
87.9666917 6.32496009126349E-002 6.50394394586981E-002
88.0666846 6.30548404032358E-002 6.48371485850583E-002
88.1666775 6.28608920711290E-002 6.46357098422577E-002
88.2666705 6.26677516455171E-002 6.44351187037325E-002
88.3666710 6.24754002388957E-002 6.42353554641839E-002
88.4666640 6.22838629828931E-002 6.40364461341621E-002
88.5666570 6.20931209824400E-002 6.38383710015888E-002
88.6666500 6.19031700739196E-002 6.36411256546508E-002
88.7666429 6.17140061200154E-002 6.34447057096872E-002
88.8666436 6.15256106667203E-002 6.32490919189524E-002
88.9666366 6.13380083735874E-002 6.30543098006604E-002
89.0666296 6.11511807786750E-002 6.28603400998514E-002
89.1666227 6.09651238479398E-002 6.26671785433895E-002
89.2666157 6.07798335726827E-002 6.24748208852574E-002
89.3666164 6.05952919198033E-002 6.22832483218188E-002
89.4666095 6.04115230875846E-002 6.20924858902940E-002
89.5666026 6.02285090346536E-002 6.19025147794335E-002
89.6665957 6.00462458518397E-002 6.17133308496972E-002
89.7665889 5.98647296544000E-002 6.15249299876728E-002
89.8665896 5.96839428179915E-002 6.13372938208660E-002
89.9665828 5.95039090901464E-002 6.11504469165446E-002
90.0665759 5.93246108379408E-002 6.09643708942358E-002
90.1665691 5.91460442725706E-002 6.07790617431259E-002
90.2665622 5.89682056287807E-002 6.05945154775798E-002
90.3665631 5.87910776792585E-002 6.04107141437337E-002
90.4665563 5.86146837310286E-002 6.02276818496530E-002
90.5665495 5.84390065479174E-002 6.00454006331620E-002
90.6665427 5.82640424571666E-002 5.98638666075065E-002
90.7665359 5.80897878087240E-002 5.96830759102012E-002
90.8665368 5.79162257609872E-002 5.95030109939400E-002
90.9665301 5.77433791904462E-002 5.93236955180514E-002
91.0665233 5.75712312463835E-002 5.91451119266136E-002
91.1665166 5.73997783679429E-002 5.89672564524581E-002
91.2665099 5.72290170161655E-002 5.87901253518129E-002
91.3665108 5.70589307242277E-002 5.86137014722767E-002
91.4665041 5.68895419477976E-002 5.84380080346315E-002
91.5664975 5.67208342107072E-002 5.82630278775840E-002
91.6664908 5.65528040600270E-002 5.80887573492621E-002
91.7664842 5.63854480639496E-002 5.79151928203527E-002
91.8664851 5.62187501198723E-002 5.77423175221092E-002
91.9664785 5.60527322721004E-002 5.75701542466902E-002
92.0664719 5.58873784084808E-002 5.73986862162071E-002
92.1664653 5.57226851801968E-002 5.72279098899695E-002
92.2664587 5.55586492588100E-002 5.70578217490434E-002
92.3664597 5.53952548957399E-002 5.68884053974737E-002
92.4664531 5.52325237331411E-002 5.67196832084584E-002
92.5664466 5.50704400126991E-002 5.65516387766752E-002
92.6664400 5.49090004860494E-002 5.63842686686680E-002
92.7664335 5.47482019244922E-002 5.62175694719683E-002
92.8664346 5.45880289236154E-002 5.60515251529199E-002
92.9664281 5.44285027323965E-002 5.58861576751715E-002
93.0664215 5.42696079365249E-002 5.57214509954974E-002
93.1664150 5.41113413845758E-002 5.55574017838896E-002
93.2664086 5.39536999441028E-002 5.53940067305886E-002
93.3664097 5.37966685453391E-002 5.52312501541014E-002
93.4664032 5.36402680528260E-002 5.50691536176939E-002
93.5663968 5.34844833867534E-002 5.49077014301222E-002
93.6663903 5.33293114892623E-002 5.47468903611920E-002
93.7663839 5.31747493208140E-002 5.45867172002484E-002
93.8663851 5.30207821370822E-002 5.44271666081680E-002
93.9663787 5.28674304266873E-002 5.42682597567617E-002
94.0663723 5.27146794351321E-002 5.41099812969944E-002
94.1663659 5.25625261948845E-002 5.39523280949966E-002
94.2663595 5.24109677561002E-002 5.37952970357575E-002
94.3663607 5.22599896909939E-002 5.36388731130587E-002
94.4663544 5.21096121205614E-002 5.34830771159534E-002
94.5663480 5.19598206067355E-002 5.33278940281685E-002
94.6663417 5.18106122691999E-002 5.31733208088105E-002
94.7663353 5.16619842447180E-002 5.30193544351899E-002
94.8663366 5.15139224134403E-002 5.28659802248443E-002
94.9663303 5.13664465368207E-002 5.27132185925417E-002
95.0663240 5.12195424846327E-002 5.25610548456403E-002
95.1663177 5.10732074607858E-002 5.24094860330050E-002
95.2663114 5.09274386856866E-002 5.22585092210776E-002
95.3663128 5.07822223390980E-002 5.21081100423058E-002
95.4663065 5.06375778308085E-002 5.19583085454274E-002
95.5663002 5.04934913301233E-002 5.18090903526025E-002
95.6662940 5.03499601223062E-002 5.16604525993651E-002
95.7662878 5.02069815085572E-002 5.15123924382230E-002
95.8662892 5.00645419602000E-002 5.13648958079806E-002
95.9662829 4.99226605430334E-002 5.12179823993883E-002
96.0662767 4.97813237178562E-002 5.10716381408697E-002
96.1662705 4.96405288485263E-002 5.09258602516600E-002
96.2662643 4.95002733142980E-002 5.07806459673878E-002
96.3662658 4.93605438702662E-002 5.06359815249414E-002
96.4662596 4.92213592457195E-002 5.04918862649207E-002
96.5662535 4.90827061851735E-002 5.03483464137545E-002
96.6662473 4.89445821284260E-002 5.02053592715263E-002
96.7662412 4.88069845301535E-002 5.00629221541564E-002
96.8662427 4.86699004216827E-002 4.99210215886130E-002
96.9662365 4.85333482030830E-002 4.97796765729834E-002
97.0662304 4.83973148950592E-002 4.96388736237114E-002
97.1662243 4.82617980107981E-002 4.94986101189875E-002
97.2662182 4.81267950778668E-002 4.93588834523037E-002
97.3662198 4.79922933965270E-002 4.92196804329646E-002
97.4662137 4.78583110447349E-002 4.90810197239879E-002
97.5662076 4.77248353120990E-002 4.89428881241010E-002
97.6662016 4.75918637827414E-002 4.88052830869663E-002
97.7661955 4.74593940546850E-002 4.86682020810327E-002
97.8661971 4.73274136900628E-002 4.85316321904468E-002
97.9661911 4.71959404516448E-002 4.83955917504116E-002
98.0661851 4.70649618908891E-002 4.82600678344557E-002
98.1661791 4.69344756604934E-002 4.81250579691792E-002
98.2661730 4.68044794265950E-002 4.79905596954740E-002
98.3661747 4.66749610063577E-002 4.78565603650747E-002
98.4661687 4.65459378541187E-002 4.77230779924411E-002
98.5661627 4.64173977763552E-002 4.75900999186595E-002
98.6661568 4.62893384920700E-002 4.74576237408313E-002
98.7661508 4.61617577332623E-002 4.73256470698737E-002
98.8661525 4.60346435655022E-002 4.71941575180862E-002
98.9661465 4.59080131412783E-002 4.70631727860788E-002
99.0661406 4.57818545154715E-002 4.69326804754833E-002
99.1661347 4.56561654712055E-002 4.68026782515581E-002
99.2661288 4.55309438041730E-002 4.66731637929198E-002
99.3661305 4.54061778219346E-002 4.65441249656334E-002
99.4661246 4.52818843815494E-002 4.64155791631786E-002
99.5661187 4.51580517798944E-002 4.62875142409423E-002
99.6661128 4.50346778621115E-002 4.61599279300853E-002
99.7661070 4.49117604855008E-002 4.60328179746858E-002
99.8661087 4.47892881933969E-002 4.59061724879882E-002
99.9661029 4.46672775536898E-002 4.57800085628946E-002
100.0660970 4.45457170990438E-002 4.56543143019696E-002
100.1660912 4.44246047345955E-002 4.55290875001069E-002
100.2660854 4.43039383772438E-002 4.54043259646928E-002
100.3660872 4.41837068000743E-002 4.52800180497724E-002
100.4660814 4.40639262879124E-002 4.51561805540581E-002
100.5660756 4.39445856031936E-002 4.50328018209218E-002
100.6660698 4.38256827091009E-002 4.49098797069012E-002
100.7660640 4.37072155801986E-002 4.47874120806191E-002
100.8660658 4.35891732134857E-002 4.46653875307403E-002
100.9660601 4.34715716166766E-002 4.45438225680176E-002
101.0660543 4.33543997761479E-002 4.44227057704574E-002
101.1660486 4.32376557112523E-002 4.43020350542313E-002
101.2660428 4.31213374523576E-002 4.41818083472034E-002
101.3660447 4.30054342147182E-002 4.40620144666699E-002
101.4660390 4.28899617347445E-002 4.39426696414989E-002
101.5660333 4.27749092171019E-002 4.38237626783499E-002
101.6660275 4.26602747355065E-002 4.37052915510932E-002
101.7660218 4.25460563743357E-002 4.35872542449132E-002
101.8660238 4.24322435616141E-002 4.34696397999336E-002
101.9660181 4.23188517681124E-002 4.33524641690631E-002
102.0660124 4.22058704113055E-002 4.32357163818166E-002
102.1660067 4.20932976175318E-002 4.31193944678997E-002
102.2660011 4.19811315234510E-002 4.30034964679674E-002
102.3660031 4.18693617645391E-002 4.28880116393449E-002
102.4659974 4.17580035514528E-002 4.27729556647607E-002
102.5659918 4.16470465091626E-002 4.26583177909654E-002
102.6659861 4.15364888149529E-002 4.25440961017048E-002
102.7659805 4.14263286561008E-002 4.24302886913231E-002
102.8659825 4.13165558703756E-002 4.23168850288926E-002
102.9659769 4.12071854137108E-002 4.22039005325989E-002
103.0659713 4.10982071134197E-002 4.20913246609798E-002
103.1659657 4.09896191961161E-002 4.19791555500922E-002
103.2659601 4.08814198980910E-002 4.18673913462531E-002
103.3659622 4.07735992544036E-002 4.17560217249935E-002
103.4659566 4.06661719715238E-002 4.16450618454551E-002
103.5659511 4.05591280741092E-002 4.15345013726795E-002
103.6659455 4.04524658365459E-002 4.14243384933687E-002
103.7659400 4.03461835425921E-002 4.13145714041591E-002
103.8659421 4.02402714197441E-002 4.12051899819110E-002
103.9659365 4.01347439301399E-002 4.10962091320877E-002
104.0659310 4.00295912909322E-002 4.09876187211102E-002
104.1659255 3.99248118227778E-002 4.08794169847204E-002
104.2659200 3.98204038554121E-002 4.07716021682802E-002
104.3659221 3.97163578040589E-002 4.06641643450045E-002
104.4659166 3.96126878915327E-002 4.05571181719125E-002
104.5659112 3.95093845227758E-002 4.04504537118346E-002
104.6659057 3.94064460632682E-002 4.03441692480046E-002
104.7659002 3.93038708872857E-002 4.02382630729745E-002
104.8659024 3.92016495932095E-002 4.01327254514873E-002
104.9658969 3.90997961694182E-002 4.00275707972257E-002
105.0658915 3.89983012040772E-002 3.99227893646070E-002
105.1658860 3.88971631060941E-002 3.98183794828661E-002
105.2658806 3.87963802928991E-002 3.97143394902637E-002
105.3658828 3.86959435415958E-002 3.96106598383879E-002
105.4658774 3.85958666108965E-002 3.95073547025699E-002
105.5658720 3.84961402677577E-002 3.94044145241341E-002
105.6658666 3.83967629631687E-002 3.93018376768785E-002
105.7658612 3.82977331563773E-002 3.91996225433451E-002
105.8658634 3.81990417989041E-002 3.90977597574224E-002
105.9658580 3.81007024244507E-002 3.89962632609541E-002
106.0658527 3.80027059744627E-002 3.88951236776313E-002
106.1658473 3.79050509407119E-002 3.87943394244279E-002
106.2658419 3.78077358229748E-002 3.86939089267905E-002
106.3658442 3.77107517430088E-002 3.85938229964970E-002
106.4658389 3.76141120140499E-002 3.84940953466516E-002
106.5658335 3.75178077478548E-002 3.83947167789040E-002
106.6658282 3.74218374757253E-002 3.82956857520663E-002
106.7658229 3.73261997367230E-002 3.81970007331623E-002
106.8658252 3.72308858187827E-002 3.80986527075772E-002
106.9658199 3.71359088191117E-002 3.80006551643096E-002
107.0658146 3.70412600157210E-002 3.79029990786888E-002
107.1658093 3.69469379782340E-002 3.78056829500754E-002
107.2658040 3.68529412837966E-002 3.77087052857890E-002
107.3658063 3.67592613825795E-002 3.76120572406647E-002
107.4658011 3.66659111600923E-002 3.75157520841194E-002
107.5657958 3.65728820566614E-002 3.74197809610073E-002
107.6657905 3.64801726790644E-002 3.73241424099926E-002
107.7657853 3.63877816413735E-002 3.72288349774547E-002
107.8657877 3.62957005521659E-002 3.71338499836422E-002
107.9657824 3.62039420894835E-002 3.70392004828058E-002
108.0657772 3.61124978521405E-002 3.69448777852904E-002
108.1657720 3.60213664829430E-002 3.68508804678626E-002
108.2657667 3.59305466317710E-002 3.67572071147691E-002
108.3657692 3.58400300618891E-002 3.66638492077509E-002
108.4657639 3.57498292480007E-002 3.65708195902046E-002
108.5657587 3.56599359436902E-002 3.64781097340471E-002
108.6657536 3.55703488267049E-002 3.63857182529881E-002
108.7657484 3.54810665816534E-002 3.62936437679905E-002
108.8657508 3.53920811228731E-002 3.62018779184796E-002
108.9657456 3.53034047257622E-002 3.61104333412076E-002
109.0657405 3.52150292950626E-002 3.60193016658571E-002
