0.0053140 3.43477869496871E+001 6.03075404803142E+003
0.0210792 1.29596559045797E+002 5.85528210217872E+003
0.0467942 2.65578632747731E+002 5.58366987065815E+003
0.0817065 4.17310472998893E+002 5.24166424086646E+003
0.1249105 5.62528797827587E+002 4.85677471603713E+003
0.1754417 6.86040636463914E+002 4.45389684920126E+003
0.2323515 7.80437392142047E+002 4.05283793780211E+003
0.2947571 8.44511235001404E+002 3.66763834812693E+003
0.3618673 8.80951214328121E+002 3.30709071451315E+003
0.4329916 8.94314121003299E+002 2.97580753502288E+003
0.5075377 8.89623731205592E+002 2.67538742533759E+003
0.5850032 8.71572950593713E+002 2.40543333046928E+003
0.6649650 8.44163336453572E+002 2.16434258929994E+003
0.7470680 8.10611820936223E+002 1.94986906111964E+003
0.8310139 7.73397761917325E+002 1.75950121719631E+003
0.9165527 7.34368981353853E+002 1.59069755543477E+003
1.0034738 6.94862210226668E+002 1.44102559436014E+003
1.0915995 6.55815745352098E+002 1.30823547917748E+003
1.1807797 6.17865300183552E+002 1.19029123615076E+003
1.2708868 5.81421936809302E+002 1.08537826170099E+003
1.3618115 5.46732600182369E+002 9.91894767884877E+002
1.4534610 5.13926288726553E+002 9.08435767275656E+002
1.5457546 4.83049260366113E+002 8.33775189376442E+002
1.6386236 4.54090203224460E+002 7.66844585274437E+002
1.7320075 4.26999687360439E+002 7.06715391544612E+002
1.8258543 4.01703346293672E+002 6.52580001894670E+002
1.9201186 3.78111916244964E+002 6.03736288204140E+002
2.0147601 3.56128344837051E+002 5.59573687079306E+002
2.1097440 3.35652272438912E+002 5.19559979964695E+002
2.2050388 3.16583791769805E+002 4.83231342921529E+002
2.3006174 2.98825330255452E+002 4.50182325537295E+002
2.3964555 2.82283247657693E+002 4.20058143968770E+002
2.4925310 2.66868809010793E+002 3.92547966435598E+002
2.5888248 2.52498382026301E+002 3.67378512373668E+002
2.6853193 2.39093918365814E+002 3.44309510366377E+002
2.7819988 2.26582701533354E+002 3.23128916892359E+002
2.8788497 2.14897324737451E+002 3.03649387585447E+002
2.9758588 2.03975547613858E+002 2.85705194276021E+002
3.0730149 1.93759838444447E+002 2.69149156528934E+002
3.1703074 1.84197288924609E+002 2.53850616255320E+002
3.2677268 1.75239134452166E+002 2.39693110464277E+002
3.3652646 1.66840548453096E+002 2.26572768490771E+002
3.4629133 1.58960283897019E+002 2.14396689632035E+002
3.5606650 1.51560536686101E+002 2.03081849246365E+002
3.6585133 1.44606451407700E+002 1.92553603868537E+002
3.7564523 1.38066021728212E+002 1.82744929986463E+002
3.8544764 1.31909816961141E+002 1.73595494863501E+002
3.9525810 1.26110738050132E+002 1.65050858809807E+002
4.0507604 1.20643926298747E+002 1.57061972210733E+002
4.1490108 1.15486413750607E+002 1.49584350652468E+002
4.2473280 1.10617066844776E+002 1.42577730886097E+002
4.3457083 1.06016403805749E+002 1.36005580718882E+002
4.4441489 1.01666433704029E+002 1.29834676028265E+002
4.5426454 9.75506097901337E+001 1.24034868571670E+002
4.6411954 9.36535880745738E+001 1.18578602191052E+002
4.7397961 8.99612047073449E+001 1.13440760122511E+002
4.8384450 8.64603574659321E+001 1.08598393389935E+002
4.9371399 8.31389018083380E+001 1.04030485425830E+002
5.0358779 7.99856327368827E+001 9.97178473568678E+001
5.1346571 7.69901164038847E+001 9.56428177463680E+001
5.2334756 7.41426873298687E+001 9.17891995215785E+001
5.3323316 7.14343711483054E+001 8.81421022935034E+001
5.4312238 6.88568169935466E+001 8.46878053032518E+001
5.5301496 6.64022952962157E+001 8.14137139446808E+001
5.6291079 6.40635777847298E+001 7.83081637308259E+001
5.7280973 6.18339449372255E+001 7.53603996059328E+001
5.8271164 5.97071347449923E+001 7.25604803746155E+001
5.9261644 5.76772979282983E+001 6.98991954748280E+001
6.0252392 5.57390038677297E+001 6.73680511596091E+001
6.1243401 5.38871529835988E+001 6.49591366951019E+001
6.2234659 5.21169887815660E+001 6.26651235346681E+001
6.3226158 5.04240631048000E+001 6.04792050480345E+001
6.4217891 4.88042057910622E+001 5.83950439810111E+001
6.5209840 4.72535343023097E+001 5.64067728470058E+001
6.6202001 4.57683881964183E+001 5.45088990258642E+001
6.7194366 4.43453426905808E+001 5.26963128480002E+001
6.8186927 4.29811845236792E+001 5.09642481746014E+001
6.9179682 4.16728908962262E+001 4.93082480213957E+001
7.0172613 4.04176403855187E+001 4.77241714595517E+001
7.1165720 3.92127628431109E+001 4.62081240553171E+001
7.2158999 3.80557474850869E+001 4.47564627136059E+001
7.3152432 3.69442527514598E+001 4.33658028904569E+001
7.4146030 3.58760372655006E+001 4.20329276079611E+001
7.5139770 3.48490296467618E+001 4.07548707004633E+001
7.6133666 3.38612383897711E+001 3.95288006686284E+001
7.7127702 3.29108135211559E+001 3.83520941625913E+001
7.8121865 3.19960083011531E+001 3.72222852009840E+001
7.9116168 3.11151478810831E+001 3.61370238379784E+001
8.0110589 3.02666832858203E+001 3.50941402799209E+001
8.1105143 2.94491183116862E+001 3.40915525429837E+001
8.2099815 2.86610615352324E+001 3.31273283790628E+001
8.3094593 2.79011957440293E+001 3.21996457464629E+001
8.4089492 2.71682527908216E+001 3.13067604840601E+001
8.5084489 2.64610593343472E+001 3.04470605428912E+001
8.6079599 2.57784768222723E+001 2.96189914334425E+001
8.7074812 2.51194455530580E+001 2.88211085265622E+001
8.8070112 2.44829599212657E+001 2.80520457041643E+001
8.9065517 2.38680479461037E+001 2.73104895923074E+001
9.0061006 2.32738101962619E+001 2.65952255529003E+001
9.1056593 2.26993699858849E+001 2.59050766922731E+001
9.2052267 2.21439108796247E+001 2.52389481898352E+001
9.3048016 2.16066563894996E+001 2.45958020343471E+001
9.4043856 2.10868530940278E+001 2.39746361484376E+001
9.5039766 2.05838039147649E+001 2.33745235366443E+001
9.6035763 2.00968263918152E+001 2.27945618108626E+001
9.7031836 1.96252847624433E+001 2.22339109222457E+001
9.8027972 1.91685731202768E+001 2.16917725172047E+001
9.9024188 1.87261013377045E+001 2.11673727867045E+001
10.0020464 1.82973236469181E+001 2.06599959306633E+001
10.1016817 1.78817033847259E+001 2.01689419622594E+001
10.2013235 1.74787405627916E+001 1.96935589727925E+001
10.3009707 1.70879577582459E+001 1.92332260573583E+001
10.4006251 1.67088882566784E+001 1.87873390527669E+001
10.5002846 1.63411007146389E+001 1.83553392722875E+001
10.5999509 1.59841691408674E+001 1.79366779132611E+001
10.6996230 1.56376967045841E+001 1.75308437774701E+001
10.7992996 1.53013038084786E+001 1.71373489984862E+001
10.8989827 1.49746180136854E+001 1.67557170558972E+001
10.9986702 1.46572954181693E+001 1.63855075616682E+001
11.0983637 1.43489949180479E+001 1.60262859962306E+001
11.1980623 1.40493988623263E+001 1.56776476366156E+001
11.2977649 1.37582028896487E+001 1.53392055132434E+001
11.3974732 1.34751072999453E+001 1.50105802433600E+001
11.4971853 1.31998356680992E+001 1.46914215084226E+001
11.5969029 1.29321126347749E+001 1.43813821347494E+001
11.6966250 1.26716819051805E+001 1.40801388434493E+001
11.7963505 1.24182975260244E+001 1.37873820031565E+001
11.8960812 1.21717164438761E+001 1.35028069355424E+001
11.9958151 1.19317147807930E+001 1.32261326077853E+001
12.0955540 1.16980685592117E+001 1.29570792886429E+001
12.1952970 1.14705694533092E+001 1.26953866226698E+001
12.2950428 1.12490172529693E+001 1.24408048455781E+001
12.3947934 1.10332134047352E+001 1.21930872941315E+001
12.4945468 1.08229753012859E+001 1.19520067443885E+001
12.5943047 1.06181194633937E+001 1.17173360350346E+001
12.6940662 1.04184753808164E+001 1.14888638785253E+001
12.7938302 1.02238789628882E+001 1.12663872793384E+001
12.8935986 1.00341668999318E+001 1.10497050389639E+001
12.9933693 9.84918925800986E+000 1.08386320951144E+001
13.0931443 9.66879473241912E+000 1.06329826264491E+001
13.1929224 9.49284285721163E+000 1.04325839408536E+001
13.2927027 9.32119828218032E+000 1.02372698917368E+001
13.3924871 9.15372582459779E+000 1.00468752124672E+001
13.4922734 8.99030161163943E+000 9.86124815064279E+000
13.5920637 8.83080009125803E+000 9.68023566238906E+000
13.6918568 8.67510484256977E+000 9.50369565947981E+000
13.7916517 8.52310354990815E+000 9.33149126035502E+000
13.8914504 8.37468363943923E+000 9.16348582143211E+000
13.9912508 8.22974217175770E+000 8.99955411095542E+000
14.0910548 8.08817435221258E+000 8.83956927419338E+000
14.1908615 7.94988313627391E+000 8.68341367369303E+000
14.2906697 7.81477479536845E+000 8.53097384350997E+000
14.3904813 7.68275505217937E+000 8.38213611022919E+000
14.4902944 7.55373789332404E+000 8.23679651057494E+000
14.5901109 7.42763536588902E+000 8.09484926628804E+000
14.6899298 7.30436614075293E+000 7.95619641324714E+000
14.7897500 7.18385158380850E+000 7.82074335206423E+000
14.8895734 7.06601231893531E+000 7.68839497139732E+000
14.9893980 6.95077610393253E+000 7.55906448055429E+000
15.0892259 6.83806873582899E+000 7.43266317838606E+000
15.1890558 6.72782170958787E+000 7.30910903551989E+000
15.2888878 6.61996770593408E+000 7.18832161482459E+000
15.3887200 6.51444360539165E+000 7.07022543365878E+000
15.4885562 6.41118239755548E+000 6.95474089753424E+000
15.5883943 6.31012517508441E+000 6.84179771038384E+000
15.6882343 6.21121296257663E+000 6.73132571658813E+000
15.7880763 6.11438867744943E+000 6.62325708505860E+000
15.8879183 6.01959884819478E+000 6.51752821429125E+000
15.9877640 5.92678635360210E+000 6.41407162477300E+000
16.0876115 5.83590120439737E+000 6.31282797504989E+000
16.1874608 5.74689321158237E+000 6.21373787353643E+000
16.2873119 5.65971375414303E+000 6.11674384220265E+000
16.3871628 5.57431733415942E+000 6.02179203672681E+000
16.4870172 5.49065504091751E+000 5.92882497245407E+000
16.5868734 5.40868427018631E+000 5.83779232356916E+000
16.6867312 5.32836212568216E+000 5.74864357800171E+000
16.7865905 5.24964701652960E+000 5.66132980741542E+000
16.8864496 5.17250006779775E+000 5.57580522387451E+000
16.9863121 5.09687922016771E+000 5.49202063351185E+000
17.0861762 5.02274801510974E+000 5.40993316972643E+000
17.1860417 4.95006963904768E+000 5.32949968406141E+000
17.2859087 4.87880837037990E+000 5.25067834550951E+000
17.3857753 4.80893086161521E+000 5.17343005231627E+000
17.4856452 4.74040079828403E+000 5.09771252342274E+000
17.5855166 4.67318686012517E+000 5.02348909468091E+000
17.6853893 4.60725733070524E+000 4.95072275467480E+000
17.7852633 4.54258141115769E+000 4.87937759322597E+000
17.8851368 4.47913038802679E+000 4.80942008455211E+000
17.9850136 4.41687278595151E+000 4.74081373970755E+000
18.0848916 4.35578159974033E+000 4.67352707650275E+000
18.1847709 4.29582940317510E+000 4.60752822255461E+000
18.2846515 4.23698954436895E+000 4.54278623021411E+000
18.3845314 4.17923721164980E+000 4.47927224522841E+000
18.4844144 4.12254502361624E+000 4.41695465434578E+000
18.5842986 4.06688961414666E+000 4.35580632427473E+000
18.6841841 4.01224718330116E+000 4.29579970532754E+000
18.7840706 3.95859458727180E+000 4.23690802772359E+000
18.8839565 3.90591031310635E+000 4.17910636812093E+000
18.9838453 3.85417045736080E+000 4.12236723570081E+000
19.0837353 3.80335473523510E+000 4.06666716257651E+000
19.1836263 3.75344242420875E+000 4.01198225065686E+000
19.2835185 3.70441335990797E+000 3.95828926234270E+000
19.3834098 3.65624882914953E+000 3.90556659575763E+000
19.4833041 3.60892789485454E+000 3.85379026031337E+000
19.5831994 3.56243289128694E+000 3.80293989005054E+000
19.6830957 3.51674571758025E+000 3.75299468413195E+000
19.7829930 3.47184874943225E+000 3.70393440329305E+000
19.8828894 3.42772565880724E+000 3.65574026327607E+000
19.9827887 3.38435804823767E+000 3.60839125736402E+000
20.0826889 3.34173048628769E+000 3.56186965486189E+000
20.1825901 3.29982711366022E+000 3.51615729219845E+000
20.2824922 3.25863247941375E+000 3.47123648507072E+000
20.3823934 3.21813229467336E+000 3.42709084844062E+000
20.4822973 3.17831034409825E+000 3.38370192902373E+000
20.5822022 3.13915310897581E+000 3.34105424321961E+000
20.6821079 3.10064665330863E+000 3.29913188136895E+000
20.7820145 3.06277739220052E+000 3.25791934431132E+000
20.8819201 3.02553278606941E+000 3.21740229731187E+000
20.9818284 2.98889850103510E+000 3.17756448017058E+000
21.0817375 2.95286266128572E+000 3.13839233215753E+000
21.1816475 2.91741298657129E+000 3.09987187671146E+000
21.2815583 2.88253749950028E+000 3.06198949007800E+000
21.3814680 2.84822516600321E+000 3.02473259567382E+000
21.4813803 2.81446327980610E+000 2.98808682348098E+000
21.5812935 2.78124138074991E+000 2.95204026375031E+000
21.6812074 2.74854861857131E+000 2.91658060347691E+000
21.7811221 2.71637440506760E+000 2.88169583387685E+000
21.8810357 2.68470900591086E+000 2.84737489094940E+000
21.9809519 2.65354112731004E+000 2.81360503925001E+000
22.0808688 2.62286153267888E+000 2.78037579114020E+000
22.1807864 2.59266061055915E+000 2.74767626984796E+000
22.2807048 2.56292897693048E+000 2.71549586175405E+000
22.3806219 2.53365802290915E+000 2.68382480826213E+000
22.4805416 2.50483768423906E+000 2.65265179199522E+000
22.5804621 2.47645978499232E+000 2.62196755406728E+000
22.6803832 2.44851579005879E+000 2.59176246152461E+000
22.7803050 2.42099736228530E+000 2.56202710972969E+000
22.8802255 2.39389687009803E+000 2.53275287008149E+000
22.9801486 2.36720532266114E+000 2.50392965922862E+000
23.0800723 2.34091546607053E+000 2.47554928311144E+000
23.1799967 2.31501970305945E+000 2.44760318916081E+000
23.2799217 2.28951060913431E+000 2.42008302347308E+000
23.3798454 2.26438140372620E+000 2.39298113842622E+000
23.4797716 2.23962403576701E+000 2.36628852771065E+000
23.5796984 2.21523205502843E+000 2.33999792265487E+000
23.6796259 2.19119868362788E+000 2.31410171179275E+000
23.7795539 2.16751729487629E+000 2.28859245700451E+000
23.8794806 2.14418185118322E+000 2.26346336463985E+000
23.9794098 2.12118512646627E+000 2.23870637108540E+000
24.0793395 2.09852137283469E+000 2.21431501406885E+000
24.1792698 2.07618453016574E+000 2.19028250414778E+000
24.2792007 2.05416867098383E+000 2.16660220353820E+000
24.3791302 2.03246840800853E+000 2.14326806397378E+000
24.4790621 2.01107724126921E+000 2.12027284920079E+000
24.5789946 1.98999003818477E+000 2.09761080149484E+000
24.6789277 1.96920136895434E+000 2.07527585131626E+000
24.7788612 1.94870592043892E+000 2.05326206215043E+000
24.8787934 1.92849887594624E+000 2.03156403799636E+000
24.9787279 1.90857437619888E+000 2.01017527064075E+000
25.0786630 1.88892782897604E+000 1.98909061946733E+000
25.1785986 1.86955435935388E+000 1.96830464700195E+000
25.2785347 1.85044919525446E+000 1.94781203274023E+000
25.3784693 1.83160802180052E+000 1.92760795286249E+000
25.4784064 1.81302554640648E+000 1.90768654141866E+000
25.5783439 1.79469765248924E+000 1.88804319961938E+000
25.6782819 1.77661995472791E+000 1.86867304628936E+000
25.7782204 1.75878815867472E+000 1.84957130335058E+000
25.8781574 1.74119839178147E+000 1.83073365009917E+000
25.9780968 1.72384586387089E+000 1.81215478855722E+000
26.0780366 1.70672687795996E+000 1.79383059677157E+000
26.1779769 1.68983748170795E+000 1.77575668433145E+000
26.2779176 1.67317380324510E+000 1.75792875190486E+000
26.3778568 1.65673236076768E+000 1.74034292218115E+000
26.4777984 1.64050881051918E+000 1.72299440063642E+000
26.5777404 1.62449982647603E+000 1.70587948589874E+000
26.6776829 1.60870184003514E+000 1.68899422148814E+000
26.7776257 1.59311135400445E+000 1.67233473156406E+000
26.8775671 1.57772523248133E+000 1.65589753043242E+000
26.9775108 1.56253952924500E+000 1.63967827084519E+000
27.0774549 1.54755124690856E+000 1.62367362319453E+000
27.1773994 1.53275715767760E+000 1.60788001551720E+000
27.2773442 1.51815409725897E+000 1.59229394739915E+000
27.3772876 1.50373923657510E+000 1.57691227976324E+000
27.4772333 1.48950898415361E+000 1.56173106359711E+000
27.5771793 1.47546063433211E+000 1.54674729859043E+000
27.6771257 1.46159126261165E+000 1.53195775422794E+000
27.7770725 1.44789800107283E+000 1.51735926360908E+000
27.8770178 1.43437829333446E+000 1.50294899507017E+000
27.9769653 1.42102886513415E+000 1.48872335492056E+000
28.0769132 1.40784727026770E+000 1.47467963511783E+000
28.1768615 1.39483085467605E+000 1.46081490896732E+000
28.2768101 1.38197701480921E+000 1.44712630644718E+000
28.3767572 1.36928343710811E+000 1.43361126907417E+000
28.4767065 1.35674713151223E+000 1.42026652083751E+000
28.5766562 1.34436588300843E+000 1.40708961360026E+000
28.6766062 1.33213727913789E+000 1.39407789153935E+000
28.7765565 1.32005895261529E+000 1.38122874941743E+000
28.8765053 1.30812880649750E+000 1.36853987197212E+000
28.9764563 1.29634410583726E+000 1.35600826777950E+000
29.0764077 1.28470284199646E+000 1.34363172026225E+000
29.1763593 1.27320281874780E+000 1.33140781555256E+000
29.2763113 1.26184188033813E+000 1.31933418501919E+000
29.3762617 1.25061812340386E+000 1.30740873034428E+000
29.4762144 1.23952904242194E+000 1.29562871553262E+000
29.5761673 1.22857281329825E+000 1.28399213068569E+000
29.6761206 1.21774743367541E+000 1.27249677845925E+000
29.7760741 1.20705093752286E+000 1.26114050203512E+000
29.8760261 1.19648159476576E+000 1.24992139694588E+000
29.9759803 1.18603710657173E+000 1.23883695687879E+000
30.0759347 1.17571581414734E+000 1.22788535672980E+000
30.1758895 1.16551588925483E+000 1.21706459326484E+000
30.2758445 1.15543553631579E+000 1.20637269961929E+000
30.3757980 1.14547318063701E+000 1.19580794483793E+000
30.4757536 1.13562670991836E+000 1.18536802950979E+000
30.5757095 1.12589461367232E+000 1.17505129403815E+000
30.6756657 1.11627522030286E+000 1.16485590950602E+000
30.7756221 1.10676688762412E+000 1.15478007969084E+000
30.8755770 1.09736818049116E+000 1.14482222920320E+000
30.9755340 1.08807715522652E+000 1.13498024533678E+000
31.0754913 1.07889243461150E+000 1.12525261697104E+000
31.1754469 1.06981266039193E+000 1.11563785431868E+000
31.2754067 1.06083581205585E+000 1.10613376772855E+000
31.3753629 1.05196109656919E+000 1.09673946848839E+000
31.4753231 1.04318638432687E+000 1.08745265421986E+000
31.5752798 1.03451091728841E+000 1.07827247553968E+000
31.6752368 1.02593295584056E+000 1.06919704539905E+000
31.7751978 1.01745079921077E+000 1.06022451928303E+000
31.8751552 1.00906373893309E+000 1.05135410349017E+000
31.9751168 1.00076980247568E+000 1.04258366842758E+000
32.0750747 9.92568312588216E-001 1.03391245543348E+000
32.1750329 9.84457663256658E-001 1.02533872478338E+000
32.2749952 9.76436284006400E-001 1.01686077560916E+000
32.3749539 9.68503541833749E-001 1.00847789888684E+000
32.4749166 9.60657607308751E-001 1.00018812218447E+000
32.5748758 9.52897875303497E-001 9.91990767732122E-001
32.6748352 9.45222861227094E-001 9.83884229489091E-001
32.7747986 9.37631113055775E-001 9.75866936966093E-001
32.8747585 9.30122065194851E-001 9.67938256692635E-001
32.9747223 9.22694018783697E-001 9.60096359408130E-001
33.0746827 9.15346433146652E-001 9.52340639550019E-001
33.1746432 9.08077934212443E-001 9.44669612568576E-001
33.2746078 9.00887177796287E-001 9.37081826490160E-001
33.3745687 8.93773658579933E-001 9.29576715329520E-001
33.4745337 8.86735797011173E-001 9.22152580449836E-001
33.5744951 8.79773110069444E-001 9.14808880811749E-001
33.6744568 8.72884324423000E-001 9.07544242439187E-001
33.7744224 8.66068194205003E-001 9.00357321249015E-001
33.8743844 8.59324268047666E-001 8.93247611596125E-001
33.9743505 8.52651075572297E-001 8.86213534194175E-001
34.0743130 8.46048185381643E-001 8.79254605718188E-001
34.1742756 8.39514416096945E-001 8.72369552974229E-001
34.2742423 8.33048611613327E-001 8.65557130237685E-001
34.3742054 8.26650368895281E-001 8.58816885867145E-001
34.4741725 8.20318317601597E-001 8.52147349781647E-001
34.5741359 8.14052072598622E-001 8.45548090329079E-001
34.6740996 8.07850536554321E-001 8.39017926301680E-001
34.7740673 8.01712635425046E-001 8.32555701768312E-001
34.8740313 7.95638009511504E-001 8.26161013464338E-001
34.9739994 7.89625380261586E-001 8.19832491369778E-001
35.0739638 7.83674404036595E-001 8.13569750137527E-001
35.1739284 7.77784060426224E-001 8.07371692631958E-001
35.2738971 7.71953350506591E-001 8.01237245007217E-001
35.3738621 7.66181953466216E-001 7.95166047372070E-001
35.4738310 7.60468675083847E-001 7.89156821512255E-001
35.5737964 7.54813208967765E-001 7.83209223610234E-001
35.6737620 7.49214605198936E-001 7.77322233471109E-001
35.7737315 7.43671933706971E-001 7.71494852386707E-001
35.8736974 7.38184908602629E-001 7.65726759384668E-001
35.9736673 7.32752413241829E-001 7.60016760592598E-001
36.0736335 7.27374174691131E-001 7.54364549468837E-001
36.1735999 7.22049307710797E-001 7.48769176323502E-001
36.2735704 7.16776945419054E-001 7.43229711314777E-001
36.3735371 7.11556833309625E-001 7.37745868418476E-001
36.4735079 7.06387926191148E-001 7.32316531345806E-001
36.5734750 7.01269981205526E-001 7.26941427037521E-001
36.6734423 6.96202172531943E-001 7.21619670492452E-001
36.7734135 6.91183691348870E-001 7.16350395066119E-001
36.8733811 6.86214311370654E-001 7.11133346138949E-001
36.9733527 6.81293053297067E-001 7.05967478877580E-001
37.0733206 6.76419701321367E-001 7.00852550318233E-001
37.1732887 6.71593484274023E-001 6.95787734884556E-001
37.2732608 6.66813646744758E-001 6.90772223997653E-001
37.3732292 6.62079987839926E-001 6.85805791276622E-001
37.4732015 6.57391589093117E-001 6.80887457778941E-001
37.5731702 6.52748259042949E-001 6.76017007608966E-001
37.6731391 6.48149276844353E-001 6.71193669844646E-001
37.7731119 6.43593936278272E-001 6.66416689320922E-001
37.8730811 6.39082059310321E-001 6.61685865063927E-001
37.9730543 6.34612783703063E-001 6.57000278962265E-001
38.0730237 6.30185939916534E-001 6.52359739479610E-001
38.1729934 6.25800853498249E-001 6.47763526019063E-001
38.2729669 6.21456863584768E-001 6.43210932607141E-001
38.3729369 6.17153812730871E-001 6.38701781141740E-001
38.4729107 6.12890890729805E-001 6.34235209735823E-001
38.5728809 6.08667947789605E-001 6.29811048786089E-001
38.6728513 6.04484352272859E-001 6.25428624087033E-001
38.7728256 6.00339485181132E-001 6.21087275019357E-001
38.8727962 5.96233207621722E-001 6.16786844080496E-001
38.9727708 5.92164757586126E-001 6.12526521407984E-001
39.0727417 5.88134003079735E-001 6.08306157156147E-001
39.1727127 5.84140352021083E-001 6.04125119931863E-001
39.2726877 5.80183224096190E-001 5.99982790977980E-001
39.3726590 5.76262497135968E-001 5.95879031353044E-001
39.4726343 5.72377453827397E-001 5.91813079385560E-001
39.5726059 5.68527978220930E-001 5.87784803035183E-001
39.6725776 5.64713514818391E-001 5.83793610460863E-001
39.7725533 5.60933519088716E-001 5.79838921585905E-001
39.8725252 5.57187883942633E-001 5.75920614199583E-001
39.9725012 5.53475933557313E-001 5.72037971317720E-001
40.0724734 5.49797566452765E-001 5.68190876951609E-001
40.1724458 5.46152260999543E-001 5.64378775838698E-001
40.2724221 5.42539505799397E-001 5.60601123680333E-001
40.3723947 5.38959207364168E-001 5.56857813351466E-001
40.4723712 5.35410728424702E-001 5.53148169349285E-001
40.5723441 5.31893980552838E-001 5.49472090160068E-001
40.6723171 5.28408473506117E-001 5.45829054384480E-001
40.7722940 5.24953726595873E-001 5.42218550851136E-001
40.8722673 5.21529658603787E-001 5.38640486040919E-001
40.9722444 5.18135668121033E-001 5.35094222995409E-001
41.0722179 5.14771678494494E-001 5.31579673257161E-001
41.1721915 5.11437228597261E-001 5.28096346807790E-001
41.2721690 5.08131866231984E-001 5.24643763179446E-001
41.3721428 5.04855521250708E-001 5.21221841126799E-001
41.4721206 5.01607625631851E-001 5.17829979542163E-001
41.5720946 4.98388113346611E-001 5.14468101746778E-001
41.6720688 4.95196550302387E-001 5.11135746831383E-001
41.7720469 4.92032510760278E-001 5.07832462813039E-001
41.8720213 4.88895934561152E-001 5.04558179519995E-001
41.9719996 4.85786284797374E-001 5.01312329222041E-001
42.0719743 4.82703505026569E-001 4.98094845867691E-001
42.1719490 4.79647186281419E-001 4.94905295575306E-001
42.2719276 4.76616927416522E-001 4.91743252813746E-001
42.3719026 4.73612677285671E-001 4.88608657402693E-001
42.4718815 4.70633928003300E-001 4.85500972716040E-001
42.5718566 4.67680631776694E-001 4.82420142291124E-001
42.6718319 4.64752403010922E-001 4.79365757364740E-001
42.7718111 4.61848863441383E-001 4.76337416992447E-001
42.8717866 4.58969970053628E-001 4.73335070008959E-001
42.9717660 4.56115242057212E-001 4.70358208800404E-001
43.0717417 4.53284639463020E-001 4.67406785555705E-001
43.1717175 4.50477798437325E-001 4.64480414877115E-001
43.2716972 4.47694362021838E-001 4.61578718694126E-001
43.3716732 4.44934294537718E-001 4.58701653974891E-001
43.4716531 4.42197140512819E-001 4.55848740190908E-001
43.5716293 4.39482866997009E-001 4.53019937336240E-001
43.6716056 4.36791130435339E-001 4.50214881767391E-001
43.7715858 4.34121593726957E-001 4.47433216713294E-001
43.8715623 4.31474227808857E-001 4.44674906479050E-001
43.9715428 4.28848600887167E-001 4.41939495844832E-001
44.0715195 4.26244686359307E-001 4.39226951844902E-001
44.1714963 4.23662159583814E-001 4.36536931107636E-001
44.2714770 4.21100701982683E-001 4.33869096712570E-001
44.3714539 4.18560290457640E-001 4.31223419581693E-001
44.4714348 4.16040515377852E-001 4.28599468164006E-001
44.5714120 4.13541355862695E-001 4.25997215842278E-001
44.6713893 4.11062504925562E-001 4.23416338151536E-001
44.7713704 4.08603661280798E-001 4.20856516687422E-001
44.8713479 4.06164807205560E-001 4.18317728337471E-001
44.9713293 4.03745553830784E-001 4.15799563704489E-001
45.0713069 4.01345885431462E-001 4.13302001893933E-001
45.1712846 3.98965511514463E-001 4.10824736088975E-001
45.2712662 3.96604146950886E-001 4.08367465170974E-001
45.3712441 3.94261778859681E-001 4.05930171403522E-001
45.4712259 3.91938037836470E-001 4.03512466142191E-001
45.5712040 3.89632912798916E-001 4.01114333648615E-001
45.6711822 3.87346128674715E-001 3.98735483592860E-001
45.7711643 3.85077415442762E-001 3.96375631006558E-001
45.8711426 3.82826764580335E-001 3.94034762995563E-001
45.9711248 3.80593824945995E-001 3.91712510371381E-001
46.0711034 3.78378589635282E-001 3.89408862038731E-001
46.1710820 3.76180798005141E-001 3.87123543082094E-001
46.2710644 3.74000194172440E-001 3.84856283634570E-001
46.3710432 3.71836773534588E-001 3.82607075160684E-001
46.4710259 3.69690202098687E-001 3.80375566726399E-001
46.5710048 3.67560476716796E-001 3.78161751414607E-001
46.6709838 3.65447350257663E-001 3.75965368732799E-001
46.7709667 3.63350580078697E-001 3.73786162945903E-001
46.8709459 3.61270165100103E-001 3.71624129438814E-001
46.9709290 3.59205787443207E-001 3.69478934417824E-001
47.0709083 3.57157447334481E-001 3.67350574722554E-001
47.1708877 3.55124910304872E-001 3.65238803366243E-001
47.2708710 3.53107946121163E-001 3.63143377848399E-001
47.3708506 3.51106556865941E-001 3.61064297076874E-001
47.4708341 3.49120439813965E-001 3.59001243364257E-001
47.5708138 3.47149598219451E-001 3.56954216924708E-001
47.6707936 3.45193809488122E-001 3.54922983427813E-001
47.7707773 3.43252855025689E-001 3.52907312776685E-001
47.8707573 3.41326739750089E-001 3.50907207041654E-001
47.9707411 3.39415175196249E-001 3.48922363681092E-001
48.0707212 3.37518167331547E-001 3.46952785936985E-001
48.1707014 3.35635504706060E-001 3.44998251348032E-001
48.2706855 3.33766979649673E-001 3.43058541450702E-001
48.3706658 3.31912599618845E-001 3.41133661150726E-001
48.4706500 3.30072089577521E-001 3.39223322159279E-001
48.5706305 3.28245457920673E-001 3.37327530431541E-001
48.6706110 3.26432503664643E-001 3.35446074645103E-001
48.7705955 3.24633029399871E-001 3.33578747255244E-001
48.8705762 3.22847044851843E-001 3.31725555706223E-001
48.9705608 3.21074287639549E-001 3.29886225131149E-001
49.0705416 3.19314768326261E-001 3.28060763912794E-001
49.1705225 3.17568295764581E-001 3.26248971189760E-001
49.2705073 3.15834682188862E-001 3.24450649672706E-001
49.3704883 3.14113939348900E-001 3.22665809074910E-001
49.4704733 3.12405816797414E-001 3.20894187177707E-001
49.5704545 3.10710327030508E-001 3.19135794532149E-001
49.6704357 3.09027288151242E-001 3.17390440108042E-001
49.7704208 3.07356521464453E-001 3.15657936254984E-001
49.8704022 3.05698040521978E-001 3.13938294710530E-001
49.9703875 3.04051606137521E-001 3.12231265183201E-001
50.0703690 3.02417232526133E-001 3.10536860156843E-001
50.1703506 3.00794746496231E-001 3.08854897846863E-001
50.2703361 2.99183977889468E-001 3.07185199668562E-001
50.3703178 2.97584941857826E-001 3.05527779161493E-001
50.4703034 2.95997409848067E-001 3.03882397288882E-001
50.5702853 2.94421397599895E-001 3.02249068253476E-001
50.6702672 2.92856740119459E-001 3.00627618971373E-001
50.7702530 2.91303275288210E-001 2.99017879390104E-001
50.8702350 2.89761019674853E-001 2.97419864649317E-001
50.9702209 2.88229754772680E-001 2.95833346339269E-001
51.0702031 2.86709497669538E-001 2.94258340187314E-001
51.1701853 2.85200091096237E-001 2.92694681302802E-001
51.2701714 2.83701380510790E-001 2.91142207668668E-001
51.3701538 2.82213383731988E-001 2.89600935841227E-001
51.4701400 2.80735891751393E-001 2.88070647451494E-001
51.5701225 2.79268922844634E-001 2.86551359574910E-001
51.6701050 2.77812327025994E-001 2.85042915041201E-001
51.7700914 2.76365956897988E-001 2.83545159405643E-001
51.8700741 2.74929831378098E-001 2.82058110474589E-001
51.9700606 2.73503750443310E-001 2.80581559371791E-001
52.0700434 2.72087733411342E-001 2.79115524360420E-001
52.1700263 2.70681637168207E-001 2.77659855549568E-001
52.2700130 2.69285321057650E-001 2.76214405634973E-001
52.3699959 2.67898804958309E-001 2.74779193521631E-001
52.4699827 2.66521897352529E-001 2.73354019313417E-001
52.5699658 2.65154618467767E-001 2.71938902315548E-001
52.6699489 2.63796831677230E-001 2.70533699504910E-001
52.7699359 2.62448402689229E-001 2.69138270314603E-001
52.8699192 2.61109352218631E-001 2.67752634610742E-001
52.9699063 2.59779496803449E-001 2.66376600997481E-001
53.0698897 2.58458857460663E-001 2.65010189689739E-001
53.1698731 2.57147303691304E-001 2.63653264147832E-001
53.2698603 2.55844707216199E-001 2.62305690165722E-001
53.3698439 2.54551089472978E-001 2.60967488445720E-001
53.4698313 2.53266274633804E-001 2.59638475642789E-001
53.5698149 2.51990284396011E-001 2.58318672761343E-001
53.6697986 2.50722994052365E-001 2.57007949385915E-001
53.7697861 2.49464281006950E-001 2.55706177319444E-001
53.8697699 2.48214167317125E-001 2.54413377986979E-001
53.9697576 2.46972484393836E-001 2.53129375672983E-001
54.0697415 2.45739254515642E-001 2.51854192062201E-001
54.1697254 2.44514358452540E-001 2.50587702527458E-001
54.2697133 2.43297678983711E-001 2.49329784551559E-001
54.3696973 2.42089238692712E-001 2.48080460179269E-001
54.4696852 2.40888875858186E-001 2.46839560929381E-001
54.5696694 2.39696613249948E-001 2.45607109067857E-001
54.6696536 2.38512336820712E-001 2.44382985441456E-001
54.7696417 2.37335934436165E-001 2.43167072904840E-001
54.8696260 2.36167429121187E-001 2.41959394028968E-001
54.9696142 2.35006665673600E-001 2.40759787196071E-001
55.0695986 2.33853667272841E-001 2.39568275163366E-001
55.1695831 2.32708324778382E-001 2.38384743957177E-001
55.2695714 2.31570530871974E-001 2.37209081515577E-001
55.3695560 2.30440308942830E-001 2.36041310850853E-001
55.4695444 2.29317509980429E-001 2.34881276860340E-001
55.5695291 2.28202157499791E-001 2.33729002710886E-001
55.6695138 2.27094147008405E-001 2.32584379332560E-001
55.7695023 2.25993375750500E-001 2.31447299476540E-001
55.8694872 2.24899867409820E-001 2.30317786519463E-001
55.9694758 2.23813478859510E-001 2.29195691546419E-001
56.0694607 2.22734233883069E-001 2.28081038059863E-001
56.1694457 2.21662032393254E-001 2.26973721635000E-001
56.2694345 2.20596775958840E-001 2.25873639582657E-001
56.3694196 2.19538488494854E-001 2.24780815574025E-001
56.4694085 2.18487032468318E-001 2.23695106574135E-001
56.5693936 2.17442431870418E-001 2.22616536353949E-001
56.6693788 2.16404590791301E-001 2.21545004891189E-001
56.7693678 2.15373414900910E-001 2.20480413818523E-001
56.8693531 2.14348928288284E-001 2.19422787038463E-001
56.9693423 2.13330998741491E-001 2.18371987106347E-001
57.0693276 2.12319650404374E-001 2.17328038000864E-001
57.1693130 2.11314791330424E-001 2.16290843874498E-001
57.2693023 2.10316331080913E-001 2.15260310458498E-001
57.3692878 2.09324293867072E-001 2.14236461829437E-001
57.4692772 2.08338552541004E-001 2.13219165860282E-001
57.5692628 2.07359131349439E-001 2.12208446682434E-001
57.6692484 2.06385942108032E-001 2.11204212409204E-001
57.7692379 2.05418898072153E-001 2.10206372660701E-001
57.8692236 2.04458023528381E-001 2.09214951635748E-001
57.9692132 2.03503196150606E-001 2.08229822268078E-001
58.0691990 2.02554440243462E-001 2.07251008792038E-001
58.1691849 2.01611671195592E-001 2.06278423080703E-001
58.2691746 2.00674805770963E-001 2.05311978445918E-001
58.3691605 1.99743868289206E-001 2.04351699161922E-001
58.4691503 1.98818741017526E-001 2.03397462981105E-001
58.5691363 1.97899448277871E-001 2.02449294195792E-001
58.6691224 1.96985908853856E-001 2.01507108249747E-001
58.7691123 1.96078042843497E-001 2.00570821961158E-001
58.8690985 1.95175874561318E-001 1.99640459637386E-001
58.9690885 1.94279290652258E-001 1.98715903621151E-001
59.0690747 1.93388315418975E-001 1.97797178222163E-001
59.1690610 1.92502870872472E-001 1.96884202276970E-001
59.2690511 1.91622880280466E-001 1.95976895935649E-001
59.3690374 1.90748367918000E-001 1.95075283500538E-001
59.4690277 1.89879224604212E-001 1.94179251689228E-001
59.5690141 1.89015474589514E-001 1.93288824792224E-001
59.6690006 1.88157042954437E-001 1.92403924871364E-001
59.7689909 1.87303855981577E-001 1.91524475244368E-001
59.8689774 1.86455937875578E-001 1.90650500174182E-001
59.9689678 1.85613183437509E-001 1.89781890549855E-001
60.0689545 1.84775616835914E-001 1.88918670609740E-001
60.1689411 1.83943166072068E-001 1.88060765483198E-001
60.2689316 1.83115760297524E-001 1.87208101500858E-001
60.3689184 1.82293423618764E-001 1.86360702855365E-001
60.4689090 1.81476054637064E-001 1.85518464415076E-001
60.5688958 1.80663677412523E-001 1.84681410336575E-001
60.6688827 1.79856222726865E-001 1.83849468668052E-001
60.7688734 1.79053622462982E-001 1.83022568607210E-001
60.8688603 1.78255900604310E-001 1.82200734248635E-001
60.9688511 1.77462959380498E-001 1.81383864258381E-001
61.0688381 1.76674822719397E-001 1.80571982684693E-001
61.1688251 1.75891424050816E-001 1.79765020354378E-001
61.2688160 1.75112697859136E-001 1.78962909194677E-001
61.3688031 1.74338667982500E-001 1.78165673177243E-001
61.4687941 1.73569240116353E-001 1.77373214594095E-001
61.5687813 1.72804438035032E-001 1.76585557361343E-001
61.6687685 1.72044197691483E-001 1.75802634952128E-001
61.7687596 1.71288456049005E-001 1.75024381893462E-001
61.8687469 1.70537236780592E-001 1.74250822011816E-001
61.9687381 1.69790448893598E-001 1.73481861062704E-001
62.0687254 1.69048115989896E-001 1.72717522808840E-001
62.1687128 1.68310176427568E-001 1.71957743244827E-001
62.2687041 1.67576569533057E-001 1.71202459374949E-001
62.3686916 1.66847318796552E-001 1.70451694860649E-001
62.4686829 1.66122336391575E-001 1.69705358767145E-001
62.5686704 1.65401645730702E-001 1.68963474684809E-001
62.6686580 1.64685187465650E-001 1.68225981011779E-001
62.7686494 1.63972903176604E-001 1.67492817113908E-001
62.8686371 1.63264816155294E-001 1.66764006469959E-001
62.9686286 1.62560841603323E-001 1.66039461309206E-001
63.0686163 1.61861002729067E-001 1.65319205032851E-001
63.1686040 1.61165242372471E-001 1.64603178331136E-001
63.2685918 1.60473530574298E-001 1.63891349896979E-001
63.3685872 1.59785785325671E-001 1.63183634869881E-001
63.4685751 1.59102082128726E-001 1.62480110478991E-001
63.5685630 1.58422339191686E-001 1.61780692097284E-001
63.6685509 1.57746527600539E-001 1.61085349518206E-001
63.7685388 1.57074618695862E-001 1.60394052803202E-001
63.8685344 1.56406533249505E-001 1.59706719995261E-001
63.9685224 1.55742345037121E-001 1.59023426553916E-001
64.0685105 1.55081975032247E-001 1.58344090739104E-001
64.1684986 1.54425395567890E-001 1.57668683656792E-001
64.2684867 1.53772579218837E-001 1.56997176667359E-001
64.3684824 1.53123449419349E-001 1.56329490592660E-001
64.4684706 1.52478078261968E-001 1.55665699166877E-001
64.5684588 1.51836389368274E-001 1.55005723413410E-001
64.6684470 1.51198356255728E-001 1.54349535684399E-001
64.7684353 1.50563952671486E-001 1.53697108573595E-001
64.8684312 1.49933104599927E-001 1.53048365563480E-001
64.9684195 1.49305882492904E-001 1.52403378706224E-001
65.0684079 1.48682212508714E-001 1.51762071671492E-001
65.1683963 1.48062069290272E-001 1.51124417995072E-001
65.2683847 1.47445427698802E-001 1.50490391442288E-001
65.3683808 1.46832216162156E-001 1.49859918044027E-001
65.4683692 1.46222503532980E-001 1.49233068212836E-001
65.5683578 1.45616218400549E-001 1.48609768153395E-001
65.6683463 1.45013336477585E-001 1.47989992526176E-001
65.7683349 1.44413833684368E-001 1.47373716209809E-001
65.8683311 1.43817640790921E-001 1.46760867677015E-001
65.9683197 1.43224825091205E-001 1.46151515742165E-001
66.0683084 1.42635317505008E-001 1.45545589039285E-001
66.1682971 1.42049094762340E-001 1.44943063297920E-001
66.2682858 1.41466133790624E-001 1.44343914455032E-001
66.3682821 1.40886367605767E-001 1.43748073323936E-001
66.4682709 1.40309861982626E-001 1.43155607161324E-001
66.5682597 1.39736550075996E-001 1.42566446930166E-001
66.6682485 1.39166409583593E-001 1.41980569376595E-001
66.7682374 1.38599418390967E-001 1.41397951444025E-001
66.8682339 1.38035511668354E-001 1.40818526190143E-001
66.9682228 1.37474753710148E-001 1.40242359353512E-001
67.0682118 1.36917079815324E-001 1.39669384130604E-001
67.1682007 1.36362468602473E-001 1.39099578234592E-001
67.2681897 1.35810898868970E-001 1.38532919566354E-001
67.3681864 1.35262307852297E-001 1.37969343336460E-001
67.4681754 1.34716758404084E-001 1.37408913803952E-001
67.5681645 1.34174187881073E-001 1.36851566308039E-001
67.6681536 1.33634575778483E-001 1.36297279482135E-001
67.7681428 1.33097901761761E-001 1.35746032138311E-001
67.8681396 1.32564105052758E-001 1.35197761552991E-001
67.9681288 1.32033247097113E-001 1.34652530543369E-001
68.0681180 1.31505267227094E-001 1.34110276505040E-001
68.1681072 1.30980145772716E-001 1.33570978947433E-001
68.2680965 1.30457863226136E-001 1.33034617550092E-001
68.3680934 1.29938360714680E-001 1.32501131572477E-001
68.4680827 1.29421698313849E-001 1.31970582426678E-001
68.5680721 1.28907817253126E-001 1.31442909482485E-001
68.6680615 1.28396698657767E-001 1.30918093083548E-001
68.7680509 1.27888323807522E-001 1.30396113735541E-001
68.8680479 1.27382635660047E-001 1.29876912602121E-001
68.9680374 1.26879692955660E-001 1.29360549726101E-001
69.0680269 1.26379438746461E-001 1.28846966373212E-001
69.1680164 1.25881854915529E-001 1.28336143681790E-001
69.2680059 1.25386923493192E-001 1.27828062944553E-001
69.3680031 1.24894589195848E-001 1.27322667154257E-001
69.4679927 1.24404909462688E-001 1.26820015019371E-001
69.5679823 1.23917829097347E-001 1.26320049627018E-001
69.6679719 1.23433330705309E-001 1.25822752872825E-001
69.7679615 1.22951397032455E-001 1.25328106799567E-001
69.8679589 1.22471974485684E-001 1.24836056157561E-001
69.9679486 1.21995119236240E-001 1.24346658354958E-001
70.0679383 1.21520777771533E-001 1.23859858229243E-001
70.1679281 1.21048933385921E-001 1.23375638397943E-001
70.2679178 1.20579569507667E-001 1.22893981618882E-001
70.3679153 1.20112634169107E-001 1.22414834331744E-001
70.4679051 1.19648182305861E-001 1.21938252677525E-001
70.5678949 1.19186162024486E-001 1.21464183176353E-001
70.6678848 1.18726557276457E-001 1.20992609134144E-001
70.7678747 1.18269352141007E-001 1.20523513990630E-001
70.8678723 1.17814496213838E-001 1.20056845809837E-001
70.9678622 1.17362043226422E-001 1.19592659497906E-001
71.0678522 1.16911942842814E-001 1.19130903193026E-001
71.1678422 1.16464179641514E-001 1.18671560857769E-001
71.2678322 1.16018738322953E-001 1.18214616582377E-001
71.3678299 1.15575569986981E-001 1.17760019993199E-001
71.4678200 1.15134727191562E-001 1.17307824792969E-001
71.5678100 1.14696161099412E-001 1.16857980676330E-001
71.6678002 1.14259856887534E-001 1.16410472232439E-001
71.7677903 1.13825799849340E-001 1.15965284172299E-001
71.8677881 1.13393942532294E-001 1.15522367625399E-001
71.9677783 1.12964336350683E-001 1.15081775121689E-001
72.0677685 1.12536933909710E-001 1.14643457853468E-001
72.1677587 1.12111720957839E-001 1.14207401007977E-001
72.2677489 1.11688683354706E-001 1.13773589888782E-001
72.3677468 1.11267775041398E-001 1.13341977072017E-001
72.4677371 1.10849046317568E-001 1.12912613944656E-001
72.5677275 1.10432451177251E-001 1.12485453140522E-001
72.6677178 1.10017975914724E-001 1.12060480417913E-001
72.7677082 1.09605606930463E-001 1.11637681646220E-001
72.8677062 1.09195299507611E-001 1.11217010794270E-001
72.9676966 1.08787102859438E-001 1.10798518135083E-001
73.0676870 1.08380972317562E-001 1.10382157690388E-001
73.1676774 1.07976894697729E-001 1.09967915763910E-001
73.2676679 1.07574856917170E-001 1.09555778765498E-001
73.3676660 1.07174815551803E-001 1.09145702005139E-001
73.4676565 1.06776818756014E-001 1.08737734670136E-001
73.5676471 1.06380823150014E-001 1.08331832118904E-001
73.6676376 1.05986816047918E-001 1.07927981176271E-001
73.7676282 1.05594784860846E-001 1.07526168768476E-001
73.8676264 1.05204687410381E-001 1.07126351497418E-001
73.9676171 1.04816570818783E-001 1.06728577492161E-001
74.0676077 1.04430392948019E-001 1.06332803398855E-001
74.1675984 1.04046141588636E-001 1.05939016540344E-001
74.2675890 1.03663804623934E-001 1.05547204336405E-001
74.3675874 1.03283341076109E-001 1.05157324633777E-001
74.4675781 1.02904797061328E-001 1.04769424530020E-001
74.5675688 1.02528131638520E-001 1.04383461912215E-001
74.6675596 1.02153333053829E-001 1.03999424579300E-001
74.7675504 1.01780389642108E-001 1.03617300422900E-001
74.8675488 1.01409261583077E-001 1.03237048489567E-001
74.9675396 1.01039994012130E-001 1.02858714871376E-001
75.0675305 1.00672547142308E-001 1.02482258651578E-001
75.1675213 1.00306909655552E-001 1.02107668084382E-001
75.2675122 9.99430703186715E-002 1.01734931512648E-001
75.3675108 9.95809904276732E-002 1.01364009139683E-001
75.4675017 9.92207141618136E-002 1.00994946077381E-001
75.5674926 9.88622028472330E-002 1.00627702562337E-001
75.6674836 9.85054455828518E-002 1.00262267284251E-001
75.7674746 9.81504315488094E-002 9.98986290176315E-002
75.8674732 9.77971231179255E-002 9.95367490813353E-002
75.9674642 9.74455635372826E-002 9.91766716316905E-002
76.0674553 9.70957152068584E-002 9.88183580176559E-002
76.1674463 9.67475676246607E-002 9.84617973456152E-002
76.2674374 9.64011103664451E-002 9.81069788031132E-002
76.3674361 9.60563068440501E-002 9.77538647851084E-002
76.4674273 9.57131993956922E-002 9.74024985163125E-002
76.5674184 9.53717514575867E-002 9.70528424188119E-002
76.6674096 9.50319529098128E-002 9.67048859977952E-002
76.7674007 9.46937937068940E-002 9.63586188361427E-002
76.8673996 9.43572382634863E-002 9.60140043671460E-002
76.9673908 9.40223280316100E-002 9.56710849071930E-002
77.0673820 9.36890274477013E-002 9.53298239139245E-002
77.1673732 9.33573267577198E-002 9.49902112743289E-002
77.2673645 9.30272162789271E-002 9.46522369497862E-002
77.3673634 9.26986613941109E-002 9.43158653757453E-002
77.4673547 9.23717026911452E-002 9.39811379829246E-002
77.5673461 9.20463055721726E-002 9.36480192285271E-002
77.6673374 9.17224606336257E-002 9.33164993651626E-002
77.7673288 9.14001585402469E-002 9.29865687166919E-002
77.8673278 9.10793656097117E-002 9.26581926860589E-002
77.9673192 9.07601215871929E-002 9.23314118403480E-002
78.0673106 9.04423928074573E-002 9.20061916018346E-002
78.1673020 9.01261702027412E-002 9.16825225733522E-002
78.2672935 8.98114447707425E-002 9.13603954259965E-002
78.3672925 8.94981837321528E-002 9.10397764969857E-002
78.4672840 8.91864260103016E-002 9.07207055112015E-002
78.5672755 8.88761388408583E-002 9.04031488229314E-002
78.6672671 8.85673134778942E-002 9.00870973705747E-002
78.7672586 8.82599412382295E-002 8.97725421579465E-002
78.8672578 8.79539902150062E-002 8.94594504246899E-002
78.9672493 8.76494985299961E-002 8.91478610743275E-002
79.0672409 8.73464342893472E-002 8.88377413614599E-002
79.1672325 8.70447890556595E-002 8.85290825460938E-002
79.2672242 8.67445544516967E-002 8.82218759509395E-002
79.3672234 8.64456994137301E-002 8.79160896875210E-002
79.4672151 8.61482612817030E-002 8.76117618582741E-002
79.5672068 8.58522090030533E-002 8.73088605877097E-002
79.6671985 8.55575344362298E-002 8.70073774441441E-002
79.7671902 8.52642294973818E-002 8.67073040560146E-002
79.8671895 8.49722639377739E-002 8.64086093774246E-002
79.9671813 8.46816743347096E-002 8.61113307294399E-002
80.0671730 8.43924304489037E-002 8.58154370773126E-002
80.1671648 8.41045244225692E-002 8.55209202849986E-002
80.2671566 8.38179484532701E-002 8.52277722741126E-002
80.3671560 8.35326730802576E-002 8.49359628132212E-002
80.4671478 8.32487341368578E-002 8.46455284611959E-002
80.5671397 8.29661021701727E-002 8.43564389960374E-002
80.6671315 8.26847695946559E-002 8.40686865652641E-002
80.7671234 8.24047288778728E-002 8.37822633717065E-002
80.8671229 8.21259513211309E-002 8.34971399714062E-002
80.9671148 8.18484720319309E-002 8.32133521796908E-002
81.0671067 8.15722623179404E-002 8.29308705604381E-002
81.1670987 8.12973148548642E-002 8.26496875332141E-002
81.2670906 8.10236223693834E-002 8.23697955706598E-002
81.3670902 8.07511568999585E-002 8.20911659903796E-002
81.4670822 8.04799528459195E-002 8.18138338822973E-002
81.5670742 8.02099822506980E-002 8.15377705703637E-002
81.6670662 7.99412380407669E-002 8.12629687352117E-002
81.7670583 7.96737131915371E-002 8.09894211084143E-002
81.8670579 7.94073804546980E-002 8.07170997442525E-002
81.9670500 7.91422735385813E-002 8.04460390248899E-002
82.0670421 7.88783651985542E-002 8.01762110095663E-002
82.1670342 7.86156486018538E-002 7.99076086295051E-002
82.2670263 7.83541169627093E-002 7.96402248648330E-002
82.3670260 7.80937437230500E-002 7.93740324826005E-002
82.4670182 7.78345619169126E-002 7.91090651743722E-002
82.5670103 7.75765449886997E-002 7.88452957108646E-002
82.6670025 7.73196863368637E-002 7.85827172638951E-002
82.7669947 7.70639794049916E-002 7.83213230522401E-002
82.8669945 7.68093983031548E-002 7.80610865327459E-002
82.9669867 7.65559754073427E-002 7.78020407230706E-002
83.0669790 7.63036848289803E-002 7.75441590825236E-002
83.1669712 7.60525201886175E-002 7.72874350139739E-002
83.2669635 7.58024751501659E-002 7.70318619653937E-002
83.3669634 7.55535244705936E-002 7.67774140613434E-002
83.4669556 7.53056998836473E-002 7.65241236618111E-002
83.5669479 7.50589761466075E-002 7.62719648927012E-002
83.6669403 7.48133470934147E-002 7.60209313788238E-002
83.7669326 7.45688065996768E-002 7.57710167883199E-002
83.8669326 7.43253300488264E-002 7.55221958922322E-002
83.9669249 7.40829485477431E-002 7.52745004086749E-002
84.0669173 7.38416374792040E-002 7.50279051089943E-002
84.1669097 7.36013908822225E-002 7.47824038312408E-002
84.2669021 7.33622028358602E-002 7.45379904551024E-002
84.3669022 7.31240493303590E-002 7.42946403776865E-002
84.4668946 7.28869608606892E-002 7.40523846905981E-002
84.5668870 7.26509134155386E-002 7.38111987902815E-002
84.6668795 7.24159012310449E-002 7.35710767197149E-002
84.7668720 7.21819185818472E-002 7.33320125618971E-002
84.8668721 7.19489420460843E-002 7.30939823203584E-002
84.9668646 7.17170015213690E-002 7.28570164751431E-002
85.0668571 7.14860735834529E-002 7.26210910282205E-002
85.1668496 7.12561526580007E-002 7.23862002195547E-002
85.2668422 7.10272332077000E-002 7.21523383275838E-002
85.3668424 7.07992923803844E-002 7.19194819433620E-002
85.4668349 7.05723594904674E-002 7.16876609499155E-002
85.5668275 7.03464116826231E-002 7.14568519359047E-002
85.6668201 7.01214435647801E-002 7.12270493306874E-002
85.7668127 6.98974497804759E-002 7.09982476006181E-002
85.8668130 6.96744080297158E-002 7.07704239060849E-002
85.9668056 6.94523470574898E-002 7.05436075472450E-002
86.0667983 6.92312445599282E-002 7.03177756813214E-002
86.1667909 6.90110953202778E-002 7.00929229198075E-002
86.2667836 6.87918941560418E-002 6.98690439097807E-002
86.3667839 6.85736193025234E-002 6.96461163634520E-002
86.4667766 6.83562989486938E-002 6.94241690118770E-002
86.5667694 6.81399113253190E-002 6.92031795633866E-002
86.6667621 6.79244513843200E-002 6.89831428046694E-002
86.7667548 6.77099141105806E-002 6.87640535566463E-002
86.8667552 6.74962782584494E-002 6.85458900664891E-002
86.9667480 6.72835714739224E-002 6.83286805095478E-002
87.0667408 6.70717725061992E-002 6.81124031284522E-002
87.1667336 6.68608764695185E-002 6.78970528784471E-002
87.2667264 6.66508785098434E-002 6.76826247477167E-002
87.3667268 6.64417578849102E-002 6.74690975021517E-002
87.4667197 6.62335417104337E-002 6.72564987744324E-002
87.5667125 6.60262092384362E-002 6.70448073252966E-002
87.6667054 6.58197557393904E-002 6.68340182721928E-002
87.7666983 6.56141765143084E-002 6.66241267642720E-002
87.8666988 6.54094513092258E-002 6.64151120704971E-002
87.9666917 6.52056067219298E-002 6.62070012935642E-002
88.0666846 6.50026224922211E-002 6.59997736967191E-002
88.1666775 6.48004940409832E-002 6.57934245535350E-002
88.2666705 6.45992168185039E-002 6.55879491681033E-002
88.3666710 6.43987710445750E-002 6.53833272973812E-002
88.4666640 6.41991828110795E-002 6.51795855264265E-002
88.5666570 6.40004323310952E-002 6.49767036059591E-002
88.6666500 6.38025151703398E-002 6.47746769598575E-002
88.7666429 6.36054269228495E-002 6.45735010413847E-002
88.8666436 6.34091482681511E-002 6.43731560809589E-002
88.9666366 6.32137048039263E-002 6.41736681580155E-002
89.0666296 6.30190772025477E-002 6.39750174962567E-002
89.1666227 6.28252611692274E-002 6.37771996642944E-002
89.2666157 6.26322524364553E-002 6.35802102590394E-002
89.3666164 6.24400321299727E-002 6.33840299703593E-002
89.4666095 6.22486253646518E-002 6.31886843837631E-002
89.5666026 6.20580132586758E-002 6.29941541819624E-002
89.6665957 6.18681916516354E-002 6.28004350729661E-002
89.7665889 6.16791564094023E-002 6.26075227920424E-002
89.8665896 6.14908890908913E-002 6.24153984749969E-002
89.9665828 6.13034143392547E-002 6.22240872247967E-002
90.0665759 6.11167137054787E-002 6.20335701696876E-002
90.1665691 6.09307831586316E-002 6.18438431519640E-002
90.2665622 6.07456186931066E-002 6.16549020401827E-002
90.3665631 6.05612022884106E-002 6.14667284030554E-002
90.4665563 6.03775581267717E-002 6.12793468720897E-002
90.5665495 6.01946681794303E-002 6.10927390080676E-002
90.6665427 6.00125285402341E-002 6.09069007826706E-002
90.7665359 5.98311353274398E-002 6.07218281928881E-002
90.8665368 5.96504709290060E-002 6.05375032277645E-002
90.9665301 5.94705590767476E-002 6.03539500581375E-002
91.0665233 5.92913821500480E-002 6.01711506647840E-002
91.1665166 5.91129363630315E-002 5.99891011440788E-002
91.2665099 5.89352179533530E-002 5.98077976167887E-002
91.3665108 5.87582097057043E-002 5.96272224801586E-002
91.4665041 5.85819349117217E-002 5.94473994548607E-002
91.5664975 5.84063763472419E-002 5.92683109295646E-002
91.6664908 5.82315303423476E-002 5.90899531208380E-002
91.7664842 5.80573932498103E-002 5.89123222687631E-002
91.8664851 5.78839482397427E-002 5.87354011670752E-002
91.9664785 5.77112181735678E-002 5.85592130965091E-002
92.0664719 5.75391862122898E-002 5.83837408419449E-002
92.1664653 5.73678487978088E-002 5.82089807358285E-002
92.2664587 5.71972023939060E-002 5.80349291332789E-002
92.3664597 5.70272305451921E-002 5.78615692132171E-002
92.4664531 5.68579556925811E-002 5.76889238263996E-002
92.5664466 5.66893613713463E-002 5.75169761426389E-002
92.6664400 5.65214441312328E-002 5.73457226061209E-002
92.7664335 5.63542005430921E-002 5.71751596828978E-002
92.8664346 5.61876145154833E-002 5.70052709261604E-002
92.9664281 5.60217080782626E-002 5.68360787663855E-002
93.0664215 5.58564651304456E-002 5.66675667474269E-002
93.1664150 5.56918823258113E-002 5.64997314212410E-002
93.2664086 5.55279563385015E-002 5.63325693608766E-002
93.3664097 5.53646714308322E-002 5.61660644832514E-002
93.4664032 5.52020492308075E-002 5.60002388080083E-002
93.5663968 5.50400739910157E-002 5.58350762425225E-002
93.6663903 5.48787424656121E-002 5.56705734427129E-002
93.7663839 5.47180514284007E-002 5.55067270848468E-002
93.8663851 5.45579854856083E-002 5.53435214393852E-002
93.9663787 5.43985658723525E-002 5.51809781243367E-002
94.0663723 5.42397771849681E-002 5.50190814004350E-002
94.1663659 5.40816162744756E-002 5.48578280239061E-002
94.2663595 5.39240800108592E-002 5.46972147706116E-002
94.3663607 5.37671533347403E-002 5.45372262547151E-002
94.4663544 5.36108570970841E-002 5.43778837015513E-002
94.5663480 5.34551762284748E-002 5.42191717153929E-002
94.6663417 5.33001076734276E-002 5.40610871492649E-002
94.7663353 5.31456483947632E-002 5.39036268751426E-002
94.8663366 5.29917836582994E-002 5.37467758413832E-002
94.9663303 5.28385339393577E-002 5.35905548893761E-002
95.0663240 5.26858844935915E-002 5.34349489574425E-002
95.1663177 5.25338323557733E-002 5.32799549920374E-002
95.2663114 5.23823745783495E-002 5.31255699579096E-002
95.3663128 5.22314967434420E-002 5.29717791284172E-002
95.4663065 5.20812189590177E-002 5.28186029695079E-002
95.5663002 5.19315267969233E-002 5.26660267443772E-002
95.6662940 5.17824173790795E-002 5.25140474896758E-002
95.7662878 5.16338878444744E-002 5.23626622597166E-002
95.8662892 5.14859240829346E-002 5.22118566439726E-002
95.9662829 5.13385458431493E-002 5.20616507412339E-002
96.0662767 5.11917390045750E-002 5.19120301307002E-002
96.1662705 5.10455007732937E-002 5.17629919361110E-002
96.2662643 5.08998283718718E-002 5.16145332982614E-002
96.3662658 5.07547079895244E-002 5.14666401141459E-002
96.4662596 5.06101590235324E-002 5.13193321234689E-002
96.5662535 5.04661676526600E-002 5.11725952128565E-002
96.6662473 5.03227311642809E-002 5.10264265901522E-002
96.7662412 5.01798468616918E-002 5.08808234796721E-002
96.8662427 5.00375012254511E-002 5.07357720776212E-002
96.9662365 4.98957133091011E-002 5.05912917724834E-002
97.0662304 4.97544695826817E-002 5.04473687500143E-002
97.1662243 4.96137674120993E-002 5.03040002992935E-002
97.2662182 4.94736041786453E-002 5.01611837253131E-002
97.3662198 4.93339666464362E-002 5.00189055154479E-002
97.4662137 4.91948735327502E-002 4.98771847146263E-002
97.5662076 4.90563115911314E-002 4.97360077997071E-002
97.6662016 4.89182782633676E-002 4.95953721382493E-002
97.7661955 4.87807710061133E-002 4.94552751131862E-002
97.8661971 4.86437768595107E-002 4.93157034952835E-002
97.9661911 4.85073142118585E-002 4.91766759933840E-002
98.0661851 4.83713700926835E-002 4.90381793676827E-002
98.1661791 4.82359420171052E-002 4.89002110615686E-002
98.2661730 4.81010275146124E-002 4.87627685332873E-002
98.3661747 4.79666138940812E-002 4.86258388294673E-002
98.4661687 4.78327192219312E-002 4.84894403301457E-002
98.5661627 4.76993307963917E-002 4.83535600713380E-002
98.6661568 4.75664462034627E-002 4.82181955697153E-002
98.7661508 4.74340630430338E-002 4.80833443563078E-002
98.8661525 4.73021688856566E-002 4.79489937463200E-002
98.9661465 4.71707814827934E-002 4.78151617980801E-002
99.0661406 4.70398883943277E-002 4.76818358161480E-002
99.1661347 4.69094872747811E-002 4.75490133880272E-002
99.2661288 4.67795757921048E-002 4.74166921151014E-002
99.3661305 4.66501417716909E-002 4.72848595740973E-002
99.4661246 4.65212026567921E-002 4.71535335085513E-002
99.5661187 4.63927462621206E-002 4.70227014845244E-002
99.6661128 4.62647703084517E-002 4.68923611579956E-002
99.7661070 4.61372725295465E-002 4.67625101983642E-002
99.8661087 4.60102409990186E-002 4.66331364370483E-002
99.9661029 4.58836928584899E-002 4.65042573095367E-002
100.0660970 4.57576161708912E-002 4.63758606365703E-002
100.1660912 4.56320087210683E-002 4.62479441403370E-002
100.2660854 4.55068683064264E-002 4.61205055560018E-002
100.3660872 4.53821832423888E-002 4.59935329630598E-002
100.4660814 4.52579703753615E-002 4.58670434955268E-002
100.5660756 4.51342180100906E-002 4.57410252222179E-002
100.6660698 4.50109239933917E-002 4.56154759293484E-002
100.7660640 4.48880861842291E-002 4.54903934156846E-002
100.8660658 4.47656931336246E-002 4.53657660023907E-002
100.9660601 4.46437613990231E-002 4.52416105284209E-002
101.0660543 4.45222795207825E-002 4.51179153042654E-002
101.1660486 4.44012454056661E-002 4.49946781780675E-002
101.2660428 4.42806569721902E-002 4.48718970101112E-002
101.3660447 4.41605030009567E-002 4.47495603570232E-002
101.4660390 4.40407997665491E-002 4.46276847689467E-002
101.5660333 4.39215360389259E-002 4.45062587918476E-002
101.6660275 4.38027097828509E-002 4.43852803337766E-002
101.7660218 4.36843189744605E-002 4.42647473145300E-002
101.8660238 4.35663526181037E-002 4.41446485201817E-002
101.9660181 4.34488267114517E-002 4.40250002181610E-002
102.0660124 4.33317302482375E-002 4.39057911839014E-002
102.1660067 4.32150612493506E-002 4.37870193834156E-002
102.2660011 4.30988177466870E-002 4.36686827940814E-002
102.3660031 4.29829889626888E-002 4.35507704255912E-002
102.4659974 4.28675906239176E-002 4.34332982686052E-002
102.5659918 4.27526119422331E-002 4.33162553222029E-002
102.6659861 4.26380509928452E-002 4.31996396084852E-002
102.7659805 4.25239058616172E-002 4.30834491605522E-002
102.8659825 4.24101659836034E-002 4.29676732060644E-002
102.9659769 4.22968468199156E-002 4.28523274647124E-002
103.0659713 4.21839377950648E-002 4.27374011535773E-002
103.1659657 4.20714370368421E-002 4.26228923490444E-002
103.2659601 4.19593426833517E-002 4.25087991381449E-002
103.3659622 4.18476443769455E-002 4.23951109610302E-002
103.4659566 4.17363573188068E-002 4.22818432720776E-002
103.5659511 4.16254711407887E-002 4.21689855008981E-002
103.6659455 4.15149840215877E-002 4.20565357764231E-002
103.7659400 4.14048941498856E-002 4.19444922378902E-002
103.8659421 4.12951913701780E-002 4.18328445326301E-002
103.9659365 4.11858906291059E-002 4.17216078552251E-002
104.0659310 4.10769817607156E-002 4.16107718425103E-002
104.1659255 4.09684629929942E-002 4.15003346742885E-002
104.2659200 4.08603325635983E-002 4.13902945403415E-002
104.3659221 4.07525805141679E-002 4.12806412900287E-002
104.4659166 4.06452215420576E-002 4.11713898635209E-002
104.5659112 4.05382456785117E-002 4.10625300997310E-002
104.6659057 4.04316511992519E-002 4.09540602277202E-002
104.7659002 4.03254363893649E-002 4.08459784862125E-002
104.8659024 4.02195914827851E-002 4.07382749215999E-002
104.9658969 4.01141309327086E-002 4.06309642248942E-002
105.0658915 4.00090449627328E-002 4.05240364320949E-002
105.1658860 3.99043318948133E-002 4.04174898199661E-002
105.2658806 3.97999900599776E-002 4.03113226746303E-002
105.3658828 3.96960098797493E-002 4.02055252346657E-002
105.4658774 3.95924055681702E-002 4.01001119470499E-002
105.5658720 3.94891675364885E-002 3.99950730400266E-002
105.6658666 3.93862941514480E-002 3.98904068365637E-002
105.7658612 3.92837837885810E-002 3.97861116686942E-002
105.8658634 3.91816270524337E-002 3.96821779624796E-002
105.9658580 3.90798379227773E-002 3.95786199258648E-002
106.0658527 3.89784069939483E-002 3.94754279746391E-002
106.1658473 3.88773326760837E-002 3.93726004765285E-002
106.2658419 3.87766133878358E-002 3.92701358080418E-002
106.3658442 3.86762399123419E-002 3.91680245781605E-002
106.4658389 3.85762259998686E-002 3.90662807606775E-002
106.5658335 3.84765624234122E-002 3.89648949543676E-002
106.6658282 3.83772476351575E-002 3.88638655703216E-002
106.7658229 3.82782800955417E-002 3.87631910281401E-002
106.8658252 3.81796507619908E-002 3.86628621152955E-002
106.9658199 3.80813731599191E-002 3.85628925761923E-002
107.0658146 3.79834382366832E-002 3.84632731881651E-002
107.1658093 3.78858444852186E-002 3.83640024043249E-002
107.2658040 3.77885904064591E-002 3.82650786860300E-002
107.3658063 3.76916671279421E-002 3.81664929949439E-002
107.4658011 3.75950879547713E-002 3.80682588507324E-002
107.5657958 3.74988440044894E-002 3.79703672049933E-002
107.6657905 3.74029338095305E-002 3.78728165515615E-002
107.7657853 3.73073559100822E-002 3.77756053922652E-002
107.8657877 3.72121015997376E-002 3.76787248587851E-002
107.9657824 3.71171839677230E-002 3.75821882505870E-002
108.0657772 3.70225942977138E-002 3.74859866893600E-002
108.1657720 3.69283311604349E-002 3.73901187084122E-002
108.2657667 3.68343931341282E-002 3.72945828487996E-002
108.3657692 3.67407716745037E-002 3.71993704081668E-002
108.4657639 3.66474796592384E-002 3.71044944702102E-002
108.5657587 3.65545085342038E-002 3.70099463226597E-002
108.6657536 3.64618569072499E-002 3.69157245370893E-002
108.7657484 3.63695233935152E-002 3.68218276925843E-002
108.8657508 3.62774996070009E-002 3.67282472488168E-002
108.9657456 3.61857982180606E-002 3.66349960780397E-002
109.0657405 3.60944108309379E-002 3.65420656300894E-002
