0.0053140 1.68972111313082E+001 4.18130463198266E+003
0.0210792 6.43545116472014E+001 4.07453234399711E+003
0.0467942 1.33831415672932E+002 3.90821505187393E+003
0.0817065 2.14295125294835E+002 3.69690668407729E+003
0.1249105 2.95223103607492E+002 3.45643814634363E+003
0.1754417 3.68609348625953E+002 3.20149511387017E+003
0.2323515 4.29637571683888E+002 2.94415566513684E+003
0.2947571 4.76356553169960E+002 2.69337700204410E+003
0.3618673 5.08894721619275E+002 2.45515374332740E+003
0.4329916 5.28631029660326E+002 2.23301876759506E+003
0.5075377 5.37530151939105E+002 2.02864485335808E+003
0.5850032 5.37694290299854E+002 1.84240140603810E+003
0.6649650 5.31102832344797E+002 1.67380888776499E+003
0.7470680 5.19486894426707E+002 1.52187853632607E+003
0.8310139 5.04289005375111E+002 1.38535374933587E+003
0.9165527 4.86670371311191E+002 1.26287016645319E+003
1.0034738 4.67541175899856E+002 1.15305832660201E+003
1.0915995 4.47599153197304E+002 1.05460516875247E+003
1.1807797 4.27368259552152E+002 9.66287230685471E+002
1.2708868 4.07233940803677E+002 8.86986918568247E+002
1.3618115 3.87473080385471E+002 8.15696310949108E+002
1.4534610 3.68278644963733E+002 7.51514270109161E+002
1.5457546 3.49779832179607E+002 6.93640888312803E+002
1.6386236 3.32057454334127E+002 6.41368041325324E+002
1.7320075 3.15156562238246E+002 5.94071502517824E+002
1.8258543 2.99095629474920E+002 5.51201077724531E+002
1.9201186 2.83873960255233E+002 5.12272518955641E+002
2.0147601 2.69477326832519E+002 4.76859910093896E+002
2.1097440 2.55881909698907E+002 4.44587943792260E+002
2.2050388 2.43057721077851E+002 4.15126270521210E+002
2.3006174 2.30970722610444E+002 3.88183343709825E+002
2.3964555 2.19584668666541E+002 3.63501760974311E+002
2.4925310 2.08862452466366E+002 3.40854113695632E+002
2.5888248 1.98766839195646E+002 3.20038838156597E+002
2.6853193 1.89261322955483E+002 3.00877387304408E+002
2.7819988 1.80310405358041E+002 2.83211036337750E+002
2.8788497 1.71879973824924E+002 2.66898583873308E+002
2.9758588 1.63937543838522E+002 2.51814311979865E+002
3.0730149 1.56452226116843E+002 2.37845860854769E+002
3.1703074 1.49394922766875E+002 2.24892899865622E+002
3.2677268 1.42738200136128E+002 2.12865479343040E+002
3.3652646 1.36456330701190E+002 2.01682939035440E+002
3.4629133 1.30525195270122E+002 1.91272755080699E+002
3.5606650 1.24922328250934E+002 1.81569799713759E+002
3.6585133 1.19626673074657E+002 1.72515225904981E+002
3.7564523 1.14618616907548E+002 1.64055952672374E+002
3.8544764 1.09879879585858E+002 1.56143985046880E+002
3.9525810 1.05393410918739E+002 1.48735827588134E+002
4.0507604 1.01143394738064E+002 1.41792137270961E+002
4.1490108 9.71150429352950E+001 1.35277083515183E+002
4.2473280 9.32946076968602E+001 1.29158113611961E+002
4.3457083 8.96692887637399E+001 1.23405582035225E+002
4.4441489 8.62271505956386E+001 1.17992429513527E+002
4.5426454 8.29571243093153E+001 1.12894022281317E+002
4.6411954 7.98488504366507E+001 1.08087764391802E+002
4.7397961 7.68926904563594E+001 1.03552995223049E+002
4.8384450 7.40796587995730E+001 9.92707783167671E+001
4.9371399 7.14013628461495E+001 9.52237179941606E+001
5.0358779 6.88500092477190E+001 9.13958883720840E+001
5.1346571 6.64182864743472E+001 8.77725861597100E+001
5.2334756 6.40993786452478E+001 8.43402910635128E+001
5.3323316 6.18869174255535E+001 8.10865402696441E+001
5.4312238 5.97749398085705E+001 7.79998191985301E+001
5.5301496 5.77578979909860E+001 7.50695342253175E+001
5.6291079 5.58305713379963E+001 7.22858475881382E+001
5.7280973 5.39880815676010E+001 6.96396677038660E+001
5.8271164 5.22258588458169E+001 6.71225715080131E+001
5.9261644 5.05396121188817E+001 6.47267367728238E+001
6.0252392 4.89253407674579E+001 6.24449360639072E+001
6.1243401 4.73792677770518E+001 6.02704219009464E+001
6.2234659 4.58978550343292E+001 5.81969309560657E+001
6.3226158 4.44777792016182E+001 5.62186341793575E+001
6.4217891 4.31159106459295E+001 5.43300933058795E+001
6.5209840 4.18093255252707E+001 5.25262648754348E+001
6.6202001 4.05552542508421E+001 5.08024174789551E+001
6.7194366 3.93510960617646E+001 4.91541419541023E+001
6.8186927 3.81944015937841E+001 4.75773182327800E+001
6.9179682 3.70828576747455E+001 4.60680864280206E+001
7.0172613 3.60142990307376E+001 4.46228552915753E+001
7.1165720 3.49866678951462E+001 4.32382407469155E+001
7.2158999 3.39980228036272E+001 4.19110719993963E+001
7.3152432 3.30465488966205E+001 4.06383997710468E+001
7.4146030 3.21305005067227E+001 3.94174145055893E+001
7.5139770 3.12482624342793E+001 3.82455238632177E+001
7.6133666 3.03982740384179E+001 3.71202475114187E+001
7.7127702 2.95790834134128E+001 3.60392855495676E+001
7.8121865 2.87893156764216E+001 3.50004729543204E+001
7.9116168 2.80276469008494E+001 3.40017424294112E+001
8.0110589 2.72928517063920E+001 3.30411841913665E+001
8.1105143 2.65837409313166E+001 3.21169617352459E+001
8.2099815 2.58992074500853E+001 3.12273695286798E+001
8.3094593 2.52382004742796E+001 3.03707972466265E+001
8.4089492 2.45997043165485E+001 2.95457004619559E+001
8.5084489 2.39827788268181E+001 2.87506512549619E+001
8.6079599 2.33865076876122E+001 2.79842697997699E+001
8.7074812 2.28100373596467E+001 2.72452731535842E+001
8.8070112 2.22525560027660E+001 2.65324466852678E+001
8.9065517 2.17132759638903E+001 2.58446205393597E+001
9.0061006 2.11914683022335E+001 2.51807126157547E+001
9.1056593 2.06864194974343E+001 2.45396723117762E+001
9.2052267 2.01974647214145E+001 2.39205219439750E+001
9.3048016 1.97239703599759E+001 2.33223335786372E+001
9.4043856 1.92653194141413E+001 2.27442098430671E+001
9.5039766 1.88209411214556E+001 2.21853205720024E+001
9.6035763 1.83902744027781E+001 2.16448560407821E+001
9.7031836 1.79727964284632E+001 2.11220622893205E+001
9.8027972 1.75680079834037E+001 2.06162220866877E+001
9.9024188 1.71754211785755E+001 2.01266390805108E+001
10.0020464 1.67945849861023E+001 1.96526691809202E+001
10.1016817 1.64250541400982E+001 1.91936813094249E+001
10.2013235 1.60664137815730E+001 1.87490876640749E+001
10.3009707 1.57182670962045E+001 1.83183279010979E+001
10.4006251 1.53802248804343E+001 1.79008558919062E+001
10.5002846 1.50519276560828E+001 1.74961667227939E+001
10.5999509 1.47330190275878E+001 1.71037634696591E+001
10.6996230 1.44231670435064E+001 1.67231832517221E+001
10.7992996 1.41220536709444E+001 1.63539839537836E+001
10.8989827 1.38293658671052E+001 1.59957330511458E+001
10.9986702 1.35448148174501E+001 1.56480309436843E+001
11.0983637 1.32681129658542E+001 1.53104826154989E+001
11.1980623 1.29989926135249E+001 1.49827201681651E+001
11.2977649 1.27371968926284E+001 1.46643915757884E+001
11.3974732 1.24824720723069E+001 1.43551511717966E+001
11.4971853 1.22345843666077E+001 1.40546799056811E+001
11.5969029 1.19933000159314E+001 1.37626610019522E+001
11.6966250 1.17584015504649E+001 1.34787995374083E+001
11.7963505 1.15296799987678E+001 1.32028128416886E+001
11.8960812 1.13069282153546E+001 1.29344223354327E+001
11.9958151 1.10899556259598E+001 1.26733711923160E+001
12.0955540 1.08785708623896E+001 1.24194033014580E+001
12.1952970 1.06725960422963E+001 1.21722803512641E+001
12.2950428 1.04718600035702E+001 1.19317735758900E+001
12.3947934 1.02761924843509E+001 1.16976567038429E+001
12.4945468 1.00854371097325E+001 1.14697214224837E+001
12.5943047 9.89943617774682E+000 1.12477590911482E+001
12.6940662 9.71804324664112E+000 1.10315757120123E+001
12.7938302 9.54111722785792E+000 1.08209847877639E+001
12.8935986 9.36851728274218E+000 1.06158011912465E+001
12.9933693 9.20011430340143E+000 1.04158547605043E+001
13.0931443 9.03577752218496E+000 1.02209743191967E+001
13.1929224 8.87538564853132E+000 1.00310008487145E+001
13.2927027 8.71882168561611E+000 9.84578127105763E+000
13.3924871 8.56596843380872E+000 9.66516308887345E+000
13.4922734 8.41671867663364E+000 9.48900638315201E+000
13.5920637 8.27096334490664E+000 9.31716978200591E+000
13.6918568 8.12860140532432E+000 9.14952209470754E+000
13.7916517 7.98953529099309E+000 8.98593687082539E+000
13.8914504 7.85366692181464E+000 8.82628768955748E+000
13.9912508 7.72090677240499E+000 8.67045878672458E+000
14.0910548 7.59116336877073E+000 8.51833267898984E+000
14.1908615 7.46435209824955E+000 8.36980047702328E+000
14.2906697 7.34039116388659E+000 8.22475710048918E+000
14.3904813 7.21919804779162E+000 8.08309711839008E+000
14.4902944 7.10069760993327E+000 7.94472419495894E+000
14.5901109 6.98481273266168E+000 7.80954012845333E+000
14.6899298 6.87147219491473E+000 7.67745402524523E+000
14.7897500 6.76060707607173E+000 7.54837807247967E+000
14.8895734 6.65214760094696E+000 7.42222384896573E+000
14.9893980 6.54603039537995E+000 7.29891074926081E+000
15.0892259 6.44219012411068E+000 7.17835623760579E+000
15.1890558 6.34056655018601E+000 7.06048403577328E+000
15.2888878 6.24110038797078E+000 6.94521928566215E+000
15.3887200 6.14373608966911E+000 6.83249176276846E+000
15.4885562 6.04841438627498E+000 6.72222722638236E+000
15.5883943 5.95508336077897E+000 6.61436022498270E+000
15.6882343 5.86369091597982E+000 6.50882535959759E+000
15.7880763 5.77418658919024E+000 6.40555937250515E+000
15.8879183 5.68652314742451E+000 6.30450297242885E+000
15.9877640 5.60064987714699E+000 6.20559308859138E+000
16.0876115 5.51652256054551E+000 6.10877435945247E+000
16.1874608 5.43409670067491E+000 6.01399131031415E+000
16.2873119 5.35332916050886E+000 5.92119023324788E+000
16.3871628 5.27417960910695E+000 5.83032083668292E+000
16.4870172 5.19660446743593E+000 5.74132928668722E+000
16.5868734 5.12056592076370E+000 5.65416854472470E+000
16.6867312 5.04602580727453E+000 5.56879134147273E+000
16.7865905 4.97294710199208E+000 5.48515187306375E+000
16.8864496 4.90129523066527E+000 5.40320729526689E+000
16.9863121 4.83103259250844E+000 5.32291145317773E+000
17.0861762 4.76212672286363E+000 5.24422420926576E+000
17.1860417 4.69454476516348E+000 5.16710511338652E+000
17.2859087 4.62825481749441E+000 5.09151493698336E+000
17.3857753 4.56322712879655E+000 5.01741702943932E+000
17.4856452 4.49942913065938E+000 4.94477165204010E+000
17.5855166 4.43683284854713E+000 4.87354441726007E+000
17.6853893 4.37540988841558E+000 4.80370056980743E+000
17.7852633 4.31513266133806E+000 4.73520637750738E+000
17.8851368 4.25597547476986E+000 4.66803036514149E+000
17.9850136 4.19791001497652E+000 4.60213818072182E+000
18.0848916 4.14091209176962E+000 4.53750024996537E+000
18.1847709 4.08495708064285E+000 4.47408659553196E+000
18.2846515 4.03002103888150E+000 4.41186810082017E+000
18.3845314 3.97608170305304E+000 4.35081763466679E+000
18.4844144 3.92311437157704E+000 4.29090538811723E+000
18.5842986 3.87109805663557E+000 4.23210583375929E+000
18.6841841 3.82001133072613E+000 4.17439302058612E+000
18.7840706 3.76983334596310E+000 4.11774172481359E+000
18.8839565 3.72054474758663E+000 4.06212847713751E+000
18.9838453 3.67212391287706E+000 4.00752731668617E+000
19.0837353 3.62455257432993E+000 3.95391613284055E+000
19.1836263 3.57781202630268E+000 3.90127238176229E+000
19.2835185 3.53188405774930E+000 3.84957413652758E+000
19.3834098 3.48675179035612E+000 3.79880102719531E+000
19.4833041 3.44239623567794E+000 3.74893036578373E+000
19.5831994 3.39880144551302E+000 3.69994293800507E+000
19.6830957 3.35595104006714E+000 3.65181909474504E+000
19.7829930 3.31382906310141E+000 3.60453971225493E+000
19.8828894 3.27242075228006E+000 3.55808705403715E+000
19.9827887 3.23170938123419E+000 3.51244122673837E+000
20.0826889 3.19168098610263E+000 3.46758548055753E+000
20.1825901 3.15232118152747E+000 3.42350263509064E+000
20.2824922 3.11361594610874E+000 3.38017595898974E+000
20.3823934 3.07555233166173E+000 3.33758996159388E+000
20.4822973 3.03811556103973E+000 3.29572714476894E+000
20.5822022 3.00129337382983E+000 3.25457286335224E+000
20.6821079 2.96507310067162E+000 3.21411204997952E+000
20.7820145 2.92944238597472E+000 3.17433002247203E+000
20.8819201 2.89438984201216E+000 3.13521321220731E+000
20.9818284 2.85990237687090E+000 3.09674618131564E+000
21.0817375 2.82596919714894E+000 3.05891608819330E+000
21.1816475 2.79257911467141E+000 3.02170968036421E+000
21.2815583 2.75972121261472E+000 2.98511403686718E+000
21.3814680 2.72738544969146E+000 2.94911723954978E+000
21.4813803 2.69556019564134E+000 2.91370562878006E+000
21.5812935 2.66423592433771E+000 2.87886791362203E+000
21.6812074 2.63340273005711E+000 2.84459240558049E+000
21.7811221 2.60305094244923E+000 2.81086770240470E+000
21.8810357 2.57317168548354E+000 2.77768330778355E+000
21.9809519 2.54375460052112E+000 2.74502710195083E+000
22.0808688 2.51479125939614E+000 2.71288913143005E+000
22.1807864 2.48627287005586E+000 2.68125905977105E+000
22.2807048 2.45819084520242E+000 2.65012679844461E+000
22.3806219 2.43053732015986E+000 2.61948307980289E+000
22.4805416 2.40330304584312E+000 2.58931712173104E+000
22.5804621 2.37648054804429E+000 2.55962012781765E+000
22.6803832 2.35006200456381E+000 2.53038293400133E+000
22.7803050 2.32403977181598E+000 2.50159659158627E+000
22.8802255 2.29840686532654E+000 2.47325289779516E+000
22.9801486 2.27315500689238E+000 2.44534223601933E+000
23.0800723 2.24827755339797E+000 2.41785681375923E+000
23.1799967 2.22376752956000E+000 2.39078848652806E+000
23.2799217 2.19961811632094E+000 2.36412929745707E+000
23.3798454 2.17582309729441E+000 2.33787196929848E+000
23.4797716 2.15237504613147E+000 2.31200790390757E+000
23.5796984 2.12926804565716E+000 2.28653018224399E+000
23.6796259 2.10649586209434E+000 2.26143154898640E+000
23.7795539 2.08405239866039E+000 2.23670491270603E+000
23.8794806 2.06193211093154E+000 2.21234380276545E+000
23.9794098 2.04012832193649E+000 2.18834051347645E+000
24.0793395 2.01863575018405E+000 2.16468888779098E+000
24.1792698 1.99744881275472E+000 2.14138244791322E+000
24.2792007 1.97656204715645E+000 2.11841485959116E+000
24.3791302 1.95597049827404E+000 2.09578035699512E+000
24.4790621 1.93566815002927E+000 2.07347201857499E+000
24.5789946 1.91565027892343E+000 2.05148435374228E+000
24.6789277 1.89591187471924E+000 2.02981156636518E+000
24.7788612 1.87644803329530E+000 2.00844798635128E+000
24.8787934 1.85725431757739E+000 1.98738846527129E+000
24.9787279 1.83832529576223E+000 1.96662677232125E+000
25.0786630 1.81965673528597E+000 1.94615800125781E+000
25.1785986 1.80124413099052E+000 1.92597695505993E+000
25.2785347 1.78308307143742E+000 1.90607854764568E+000
25.3784693 1.76516957597983E+000 1.88645817272512E+000
25.4784064 1.74749873056608E+000 1.86711020948560E+000
25.5783439 1.73006673553562E+000 1.84803026525031E+000
25.6782819 1.71286953219495E+000 1.82921367081721E+000
25.7782204 1.69590314480527E+000 1.81065585486123E+000
25.8781574 1.67916399574263E+000 1.79235268825191E+000
25.9780968 1.66264763079714E+000 1.77429909014585E+000
26.0780366 1.64635063286385E+000 1.75649112026076E+000
26.1779769 1.63026933876326E+000 1.73892457548069E+000
26.2779176 1.61440015889903E+000 1.72159533923769E+000
26.3778568 1.59873987226619E+000 1.70449970330966E+000
26.4777984 1.58328443395748E+000 1.68763306594399E+000
26.5777404 1.56803076563543E+000 1.67099188624628E+000
26.6776829 1.55297555523716E+000 1.65457237359170E+000
26.7776257 1.53811555610482E+000 1.63837081405263E+000
26.8775671 1.52344786343477E+000 1.62238387149680E+000
26.9775108 1.50896879740813E+000 1.60660737019653E+000
27.0774549 1.49467558028176E+000 1.59103812259917E+000
27.1773994 1.48056521233059E+000 1.57567270392430E+000
27.2773442 1.46663475208131E+000 1.56050775750226E+000
27.3772876 1.45288157564667E+000 1.54554027681874E+000
27.4772333 1.43930232952370E+000 1.53076646579959E+000
27.5771793 1.42589450320972E+000 1.51618345013773E+000
27.6771257 1.41265537536846E+000 1.50178813019948E+000
27.7770725 1.39958227664462E+000 1.48757746695972E+000
27.8770178 1.38667283319442E+000 1.47354874648452E+000
27.9769653 1.37392398375283E+000 1.45969851173409E+000
28.0769132 1.36133345585018E+000 1.44602416665040E+000
28.1768615 1.34889877675256E+000 1.43252290115606E+000
28.2768101 1.33661752019773E+000 1.41919195921236E+000
28.3767572 1.32448753531448E+000 1.40602888709334E+000
28.4767065 1.31250602305763E+000 1.39303053113009E+000
28.5766562 1.30067092335962E+000 1.38019454289950E+000
28.6766062 1.28897998589842E+000 1.36751837068587E+000
28.7765565 1.27743100197337E+000 1.35499951104596E+000
28.8765053 1.26602201989913E+000 1.34263574210469E+000
28.9764563 1.25475047635184E+000 1.33042418218098E+000
29.0764077 1.24361450112736E+000 1.31836270364784E+000
29.1763593 1.23261204323921E+000 1.30644898574974E+000
29.2763113 1.22174108904339E+000 1.29468075093200E+000
29.3762617 1.21099986509725E+000 1.28305598427748E+000
29.4762144 1.20038602035817E+000 1.27157204841638E+000
29.5761673 1.18989785462636E+000 1.26022701293935E+000
29.6761206 1.17953349587751E+000 1.24901876393046E+000
29.7760741 1.16929110564755E+000 1.23794522620464E+000
29.8760261 1.15916907026085E+000 1.22700456990582E+000
29.9759803 1.14916523017972E+000 1.21619437751607E+000
30.0759347 1.13927803767689E+000 1.20551289508728E+000
30.1758895 1.12950578166813E+000 1.19495819426717E+000
30.2758445 1.11984678127989E+000 1.18452838148666E+000
30.3757980 1.11029956627375E+000 1.17422179265085E+000
30.4757536 1.10086215016586E+000 1.16403620843327E+000
30.5757095 1.09153312219513E+000 1.15397003303899E+000
30.6756657 1.08231091624522E+000 1.14402150487534E+000
30.7756221 1.07319399343848E+000 1.13418889363970E+000
30.8755770 1.06418101251412E+000 1.12447068395456E+000
30.9755340 1.05527014362495E+000 1.11486483546513E+000
31.0754913 1.04646009923641E+000 1.10536989435041E+000
31.1754469 1.03774960922169E+000 1.09598442711011E+000
31.2754067 1.02913676723863E+000 1.08670631650087E+000
31.3753629 1.02062084378688E+000 1.07753471473534E+000
31.4753231 1.01219982610379E+000 1.06846739340612E+000
31.5752798 1.00387301683022E+000 1.05950354220150E+000
31.6752368 9.95638775847737E-001 1.05064133718873E+000
31.7751978 9.87495499408371E-001 1.04187899538867E+000
31.8751552 9.79442535706608E-001 1.03321575956052E+000
31.9751168 9.71478018579710E-001 1.02464956736063E+000
32.0750747 9.63601324918199E-001 1.01617969495297E+000
32.1750329 9.55810939067808E-001 1.00780445985798E+000
32.2749952 9.48105378691552E-001 9.99522217033083E-001
32.3749539 9.40484061372105E-001 9.91332289975044E-001
32.4749166 9.32945254661952E-001 9.83232767486153E-001
32.5748758 9.25488401790623E-001 9.75223002872802E-001
32.6748352 9.18112100353625E-001 9.67301442094047E-001
32.7747986 9.10814978511167E-001 9.59466565383217E-001
32.8747585 9.03596515879232E-001 9.51717768308172E-001
32.9747223 8.96455102152477E-001 9.44053277450426E-001
33.0746827 8.89390239891241E-001 9.36472515007707E-001
33.1746432 8.82400629885444E-001 9.28974043736032E-001
33.2746078 8.75485001004057E-001 9.21556457816369E-001
33.3745687 8.68642888375076E-001 9.14219217219244E-001
33.4745337 8.61872793423244E-001 9.06960674307918E-001
33.5744951 8.55174271822404E-001 8.99780312866340E-001
33.6744568 8.48546118526211E-001 8.92676802016348E-001
33.7744224 8.41987154319154E-001 8.85648839733451E-001
33.8743844 8.35496964051232E-001 8.78695943595793E-001
33.9743505 8.29074151494660E-001 8.71816580961862E-001
34.0743130 8.22718319913729E-001 8.65010290725086E-001
34.1742756 8.16428350302671E-001 8.58275839011303E-001
34.2742423 8.10203147449935E-001 8.51612018475884E-001
34.3742054 8.04042340780032E-001 8.45018398275132E-001
34.4741725 7.97944627944539E-001 8.38493551049168E-001
34.5741359 7.91909654885555E-001 8.32037065050796E-001
34.6740996 7.85936381319869E-001 8.25647794994330E-001
34.7740673 7.80023788910758E-001 8.19324620019550E-001
34.8740313 7.74171547075221E-001 8.13067155503647E-001
34.9739994 7.68378439689857E-001 8.06874070607176E-001
35.0739638 7.62644150999426E-001 8.00744997830592E-001
35.1739284 7.56967712840789E-001 7.94678872900083E-001
35.2738971 7.51348177318471E-001 7.88674654059542E-001
35.3738621 7.45785249758285E-001 7.82731998140899E-001
35.4738310 7.40277793332873E-001 7.76849662910788E-001
35.5737964 7.34825526688526E-001 7.71027320567354E-001
35.6737620 7.29427547816620E-001 7.65263981017036E-001
35.7737315 7.24082973448654E-001 7.59558674951638E-001
35.8736974 7.18791541175480E-001 7.53911096412339E-001
35.9736673 7.13552187184392E-001 7.48320084611767E-001
36.0736335 7.08364661040712E-001 7.42785347390866E-001
36.1735999 7.03228121492659E-001 7.37305962667400E-001
36.2735704 6.98141744636737E-001 7.31881027569154E-001
36.3735371 6.93105297073897E-001 7.26510269560309E-001
36.4735079 6.88117782303768E-001 7.21192602812362E-001
36.5734750 6.83178977698459E-001 7.15927767191109E-001
36.6734423 6.78288097872458E-001 7.10714903047146E-001
36.7734135 6.73444373518633E-001 7.05553168506489E-001
36.8733811 6.68647597337249E-001 7.00442321075762E-001
36.9733527 6.63896834956598E-001 6.95381343999557E-001
37.0733206 6.59191888771217E-001 6.90370005936778E-001
37.1732887 6.54532024824811E-001 6.85407504619251E-001
37.2732608 6.49916524079275E-001 6.80493054245995E-001
37.3732292 6.45345202728448E-001 6.75626439344378E-001
37.4732015 6.40817183810798E-001 6.70806706884543E-001
37.5731702 6.36332292249714E-001 6.66033651428576E-001
37.6731391 6.31889841487256E-001 6.61306523508841E-001
37.7731119 6.27489158822369E-001 6.56624588930324E-001
37.8730811 6.23130081607439E-001 6.51987656537312E-001
37.9730543 6.18811785990497E-001 6.47394832160419E-001
38.0730237 6.14534117188385E-001 6.42845933677928E-001
38.1729934 6.10296432375011E-001 6.38340260263570E-001
38.2729669 6.06098101609079E-001 6.33877125271471E-001
38.3729369 6.01938981307057E-001 6.29456359440977E-001
38.4729107 5.97818296801832E-001 6.25077123031203E-001
38.5728809 5.93735911597836E-001 6.20739254918486E-001
38.6728513 5.89691223261569E-001 6.16442099136602E-001
38.7728256 5.85683641352885E-001 6.12185012899812E-001
38.8727962 5.81713039471884E-001 6.07967846671056E-001
38.9727708 5.77778688550222E-001 6.03789811095372E-001
39.0727417 5.73880468578370E-001 5.99650763967883E-001
39.1727127 5.70017814470526E-001 5.95550090740286E-001
39.2726877 5.66190172315774E-001 5.91487189128235E-001
39.3726590 5.62397431208030E-001 5.87461927369454E-001
39.4726343 5.58638904397093E-001 5.83473562802899E-001
39.5726059 5.54914486739997E-001 5.79521970275726E-001
39.6725776 5.51223647718862E-001 5.75606573520352E-001
39.7725533 5.47565867238346E-001 5.71726807692024E-001
39.8725252 5.43941048366368E-001 5.67882557052681E-001
39.9725012 5.40348543666165E-001 5.64073122259246E-001
40.0724734 5.36788261404286E-001 5.60298393533443E-001
40.1724458 5.33259703090091E-001 5.56557830025682E-001
40.2724221 5.29762379963135E-001 5.52850901536383E-001
40.3723947 5.26296207697296E-001 5.49177506777805E-001
40.4723712 5.22860575414079E-001 5.45536986634219E-001
40.5723441 5.19455403477592E-001 5.41929245193250E-001
40.6723171 5.16080223099660E-001 5.38353774407981E-001
40.7722940 5.12734574584466E-001 5.34810076170620E-001
40.8722673 5.09418384979441E-001 5.31298062227522E-001
40.9722444 5.06131077435190E-001 5.27817110857621E-001
41.0722179 5.02872583231130E-001 5.24367138656451E-001
41.1721915 4.99642461151986E-001 5.20947667987747E-001
41.2721690 4.96440278486585E-001 5.17558230499719E-001
41.3721428 4.93265972544858E-001 5.14198749697432E-001
41.4721206 4.90118998182243E-001 5.10868638655255E-001
41.5720946 4.86999296527329E-001 5.07567825253317E-001
41.6720688 4.83906451984879E-001 5.04295860075758E-001
41.7720469 4.80840056920663E-001 5.01052302387688E-001
41.8720213 4.77800057904745E-001 4.97837086303447E-001
41.9719996 4.74785939359150E-001 4.94649657305186E-001
42.0719743 4.71797651299514E-001 4.91489953454792E-001
42.1719490 4.68834801957943E-001 4.88357551549146E-001
42.2719276 4.65897007025621E-001 4.85252036509134E-001
42.3719026 4.62984221427799E-001 4.82173352021685E-001
42.4718815 4.60095957183925E-001 4.79120973781070E-001
42.5718566 4.57232172327848E-001 4.76094849035992E-001
42.6718319 4.54392497271636E-001 4.73094578953794E-001
42.7718111 4.51576569422095E-001 4.70119772311289E-001
42.8717866 4.48784351242147E-001 4.67170381432341E-001
42.9717660 4.46015380533351E-001 4.64245910202091E-001
43.0717417 4.43269622562666E-001 4.61346314157832E-001
43.1717175 4.40546728406764E-001 4.58471217145107E-001
43.2716972 4.37846355707060E-001 4.55620250143085E-001
43.3716732 4.35168473725151E-001 4.52793373267546E-001
43.4716531 4.32512644369548E-001 4.49990116731875E-001
43.5716293 4.29878839430466E-001 4.47210443550533E-001
43.6716056 4.27266729253875E-001 4.44453998691191E-001
43.7715858 4.24675990351923E-001 4.41720433814674E-001
43.8715623 4.22106598116476E-001 4.39009716065008E-001
43.9715428 4.19558137015663E-001 4.36321400265662E-001
44.0715195 4.17030584720758E-001 4.33655456174777E-001
44.1714963 4.14523629561037E-001 4.31011548449912E-001
44.2714770 4.12036965662162E-001 4.28389348033628E-001
44.3714539 4.09570573941372E-001 4.25788828407651E-001
44.4714348 4.07124059995792E-001 4.23209567419050E-001
44.5714120 4.04697406796455E-001 4.20651540906241E-001
44.6713893 4.02290319469564E-001 4.18114431897094E-001
44.7713704 3.99902508594315E-001 4.15597929325944E-001
44.8713479 3.97533960065619E-001 4.13102012387428E-001
44.9713293 3.95184299285630E-001 4.10626280485907E-001
45.0713069 3.92853513998702E-001 4.08170714939714E-001
45.1712846 3.90541325032486E-001 4.05735015930111E-001
45.2712662 3.88247458348444E-001 4.03318889193418E-001
45.3712441 3.85971904323007E-001 4.00922319071594E-001
45.4712259 3.83714306936982E-001 3.98544925169778E-001
45.5712040 3.81474658231062E-001 3.96186693742634E-001
45.6711822 3.79252693721875E-001 3.93847341001516E-001
45.7711643 3.77048153762931E-001 3.91526588386315E-001
45.8711426 3.74861032762517E-001 3.89224424874063E-001
45.9711248 3.72690992143097E-001 3.86940489014575E-001
46.0711034 3.70538027809344E-001 3.84674771506421E-001
46.1710820 3.68401889030282E-001 3.82427003553216E-001
46.2710644 3.66282329635348E-001 3.80196921283449E-001
46.3710432 3.64179347656994E-001 3.77984517845063E-001
46.4710259 3.62092620904279E-001 3.75789449568365E-001
46.5710048 3.60022148753789E-001 3.73611711149569E-001
46.6709838 3.57967693359813E-001 3.71451047824822E-001
46.7709667 3.55929021179420E-001 3.69307209472492E-001
46.8709459 3.53906133499442E-001 3.67180192990672E-001
46.9709290 3.51898723535663E-001 3.65069671410223E-001
47.0709083 3.49906793780927E-001 3.62975643020393E-001
47.1708877 3.47930118471264E-001 3.60897866201578E-001
47.2708710 3.45968475905215E-001 3.58836103713088E-001
47.3708506 3.44021870288481E-001 3.56790355821584E-001
47.4708341 3.42090009332769E-001 3.54760311255823E-001
47.5708138 3.40172898324436E-001 3.52745971531109E-001
47.6707936 3.38270322836069E-001 3.50747107349230E-001
47.7707773 3.36382072278492E-001 3.48763493545388E-001
47.8707573 3.34508153471763E-001 3.46795133408656E-001
47.9707411 3.32648287776210E-001 3.44841730433981E-001
48.0707212 3.30802482978752E-001 3.42903289029762E-001
48.1707014 3.28970535296867E-001 3.40979591456282E-001
48.2706855 3.27152244576774E-001 3.39070423878161E-001
48.3706658 3.25347619976438E-001 3.37175792292751E-001
48.4706500 3.23556395715941E-001 3.35295414094702E-001
48.5706305 3.21778581816785E-001 3.33429296283314E-001
48.6706110 3.20013984498841E-001 3.31577231969484E-001
48.7705955 3.18262413414874E-001 3.29739017954510E-001
48.8705762 3.16523879809731E-001 3.27914662658881E-001
48.9705608 3.14798130028197E-001 3.26103896570450E-001
49.0705416 3.13085176084821E-001 3.24306729005085E-001
49.1705225 3.11384833604566E-001 3.22522963266918E-001
49.2705073 3.09696921462076E-001 3.20752406150548E-001
49.3704883 3.08021452761081E-001 3.18995068240696E-001
49.4704733 3.06358185285654E-001 3.17250692367164E-001
49.5704545 3.04707132823994E-001 3.15519289913283E-001
49.6704357 3.03068119850461E-001 3.13800673765466E-001
49.7704208 3.01440973917552E-001 3.12094660113595E-001
49.8704022 2.99825709780788E-001 3.10401261471511E-001
49.9703875 2.98222096023886E-001 3.08720232310611E-001
50.0703690 2.96630148009402E-001 3.07051585855452E-001
50.1703506 2.95049698543696E-001 3.05395144006479E-001
50.2703361 2.93480583350548E-001 3.03750731792575E-001
50.3703178 2.91922818649127E-001 3.02118363443143E-001
50.4703034 2.90376183225434E-001 3.00497804417791E-001
50.5702853 2.88840693835329E-001 2.98889069576799E-001
50.6702672 2.87316191135084E-001 2.97291989305706E-001
50.7702530 2.85802518547706E-001 2.95706396954544E-001
50.8702350 2.84299693585083E-001 2.94132308274290E-001
50.9702209 2.82807504677220E-001 2.92569499102716E-001
51.0702031 2.81325969808788E-001 2.91017985749146E-001
51.1701853 2.79854937036453E-001 2.89477606591504E-001
51.2701714 2.78394257042242E-001 2.87948202818533E-001
51.3701538 2.76943948475472E-001 2.86429791526544E-001
51.4701400 2.75503808888014E-001 2.84922158361494E-001
51.5701225 2.74073857343905E-001 2.83425320912149E-001
51.6701050 2.72653948880763E-001 2.81939125089516E-001
51.7700914 2.71243941028829E-001 2.80463419471273E-001
51.8700741 2.69843853433767E-001 2.78998222338961E-001
51.9700606 2.68453492280645E-001 2.77543328613771E-001
52.0700434 2.67072877577100E-001 2.76098757009832E-001
52.1700263 2.65701870950040E-001 2.74664360542769E-001
52.2700130 2.64340336394288E-001 2.73239994759571E-001
52.3699959 2.62988294423700E-001 2.71825678981551E-001
52.4699827 2.61645559398865E-001 2.70421216906466E-001
52.5699658 2.60312152147699E-001 2.69026628233838E-001
52.6699489 2.58987940520429E-001 2.67641772683920E-001
52.7699359 2.57672794617963E-001 2.66266512381242E-001
52.8699192 2.56366735705940E-001 2.64900867554755E-001
52.9699063 2.55069585891546E-001 2.63544650211865E-001
53.0698897 2.53781366710969E-001 2.62197880910336E-001
53.1698731 2.52501951895563E-001 2.60860425701392E-001
53.2698603 2.51231217317078E-001 2.59532152921083E-001
53.3698439 2.49969184887226E-001 2.58213083585984E-001
53.4698313 2.48715684057539E-001 2.56903037575659E-001
53.5698149 2.47470736970773E-001 2.55602036190628E-001
53.6697986 2.46234222919233E-001 2.54309951463790E-001
53.7697861 2.45006023231811E-001 2.53026657600524E-001
53.8697699 2.43786160370322E-001 2.51752176296033E-001
53.9697576 2.42574470753156E-001 2.50486334891847E-001
54.0697415 2.41370977037318E-001 2.49229155326381E-001
54.1697254 2.40175563776297E-001 2.47980515287459E-001
54.2697133 2.38988117462385E-001 2.46740294529658E-001
54.3696973 2.37808661020408E-001 2.45508515327852E-001
54.4696852 2.36637037481141E-001 2.44285012100692E-001
54.5696694 2.35473269932060E-001 2.43069807329286E-001
54.6696536 2.34317247906997E-001 2.41862784050531E-001
54.7696417 2.33168862786431E-001 2.40663827268517E-001
54.8696260 2.32028137879178E-001 2.39472959747969E-001
54.9696142 2.30894922495329E-001 2.38290022623353E-001
55.0695986 2.29769240076848E-001 2.37115038832079E-001
55.1695831 2.28650984874629E-001 2.35947896473639E-001
55.2695714 2.27540052899310E-001 2.34788485520901E-001
55.3695560 2.26436467772050E-001 2.33636829146951E-001
55.4695444 2.25340084769105E-001 2.32492774862659E-001
55.5695291 2.24250927618035E-001 2.31356345983359E-001
55.6695138 2.23168895039835E-001 2.30227435402636E-001
55.7695023 2.22093887433240E-001 2.29105937799001E-001
55.8694872 2.21025928666820E-001 2.27991876679992E-001
55.9694758 2.19964879688390E-001 2.26885105613835E-001
56.0694607 2.18910764448692E-001 2.25785648222724E-001
56.1694457 2.17863485907019E-001 2.24693401942529E-001
56.2694345 2.16822948622985E-001 2.23608265910599E-001
56.3694196 2.15789176653760E-001 2.22530263901936E-001
56.4694085 2.14762036341399E-001 2.21459255242028E-001
56.5693936 2.13741551803314E-001 2.20395263795538E-001
56.6693788 2.12727630019395E-001 2.19338191304316E-001
56.7693678 2.11720179496720E-001 2.18287941132929E-001
56.8693531 2.10719224427839E-001 2.17244537263159E-001
56.9693423 2.09724636287841E-001 2.16207844495330E-001
57.0693276 2.08736439309682E-001 2.15177886878252E-001
57.1693130 2.07754544289271E-001 2.14154570237879E-001
57.2693023 2.06778863480584E-001 2.13137801948487E-001
57.3692878 2.05809421163426E-001 2.12127606143711E-001
57.4692772 2.04846093699756E-001 2.11123852832747E-001
57.5692628 2.03888905391861E-001 2.10126566195783E-001
57.6692484 2.02937770659315E-001 2.09135655934411E-001
57.7692379 2.01992605314389E-001 2.08151033228245E-001
57.8692236 2.01053433680674E-001 2.07172722313093E-001
57.9692132 2.00120136774870E-001 2.06200598156423E-001
58.0691990 1.99192738926874E-001 2.05234685022086E-001
58.1691849 1.98271157998955E-001 2.04274896291343E-001
58.2691746 1.97355313184228E-001 2.03321146757007E-001
58.3691605 1.96445228810846E-001 2.02373460712163E-001
58.4691503 1.95540790331246E-001 2.01431717846293E-001
58.5691363 1.94642022065303E-001 2.00495942463818E-001
58.6691224 1.93748845147630E-001 1.99566051441330E-001
58.7691123 1.92861181985138E-001 1.98641963004099E-001
58.8690985 1.91979056875194E-001 1.97723701461967E-001
58.9690885 1.91102359499230E-001 1.96811151003565E-001
59.0690747 1.90231114133205E-001 1.95904335934996E-001
59.1690610 1.89365245023637E-001 1.95003176454707E-001
59.2690511 1.88504677633883E-001 1.94107594050303E-001
59.3690374 1.87649436198716E-001 1.93217613011851E-001
59.4690277 1.86799414433297E-001 1.92333121816784E-001
59.5690141 1.85954636539188E-001 1.91454144737857E-001
59.6690006 1.85115029723620E-001 1.90580605132006E-001
59.7689909 1.84280522358110E-001 1.89712427588963E-001
59.8689774 1.83451138586260E-001 1.88849636346132E-001
59.9689678 1.82626775972430E-001 1.87992123971112E-001
60.0689545 1.81807458616421E-001 1.87139914671787E-001
60.1689411 1.80993116543629E-001 1.86292934809666E-001
60.2689316 1.80183680893905E-001 1.85451111925654E-001
60.3689184 1.79379175694056E-001 1.84614470174927E-001
60.4689090 1.78579502183169E-001 1.83782906027573E-001
60.5688958 1.77784684334768E-001 1.82956443598288E-001
60.6688827 1.76994654857937E-001 1.82135012108063E-001
60.7688734 1.76209347528954E-001 1.81318541906661E-001
60.8688603 1.75428786234897E-001 1.80507057040505E-001
60.9688511 1.74652875724537E-001 1.79700457704751E-001
61.0688381 1.73881639823201E-001 1.78898767895525E-001
61.1688251 1.73115013796741E-001 1.78101919556450E-001
61.2688160 1.72352933933349E-001 1.77309845711909E-001
61.3688031 1.71595423959908E-001 1.76522570275820E-001
61.4687941 1.70842391978663E-001 1.75739997000605E-001
61.5687813 1.70093861647199E-001 1.74962149741103E-001
61.6687685 1.69349770668285E-001 1.74188963034432E-001
61.7687596 1.68610057724441E-001 1.73420372452913E-001
61.8687469 1.67874746364135E-001 1.72656401756737E-001
61.9687381 1.67143747895167E-001 1.71896958096800E-001
62.0687254 1.66417085790001E-001 1.71142065166384E-001
62.1687128 1.65694700075093E-001 1.70391659974177E-001
62.2687041 1.64976531716191E-001 1.69645680520820E-001
62.3686916 1.64262604067173E-001 1.68904150393871E-001
62.4686829 1.63552831501266E-001 1.68166979992358E-001
62.5686704 1.62847237290412E-001 1.67434192829967E-001
62.6686580 1.62145763677718E-001 1.66705728271784E-001
62.7686494 1.61448353807139E-001 1.65981526633770E-001
62.8686371 1.60755030823667E-001 1.65261611314052E-001
62.9686286 1.60065712033134E-001 1.64545895817384E-001
63.0686163 1.59380420493360E-001 1.63834403461856E-001
63.1686040 1.58699100562889E-001 1.63127075860098E-001
63.2685918 1.58021723230006E-001 1.62423882283240E-001
63.3685872 1.57348208505183E-001 1.61724739094481E-001
63.4685751 1.56678630647325E-001 1.61029722781336E-001
63.5685630 1.56012909872671E-001 1.60338749933460E-001
63.6685509 1.55351018176116E-001 1.59651790898789E-001
63.7685388 1.54692927797769E-001 1.58968816287513E-001
63.8685344 1.54038561442566E-001 1.58289745313654E-001
63.9685224 1.53387991674099E-001 1.57614652713641E-001
64.0685105 1.52741141388427E-001 1.56943457911904E-001
64.1684986 1.52097983781703E-001 1.56276132540811E-001
64.2684867 1.51458492283024E-001 1.55612648481724E-001
64.3684824 1.50822592177875E-001 1.54952927677578E-001
64.4684706 1.50190354377240E-001 1.54297043157590E-001
64.5684588 1.49561704344073E-001 1.53644917060141E-001
64.6684470 1.48936616415843E-001 1.52996522237300E-001
64.7684353 1.48315065151383E-001 1.52351831777641E-001
64.8684312 1.47696978308575E-001 1.51710770237316E-001
64.9684195 1.47082425187545E-001 1.51073408981280E-001
65.0684079 1.46471333710908E-001 1.50439672747182E-001
65.1683963 1.45863679300902E-001 1.49809535545782E-001
65.2683847 1.45259437590218E-001 1.49182971612562E-001
65.3683808 1.44658538706391E-001 1.48559908007066E-001
65.4683692 1.44061050379492E-001 1.47940414471980E-001
65.5683578 1.43466902889914E-001 1.47324418235337E-001
65.6683463 1.42876072691316E-001 1.46711894409047E-001
65.7683349 1.42288536437501E-001 1.46102818318630E-001
65.8683311 1.41704226528028E-001 1.45497119422705E-001
65.9683197 1.41123209162765E-001 1.44894865882746E-001
66.0683084 1.40545416883042E-001 1.44295987313730E-001
66.1682971 1.39970827123575E-001 1.43700459874429E-001
66.2682858 1.39399417509492E-001 1.43108259926741E-001
66.3682821 1.38831122619550E-001 1.42519319229245E-001
66.4682709 1.38266007162321E-001 1.41933704402304E-001
66.5682597 1.37704005847991E-001 1.41351347349539E-001
66.6682485 1.37145097044767E-001 1.40772225225343E-001
66.7682374 1.36589259302075E-001 1.40196315377339E-001
66.8682339 1.36036429289585E-001 1.39623551769849E-001
66.9682228 1.35486670262541E-001 1.39053999521282E-001
67.0682118 1.34939919012385E-001 1.38487592730439E-001
67.1682007 1.34396154795877E-001 1.37924309498952E-001
67.2681897 1.33855357042310E-001 1.37364128112334E-001
67.3681864 1.33317464428257E-001 1.36806984651049E-001
67.4681754 1.32782538792670E-001 1.36252942769770E-001
67.5681645 1.32250518924886E-001 1.35701938673579E-001
67.6681536 1.31721384927741E-001 1.35153951365645E-001
67.7681428 1.31195117068390E-001 1.34608960024175E-001
67.8681396 1.30671655950345E-001 1.34066902760530E-001
67.9681288 1.30151062032385E-001 1.33527841802932E-001
68.0681180 1.29633276022366E-001 1.32991715378157E-001
68.1681072 1.29118278829039E-001 1.32458503347710E-001
68.2680965 1.28606051517706E-001 1.31928185739785E-001
68.3680934 1.28096536542662E-001 1.31400702615503E-001
68.4680827 1.27589793017719E-001 1.30876114812998E-001
68.5680721 1.27085763493660E-001 1.30354362500212E-001
68.6680615 1.26584429647157E-001 1.29835426356151E-001
68.7680509 1.26085773304086E-001 1.29319287218611E-001
68.8680479 1.25589738696974E-001 1.28805887021215E-001
68.9680374 1.25096383628980E-001 1.28295285247462E-001
69.0680269 1.24605652421782E-001 1.27787423929776E-001
69.1680164 1.24117527484023E-001 1.27282284526034E-001
69.2680059 1.23631991366589E-001 1.26779848645438E-001
69.3680031 1.23148990011101E-001 1.26280060020521E-001
69.4679927 1.22668579943492E-001 1.25782976814700E-001
69.5679823 1.22190707187679E-001 1.25288542851822E-001
69.6679719 1.21715354850236E-001 1.24796740332090E-001
69.7679615 1.21242506173398E-001 1.24307551599961E-001
69.8679589 1.20772108741955E-001 1.23820922116754E-001
69.9679486 1.20304217837179E-001 1.23336908759476E-001
70.0679383 1.19838781119753E-001 1.22855457073759E-001
70.1679281 1.19375782361953E-001 1.22376549967541E-001
70.2679178 1.18915205465474E-001 1.21900170486316E-001
70.3679153 1.18456999595401E-001 1.21426265753340E-001
70.4679051 1.18001218820057E-001 1.20954891392003E-001
70.5678949 1.17547812374440E-001 1.20485994603338E-001
70.6678848 1.17096764665987E-001 1.20019558970256E-001
70.7678747 1.16648060225644E-001 1.19555568206888E-001
70.8678723 1.16201649738800E-001 1.19093971034670E-001
70.9678622 1.15757586091708E-001 1.18634821855321E-001
71.0678522 1.15315820034078E-001 1.18178069461949E-001
71.1678422 1.14876336579572E-001 1.17723698081412E-001
71.2678322 1.14439120859750E-001 1.17271692065775E-001
71.3678299 1.14004125023045E-001 1.16822001673836E-001
71.4678200 1.13571400803698E-001 1.16374680116746E-001
71.5678100 1.13140900409243E-001 1.15929677719268E-001
71.6678002 1.12712609432119E-001 1.15486979322799E-001
71.7677903 1.12286513577357E-001 1.15046569888249E-001
71.8677881 1.11862566401754E-001 1.14608401153730E-001
71.9677783 1.11440818516805E-001 1.14172525170107E-001
72.0677685 1.11021223533528E-001 1.13738893736128E-001
72.1677587 1.10603767597123E-001 1.13307492279852E-001
72.2677489 1.10188436960334E-001 1.12878306343453E-001
72.3677468 1.09775186536101E-001 1.12451289088936E-001
72.4677371 1.09364065841646E-001 1.12026491436362E-001
72.5677275 1.08955029839573E-001 1.11603866603391E-001
72.6677178 1.08548065203144E-001 1.11183400578311E-001
72.7677082 1.08143158708387E-001 1.10765079458402E-001
72.8677062 1.07740266574484E-001 1.10348857776635E-001
72.9676966 1.07339437252093E-001 1.09934785350955E-001
73.0676870 1.06940627005802E-001 1.09522816765334E-001
73.1676774 1.06543823013504E-001 1.09112938543210E-001
73.2676679 1.06149012551313E-001 1.08705137312151E-001
73.3676660 1.05756153096959E-001 1.08299368925528E-001
73.4676565 1.05365292061499E-001 1.07895682127087E-001
73.5676471 1.04976386964087E-001 1.07494032816855E-001
73.6676376 1.04589425464996E-001 1.07094408029615E-001
73.7676282 1.04204395318407E-001 1.06696794899675E-001
73.8676264 1.03821255214986E-001 1.06301150552471E-001
73.9676171 1.03440051552429E-001 1.05907522684725E-001
74.0676077 1.03060743059105E-001 1.05515868464465E-001
74.1675984 1.02683317856537E-001 1.05126175415234E-001
74.2675890 1.02307764156056E-001 1.04738431155714E-001
74.3675874 1.01934041817640E-001 1.04352594037202E-001
74.4675781 1.01562196251146E-001 1.03968710735827E-001
74.5675688 1.01192187350780E-001 1.03586739641682E-001
74.6675596 1.00824003679237E-001 1.03206668745610E-001
74.7675504 1.00457633885123E-001 1.02828486129433E-001
74.8675488 1.00093038955993E-001 1.02452151326115E-001
74.9675396 9.97302633386852E-002 1.02077710016911E-001
75.0675305 9.93692680517375E-002 1.01705121770034E-001
75.1675213 9.90100420799318E-002 1.01334375023245E-001
75.2675122 9.86525744902610E-002 1.00965458301330E-001
75.3675108 9.82968273579042E-002 1.00598332276642E-001
75.4675017 9.79428441908372E-002 1.00233041660579E-001
75.5674926 9.75905870921876E-002 9.98695471574278E-002
75.6674836 9.72400454506854E-002 9.95078376324979E-002
75.7674746 9.68912087337507E-002 9.91479020343664E-002
75.8674732 9.65440400659363E-002 9.87897021343104E-002
75.9674642 9.61985820398456E-002 9.84332816982082E-002
76.0674553 9.58547978051467E-002 9.80786025261771E-002
76.1674463 9.55126771372643E-002 9.77256538926602E-002
76.2674374 9.51722098869654E-002 9.73744251517975E-002
76.3674361 9.48333601915415E-002 9.70248791350541E-002
76.4674273 9.44961697510727E-002 9.66770586864608E-002
76.5674184 9.41606027253202E-002 9.63309266634316E-002
76.6674096 9.38266492599906E-002 9.59864727320350E-002
76.7674007 9.34942995729468E-002 9.56436866346384E-002
76.8673996 9.31635187791218E-002 9.53025322257990E-002
76.9673908 9.28343477082953E-002 9.49630514507249E-002
77.0673820 9.25067514953991E-002 9.46252081872212E-002
77.1673732 9.21807206408028E-002 9.42889924763266E-002
77.2673645 9.18562457139993E-002 9.39543944321455E-002
77.3673634 9.15332927739279E-002 9.36213788967903E-002
77.4673547 9.12119018016812E-002 9.32899869390416E-002
77.5673461 9.08920388738906E-002 9.29601834217374E-002
77.6673374 9.05736948307197E-002 9.26319587450381E-002
77.7673288 9.02568605785692E-002 9.23053033790937E-002
77.8673278 8.99415030881393E-002 9.19801831195180E-002
77.9673192 8.96276615128577E-002 9.16566381804458E-002
78.0673106 8.93153028389636E-002 9.13346343758621E-002
78.1673020 8.90044182322572E-002 9.10141624499644E-002
78.2672935 8.86949989220262E-002 9.06952132140106E-002
78.3672925 8.83870127598111E-002 9.03777533844743E-002
78.4672840 8.80804980918201E-002 9.00618223420297E-002
78.5672755 8.77754227831231E-002 8.97473868193227E-002
78.6672671 8.74717783116715E-002 8.94344378902255E-002
78.7672586 8.71695562162846E-002 8.91229666928816E-002
78.8672578 8.68687251996834E-002 8.88129408333253E-002
78.9672493 8.65693228207413E-002 8.85043988793743E-002
79.0672409 8.62713177938333E-002 8.81973084511837E-002
79.1672325 8.59747018962136E-002 8.78916609386213E-002
79.2672242 8.56794669635072E-002 8.75874477931691E-002
79.3672234 8.53855825211566E-002 8.72846374804027E-002
79.4672151 8.50930853600397E-002 8.69832677753223E-002
79.5672068 8.48019450155047E-002 8.66833071557105E-002
79.6671985 8.45121535518615E-002 8.63847473143980E-002
79.7671902 8.42237030894121E-002 8.60875800032985E-002
79.8671895 8.39365639490061E-002 8.57917745187280E-002
79.9671813 8.36507721723356E-002 8.54973678623590E-002
80.0671730 8.33662980885249E-002 8.52043293409282E-002
80.1671648 8.30831340372657E-002 8.49126509378109E-002
80.2671566 8.28012724119721E-002 8.46223246930509E-002
80.3671560 8.25206843026775E-002 8.43333207060642E-002
80.4671478 8.22414050201822E-002 8.40456752241513E-002
80.5671397 8.19634056612745E-002 8.37593583554835E-002
80.6671315 8.16866788298936E-002 8.34743623621407E-002
80.7671234 8.14112171815372E-002 8.31906795605708E-002
80.8671229 8.11369925502393E-002 8.29082808267555E-002
80.9671148 8.08640395337018E-002 8.26272016720595E-002
81.0671067 8.05923299712974E-002 8.23474129796677E-002
81.1670987 8.03218567205926E-002 8.20689072790754E-002
81.2670906 8.00526126886474E-002 8.17916771519518E-002
81.3670902 7.97845704293055E-002 8.15156942253649E-002
81.4670822 7.95177638444771E-002 8.12409932926758E-002
81.5670742 7.92521654920254E-002 8.09675459867089E-002
81.6670662 7.89877684730104E-002 8.06953450936073E-002
81.7670583 7.87245659360151E-002 8.04243834495947E-002
81.8670579 7.84625311314482E-002 8.01546334083522E-002
81.9670500 7.82016972822623E-002 7.98861290626779E-002
82.0670421 7.79420376416580E-002 7.96188427706622E-002
82.1670342 7.76835455445164E-002 7.93527675648222E-002
82.2670263 7.74262143713607E-002 7.90878965257580E-002
82.3670260 7.71700180468238E-002 7.88242027102508E-002
82.4670182 7.69149891312754E-002 7.85617195275000E-002
82.5670103 7.66611015509980E-002 7.83004200374412E-002
82.6670025 7.64083488654598E-002 7.80402975091612E-002
82.7669947 7.61567246779745E-002 7.77813452579227E-002
82.8669945 7.59062035659214E-002 7.75235370210088E-002
82.9669867 7.56568174430155E-002 7.72669055405222E-002
83.0669790 7.54085408872232E-002 7.70114245557334E-002
83.1669712 7.51613676737812E-002 7.67570875629385E-002
83.2669635 7.49152916200564E-002 7.65038881027895E-002
83.3669634 7.46702879355193E-002 7.62518005713482E-002
83.4669556 7.44263879027259E-002 7.60008570596723E-002
83.5669479 7.41835667307468E-002 7.57510319647253E-002
83.6669403 7.39418184021637E-002 7.55023190010755E-002
83.7669326 7.37011369400496E-002 7.52547119259081E-002
83.8669326 7.34614981660991E-002 7.50081857731757E-002
83.9669249 7.32229327467829E-002 7.47627719985054E-002
84.0669173 7.29854165024786E-002 7.45184456357419E-002
84.1669097 7.27489436150650E-002 7.42752006091893E-002
84.2669021 7.25135083053445E-002 7.40330308841069E-002
84.3669022 7.22790869881210E-002 7.37919121122472E-002
84.4668946 7.20457097284448E-002 7.35518751289971E-002
84.5668870 7.18133529389517E-002 7.33128955850642E-002
84.6668795 7.15820109931243E-002 7.30749676063314E-002
84.7668720 7.13516783018721E-002 7.28380853580505E-002
84.8668721 7.11223318547115E-002 7.26022250904454E-002
84.9668646 7.08940011295400E-002 7.23674170334406E-002
85.0668571 7.06666631129178E-002 7.21336374353453E-002
85.1668496 7.04403123625773E-002 7.19008806158272E-002
85.2668422 7.02149434722466E-002 7.16691409324061E-002
85.3668424 6.99905339884458E-002 7.14383952151769E-002
85.4668349 6.97671128158026E-002 7.12086731029802E-002
85.5668275 6.95446574971497E-002 7.09799514231889E-002
85.6668201 6.93231627674380E-002 7.07522246818054E-002
85.7668127 6.91026233962446E-002 7.05254874212332E-002
85.8668130 6.88830174700417E-002 7.02997170335348E-002
85.9668056 6.86643733336949E-002 7.00749425804553E-002
86.0667983 6.84466690693129E-002 6.98511414505874E-002
86.1667909 6.82298995823386E-002 6.96283083291437E-002
86.2667836 6.80140598115319E-002 6.94064379363512E-002
86.3667839 6.77991283668944E-002 6.91855082090019E-002
86.4667766 6.75851330466743E-002 6.89655476453570E-002
86.5667694 6.73720524558843E-002 6.87465341780469E-002
86.6667621 6.71598816640251E-002 6.85284626646809E-002
86.7667548 6.69486157726606E-002 6.83113279965561E-002
86.8667552 6.67382338995018E-002 6.80951086385940E-002
86.9667480 6.65287633089700E-002 6.78798325388165E-002
87.0667408 6.63201831132099E-002 6.76654781573429E-002
87.1667336 6.61124885396218E-002 6.74520405176617E-002
87.2667264 6.59056748464697E-002 6.72395146756793E-002
87.3667268 6.56997216439294E-002 6.70278796084556E-002
87.4667197 6.54946556750442E-002 6.68171627266622E-002
87.5667125 6.52904565438910E-002 6.66073430019653E-002
87.6667054 6.50871196298756E-002 6.63984156174957E-002
87.7666983 6.48846403421191E-002 6.61903757875866E-002
87.8666988 6.46829987685694E-002 6.59832029860291E-002
87.9666917 6.44822211430074E-002 6.57769240986877E-002
88.0666846 6.42822875467918E-002 6.55715185934141E-002
88.1666775 6.40831935056904E-002 6.53669818070114E-002
88.2666705 6.38849345740871E-002 6.51633091063227E-002
88.3666710 6.36874913035378E-002 6.49604804470215E-002
88.4666640 6.34908894303531E-002 6.47585222023726E-002
88.5666570 6.32951094990488E-002 6.45574143216078E-002
88.6666500 6.31001471763507E-002 6.43571522894876E-002
88.7666429 6.29059981565474E-002 6.41577316196995E-002
88.8666436 6.27126434411450E-002 6.39591327354858E-002
88.9666366 6.25201082804620E-002 6.37613815093936E-002
89.0666296 6.23283736685510E-002 6.35644583577612E-002
89.1666227 6.21374354079188E-002 6.33683589078344E-002
89.2666157 6.19472893276259E-002 6.31730788147193E-002
89.3666164 6.17579168659564E-002 6.29785989554267E-002
89.4666095 6.15693427984104E-002 6.27849447133507E-002
89.5666026 6.13815485554390E-002 6.25920969581734E-002
89.6665957 6.11945300703702E-002 6.24000514543842E-002
89.7665889 6.10082833021191E-002 6.22088039933108E-002
89.8665896 6.08227901130399E-002 6.20183358924234E-002
89.9665828 6.06380748146918E-002 6.18286720572204E-002
90.0665759 6.04541192612498E-002 6.16397937974538E-002
90.1665691 6.02709195121099E-002 6.14516970098347E-002
90.2665622 6.00884716513284E-002 6.12643776169341E-002
90.3665631 5.99067579530679E-002 6.10778173638417E-002
90.4665563 5.97258022755378E-002 6.08920406891210E-002
90.5665495 5.95455868844052E-002 6.07070293297875E-002
90.6665427 5.93661079605780E-002 6.05227793099622E-002
90.7665359 5.91873617087358E-002 6.03392866786877E-002
90.8665368 5.90093308030159E-002 6.01565335962864E-002
90.9665301 5.88320386585887E-002 5.99745440450559E-002
91.0665233 5.86554679408084E-002 5.97933001769195E-002
91.1665166 5.84796149477264E-002 5.96127981387955E-002
91.2665099 5.83044760003136E-002 5.94330341016248E-002
91.3665108 5.81300341612584E-002 5.92539906290078E-002
91.4665041 5.79563124127324E-002 5.90756912573649E-002
91.5664975 5.77832938083802E-002 5.88981185416014E-002
91.6664908 5.76109747592071E-002 5.87212687470115E-002
91.7664842 5.74393516983214E-002 5.85451381620493E-002
91.8664851 5.72684080659320E-002 5.83697097420538E-002
91.9664785 5.70981664209895E-002 5.81950065876836E-002
92.0664719 5.69286101944235E-002 5.80210116453141E-002
92.1664653 5.67597359061751E-002 5.78477212943748E-002
92.2664587 5.65915400975047E-002 5.76751319366285E-002
92.3664597 5.64240065754895E-002 5.75032269080118E-002
92.4664531 5.62571574853809E-002 5.73320288832712E-002
92.5664466 5.60909766247647E-002 5.71615211891369E-002
92.6664400 5.59254606186627E-002 5.69917003151070E-002
92.7664335 5.57606061126636E-002 5.68225627722194E-002
92.8664346 5.55963972704238E-002 5.66540922662499E-002
92.9664281 5.54328558327685E-002 5.64863110556253E-002
93.0664215 5.52699659536725E-002 5.63192028366959E-002
93.1664150 5.51077243595385E-002 5.61527642051266E-002
93.2664086 5.49461277966144E-002 5.59869917773611E-002
93.3664097 5.47851607751941E-002 5.58218696186225E-002
93.4664032 5.46248446407098E-002 5.56574195803604E-002
93.5663968 5.44651638936042E-002 5.54936257181756E-002
93.6663903 5.43061153581102E-002 5.53304847301563E-002
93.7663839 5.41476958776128E-002 5.51679933344389E-002
93.8663851 5.39898902994363E-002 5.50061359456542E-002
93.9663787 5.38327195824187E-002 5.48449340173741E-002
94.0663723 5.36761685638831E-002 5.46843719544315E-002
94.1663659 5.35202341624835E-002 5.45244465537448E-002
94.2663595 5.33649133153602E-002 5.43651546315790E-002
94.3663607 5.32101911975830E-002 5.42064809422719E-002
94.4663544 5.30560883899666E-002 5.40484465503808E-002
94.5663480 5.29025900574473E-002 5.38910362002896E-002
94.6663417 5.27496932098264E-002 5.37342467842974E-002
94.7663353 5.25973948747527E-002 5.35780752133766E-002
94.8663366 5.24456805460647E-002 5.34225065721961E-002
94.9663303 5.22945704349043E-002 5.32675615449326E-002
95.0663240 5.21440500248611E-002 5.31132252061639E-002
95.1663177 5.19941164137398E-002 5.29594945402574E-002
95.2663114 5.18447667165790E-002 5.28063665496079E-002
95.3663128 5.16959867373056E-002 5.26538266401518E-002
95.4663065 5.15477963255249E-002 5.25018951240967E-002
95.5663002 5.14001812748161E-002 5.23505573971682E-002
95.6662940 5.12531387679667E-002 5.21998105326212E-002
95.7662878 5.11066660044087E-002 5.20496516211175E-002
95.8662892 5.09607490897632E-002 5.19000663810980E-002
95.9662829 5.08154075200266E-002 5.17510747609963E-002
96.0662767 5.06706273903877E-002 5.16026624689385E-002
96.1662705 5.05264059657149E-002 5.14548266640120E-002
96.2662643 5.03827405269547E-002 5.13075645221143E-002
96.3662658 5.02396174733022E-002 5.11608620657163E-002
96.4662596 5.00970559548701E-002 5.10147388874628E-002
96.5662535 4.99550423603505E-002 5.08691809994210E-002
96.6662473 4.98135740339039E-002 5.07241856435749E-002
96.7662412 4.96726483352242E-002 5.05797500781457E-002
96.8662427 4.95322519492245E-002 5.04358606214370E-002
96.9662365 4.93924036876622E-002 5.02925365180862E-002
97.0662304 4.92530902248894E-002 5.01497640759181E-002
97.1662243 4.91143089816781E-002 5.00075406169927E-002
97.2662182 4.89760573938096E-002 4.98658634790562E-002
97.3662198 4.88383224243128E-002 4.97247192683146E-002
97.4662137 4.87011225539273E-002 4.95841268889805E-002
97.5662076 4.85644447350750E-002 4.94440729367197E-002
97.6662016 4.84282864625619E-002 4.93045548109565E-002
97.7661955 4.82926452456996E-002 4.91655699262719E-002
97.8661971 4.81575083182746E-002 4.90271051691006E-002
97.9661911 4.80228938371607E-002 4.88891791106212E-002
98.0661851 4.78887890255031E-002 4.87517786266789E-002
98.1661791 4.77551914496629E-002 4.86149011914558E-002
98.2661730 4.76220986900230E-002 4.84785442937811E-002
98.3661747 4.74894982440047E-002 4.83426950928923E-002
98.4661687 4.73574079515876E-002 4.82073718341366E-002
98.5661627 4.72258152995274E-002 4.80725616661236E-002
98.6661568 4.70947179233570E-002 4.79382621352868E-002
98.7661508 4.69641134721652E-002 4.78044708022171E-002
98.8661525 4.68339897001113E-002 4.76711750917653E-002
98.9661465 4.67043641370771E-002 4.75383929304690E-002
99.0661406 4.65752245265421E-002 4.74061117325241E-002
99.1661347 4.64465685709178E-002 4.72743291142048E-002
99.2661288 4.63183939857233E-002 4.71430427054718E-002
99.3661305 4.61906887751776E-002 4.70122401898292E-002
99.4661246 4.60634701656902E-002 4.68819391818496E-002
99.5661187 4.59367261507953E-002 4.67521273543656E-002
99.6661128 4.58104544975763E-002 4.66228023911728E-002
99.7661070 4.56846529857934E-002 4.64939619893010E-002
99.8661087 4.55593098632561E-002 4.63655940841682E-002
99.9661029 4.54344420593626E-002 4.62377159850547E-002
100.0660970 4.53100378112411E-002 4.61103156166990E-002
100.1660912 4.51860949485239E-002 4.59833907281881E-002
100.2660854 4.50626113131048E-002 4.58569390814066E-002
100.3660872 4.49395753901177E-002 4.57309488571587E-002
100.4660814 4.48170038182485E-002 4.56054370659387E-002
100.5660756 4.46948850719610E-002 4.54803918778725E-002
100.6660698 4.45732170413925E-002 4.53558111051909E-002
100.7660640 4.44519976285423E-002 4.52316925725034E-002
100.8660658 4.43312155497969E-002 4.51080246996772E-002
100.9660601 4.42108871592730E-002 4.49848242047647E-002
101.0660543 4.40910011627055E-002 4.48620794969634E-002
101.1660486 4.39715555087691E-002 4.47397884495825E-002
101.2660428 4.38525481576162E-002 4.46179489479053E-002
101.3660447 4.37339680510013E-002 4.44965496447361E-002
101.4660390 4.36158312644635E-002 4.43756069718710E-002
101.5660333 4.34981267291311E-002 4.42551095714611E-002
101.6660275 4.33808524503220E-002 4.41350553759044E-002
101.7660218 4.32640064444614E-002 4.40154423291843E-002
101.8660238 4.31475778729685E-002 4.38962593111050E-002
101.9660181 4.30315825386480E-002 4.37775224732402E-002
102.0660124 4.29160095923251E-002 4.36592206847643E-002
102.1660067 4.28008570941361E-002 4.35413519352492E-002
102.2660011 4.26861231149679E-002 4.34239142254776E-002
102.3660031 4.25717970303762E-002 4.33068966565002E-002
102.4659974 4.24578943761305E-002 4.31903151055517E-002
102.5659918 4.23444045172301E-002 4.30741586630830E-002
102.6659861 4.22313255668723E-002 4.29584253739953E-002
102.7659805 4.21186556486614E-002 4.28431132940404E-002
102.8659825 4.20063843469286E-002 4.27282117399376E-002
102.9659769 4.18945269359687E-002 4.26137363203224E-002
103.0659713 4.17830729895995E-002 4.24996763413501E-002
103.1659657 4.16720206723865E-002 4.23860299014753E-002
103.2659601 4.15613681589704E-002 4.22727951096555E-002
103.3659622 4.14511052372598E-002 4.21599614928710E-002
103.4659566 4.13412469254988E-002 4.20475443967565E-002
103.5659511 4.12317830011304E-002 4.19355333377699E-002
103.6659455 4.11227116784564E-002 4.18239264662076E-002
103.7659400 4.10140311815352E-002 4.17127219425343E-002
103.8659421 4.09057314968103E-002 4.16019094987477E-002
103.9659365 4.07978273917671E-002 4.14915042229433E-002
104.0659310 4.06903088424368E-002 4.13814958366429E-002
104.1659255 4.05831741112851E-002 4.12718825403359E-002
104.2659200 4.04764214702271E-002 4.11626625443574E-002
104.3659221 4.03700410993504E-002 4.10538257806369E-002
104.4659166 4.02640475205453E-002 4.09453870850591E-002
104.5659112 4.01584309035440E-002 4.08373363791287E-002
104.6659057 4.00531895574611E-002 4.07296719119392E-002
104.7659002 3.99483218005634E-002 4.06223919421190E-002
104.8659024 3.98438180018375E-002 4.05154865965959E-002
104.9658969 3.97396924426172E-002 4.04089704642428E-002
105.0658915 3.96359354815946E-002 4.03028336616189E-002
105.1658860 3.95325454730714E-002 4.01970744848898E-002
105.2658806 3.94295207802162E-002 4.00916912394570E-002
105.3658828 3.93268519563093E-002 3.99866742424603E-002
105.4658774 3.92245530470455E-002 3.98820378408345E-002
105.5658720 3.91226145954753E-002 3.97777723414106E-002
105.6658666 3.90210349996791E-002 3.96738760859504E-002
105.7658612 3.89198126663281E-002 3.95703474251624E-002
105.8658634 3.88189383285275E-002 3.94671768617547E-002
105.9658580 3.87184258011320E-002 3.93643785056741E-002
106.0658527 3.86182658070847E-002 3.92619428493836E-002
106.1658473 3.85184567868860E-002 3.91598682788174E-002
106.2658419 3.84189971893607E-002 3.90581531885776E-002
106.3658442 3.83198779231007E-002 3.89567882624337E-002
106.4658389 3.82211125768049E-002 3.88557873781764E-002
106.5658335 3.81226920489740E-002 3.87551412093968E-002
106.6658282 3.80246148212173E-002 3.86548481848285E-002
106.7658229 3.79268793832126E-002 3.85549067416046E-002
106.8658252 3.78294768148267E-002 3.84553077401812E-002
106.9658199 3.77324204831746E-002 3.83560648309085E-002
107.0658146 3.76357014581062E-002 3.82571688641344E-002
107.1658093 3.75393182610753E-002 3.81586183100677E-002
107.2658040 3.74432694213572E-002 3.80604116470579E-002
107.3658063 3.73475461860040E-002 3.79625399080004E-002
107.4658011 3.72521617050111E-002 3.78650165204086E-002
107.5657958 3.71571072154898E-002 3.77678325071428E-002
107.6657905 3.70623812775190E-002 3.76709863786099E-002
107.7657853 3.69679824587598E-002 3.75744766531071E-002
107.8657877 3.68739021694789E-002 3.74782945318463E-002
107.9657824 3.67801533469088E-002 3.73824532239969E-002
108.0657772 3.66867273914539E-002 3.72869439208111E-002
108.1657720 3.65936229006406E-002 3.71917651716614E-002
108.2657667 3.65008384793469E-002 3.70969155335689E-002
108.3657692 3.64083656971966E-002 3.70023863720578E-002
108.4657639 3.63162172829141E-002 3.69081906823404E-002
108.5657587 3.62243847963417E-002 3.68143198200589E-002
108.6657536 3.61328668713169E-002 3.67207723723617E-002
108.7657484 3.60416621488062E-002 3.66275469338134E-002
108.8657508 3.59507623540434E-002 3.65346350303612E-002
108.9657456 3.58601800113994E-002 3.64420494475434E-002
109.0657405 3.57699068364092E-002 3.63497817015051E-002
