0.0053140 1.84744446453762E+002 1.31402466782535E+004
0.0210792 6.73202669329438E+002 1.26443279818549E+004
0.0467942 1.30837906878823E+003 1.18866307583489E+004
0.0817065 1.92570885648754E+003 1.09507497813279E+004
0.1249105 2.41480725546262E+003 9.92329091811915E+003
0.1754417 2.73314634391360E+003 8.87876811589912E+003
0.2323515 2.88790205873819E+003 7.87204893910882E+003
0.2947571 2.91082570427296E+003 6.93763609014758E+003
0.3618673 2.83958700927624E+003 6.09303868711266E+003
0.4329916 2.70791754618403E+003 5.34351903132580E+003
0.5075377 2.54211480885312E+003 4.68654481667886E+003
0.5850032 2.36095110057352E+003 4.11523743646884E+003
0.6649650 2.17695043351817E+003 3.62074513384586E+003
0.7470680 1.99794976918655E+003 3.19372329768955E+003
0.8310139 1.82848922861478E+003 2.82518101739914E+003
0.9165527 1.67089398689786E+003 2.50690149732473E+003
1.0034738 1.52606004184151E+003 2.23160847086088E+003
1.0915995 1.39399883564894E+003 1.99298555311425E+003
1.1807797 1.27420187633390E+003 1.78561753738196E+003
1.2708868 1.16588020366548E+003 1.60489988310098E+003
1.3618115 1.06811566288484E+003 1.44693493601717E+003
1.4534610 9.79954339126190E+002 1.30843084881870E+003
1.5457546 9.00463511097664E+002 1.18661146433888E+003
1.6386236 8.28761282951825E+002 1.07913276913253E+003
1.7320075 7.64033723485639E+002 9.84015410382487E+002
1.8258543 7.05539579483784E+002 8.99583575787500E+002
1.9201186 6.52611008223773E+002 8.24416105382314E+002
2.0147601 6.04650713291043E+002 7.57305344033876E+002
2.1097440 5.61126158108812E+002 6.97221338596307E+002
2.2050388 5.21564776446358E+002 6.43284388590442E+002
2.3006174 4.85547326382555E+002 5.94740137194485E+002
2.3964555 4.52702512961758E+002 5.50940239324128E+002
2.4925310 4.22701814616251E+002 5.11326138297854E+002
2.5888248 3.95254030146108E+002 4.75414638795909E+002
2.6853193 3.70101412542642E+002 4.42787221635603E+002
2.7819988 3.47015229323386E+002 4.13079852917574E+002
2.8788497 3.25792465938351E+002 3.85975254502841E+002
2.9758588 3.06252855803094E+002 3.61196331724226E+002
3.0730149 2.88235812782161E+002 3.38500063659686E+002
3.1703074 2.71598418557337E+002 3.17673190484364E+002
3.2677268 2.56213023364904E+002 2.98527769107720E+002
3.3652646 2.41965593869286E+002 2.80897954375926E+002
3.4629133 2.28754010332748E+002 2.64636941353757E+002
3.5606650 2.16486916864457E+002 2.49614772098719E+002
3.6585133 2.05082122284952E+002 2.35715735877916E+002
3.7564523 1.94465787048842E+002 2.22836854018991E+002
3.8544764 1.84571420930176E+002 2.10886225288408E+002
3.9525810 1.75339018857539E+002 1.99781618629522E+002
4.0507604 1.66714512492571E+002 1.89449509500987E+002
4.1490108 1.58648872433725E+002 1.79823748560311E+002
4.2473280 1.51097729123374E+002 1.70844897070408E+002
4.3457083 1.44020835519303E+002 1.62459406688573E+002
4.4441489 1.37381602449596E+002 1.54618916292929E+002
4.5426454 1.31146839637127E+002 1.47279816318421E+002
4.6411954 1.25286226608462E+002 1.40402514843470E+002
4.7397961 1.19772140465012E+002 1.33951142279361E+002
4.8384450 1.14579356307013E+002 1.27893119744737E+002
4.9371399 1.09684787376241E+002 1.22198786740582E+002
5.0358779 1.05067365888139E+002 1.16841202807775E+002
5.1346571 1.00707715026152E+002 1.11795715086919E+002
5.2334756 9.65880757126695E+001 1.07039829723480E+002
5.3323316 9.26921325483105E+001 1.02552972107760E+002
5.4312238 8.90048624521016E+001 9.83162791206027E+001
5.5301496 8.55124836913621E+001 9.43125113443435E+001
5.6291079 8.22022425543179E+001 9.05257827796943E+001
5.7280973 7.90623876286381E+001 8.69415095646877E+001
5.8271164 7.60820645103681E+001 8.35462701202435E+001
5.9261644 7.32512240890991E+001 8.03276835914914E+001
6.0252392 7.05606049829496E+001 7.72743747878740E+001
6.1243401 6.80015886547974E+001 7.43757963327162E+001
6.2234659 6.55661962499988E+001 7.16222136317468E+001
6.3226158 6.32470224272202E+001 6.90046196014271E+001
6.4217891 6.10371776662504E+001 6.65146604114635E+001
6.5209840 5.89302868934195E+001 6.41446257780995E+001
6.6202001 5.69203872580751E+001 6.18873266294028E+001
6.7194366 5.50019352726133E+001 5.97360968640641E+001
6.8186927 5.31697637204197E+001 5.76847392267644E+001
6.9179682 5.14190440714921E+001 5.57274781281355E+001
7.0172613 4.97452926528078E+001 5.38589619518783E+001
7.1165720 4.81442961007870E+001 5.20741756574226E+001
7.2158999 4.66121155901374E+001 5.03684419577178E+001
7.3152432 4.51450935677658E+001 4.87374254452825E+001
7.4146030 4.37397569787083E+001 4.71770219990697E+001
7.5139770 4.23929043722164E+001 4.56834529676109E+001
7.6133666 4.11014827935415E+001 4.42531260864328E+001
7.7127702 3.98626646494161E+001 4.28827186172671E+001
7.8121865 3.86737936337100E+001 4.15691153931770E+001
7.9116168 3.75323407601432E+001 4.03093585453167E+001
8.0110589 3.64359713624299E+001 3.91007199096278E+001
8.1105143 3.53824475502209E+001 3.79405919265328E+001
8.2099815 3.43696929396952E+001 3.68265577281865E+001
8.3094593 3.33957507287391E+001 3.57563436951378E+001
8.4089492 3.24587494519508E+001 3.47277807936840E+001
8.5084489 3.15569596077478E+001 3.37388657933324E+001
8.6079599 3.06887151449430E+001 3.27876741818584E+001
8.7074812 2.98524680800727E+001 3.18724192686052E+001
8.8070112 2.90467553671784E+001 3.09914150785376E+001
8.9065517 2.82701717007255E+001 3.01430459682367E+001
9.0061006 2.75214174921407E+001 2.93258184447188E+001
9.1056593 2.67992348118577E+001 2.85382906131126E+001
9.2052267 2.61024536305301E+001 2.77791221432753E+001
9.3048016 2.54299652052459E+001 2.70470447202211E+001
9.4043856 2.47807001166022E+001 2.63408377226934E+001
9.5039766 2.41536690619567E+001 2.56593722136896E+001
9.6035763 2.35479099714546E+001 2.50015530452387E+001
9.7031836 2.29625273220241E+001 2.43663612581831E+001
9.8027972 2.23966704520644E+001 2.37528301819495E+001
9.9024188 2.18495155689951E+001 2.31600256575035E+001
10.0020464 2.13203005804029E+001 2.25870835255468E+001
10.1016817 2.08082809803722E+001 2.20331615844161E+001
10.2013235 2.03127634272773E+001 2.14974757255318E+001
10.3009707 1.98330878538203E+001 2.09792803407684E+001
10.4006251 1.93686125430087E+001 2.04778520217528E+001
10.5002846 1.89187440020932E+001 1.99925216447433E+001
10.5999509 1.84828998255773E+001 1.95226341112647E+001
10.6996230 1.80605375094772E+001 1.90675792876124E+001
10.7992996 1.76511395309807E+001 1.86267757539577E+001
10.8989827 1.72542008347905E+001 1.81996572106340E+001
10.9986702 1.68692545727753E+001 1.77857000626516E+001
11.0983637 1.64958405831450E+001 1.73843893868370E+001
11.1980623 1.61335302339836E+001 1.69952455476257E+001
11.2977649 1.57819138593830E+001 1.66178105783015E+001
11.3974732 1.54405901666374E+001 1.62516367282441E+001
11.4971853 1.51091885147904E+001 1.58963102865035E+001
11.5969029 1.47873419628601E+001 1.55514225871250E+001
11.6966250 1.44747087893270E+001 1.52165930127038E+001
11.7963505 1.41709618217167E+001 1.48914574768705E+001
11.8960812 1.38757793941075E+001 1.45756586881605E+001
11.9958151 1.35888647159197E+001 1.42688668180666E+001
12.0955540 1.33099226727437E+001 1.39707546244115E+001
12.1952970 1.30386785505283E+001 1.36810174238280E+001
12.2950428 1.27748689036248E+001 1.33993632718044E+001
12.3947934 1.25182337777268E+001 1.31255046196754E+001
12.4945468 1.22685336216165E+001 1.28591763237300E+001
12.5943047 1.20255291965469E+001 1.26001141652168E+001
12.6940662 1.17889979388952E+001 1.23480722677929E+001
12.7938302 1.15587260907949E+001 1.21028146636753E+001
12.8935986 1.13345019663954E+001 1.18641080934052E+001
12.9933693 1.11161307795635E+001 1.16317377645039E+001
13.0931443 1.09034171483942E+001 1.14054886961450E+001
13.1929224 1.06961794535852E+001 1.11851609729134E+001
13.2927027 1.04942430146176E+001 1.09705624536096E+001
13.3924871 1.02974342239827E+001 1.07615025174400E+001
13.4922734 1.01055935993507E+001 1.05578059094665E+001
13.5920637 9.91856047000168E+000 1.03592964518699E+001
13.6918568 9.73618562641599E+000 1.01658104570439E+001
13.7916517 9.55832536935508E+000 9.97719038650300E+000
13.8914504 9.38483637204276E+000 9.79327938763937E+000
13.9912508 9.21558721304307E+000 9.61393350551188E+000
14.0910548 9.05044490915845E+000 9.43900739046164E+000
14.1908615 8.88928610173232E+000 9.26836613833407E+000
14.2906697 8.73199183990469E+000 9.10187974557155E+000
14.3904813 8.57844305780820E+000 8.93941831147212E+000
14.4902944 8.42853080189802E+000 8.78086284901343E+000
14.5901109 8.28214433581816E+000 8.62609268706852E+000
14.6899298 8.13918106828560E+000 8.47499596074704E+000
14.7897500 7.99954195803069E+000 8.32746473844241E+000
14.8895734 7.86312751406112E+000 8.18339078825074E+000
14.9893980 7.72984689650783E+000 8.04267518236303E+000
15.0892259 7.59960736719377E+000 7.90521714605919E+000
15.1890558 7.47232313082793E+000 7.77092338468215E+000
15.2888878 7.34791009658795E+000 7.63970254444098E+000
15.3887200 7.22628933809782E+000 7.51146885435685E+000
15.4885562 7.10737775368548E+000 7.38613227214927E+000
15.5883943 6.99110187380628E+000 7.26361303540263E+000
15.6882343 6.87738842650716E+000 7.14383170672831E+000
15.7880763 6.76616658417131E+000 7.02671153689728E+000
15.8879183 6.65736992104448E+000 6.91218051922213E+000
15.9877640 6.55092806823120E+000 6.80016259975352E+000
16.0876115 6.44677907602517E+000 6.69059068579701E+000
16.1874608 6.34486098558142E+000 6.58339776766426E+000
16.2873119 6.24511384762581E+000 6.47851903935478E+000
16.3871628 6.14748148896869E+000 6.37589375050453E+000
16.4870172 6.05190403144422E+000 6.27545733895579E+000
16.5868734 5.95832899407668E+000 6.17715309650625E+000
16.6867312 5.86670373860675E+000 6.08092422363931E+000
16.7865905 5.77697728792389E+000 5.98671573753212E+000
16.8864496 5.68910192378181E+000 5.89447614528402E+000
16.9863121 5.60302645923604E+000 5.80415037932698E+000
17.0861762 5.51870623789602E+000 5.71569029001221E+000
17.1860417 5.43609634152726E+000 5.62904751235342E+000
17.2859087 5.35515323211991E+000 5.54417518698921E+000
17.3857753 5.27583620011794E+000 5.46102947529766E+000
17.4856452 5.19810129661959E+000 5.37956319645044E+000
17.5855166 5.12191036398593E+000 5.29973529136578E+000
17.6853893 5.04722491064294E+000 5.22150439904132E+000
17.7852633 4.97400759743493E+000 5.14483041257615E+000
17.8851368 4.90222355317857E+000 5.06967585409838E+000
17.9850136 4.83183488669267E+000 4.99600012736622E+000
18.0848916 4.76280886386974E+000 4.92376807674965E+000
18.1847709 4.69511236876876E+000 4.85294418600713E+000
18.2846515 4.62871325212623E+000 4.78349398847888E+000
18.3845314 4.56358152889354E+000 4.71538531744649E+000
18.4844144 4.49968440162690E+000 4.64858310069264E+000
18.5842986 4.43699368307548E+000 4.58305712073227E+000
18.6841841 4.37548077426024E+000 4.51877676154661E+000
18.7840706 4.31511789065141E+000 4.45571228951184E+000
18.8839565 4.25587915449474E+000 4.39383599282341E+000
18.9838453 4.19773607066517E+000 4.33311745484311E+000
19.0837353 4.14066428032133E+000 4.27353060715921E+000
19.1836263 4.08463899635788E+000 4.21504896033742E+000
19.2835185 4.02963612074155E+000 4.15764676997720E+000
19.3834098 3.97563324283491E+000 4.10130007712254E+000
19.4833041 3.92260551685083E+000 4.04598240594581E+000
19.5831994 3.87053182071739E+000 3.99167118887431E+000
19.6830957 3.81939059742569E+000 3.93834342624731E+000
19.7829930 3.76916087529200E+000 3.88597675003779E+000
19.8828894 3.71982318211048E+000 3.83455037569602E+000
19.9827887 3.67135578011813E+000 3.78404117705520E+000
20.0826889 3.62374029454339E+000 3.73442955231664E+000
20.1825901 3.57695791622975E+000 3.68569546493030E+000
20.2824922 3.53099033511350E+000 3.63781941593141E+000
20.3823934 3.48582057884762E+000 3.59078331639044E+000
20.4822973 3.44142956692138E+000 3.54456689862310E+000
20.5822022 3.39780126513573E+000 3.49915308295355E+000
20.6821079 3.35491921069059E+000 3.45452435841222E+000
20.7820145 3.31276736789826E+000 3.41066367327447E+000
20.8819201 3.27133089889130E+000 3.36755523618951E+000
20.9818284 3.23059300341738E+000 3.32518122803726E+000
21.0817375 3.19053964845466E+000 3.28352672182289E+000
21.1816475 3.15115638188916E+000 3.24257636711238E+000
21.2815583 3.11242911839037E+000 3.20231520718833E+000
21.3814680 3.07434484892392E+000 3.16272941597712E+000
21.4813803 3.03688873690490E+000 3.12380327937618E+000
21.5812935 3.00004846614154E+000 3.08552371415992E+000
21.6812074 2.96381131344446E+000 3.04787722461162E+000
21.7811221 2.92816487164735E+000 3.01085065370084E+000
21.8810357 2.89309770387025E+000 2.97443186210092E+000
21.9809519 2.85859667028135E+000 2.93860695164319E+000
22.0808688 2.82465093237657E+000 2.90336442355648E+000
22.1807864 2.79124925847429E+000 2.86869237963546E+000
22.2807048 2.75838069004718E+000 2.83457921397045E+000
22.3806219 2.72603514600758E+000 2.80101423962839E+000
22.4805416 2.69420095739490E+000 2.76798513018031E+000
22.5804621 2.66286856152945E+000 2.73548175281019E+000
22.6803832 2.63202801745216E+000 2.70349358969117E+000
22.7803050 2.60166962102478E+000 2.67201037604196E+000
22.8802255 2.57178446392089E+000 2.64102267941745E+000
22.9801486 2.54236215620228E+000 2.61051953809040E+000
23.0800723 2.51339424001862E+000 2.58049200042919E+000
23.1799967 2.48487189473071E+000 2.55093074502326E+000
23.2799217 2.45678650562036E+000 2.52182667018278E+000
23.3798454 2.42913018175642E+000 2.49317143023805E+000
23.4797716 2.40189364871436E+000 2.46495525200574E+000
23.5796984 2.37506940813740E+000 2.43717020825121E+000
23.6796259 2.34864961460117E+000 2.40980801758447E+000
23.7795539 2.32262660223704E+000 2.38286058994703E+000
23.8794806 2.29699336519282E+000 2.35632052384101E+000
23.9794098 2.27174160473852E+000 2.33017908423372E+000
24.0793395 2.24686465808424E+000 2.30442923480550E+000
24.1792698 2.22235553105738E+000 2.27906360078725E+000
24.2792007 2.19820738647400E+000 2.25407497447893E+000
24.3791302 2.17441399051872E+000 2.22945677690948E+000
24.4790621 2.15096790021169E+000 2.20520118238055E+000
24.5789946 2.12786318233030E+000 2.18130193148605E+000
24.6789277 2.10509358772303E+000 2.15775244193182E+000
24.7788612 2.08265300485236E+000 2.13454627769302E+000
24.8787934 2.06053587507110E+000 2.11167757823735E+000
24.9787279 2.03873550793830E+000 2.08913931651941E+000
25.0786630 2.01724660886204E+000 2.06692591238625E+000
25.1785986 1.99606358240496E+000 2.04503147804959E+000
25.2785347 1.97518095406120E+000 2.02345025410611E+000
25.3784693 1.95459375710063E+000 2.00217700913229E+000
25.4784064 1.93429596454575E+000 1.98120541934907E+000
25.5783439 1.91428284219727E+000 1.96053049994966E+000
25.6782819 1.89454936962649E+000 1.94014697332034E+000
25.7782204 1.87509063293155E+000 1.92004967481071E+000
25.8781574 1.85590218555060E+000 1.90023392522209E+000
25.9780968 1.83697858687479E+000 1.88069402159752E+000
26.0780366 1.81831559559871E+000 1.86142550218302E+000
26.1779769 1.79990869827127E+000 1.84242362674239E+000
26.2779176 1.78175347549678E+000 1.82368375466815E+000
26.3778568 1.76384593887903E+000 1.80520169263233E+000
26.4777984 1.74618116726899E+000 1.78697228704274E+000
26.5777404 1.72875535386654E+000 1.76899153674199E+000
26.6776829 1.71156443323710E+000 1.75125517586033E+000
26.7776257 1.69460442317553E+000 1.73375902659600E+000
26.8775671 1.67787173973151E+000 1.71649932407360E+000
26.9775108 1.66136192299330E+000 1.69947140196388E+000
27.0774549 1.64507155002867E+000 1.68267166560747E+000
27.1773994 1.62899695218763E+000 1.66609626881761E+000
27.2773442 1.61313453462849E+000 1.64974144342693E+000
27.3772876 1.59748107118664E+000 1.63360380319989E+000
27.4772333 1.58203251239425E+000 1.61767911495869E+000
27.5771793 1.56678577516320E+000 1.60196414356474E+000
27.6771257 1.55173754300173E+000 1.58645541493772E+000
27.7770725 1.53688456500781E+000 1.57114952426111E+000
27.8770178 1.52222393217618E+000 1.55604342061809E+000
27.9769653 1.50775196106139E+000 1.54113325671463E+000
28.0769132 1.49346587005418E+000 1.52641611604041E+000
28.1768615 1.47936265585538E+000 1.51188885512760E+000
28.2768101 1.46543937356926E+000 1.49754839212473E+000
28.3767572 1.45169339589449E+000 1.48339197366876E+000
28.4767065 1.43812136646635E+000 1.46941609695971E+000
28.5766562 1.42472077164343E+000 1.45561812843635E+000
28.6766062 1.41148888721746E+000 1.44199521896890E+000
28.7765565 1.39842304108574E+000 1.42854457434921E+000
28.8765053 1.38552085663842E+000 1.41526370577087E+000
28.9764563 1.37277927037507E+000 1.40214941860049E+000
29.0764077 1.36019600728603E+000 1.38919933102480E+000
29.1763593 1.34776859234234E+000 1.37641085646861E+000
29.2763113 1.33549459708915E+000 1.36378145740445E+000
29.3762617 1.32337186842278E+000 1.35130888068757E+000
29.4762144 1.31139760557546E+000 1.33899020789426E+000
29.5761673 1.29956974643281E+000 1.32682328161469E+000
29.6761206 1.28788603885202E+000 1.31480574991838E+000
29.7760741 1.27634427239583E+000 1.30293530475781E+000
29.8760261 1.26494249358604E+000 1.29120990329278E+000
29.9759803 1.25367813779581E+000 1.27962687513566E+000
30.0759347 1.24254933318054E+000 1.26818426326455E+000
30.1758895 1.23155402732279E+000 1.25687992583326E+000
30.2758445 1.22069020521679E+000 1.24571176032788E+000
30.3757980 1.20995609198925E+000 1.23467791191415E+000
30.4757536 1.19934933563755E+000 1.22377593334958E+000
30.5757095 1.18886823465629E+000 1.21300404686539E+000
30.6756657 1.17851091591051E+000 1.20236029904221E+000
30.7756221 1.16827553988230E+000 1.19184277177521E+000
30.8755770 1.15816049176384E+000 1.18144977858794E+000
30.9755340 1.14816361133732E+000 1.17117907334688E+000
31.0754913 1.13828334984575E+000 1.16102903890002E+000
31.1754469 1.12851818053077E+000 1.15099808132472E+000
31.2754067 1.11886586619707E+000 1.14108387763613E+000
31.3753629 1.10932549124054E+000 1.13128546298614E+000
31.4753231 1.09989470471604E+000 1.12160039894733E+000
31.5752798 1.09057263156636E+000 1.11202776346887E+000
31.6752368 1.08135734329846E+000 1.10256555326114E+000
31.7751978 1.07224695499101E+000 1.09321181049533E+000
31.8751552 1.06324064898440E+000 1.08396567368617E+000
31.9751168 1.05433625153421E+000 1.07482488966832E+000
32.0750747 1.04553298109487E+000 1.06578863505292E+000
32.1750329 1.03682906035444E+000 1.05685506478275E+000
32.2749952 1.02822275178958E+000 1.04802237528323E+000
32.3749539 1.01971332500719E+000 1.03928979711090E+000
32.4749166 1.01129876737480E+000 1.03065524541474E+000
32.5748758 1.00297838070256E+000 1.02211798470357E+000
32.6748352 9.94750524807843E-001 1.01367631333918E+000
32.7747986 9.86613595898237E-001 1.00532856759551E+000
32.8747585 9.78566941422539E-001 9.97074060086089E-001
32.9747223 9.70608695461367E-001 9.88910859119645E-001
33.0746827 9.62738234211307E-001 9.80838307603032E-001
33.1746432 9.54954042064120E-001 9.72854834092732E-001
33.2746078 9.47254636743633E-001 9.64958901847030E-001
33.3745687 9.39639435209528E-001 9.57149896716655E-001
33.4745337 9.32106705346492E-001 9.49426026594689E-001
33.5744951 9.24655889804269E-001 9.41786704389673E-001
33.6744568 9.17285586312219E-001 9.34230477026485E-001
33.7744224 9.09994423175126E-001 9.26755923240268E-001
33.8743844 9.02781879488416E-001 9.19362494316541E-001
33.9743505 8.95646345347729E-001 9.12048525550985E-001
34.0743130 8.88587322828924E-001 9.04813492421690E-001
34.1742756 8.81603512925110E-001 8.97656049627924E-001
34.2742423 8.74693644715852E-001 8.90574881070472E-001
34.3742054 8.67857252894129E-001 8.83569496557306E-001
34.4741725 8.61092839337937E-001 8.76638347837133E-001
34.5741359 8.54399959316220E-001 8.69780966369605E-001
34.6740996 8.47777408039908E-001 8.62996105122627E-001
34.7740673 8.41224006555469E-001 8.56282543908176E-001
34.8740313 8.34739339349302E-001 8.49639844924363E-001
34.9739994 8.28322010685597E-001 8.43066566514832E-001
35.0739638 8.21971623490199E-001 8.36562290273055E-001
35.1739284 8.15687059056122E-001 8.30125858892643E-001
35.2738971 8.09467222473108E-001 8.23756139777536E-001
35.3738621 8.03311742861702E-001 8.17452742068386E-001
35.4738310 7.97219318393063E-001 8.11214321814247E-001
35.5737964 7.91189594726316E-001 8.05040505544897E-001
35.6737620 7.85221531908188E-001 7.98930217990047E-001
35.7737315 7.79314111932641E-001 7.92882406655506E-001
35.8736974 7.73467003962468E-001 7.86896722778862E-001
35.9736673 7.67678992412377E-001 7.80971912086080E-001
36.0736335 7.61949761290444E-001 7.75107641417753E-001
36.1735999 7.56278342786119E-001 7.69302910607704E-001
36.2735704 7.50663789355834E-001 7.63556740509827E-001
36.3735371 7.45105806112719E-001 7.57868820143152E-001
36.4735079 7.39603256778637E-001 7.52237977648765E-001
36.5734750 7.34155859801802E-001 7.46663916056615E-001
36.6734423 7.28762713541853E-001 7.41145704046378E-001
36.7734135 7.23422935096735E-001 7.35682429721263E-001
36.8733811 7.18136261879233E-001 7.30273816033725E-001
36.9733527 7.12901630630956E-001 7.24918766962073E-001
37.0733206 7.07718790751323E-001 7.19617018048891E-001
37.1732887 7.02586901366793E-001 7.14367701161602E-001
37.2732608 6.97505138949390E-001 7.09169966137557E-001
37.3732292 6.92473269950821E-001 7.04023566427493E-001
37.4732015 6.87490298425279E-001 6.98927475880030E-001
37.5731702 6.82556001605750E-001 6.93881459266676E-001
37.6731391 6.77669594490292E-001 6.88884706519929E-001
37.7731119 6.72830308151928E-001 6.83936424216924E-001
37.8730811 6.68037935165654E-001 6.79036393236684E-001
37.9730543 6.63291541710675E-001 6.74183651877946E-001
38.0730237 6.58590930064677E-001 6.69377991205209E-001
38.1729934 6.53935366656500E-001 6.64618654571820E-001
38.2729669 6.49324132829223E-001 6.59904900765823E-001
38.3729369 6.44757044671339E-001 6.55236535347925E-001
38.4729107 6.40233225765476E-001 6.50612656136747E-001
38.5728809 6.35752500936655E-001 6.46033077862010E-001
38.6728513 6.31314184010611E-001 6.41497093081841E-001
38.7728256 6.26917602665609E-001 6.37004008683007E-001
38.8727962 6.22562594165202E-001 6.32553652448059E-001
38.9727708 6.18248335192394E-001 6.28145177225037E-001
39.0727417 6.13974670880974E-001 6.23778419054537E-001
39.1727127 6.09740958784637E-001 6.19452715867128E-001
39.2726877 6.05546569337235E-001 6.15167418909623E-001
39.3726590 6.01391358880071E-001 6.10922375981234E-001
39.4726343 5.97274553269915E-001 6.06716790864223E-001
39.5726059 5.93196015940811E-001 6.02550518798619E-001
39.6725776 5.89155144833246E-001 5.98422939599495E-001
39.7725533 5.85151349876217E-001 5.94333445470356E-001
39.8725252 5.81184504605940E-001 5.90281902248272E-001
39.9725012 5.77253880465428E-001 5.86267560910334E-001
40.0724734 5.73359357385207E-001 5.82290294000622E-001
40.1724458 5.69500370646160E-001 5.78349520040307E-001
40.2724221 5.65676366699086E-001 5.74444669087673E-001
40.3723947 5.61887234583305E-001 5.70575623240360E-001
40.4723712 5.58132288046378E-001 5.66741677251604E-001
40.5723441 5.54411421893976E-001 5.62942719266558E-001
40.6723171 5.50724105966451E-001 5.59178203612677E-001
40.7722940 5.47069820521660E-001 5.55447595372456E-001
40.8722673 5.43448468580544E-001 5.51750791306397E-001
40.9722444 5.39859403189742E-001 5.48087126814677E-001
41.0722179 5.36302532571472E-001 5.44456504112095E-001
41.1721915 5.32777358584013E-001 5.40858410683620E-001
41.2721690 5.29283392810781E-001 5.37292344049988E-001
41.3721428 5.25820550884902E-001 5.33758214197084E-001
41.4721206 5.22388222396418E-001 5.30255394304435E-001
41.5720946 5.18986327670840E-001 5.26783799278185E-001
41.6720688 5.15614398258967E-001 5.23342947338593E-001
41.7720469 5.12271974798923E-001 5.19932366079425E-001
41.8720213 5.08958984302450E-001 5.16551977417567E-001
41.9719996 5.05674850373519E-001 5.13201189681074E-001
42.0719743 5.02419504257607E-001 5.09879929225955E-001
42.1719490 4.99192505068034E-001 5.06587742790221E-001
42.2719276 4.95993420417248E-001 5.03324185874951E-001
42.3719026 4.92822187583585E-001 5.00089191161610E-001
42.4718815 4.89678261860547E-001 4.96882199710487E-001
42.5718566 4.86561584346534E-001 4.93703148208365E-001
42.6718319 4.83471739764262E-001 4.90551609878634E-001
42.7718111 4.80408320792548E-001 4.87427166144480E-001
42.8717866 4.77371273973152E-001 4.84329759400049E-001
42.9717660 4.74360084150862E-001 4.81258861216199E-001
43.0717417 4.71374701314136E-001 4.78214417600987E-001
43.1717175 4.68414734002241E-001 4.75196026398520E-001
43.2716972 4.65479798208715E-001 4.72203293132405E-001
43.3716732 4.62569848833133E-001 4.69236168960187E-001
43.4716531 4.59684398302512E-001 4.66294153918410E-001
43.5716293 4.56823404625914E-001 4.63377202425133E-001
43.6716056 4.53986498511743E-001 4.60484935232599E-001
43.7715858 4.51173317658448E-001 4.57616980291464E-001
43.8715623 4.48383824505349E-001 4.54773296665410E-001
43.9715428 4.45617557246578E-001 4.51953410972559E-001
44.0715195 4.42874481126192E-001 4.49157285217821E-001
44.1714963 4.40154247506423E-001 4.46384561487064E-001
44.2714770 4.37456514309676E-001 4.43634888619292E-001
44.3714539 4.34781250775567E-001 4.40908232809679E-001
44.4714348 4.32128019190455E-001 4.38204145520170E-001
44.5714120 4.29496791323111E-001 4.35522595598529E-001
44.6713893 4.26887237794414E-001 4.32863245015224E-001
44.7713704 4.24299035386977E-001 4.30225762081326E-001
44.8713479 4.21732159471927E-001 4.27610119423078E-001
44.9713293 4.19186194880844E-001 4.25015891741916E-001
45.0713069 4.16661119264672E-001 4.22443054055583E-001
45.1712846 4.14156621217111E-001 4.19891286884306E-001
45.2712662 4.11672395123948E-001 4.17360276706357E-001
45.3712441 4.09208421882623E-001 4.14850001945378E-001
45.4712259 4.06764307439669E-001 4.12360059059689E-001
45.5712040 4.04340034746627E-001 4.09890428628137E-001
45.6711822 4.01935309183859E-001 4.07440808489874E-001
45.7711643 3.99549841580558E-001 4.05010902087004E-001
45.8711426 3.97183617812533E-001 4.02600693066983E-001
45.9711248 3.94836263617695E-001 4.00209798273606E-001
46.0711034 3.92507766721517E-001 3.97838203295568E-001
46.1710820 3.90197848195790E-001 3.95485622154950E-001
46.2710644 3.87906234242100E-001 3.93151774146886E-001
46.3710432 3.85632915218271E-001 3.90836647623189E-001
46.4710259 3.83377535427631E-001 3.88539878543398E-001
46.5710048 3.81140086892420E-001 3.86261457006721E-001
46.6709838 3.78920305363661E-001 3.84001112168747E-001
46.7709667 3.76717931425385E-001 3.81758578151344E-001
46.8709459 3.74532959467612E-001 3.79533847540024E-001
46.9709290 3.72365051222517E-001 3.77326574233410E-001
47.0709083 3.70214202576600E-001 3.75136752388723E-001
47.1708877 3.68080163023830E-001 3.72964125324729E-001
47.2708710 3.65962686614855E-001 3.70808441040974E-001
47.3708506 3.63861771364067E-001 3.68669695930034E-001
47.4708341 3.61777095377867E-001 3.66547560738246E-001
47.5708138 3.59708658014836E-001 3.64442033270598E-001
47.6707936 3.57656221645055E-001 3.62352870111060E-001
47.7707773 3.55619552937795E-001 3.60279832258443E-001
47.8707573 3.53598653161944E-001 3.58222919525516E-001
47.9707411 3.51593215818693E-001 3.56181818493168E-001
48.0707212 3.49603243382958E-001 3.54156530242094E-001
48.1707014 3.47628510297727E-001 3.52146823789727E-001
48.2706855 3.45668795065040E-001 3.50152472320422E-001
48.3706658 3.43724101872689E-001 3.48173478716194E-001
48.4706500 3.41794138706297E-001 3.46209544451142E-001
48.5706305 3.39878910834307E-001 3.44260673544103E-001
48.6706110 3.37978204027734E-001 3.42326646674941E-001
48.7705955 3.36091807892516E-001 3.40407248459122E-001
48.8705762 3.34219729230782E-001 3.38502484529447E-001
48.9705608 3.32361689665717E-001 3.36612070377872E-001
49.0705416 3.30517696966291E-001 3.34736012655027E-001
49.1705225 3.28687547540200E-001 3.32874102987845E-001
49.2705073 3.26871041420698E-001 3.31026136722875E-001
49.3704883 3.25068187747763E-001 3.29192121954633E-001
49.4704733 3.23278720993704E-001 3.27371787378284E-001
49.5704545 3.21502651162006E-001 3.25565141998146E-001
49.6704357 3.19739784654857E-001 3.23771987723987E-001
49.7704208 3.17989931304292E-001 3.21992129983348E-001
49.8704022 3.16253102337081E-001 3.20225579070013E-001
49.9703875 3.14529044340035E-001 3.18472076123588E-001
50.0703690 3.12817769309583E-001 3.16731632249560E-001
50.1703506 3.11119093045426E-001 3.15004059023270E-001
50.2703361 3.09432834594011E-001 3.13289171349074E-001
50.3703178 3.07759007040890E-001 3.11586981481686E-001
50.4703034 3.06097368402363E-001 3.09897242297883E-001
50.5702853 3.04447932448404E-001 3.08219966774988E-001
50.6702672 3.02810523820825E-001 3.06554975579861E-001
50.7702530 3.01184970236769E-001 3.04902092531718E-001
50.8702350 2.99571286433462E-001 3.03261331629733E-001
50.9702209 2.97969241217455E-001 3.01632456828073E-001
51.0702031 2.96378849932967E-001 3.00015482767595E-001
51.1701853 2.94799945546822E-001 2.98410238672395E-001
51.2701714 2.93232363940578E-001 2.96816556753470E-001
51.3701538 2.91676121314996E-001 2.95234452557817E-001
51.4701400 2.90130996669905E-001 2.93663700501056E-001
51.5701225 2.88597006742713E-001 2.92104316698343E-001
51.6701050 2.87073992343464E-001 2.90556138433380E-001
51.7700914 2.85561797046357E-001 2.89019005821690E-001
51.8700741 2.84060438344763E-001 2.87492935779452E-001
51.9700606 2.82569704873888E-001 2.85977712608303E-001
52.0700434 2.81089614599842E-001 2.84473353725792E-001
52.1700263 2.79620015726649E-001 2.82979704011374E-001
52.2700130 2.78160759081223E-001 2.81496611030884E-001
52.3699959 2.76711863294260E-001 2.80024092907393E-001
52.4699827 2.75273126114570E-001 2.78561943290564E-001
52.5699658 2.73844566587531E-001 2.77110180744159E-001
52.6699489 2.72426039891976E-001 2.75668657310725E-001
52.7699359 2.71017403696999E-001 2.74237227582684E-001
52.8699192 2.69618677629549E-001 2.72815910742558E-001
52.9699063 2.68229668063723E-001 2.71404509284702E-001
53.0698897 2.66850394988409E-001 2.70003042777206E-001
53.1698731 2.65480720165854E-001 2.68611370021850E-001
53.2698603 2.64120507723961E-001 2.67229352242078E-001
53.3698439 2.62769778157790E-001 2.65857009545928E-001
53.4698313 2.61428346009385E-001 2.64494152801204E-001
53.5698149 2.60096232087840E-001 2.63140802451438E-001
53.6697986 2.58773304373102E-001 2.61796823680403E-001
53.7697861 2.57459433093630E-001 2.60462083973040E-001
53.8697699 2.56154639496202E-001 2.59136604241247E-001
53.9697576 2.54858745862217E-001 2.57820203284776E-001
54.0697415 2.53571773708978E-001 2.56512902305539E-001
54.1697254 2.52293596892185E-001 2.55214572516685E-001
54.2697133 2.51024091405854E-001 2.53925087319221E-001
54.3696973 2.49763279142790E-001 2.52644468318413E-001
54.4696852 2.48510989721799E-001 2.51372541832054E-001
54.5696694 2.47267245266715E-001 2.50109329714133E-001
54.6696536 2.46031925189046E-001 2.48854708877358E-001
54.7696417 2.44804910934899E-001 2.47608558315664E-001
54.8696260 2.43586224947151E-001 2.46370900227369E-001
54.9696142 2.42375703804831E-001 2.45141568060009E-001
55.0695986 2.41173370145997E-001 2.43920584223139E-001
55.1695831 2.39979108638429E-001 2.42707831020329E-001
55.2695714 2.38792805886804E-001 2.41503192735968E-001
55.3695560 2.37614484796994E-001 2.40306692070375E-001
55.4695444 2.36443988554069E-001 2.39118169236311E-001
55.5695291 2.35281340226551E-001 2.37937647111313E-001
55.6695138 2.34126429457863E-001 2.36765013100693E-001
55.7695023 2.32979147736257E-001 2.35600156495986E-001
55.8694872 2.31839518351596E-001 2.34443100416884E-001
55.9694758 2.30707390762198E-001 2.33293691498981E-001
56.0694607 2.29582788391080E-001 2.32151953008332E-001
56.1694457 2.28465605594242E-001 2.31017777181043E-001
56.2694345 2.27355738485680E-001 2.29891058050255E-001
56.3694196 2.26253210667624E-001 2.28771819080105E-001
56.4694085 2.25157877558747E-001 2.27659913007188E-001
56.5693936 2.24069762867691E-001 2.26555363414029E-001
56.6693788 2.22988765416267E-001 2.25458067113438E-001
56.7693678 2.21914785702356E-001 2.24367922631137E-001
56.8693531 2.20847847575633E-001 2.23284953707779E-001
56.9693423 2.19787812120776E-001 2.22209018878287E-001
57.0693276 2.18734703269654E-001 2.21140141976350E-001
57.1693130 2.17688424078276E-001 2.20078224153074E-001
57.2693023 2.16648879201376E-001 2.19023168193066E-001
57.3692878 2.15616092677283E-001 2.17974998051961E-001
57.4692772 2.14589930979601E-001 2.16933577778167E-001
57.5692628 2.13570418206928E-001 2.15898931397404E-001
57.6692484 2.12557461431955E-001 2.14870964175221E-001
57.7692379 2.11550969253031E-001 2.13849582935682E-001
57.8692236 2.10550965843935E-001 2.12834811793692E-001
57.9692132 2.09557322806222E-001 2.11826520042942E-001
58.0691990 2.08570064354109E-001 2.10824731847653E-001
58.1691849 2.07589101372565E-001 2.09829356377527E-001
58.2691746 2.06614346203161E-001 2.08840304289923E-001
58.3691605 2.05645823107016E-001 2.07857599808625E-001
58.4691503 2.04683408567687E-001 2.06881117219906E-001
58.5691363 2.03727126868819E-001 2.05910880778093E-001
58.6691224 2.02776892515467E-001 2.04946803359365E-001
58.7691123 2.01832621403983E-001 2.03988799260568E-001
58.8690985 2.00894337839372E-001 2.03036892768823E-001
58.9690885 1.99961922955282E-001 2.02090962924771E-001
59.0690747 1.99035401063067E-001 2.01151034029119E-001
59.1690610 1.98114690107064E-001 2.00217022478605E-001
59.2690511 1.97199709361113E-001 1.99288846027264E-001
59.3690374 1.96290483134891E-001 1.98366528984438E-001
59.4690277 1.95386896993332E-001 1.97449954920441E-001
59.5690141 1.94488975237884E-001 1.96539148142911E-001
59.6690006 1.93596639081965E-001 1.95634028394180E-001
59.7689909 1.92709811010003E-001 1.94734516713900E-001
59.8689774 1.91828515301012E-001 1.93840637396565E-001
59.9689678 1.90952641744664E-001 1.92952278330106E-001
60.0689545 1.90082214598617E-001 1.92069463793535E-001
60.1689411 1.89217158185077E-001 1.91192116710035E-001
60.2689316 1.88357398041851E-001 1.90320161243317E-001
60.3689184 1.87502958385497E-001 1.89453621639641E-001
60.4689090 1.86653733035336E-001 1.88592389904321E-001
60.5688958 1.85809746174772E-001 1.87736490255745E-001
60.6688827 1.84970925083741E-001 1.86885848642741E-001
60.7688734 1.84137198205282E-001 1.86040392200858E-001
60.8688603 1.83308589664927E-001 1.85200145098113E-001
60.9688511 1.82484997127295E-001 1.84365003268026E-001
61.0688381 1.81666444674180E-001 1.83534990839609E-001
61.1688251 1.80852862400832E-001 1.82710036641041E-001
61.2688160 1.80044181515826E-001 1.81890070636215E-001
61.3688031 1.79240426028054E-001 1.81075116887965E-001
61.4687941 1.78441497273126E-001 1.80265075079198E-001
61.5687813 1.77647419206722E-001 1.79459969223767E-001
61.6687685 1.76858124605056E-001 1.78659730891227E-001
61.7687596 1.76073547310448E-001 1.77864292738477E-001
61.8687469 1.75293711192233E-001 1.77073678699040E-001
61.9687381 1.74518521092126E-001 1.76287792036088E-001
62.0687254 1.73748000817778E-001 1.75506656625246E-001
62.1687128 1.72982085699569E-001 1.74730206647249E-001
62.2687041 1.72220712089174E-001 1.73958377324288E-001
62.3686916 1.71463903695906E-001 1.73191192439011E-001
62.4686829 1.70711568711529E-001 1.72428558674832E-001
62.5686704 1.69963730776130E-001 1.71670499748545E-001
62.6686580 1.69220327654517E-001 1.70916952329157E-001
62.7686494 1.68481298090245E-001 1.70167854083567E-001
62.8686371 1.67746665614391E-001 1.69423228624325E-001
62.9686286 1.67016341621000E-001 1.68682985903598E-001
63.0686163 1.66290349565219E-001 1.67947149461001E-001
63.1686040 1.65568629533160E-001 1.67215658337719E-001
63.2685918 1.64851149838883E-001 1.66488480189664E-001
63.3685872 1.64137824820580E-001 1.65765527972079E-001
63.4685751 1.63428732192348E-001 1.65046880223523E-001
63.5685630 1.62723786530462E-001 1.64332450145438E-001
63.6685509 1.62022957265053E-001 1.63622206536979E-001
63.7685388 1.61326214098022E-001 1.62916118475660E-001
63.8685344 1.60633474305561E-001 1.62214101914689E-001
63.9685224 1.59944813820036E-001 1.61516233590390E-001
64.0685105 1.59260150138877E-001 1.60822429684771E-001
64.1684986 1.58579454023152E-001 1.60132660360098E-001
64.2684867 1.57902696491896E-001 1.59446896042806E-001
64.3684824 1.57229797632894E-001 1.58765055554565E-001
64.4684706 1.56560831641305E-001 1.58087213874392E-001
64.5684588 1.55895718810461E-001 1.57413290036549E-001
64.6684470 1.55234431164956E-001 1.56743255497133E-001
64.7684353 1.54576940974344E-001 1.56077081963047E-001
64.8684312 1.53923171018105E-001 1.55414691001597E-001
64.9684195 1.53273193797776E-001 1.54756155878507E-001
65.0684079 1.52626932283750E-001 1.54101398358566E-001
65.1683963 1.51984359700627E-001 1.53450391126435E-001
65.2683847 1.51345449505703E-001 1.52803107104984E-001
65.3683808 1.50710127056353E-001 1.52159470490616E-001
65.4683692 1.50078463203145E-001 1.51519552878832E-001
65.5683578 1.49450383480725E-001 1.50883278649434E-001
65.6683463 1.48825862253809E-001 1.50250621654123E-001
65.7683349 1.48204874108248E-001 1.49621555970938E-001
65.8683311 1.47587346871265E-001 1.48996008314741E-001
65.9683197 1.46973349784160E-001 1.48374048652949E-001
66.0683084 1.46362810838707E-001 1.47755603870690E-001
66.1682971 1.45755705483251E-001 1.47140648928695E-001
66.2682858 1.45152009376367E-001 1.46529159002826E-001
66.3682821 1.44551652712492E-001 1.45921063221345E-001
66.4682709 1.43954703164413E-001 1.45316429964763E-001
66.5682597 1.43361091079251E-001 1.44715188519352E-001
66.6682485 1.42770792935683E-001 1.44117314900140E-001
66.7682374 1.42183785412319E-001 1.43522785326718E-001
66.8682339 1.41600000973276E-001 1.42931531240914E-001
66.9682228 1.41019505762637E-001 1.42343619476571E-001
67.0682118 1.40442232386128E-001 1.41758981622101E-001
67.1682007 1.39868158302444E-001 1.41177594695173E-001
67.2681897 1.39297261160491E-001 1.40599435908040E-001
67.3681864 1.38729475601337E-001 1.40024438921210E-001
67.4681754 1.38164866279222E-001 1.39452669061146E-001
67.5681645 1.37603367966491E-001 1.38884060124276E-001
67.6681536 1.37044959054339E-001 1.38318590082135E-001
67.7681428 1.36489618114988E-001 1.37756237091418E-001
67.8681396 1.35937281878264E-001 1.37196936941083E-001
67.9681288 1.35388013546487E-001 1.36640753488558E-001
68.0681180 1.34841749971114E-001 1.36087622648765E-001
68.1681072 1.34298470430946E-001 1.35537523301034E-001
68.2680965 1.33758154377134E-001 1.34990434500951E-001
68.3680934 1.33220740544338E-001 1.34446294080075E-001
68.4680827 1.32686290719956E-001 1.33905164464222E-001
68.5680721 1.32154743751279E-001 1.33366983601622E-001
68.6680615 1.31626079762280E-001 1.32831731235864E-001
68.7680509 1.31100279041080E-001 1.32299387278373E-001
68.8680479 1.30577282247291E-001 1.31769891521613E-001
68.9680374 1.30057149789464E-001 1.31243304996274E-001
69.0680269 1.29539822431434E-001 1.30719567602818E-001
69.1680164 1.29025281102227E-001 1.30198659907929E-001
69.2680059 1.28513506887254E-001 1.29680562638169E-001
69.3680031 1.28004442295007E-001 1.29165217469118E-001
69.4679927 1.27498146390359E-001 1.28652684071922E-001
69.5679823 1.26994561778171E-001 1.28142904222058E-001
69.6679719 1.26493670154568E-001 1.27635859270381E-001
69.7679615 1.25995453364719E-001 1.27131530720089E-001
69.8679589 1.25499855693518E-001 1.26629862055787E-001
69.9679486 1.25006934896435E-001 1.26130911623755E-001
70.0679383 1.24516635347405E-001 1.25634623000930E-001
70.1679281 1.24028939473736E-001 1.25140978285502E-001
70.2679178 1.23543829844828E-001 1.24649959720882E-001
70.3679153 1.23061252452913E-001 1.24161512530098E-001
70.4679051 1.22581263777448E-001 1.23675693768354E-001
70.5678949 1.22103809892855E-001 1.23192448743945E-001
70.6678848 1.21628873923625E-001 1.22711760267538E-001
70.7678747 1.21156439129761E-001 1.22233611288273E-001
70.8678723 1.20686453144973E-001 1.21757948700302E-001
70.9678622 1.20218971205240E-001 1.21284828300671E-001
71.0678522 1.19753941020067E-001 1.20814197062202E-001
71.1678422 1.19291346378927E-001 1.20346038475026E-001
71.2678322 1.18831171200575E-001 1.19880336161362E-001
71.3678299 1.18373364697393E-001 1.19417038622308E-001
71.4678200 1.17917980893555E-001 1.18956200428815E-001
71.5678100 1.17464969071263E-001 1.18497770154484E-001
71.6678002 1.17014313654468E-001 1.18041731937649E-001
71.7677903 1.16565999190496E-001 1.17588070042674E-001
71.8677881 1.16119976410474E-001 1.17136734516379E-001
71.9677783 1.15676298157616E-001 1.16687778734841E-001
72.0677685 1.15234915227287E-001 1.16241152811624E-001
72.1677587 1.14795812649002E-001 1.15796841503634E-001
72.2677489 1.14358975570056E-001 1.15354829688069E-001
72.3677468 1.13924356183118E-001 1.14915068899044E-001
72.4677371 1.13492006180473E-001 1.14477611348159E-001
72.5677275 1.13061877813812E-001 1.14042408630891E-001
72.6677178 1.12633956690807E-001 1.13609446094632E-001
72.7677082 1.12208228531599E-001 1.13178709201630E-001
72.8677062 1.11784646935782E-001 1.12750150917511E-001
72.9676966 1.11363262473941E-001 1.12323822318992E-001
73.0676870 1.10944028799818E-001 1.11899676428034E-001
73.1676774 1.10526932073245E-001 1.11477699155886E-001
73.2676679 1.10111958561483E-001 1.11057876523487E-001
73.3676660 1.09699063218886E-001 1.10640162874712E-001
73.4676565 1.09288295522782E-001 1.10224608180187E-001
73.5676471 1.08879610477118E-001 1.09811166835423E-001
73.6676376 1.08472994769218E-001 1.09399825290256E-001
73.7676282 1.08068435189057E-001 1.08990570099323E-001
73.8676264 1.07665887995897E-001 1.08583356933850E-001
73.9676171 1.07265401601497E-001 1.08178234686404E-001
74.0676077 1.06866932310455E-001 1.07775159075458E-001
74.1675984 1.06470467314179E-001 1.07374117065464E-001
74.2675890 1.06075993902190E-001 1.06975095721028E-001
74.3675874 1.05683469591012E-001 1.06578051992092E-001
74.4675781 1.05292941753767E-001 1.06183033720434E-001
74.5675688 1.04904367948340E-001 1.05789997899144E-001
74.6675596 1.04517735847996E-001 1.05398931984530E-001
74.7675504 1.04133033219803E-001 1.05009823528641E-001
74.8675488 1.03750218791989E-001 1.04622630713638E-001
74.9675396 1.03369338925245E-001 1.04237400357047E-001
75.0675305 1.02990352385447E-001 1.03854090680343E-001
75.1675213 1.02613247306604E-001 1.03472689610079E-001
75.2675122 1.02238011912440E-001 1.03093185164360E-001
75.3675108 1.01864606099307E-001 1.02715536713094E-001
75.4675017 1.01493075240965E-001 1.02339790075373E-001
75.5674926 1.01123379267942E-001 1.01965904656839E-001
75.6674836 1.00755506754941E-001 1.01593868833760E-001
75.7674746 1.00389446362485E-001 1.01223671069976E-001
75.8674732 1.00025159113359E-001 1.00855271880601E-001
75.9674642 9.96626894191890E-002 1.00488716111407E-001
76.0674553 9.93019983336922E-002 1.00123964309896E-001
76.1674463 9.89430748532020E-002 9.97610052825457E-002
76.2674374 9.85859080561727E-002 9.93998279196165E-002
76.3674361 9.82304600519122E-002 9.90403938407169E-002
76.4674273 9.78767743140419E-002 9.86827469427309E-002
76.5674184 9.75248129797716E-002 9.83268488745295E-002
76.6674096 9.71745654489431E-002 9.79726888542519E-002
76.7674007 9.68260212000028E-002 9.76202561802243E-002
76.8673996 9.64791433905718E-002 9.72695135375754E-002
76.9673908 9.61339745797332E-002 9.69205038980650E-002
77.0673820 9.57904779501801E-002 9.65731899731645E-002
77.1673732 9.54486432880286E-002 9.62275613750429E-002
77.2673645 9.51084604546549E-002 9.58836077926344E-002
77.3673634 9.47698936193979E-002 9.55412929392664E-002
77.4673547 9.44329844496274E-002 9.52006588846886E-002
77.5673461 9.40976971371118E-002 9.48616693658446E-002
77.6673374 9.37640218378460E-002 9.45243143721604E-002
77.7673288 9.34319487799032E-002 9.41885839665723E-002
77.8673278 9.31014431092799E-002 9.38544428548551E-002
77.9673192 9.27725456238331E-002 9.35219322272310E-002
78.0673106 9.24452214895210E-002 9.31910168105450E-002
78.1673020 9.21194612166158E-002 9.28616869555216E-002
78.2672935 9.17952553844383E-002 9.25339330832974E-002
78.3672925 9.14725700820428E-002 9.22077208578375E-002
78.4672840 9.11514452593661E-002 9.18830906117040E-002
78.5672755 9.08318470231199E-002 9.15600080275541E-002
78.6672671 9.05137662230011E-002 9.12384638022216E-002
78.7672586 9.01971937748720E-002 9.09184487000031E-002
78.8672578 8.98820966786337E-002 9.05999293102182E-002
78.9672493 8.95685140573034E-002 9.02829451290359E-002
79.0672409 8.92564129262889E-002 8.99674627622483E-002
79.1672325 8.89457844605701E-002 8.96534732383368E-002
79.2672242 8.86366198985450E-002 8.93409676504372E-002
79.3672234 8.83288871200741E-002 8.90299134817404E-002
79.4672151 8.80226244416796E-002 8.87203494127070E-002
79.5672068 8.77177997567213E-002 8.84122429409287E-002
79.6671985 8.74144045519911E-002 8.81055854127618E-002
79.7671902 8.71124303750823E-002 8.78003682365416E-002
79.8671895 8.68118459561862E-002 8.74965597591355E-002
79.9671813 8.65126888251948E-002 8.71941978654126E-002
80.0671730 8.62149277239260E-002 8.68932509147077E-002
80.1671648 8.59185544381489E-002 8.65937105581310E-002
80.2671566 8.56235608119405E-002 8.62955685062232E-002
80.3671560 8.53299163973940E-002 8.59987939405587E-002
80.4671478 8.50376579570917E-002 8.57034239699817E-002
80.5671397 8.47467550530070E-002 8.54094277867311E-002
80.6671315 8.44571997576534E-002 8.51167973341675E-002
80.7671234 8.41689841994753E-002 8.48255246126527E-002
80.8671229 8.38820787251833E-002 8.45355796106688E-002
80.9671148 8.35965193488398E-002 8.42469986800640E-002
81.0671067 8.33122764254068E-002 8.39597518183034E-002
81.1670987 8.30293423024802E-002 8.36738312490792E-002
81.2670906 8.27477093813203E-002 8.33892292507687E-002
81.3670902 8.24673487770589E-002 8.31059165920757E-002
81.4670822 8.21882957735154E-002 8.28239288863607E-002
81.5670742 8.19105214925548E-002 8.25432369097423E-002
81.6670662 8.16340185457340E-002 8.22638331548803E-002
81.7670583 8.13587795961128E-002 8.19857101669099E-002
81.8670579 8.10847765020878E-002 8.17088394691325E-002
81.9670500 8.08120438350108E-002 8.14332559544221E-002
82.0670421 8.05405534585972E-002 8.11589311520339E-002
82.1670342 8.02702982377564E-002 8.08858578127552E-002
82.2670263 8.00012710868378E-002 8.06140287377420E-002
82.3670260 7.97334445833373E-002 8.03434161802814E-002
82.4670182 7.94668526034292E-002 8.00740543302702E-002
82.5670103 7.92014677286109E-002 7.98059154455882E-002
82.6670025 7.89372830670215E-002 7.95389925248096E-002
82.7669947 7.86742917742715E-002 7.92732786148657E-002
82.8669945 7.84124671237365E-002 7.90087466753839E-002
82.9669867 7.81518423132306E-002 7.87454302103146E-002
83.0669790 7.78923906189046E-002 7.84833021826105E-002
83.1669712 7.76341053824656E-002 7.82223558287631E-002
83.2669635 7.73769799912133E-002 7.79625844317023E-002
83.3669634 7.71209883920855E-002 7.77039616346719E-002
83.4669556 7.68661631208948E-002 7.74465202722412E-002
83.5669479 7.66124781262134E-002 7.71902339898006E-002
83.6669403 7.63599269740926E-002 7.69350962523381E-002
83.7669326 7.61085032743817E-002 7.66811005694475E-002
83.8669326 7.58581816261255E-002 7.64282212461463E-002
83.9669249 7.56089939190480E-002 7.61764904637364E-002
84.0669173 7.53609147527672E-002 7.59258825282846E-002
84.1669097 7.51139379088699E-002 7.56763911242800E-002
84.2669021 7.48680572110270E-002 7.54280099790676E-002
84.3669022 7.46232478897577E-002 7.51807140384348E-002
84.4668946 7.43795412041771E-002 7.49345348460919E-002
84.5668870 7.41369123843915E-002 7.46894473478559E-002
84.6668795 7.38953554191088E-002 7.44454454391254E-002
84.7668720 7.36548643374839E-002 7.42025230564831E-002
84.8668721 7.34154149816638E-002 7.39606557662863E-002
84.9668646 7.31770379952139E-002 7.37198744899020E-002
85.0668571 7.29397092189531E-002 7.34801547927701E-002
85.1668496 7.27034228406706E-002 7.32414907729902E-002
85.2668422 7.24681730870379E-002 7.30038765682486E-002
85.3668424 7.22339363927348E-002 7.27672883460394E-002
85.4668349 7.20007428004282E-002 7.25317564202213E-002
85.5668275 7.17685687426198E-002 7.22972569564914E-002
85.6668201 7.15374085984965E-002 7.20637842478066E-002
85.7668127 7.13072567846317E-002 7.18313326251836E-002
85.8668130 7.10780903098608E-002 7.15998788385523E-002
85.9668056 7.08499386302064E-002 7.13694526086967E-002
86.0667983 7.06227787515381E-002 7.11400306829348E-002
86.1667909 7.03966052370945E-002 7.09116075415820E-002
86.2667836 7.01714126860710E-002 7.06841777015553E-002
86.3667839 6.99471786637681E-002 7.04577184772208E-002
86.4667766 6.97239320534330E-002 7.02322590103306E-002
86.5667694 6.95016504166712E-002 7.00077766118833E-002
86.6667621 6.92803284937486E-002 6.97842659423848E-002
86.7667548 6.90599610595207E-002 6.95617216975465E-002
86.8667552 6.88405262187198E-002 6.93401217388420E-002
86.9667480 6.86220522953126E-002 6.91194946426548E-002
87.0667408 6.84045173896607E-002 6.88998182663907E-002
87.1667336 6.81879164123394E-002 6.86810874438904E-002
87.2667264 6.79722443072050E-002 6.84632970428642E-002
87.3667268 6.77574797020162E-002 6.82464254552048E-002
87.4667197 6.75436503745909E-002 6.80305007052228E-002
87.5667125 6.73307349476929E-002 6.78155011800959E-002
87.6667054 6.71187284957789E-002 6.76014218804402E-002
87.7666983 6.69076261253347E-002 6.73882578394648E-002
87.8666988 6.66974069713414E-002 6.71759879634064E-002
87.9666917 6.64880982782474E-002 6.69646397374410E-002
88.0666846 6.62796791754621E-002 6.67541920624923E-002
88.1666775 6.60721448951727E-002 6.65446400996767E-002
88.2666705 6.58654907003974E-002 6.63359790414812E-002
88.3666710 6.56596962181114E-002 6.61281882929992E-002
88.4666640 6.54547881718296E-002 6.59212948128628E-002
88.5666570 6.52507461824240E-002 6.57152780003005E-002
88.6666500 6.50475656339245E-002 6.55101331709228E-002
88.7666429 6.48452419400449E-002 6.53058556705406E-002
88.8666436 6.46437552050772E-002 6.51024253881786E-002
88.9666366 6.44431316437071E-002 6.48998687681787E-002
89.0666296 6.42433513536338E-002 6.46981656931924E-002
89.1666227 6.40444098650927E-002 6.44973116275743E-002
89.2666157 6.38463027369052E-002 6.42973020647592E-002
89.3666164 6.36490105365307E-002 6.40981173633158E-002
89.4666095 6.34525589816065E-002 6.38997834652231E-002
89.5666026 6.32569286325492E-002 6.37022807222085E-002
89.6665957 6.30621151604017E-002 6.35056047418651E-002
89.7665889 6.28681142637405E-002 6.33097511597933E-002
89.8665896 6.26749069595489E-002 6.31147007902346E-002
89.9665828 6.24825184798836E-002 6.29204790844135E-002
90.0665759 6.22909298342718E-002 6.27270668493005E-002
90.1665691 6.21001368293927E-002 6.25344598304537E-002
90.2665622 6.19101352984513E-002 6.23426538004109E-002
90.3665631 6.17209066947959E-002 6.21516300157092E-002
90.4665563 6.15324757760656E-002 6.19614134481191E-002
90.5665495 6.13448239877739E-002 6.17719853465126E-002
90.6665427 6.11579472672820E-002 6.15833415893610E-002
90.7665359 6.09718415775110E-002 6.13954780811305E-002
90.8665368 6.07864887954799E-002 6.12083765077502E-002
90.9665301 6.06019132152774E-002 6.10220613725375E-002
91.0665233 6.04180967057417E-002 6.08365143533956E-002
91.1665166 6.02350353301679E-002 6.06517314568682E-002
91.2665099 6.00527251764854E-002 6.04677087145499E-002
91.3665108 5.98711485331349E-002 6.02844282293126E-002
91.4665041 5.96903292412353E-002 6.01019140467301E-002
91.5664975 5.95102495807307E-002 5.99201482613187E-002
91.6664908 5.93309057362993E-002 5.97391270030549E-002
91.7664842 5.91522939163656E-002 5.95588464260611E-002
91.8664851 5.89743968089702E-002 5.93792890381373E-002
91.9664785 5.87972378125640E-002 5.92004784375415E-002
92.0664719 5.86207996064038E-002 5.90223971234185E-002
92.1664653 5.84450784921871E-002 5.88450413447292E-002
92.2664587 5.82700707945067E-002 5.86684073737132E-002
92.3664597 5.80957595895910E-002 5.84924781115021E-002
92.4664531 5.79221678432539E-002 5.83172767191912E-002
92.5664466 5.77492786226798E-002 5.81427860889846E-002
92.6664400 5.75770883424006E-002 5.79690025845625E-002
92.7664335 5.74055934390280E-002 5.77959225920523E-002
92.8664346 5.72347773659592E-002 5.76235293947213E-002
92.9664281 5.70646626661392E-002 5.74518457263886E-002
93.0664215 5.68952327836865E-002 5.72808548611478E-002
93.1664150 5.67264842419536E-002 5.71105532733076E-002
93.2664086 5.65584135855899E-002 5.69409374588262E-002
93.3664097 5.63910046345204E-002 5.67719910722952E-002
93.4664032 5.62242795183342E-002 5.66037364298859E-002
93.5663968 5.60582220474656E-002 5.64361571767938E-002
93.6663903 5.58928288502371E-002 5.62692498940320E-002
93.7663839 5.57280965755165E-002 5.61030111834977E-002
93.8663851 5.55640093994774E-002 5.59374250606644E-002
93.9663787 5.54005890476180E-002 5.57725134334322E-002
94.0663723 5.52378196864316E-002 5.56082603076792E-002
94.1663659 5.50756980455148E-002 5.54446623673576E-002
94.2663595 5.49142208742885E-002 5.52817163165682E-002
94.3663607 5.47533726952441E-002 5.51194065215791E-002
94.4663544 5.45931748388130E-002 5.49577544911522E-002
94.5663480 5.44336118176367E-002 5.47967445817813E-002
94.6663417 5.42746804590392E-002 5.46363735767434E-002
94.7663353 5.41163776094764E-002 5.44766382787592E-002
94.8663366 5.39586881281600E-002 5.43175233951437E-002
94.9663303 5.38016329592453E-002 5.41590500444161E-002
95.0663240 5.36451969519446E-002 5.40012029239585E-002
95.1663177 5.34893770279035E-002 5.38439789129037E-002
95.2663114 5.33341701272351E-002 5.36873749091513E-002
95.3663128 5.31795614365957E-002 5.35313759516421E-002
95.4663065 5.30255715224278E-002 5.33760027773189E-002
95.5663002 5.28721855612564E-002 5.32212404150501E-002
95.6662940 5.27194005657788E-002 5.30670858364932E-002
95.7662878 5.25672135665221E-002 5.29135360314227E-002
95.8662892 5.24156100686191E-002 5.27605763612988E-002
95.9662829 5.22646102691426E-002 5.26082271899302E-002
96.0662767 5.21141996629793E-002 5.24564738685823E-002
96.1662705 5.19643753507383E-002 5.23053134582387E-002
96.2662643 5.18151344502445E-002 5.21547430373755E-002
96.3662658 5.16664627764368E-002 5.20047482811679E-002
96.4662596 5.15183801651462E-002 5.18553491885154E-002
96.5662535 5.13708724209667E-002 5.17065314242923E-002
96.6662473 5.12239367294013E-002 5.15582921357355E-002
96.7662412 5.10775702925802E-002 5.14106284869747E-002
96.8662427 5.09317592268623E-002 5.12635264583856E-002
96.9662365 5.07865230147575E-002 5.11170056919729E-002
97.0662304 5.06418477621953E-002 5.09710521577204E-002
97.1662243 5.04977307366742E-002 5.08256630861666E-002
97.2662182 5.03541692217537E-002 5.06808357241657E-002
97.3662198 5.02111496271009E-002 5.05365563490591E-002
97.4662137 5.00686910896226E-002 5.03928442537657E-002
97.5662076 4.99267800084857E-002 5.02496857051578E-002
97.6662016 4.97854137303984E-002 5.01070780142385E-002
97.7661955 4.96445896175857E-002 4.99650185077728E-002
97.8661971 4.95042943651741E-002 4.98234937520998E-002
97.9661911 4.93645467719897E-002 4.96825226986637E-002
98.0661851 4.92253335226011E-002 4.95420919032713E-002
98.1661791 4.90866520402482E-002 4.94021987546638E-002
98.2661730 4.89484997631646E-002 4.92628406568116E-002
98.3661747 4.88108636643421E-002 4.91240044573433E-002
98.4661687 4.86737622118562E-002 4.89857087736447E-002
98.5661627 4.85371823680951E-002 4.88479404427607E-002
98.6661568 4.84011216302556E-002 4.87106969285496E-002
98.7661508 4.82655775100258E-002 4.85739757095870E-002
98.8661525 4.81305372509114E-002 4.84377639073297E-002
98.9661465 4.79960189973834E-002 4.83020798123346E-002
99.0661406 4.78620099823099E-002 4.81669105354359E-002
99.1661347 4.77285077743691E-002 4.80322536130883E-002
99.2661288 4.75955099562466E-002 4.78981065959720E-002
99.3661305 4.74630040348470E-002 4.77644568721509E-002
99.4661246 4.73310078380013E-002 4.76313224123990E-002
99.5661187 4.71995088619527E-002 4.74986905941291E-002
99.6661128 4.70685047444794E-002 4.73665590239689E-002
99.7661070 4.69379931369019E-002 4.72349253222980E-002
99.8661087 4.68079618026337E-002 4.71037771367957E-002
99.9661029 4.66784282596565E-002 4.69731321253226E-002
100.0660970 4.65493802607081E-002 4.68429779248883E-002
100.1660912 4.64208155103764E-002 4.67133122099622E-002
100.2660854 4.62927317263437E-002 4.65841326683099E-002
100.3660872 4.61651169218606E-002 4.64554272004560E-002
100.4660814 4.60379883116792E-002 4.63272131580444E-002
100.5660756 4.59113338983692E-002 4.61994784309210E-002
100.6660698 4.57851514511241E-002 4.60722207591537E-002
100.7660640 4.56594387518012E-002 4.59454378956684E-002
100.8660658 4.55341840570254E-002 4.58191179872782E-002
100.9660601 4.54094042847740E-002 4.56932780859396E-002
101.0660543 4.52850876809949E-002 4.55679063277864E-002
101.1660486 4.51612320773662E-002 4.54430005163271E-002
101.2660428 4.50378353178149E-002 4.53185584675057E-002
101.3660447 4.49148858960805E-002 4.51945685680726E-002
101.4660390 4.47924004396590E-002 4.50710475766630E-002
101.5660333 4.46703674316240E-002 4.49479838693559E-002
101.6660275 4.45487847640965E-002 4.48253753110223E-002
101.7660218 4.44276503410478E-002 4.47032197785636E-002
101.8660238 4.43069528872655E-002 4.45815058925134E-002
101.9660181 4.41867087459024E-002 4.44602501243941E-002
102.0660124 4.40669066310990E-002 4.43394410840836E-002
102.1660067 4.39475444934541E-002 4.42190766958163E-002
102.2660011 4.38286202950323E-002 4.40991548954657E-002
102.3660031 4.37101229857914E-002 4.39796645313864E-002
102.4659974 4.35920686305265E-002 4.38606217940419E-002
102.5659918 4.34744461685738E-002 4.37420155211535E-002
102.6659861 4.33572536071172E-002 4.36238436943936E-002
102.7659805 4.32404889644366E-002 4.35061043066970E-002
102.8659825 4.31241414099621E-002 4.33887864284602E-002
102.9659769 4.30082267359695E-002 4.32719059749928E-002
103.0659713 4.28927341012991E-002 4.31554520060867E-002
103.1659657 4.27776615678978E-002 4.30394225589981E-002
103.2659601 4.26630072084514E-002 4.29238156818835E-002
103.3659622 4.25487604063394E-002 4.28086206615791E-002
103.4659566 4.24349366870124E-002 4.26938531439998E-002
103.5659511 4.23215254232979E-002 4.25795024054124E-002
103.6659455 4.22085247301495E-002 4.24655665368715E-002
103.7659400 4.20959327329171E-002 4.23520436399824E-002
103.8659421 4.19837390235738E-002 4.22389232125903E-002
103.9659365 4.18719588663003E-002 4.21262206368330E-002
104.0659310 4.17605818425612E-002 4.20139254000274E-002
104.1659255 4.16496061186256E-002 4.19020356453055E-002
104.2659200 4.15390298708285E-002 4.17905495260144E-002
104.3659221 4.14288428945436E-002 4.16794567457416E-002
104.4659166 4.13190601981009E-002 4.15687724283288E-002
104.5659112 4.12096715664133E-002 4.14584862668812E-002
104.6659057 4.11006752154365E-002 4.13485964549514E-002
104.7659002 4.09920693708724E-002 4.12391011959826E-002
104.8659024 4.08838440264581E-002 4.11299903941975E-002
104.9658969 4.07760139399605E-002 4.10212789204883E-002
105.0658915 4.06685690947088E-002 4.09129566686460E-002
105.1658860 4.05615077547737E-002 4.08050218810463E-002
105.2658806 4.04548281936658E-002 4.06974728096434E-002
105.3658828 4.03485205985989E-002 4.05902995543404E-002
105.4658774 4.02425994819359E-002 4.04835167382976E-002
105.5658720 4.01370550205401E-002 4.03771144510414E-002
105.6658666 4.00318855250838E-002 4.02710909822316E-002
105.7658612 3.99270893153828E-002 4.01654446308048E-002
105.8658634 3.98226567673871E-002 4.00601656875385E-002
105.9658580 3.97186021530899E-002 3.99552685329512E-002
106.0658527 3.96149158381516E-002 3.98507434475028E-002
106.1658473 3.95115961783867E-002 3.97465887666530E-002
106.2658419 3.94086415384669E-002 3.96428028348476E-002
106.3658442 3.93060424784784E-002 3.95393761290747E-002
106.4658389 3.92038130349574E-002 3.94363227921787E-002
106.5658335 3.91019437577649E-002 3.93336332908935E-002
106.6658282 3.90004330464498E-002 3.92313060050472E-002
106.7658229 3.88992793091430E-002 3.91293393231745E-002
106.8658252 3.87984732856016E-002 3.90277239039482E-002
106.9658199 3.86980287817000E-002 3.89264736573870E-002
107.0658146 3.85979365270381E-002 3.88255792319757E-002
107.1658093 3.84981949635418E-002 3.87250390505315E-002
107.2658040 3.83988025414541E-002 3.86248515443080E-002
107.3658063 3.82997501758687E-002 3.85250075492697E-002
107.4658011 3.82010514466783E-002 3.84255207473412E-002
107.5657958 3.81026972588908E-002 3.83263819643688E-002
107.6657905 3.80046860955002E-002 3.82275896648277E-002
107.7657853 3.79070164475611E-002 3.81291423213691E-002
107.8657877 3.78096794012969E-002 3.80310309429847E-002
107.9657824 3.77126883151866E-002 3.79332689881240E-002
108.0657772 3.76160342654414E-002 3.78358474557327E-002
108.1657720 3.75197157748603E-002 3.77387648506605E-002
108.2657667 3.74237313740557E-002 3.76420196856815E-002
108.3657692 3.73280723162950E-002 3.75456031386740E-002
108.4657639 3.72327517431031E-002 3.74495284491209E-002
108.5657587 3.71377608978117E-002 3.73537867849299E-002
108.6657536 3.70430983418062E-002 3.72583766900861E-002
108.7657484 3.69487626440464E-002 3.71632967162569E-002
108.8657508 3.68547452208765E-002 3.70685382061865E-002
108.9657456 3.67610590012211E-002 3.69741141847926E-002
109.0657405 3.66676953915671E-002 3.68800159849267E-002
