0.0053140 8.33647280841990E+000 2.86469718527486E+003
0.0210792 3.19905204441402E+001 2.80084974552266E+003
0.0467942 6.73253537912738E+001 2.70081194319803E+003
0.0817065 1.09485801295045E+002 2.57264905958331E+003
0.1249105 1.53592057326660E+002 2.42528069725871E+003
0.1754417 1.95623236886388E+002 2.26717057024394E+003
0.2323515 2.32819373654157E+002 2.10548945751350E+003
0.2947571 2.63674797455809E+002 1.94576766749769E+003
0.3618673 2.87698122991877E+002 1.79191268454388E+003
0.4329916 3.05100149383634E+002 1.64642970487471E+003
0.5075377 3.16507858594757E+002 1.51071932611229E+003
0.5850032 3.22745591883561E+002 1.38537018889639E+003
0.6649650 3.24687379803379E+002 1.27040980351894E+003
0.7470680 3.23168233846798E+002 1.16550067760327E+003
0.8310139 3.18937946599949E+002 1.07008653115780E+003
0.9165527 3.12642732222073E+002 9.83494346607983E+002
1.0034738 3.04823506981487E+002 9.05004018789882E+002
1.0915995 2.95923187819195E+002 8.33893582261074E+002
1.1807797 2.86298062081151E+002 7.69466752039067E+002
1.2708868 2.76230489150733E+002 7.11069414776425E+002
1.3618115 2.65941133954760E+002 6.58097371270135E+002
1.4534610 2.55600019216917E+002 6.09998985532831E+002
1.5457546 2.45336302764469E+002 5.66275456618494E+002
1.6386236 2.35246239025862E+002 5.26477657912644E+002
1.7320075 2.25400125611308E+002 4.90203604216766E+002
1.8258543 2.15847655030201E+002 4.57093897597374E+002
1.9201186 2.06622459102550E+002 4.26828045461511E+002
2.0147601 1.97745761775446E+002 3.99120727458018E+002
2.1097440 1.89229093392632E+002 3.73717602130335E+002
2.2050388 1.81076736768071E+002 3.50392413203849E+002
2.3006174 1.73287383822590E+002 3.28943432421613E+002
2.3964555 1.65855619041978E+002 3.09190851409906E+002
2.4925310 1.58773081877989E+002 2.90974390690610E+002
2.5888248 1.52029214533835E+002 2.74150745789971E+002
2.6853193 1.45612073609699E+002 2.58591958503321E+002
2.7819988 1.39508738785663E+002 2.44183380973113E+002
2.8788497 1.33705766552192E+002 2.30822268657966E+002
2.9758588 1.28189534901940E+002 2.18416507752572E+002
3.0730149 1.22946379471864E+002 2.06883204813039E+002
3.1703074 1.17962871078768E+002 1.96147874627265E+002
3.2677268 1.13225852425416E+002 1.86143318782005E+002
3.3652646 1.08722578392105E+002 1.76808924429392E+002
3.4629133 1.04440744842822E+002 1.68089879400173E+002
3.5606650 1.00368608980068E+002 1.59936704213417E+002
3.6585133 9.64948899106653E+001 1.52304445942521E+002
3.7564523 9.28088614881738E+001 1.45152355187796E+002
3.8544764 8.93003318841901E+001 1.38443408092960E+002
3.9525810 8.59596213304931E+001 1.32143892197433E+002
4.0507604 8.27776130255913E+001 1.26223183389699E+002
4.1490108 7.97456418314772E+001 1.20653263112054E+002
4.2473280 7.68555403412408E+001 1.15408571281393E+002
4.3457083 7.40996024615986E+001 1.10465736001071E+002
4.4441489 7.14705500803586E+001 1.05803338819069E+002
4.5426454 6.89615610601003E+001 1.01401812211250E+002
4.6411954 6.65661724811869E+001 9.72431365712067E+001
4.7397961 6.42783100229107E+001 9.33107785709207E+001
4.8384450 6.20922542837974E+001 8.95895323794489E+001
4.9371399 6.00026108364813E+001 8.60653814852921E+001
5.0358779 5.80043301738333E+001 8.27254556246851E+001
5.1346571 5.60926293401865E+001 7.95578317842022E+001
5.2334756 5.42630144690202E+001 7.65515138685230E+001
5.3323316 5.25112537339578E+001 7.36963357870902E+001
5.4312238 5.08333535519361E+001 7.09828769997319E+001
5.5301496 4.92255751485342E+001 6.84024487194928E+001
5.6291079 4.76843723590436E+001 6.59469576951797E+001
5.7280973 4.62064105773270E+001 6.36089055107825E+001
5.8271164 4.47885460010025E+001 6.13813272194460E+001
5.9261644 4.34278074630321E+001 5.92577378270542E+001
6.0252392 4.21214110325574E+001 5.72321326783064E+001
6.1243401 4.08667107201943E+001 5.52988907277969E+001
6.2234659 3.96612149620698E+001 5.34527827303095E+001
6.3226158 3.85025708915101E+001 5.16889310155331E+001
6.4217891 3.73885506080934E+001 5.00027744010793E+001
6.5209840 3.63170642385564E+001 4.83900751295998E+001
6.6202001 3.52861206212838E+001 4.68468479526011E+001
6.7194366 3.42938417794954E+001 4.53693718719136E+001
6.8186927 3.33384509805071E+001 4.39541629090005E+001
6.9179682 3.24182623278209E+001 4.25979503568519E+001
7.0172613 3.15316924368050E+001 4.12976863914892E+001
7.1165720 3.06772287816766E+001 4.00504926306817E+001
7.2158999 2.98534385549978E+001 3.88536672044330E+001
7.3152432 2.90589788113671E+001 3.77046937186213E+001
7.4146030 2.82925499343750E+001 3.66011687907252E+001
7.5139770 2.75529480650463E+001 3.55408732463465E+001
7.6133666 2.68390027432480E+001 3.45216781501469E+001
7.7127702 2.61496233388954E+001 3.35416077005542E+001
7.8121865 2.54837734767695E+001 3.25987989712532E+001
7.9116168 2.48404498931308E+001 3.16914690014927E+001
8.0110589 2.42187234008047E+001 3.08179698509462E+001
8.1105143 2.36176869998228E+001 2.99767127854396E+001
8.2099815 2.30364953070325E+001 2.91662213681701E+001
8.3094593 2.24743434828449E+001 2.83850995548911E+001
8.4089492 2.19304497165937E+001 2.76320054808369E+001
8.5084489 2.14040901772651E+001 2.69056981281086E+001
8.6079599 2.08945554724190E+001 2.62049753441729E+001
8.7074812 2.04011843168088E+001 2.55287188187590E+001
8.8070112 1.99233460023259E+001 2.48758683912840E+001
8.9065517 1.94604257507903E+001 2.42454008297437E+001
9.0061006 1.90118546883841E+001 2.36363695360019E+001
9.1056593 1.85770730247407E+001 2.30478532853252E+001
9.2052267 1.81555589525512E+001 2.24789944927360E+001
9.3048016 1.77468139354337E+001 2.19289782336521E+001
9.4043856 1.73503503508709E+001 2.13970148218539E+001
9.5039766 1.69657173242940E+001 2.08823737356550E+001
9.6035763 1.65924693669953E+001 2.03843407916553E+001
9.7031836 1.62301913057108E+001 1.99022508524756E+001
9.8027972 1.58784858345130E+001 1.94354704869534E+001
9.9024188 1.55369630058272E+001 1.89833834923817E+001
10.0020464 1.52052626015723E+001 1.85454200137380E+001
10.1016817 1.48830272433654E+001 1.81210204403592E+001
10.2013235 1.45699239995875E+001 1.77096634951469E+001
10.3009707 1.42656337739288E+001 1.73108517493525E+001
10.4006251 1.39698423023829E+001 1.69240994633628E+001
10.5002846 1.36822596133932E+001 1.65489576947338E+001
10.5999509 1.34025968315112E+001 1.61849836164702E+001
10.6996230 1.31305849896016E+001 1.58317647538695E+001
10.7992996 1.28659659208917E+001 1.54889067693226E+001
10.8989827 1.26084844943935E+001 1.51560231547834E+001
10.9986702 1.23579056160910E+001 1.48327569795668E+001
11.0983637 1.21139941056311E+001 1.45187546264587E+001
11.1980623 1.18765311459177E+001 1.42136868013072E+001
11.2977649 1.16453064163539E+001 1.39172381452480E+001
11.3974732 1.14201113552960E+001 1.36290984245256E+001
11.4971853 1.12007540743185E+001 1.33489814513586E+001
11.5969029 1.09870418094829E+001 1.30766024536847E+001
11.6966250 1.07787953642084E+001 1.28116963688408E+001
11.7963505 1.05758422751914E+001 1.25540089431102E+001
11.8960812 1.03780109332275E+001 1.23032891458245E+001
11.9958151 1.01851437182244E+001 1.20593057014089E+001
12.0955540 9.99708162136334E+000 1.18218274730590E+001
12.1952970 9.81367697570297E+000 1.15906394602440E+001
12.2950428 9.63478748752283E+000 1.13655351207221E+001
12.3947934 9.46027107970921E+000 1.11463097955691E+001
12.4945468 9.28999750315139E+000 1.09327752135806E+001
12.5943047 9.12383480039424E+000 1.07247423940767E+001
12.6940662 8.96166056877775E+000 1.05220356941545E+001
12.7938302 8.80335672190687E+000 1.03244861444169E+001
12.8935986 8.64880494531471E+000 1.01319257161662E+001
12.9933693 8.49789699762226E+000 9.94420009709476E+000
13.0931443 8.35052274499896E+000 9.76115371441623E+000
13.1929224 8.20658016130745E+000 9.58264211819343E+000
13.2927027 8.06597070938552E+000 9.40852616444101E+000
13.3924871 7.92859531870724E+000 9.23866698950350E+000
13.4922734 7.79436355521402E+000 9.07293730548902E+000
13.5920637 7.66318300268250E+000 8.91120821954169E+000
13.6918568 7.53496817143219E+000 8.75336019129290E+000
13.7916517 7.40963640880866E+000 8.59927792947794E+000
13.8914504 7.28710432439244E+000 8.44884596445120E+000
13.9912508 7.16729597916023E+000 8.30195867075169E+000
14.0910548 7.05013342741246E+000 8.15850861691605E+000
14.1908615 6.93554467862007E+000 8.01839629585093E+000
14.2906697 6.82346006216860E+000 7.88152562626664E+000
14.3904813 6.71380903829434E+000 7.74780003442634E+000
14.4902944 6.60652753398371E+000 7.61713137770597E+000
14.5901109 6.50154948946898E+000 7.48942960577172E+000
14.6899298 6.39881399557118E+000 7.36461143063015E+000
14.7897500 6.29826205032566E+000 7.24259634388567E+000
14.8895734 6.19983370398318E+000 7.12330313464120E+000
14.9893980 6.10347464983447E+000 7.00665786043395E+000
15.0892259 6.00912864398414E+000 6.89258463770431E+000
15.1890558 5.91674392216820E+000 6.78101339201522E+000
15.2888878 5.82626944214598E+000 6.67187528828962E+000
15.3887200 5.73765742509134E+000 6.56510577864835E+000
15.4885562 5.65085657296934E+000 6.46063641433590E+000
15.5883943 5.56582215294523E+000 6.35840697929736E+000
15.6882343 5.48250914935822E+000 6.25835722057992E+000
15.7880763 5.40087392067814E+000 6.16042883072741E+000
15.8879183 5.32087566129833E+000 6.06456718371229E+000
15.9877640 5.24247028259113E+000 5.97071399066442E+000
16.0876115 5.16561952204783E+000 5.87881820192370E+000
16.1874608 5.09028476643010E+000 5.78882859091351E+000
16.2873119 5.01642855170765E+000 5.70069554060348E+000
16.3871628 4.94401589095426E+000 5.61437261414780E+000
16.4870172 4.87300873902687E+000 5.52980994703271E+000
16.5868734 4.80337424195454E+000 5.44696407065493E+000
16.6867312 4.73507915022764E+000 5.36579124098408E+000
16.7865905 4.66809117971806E+000 5.28624905241309E+000
16.8864496 4.60238022046940E+000 5.20829786196066E+000
16.9863121 4.53791331634849E+000 5.13189482662740E+000
17.0861762 4.47466215416736E+000 5.05700277927071E+000
17.1860417 4.41259799761625E+000 4.98358420973547E+000
17.2859087 4.35169292478842E+000 4.91160272623553E+000
17.3857753 4.29192093078345E+000 4.84102434954059E+000
17.4856452 4.23325336321964E+000 4.77181211770300E+000
17.5855166 4.17566573706990E+000 4.70393412640585E+000
17.6853893 4.11913312940541E+000 4.63735808377374E+000
17.7852633 4.06363130711774E+000 4.57205263672800E+000
17.8851368 4.00913773464206E+000 4.50798854947991E+000
17.9850136 3.95562741423819E+000 4.44513380890736E+000
18.0848916 3.90307910110392E+000 4.38346092596652E+000
18.1847709 3.85147110721724E+000 4.32294199664838E+000
18.2846515 3.80078233111313E+000 4.26354990844941E+000
18.3845314 3.75099318064457E+000 4.20525941568654E+000
18.4844144 3.70208177370964E+000 4.14804268809342E+000
18.5842986 3.65402961851642E+000 4.09187595676638E+000
18.6841841 3.60681778166800E+000 4.03673502313845E+000
18.7840706 3.56042783036448E+000 3.98259635874413E+000
18.8839565 3.51484267891991E+000 3.92943808831438E+000
18.9838453 3.47004311135295E+000 3.87723593196469E+000
19.0837353 3.42601298342343E+000 3.82596926805759E+000
19.1836263 3.38273571591807E+000 3.77561703996674E+000
19.2835185 3.34019515837026E+000 3.72615876063436E+000
19.3834098 3.29837636701363E+000 3.67757541306212E+000
19.4833041 3.25726241553966E+000 3.62984574304531E+000
19.5831994 3.21683916847081E+000 3.58295180192680E+000
19.6830957 3.17709206555324E+000 3.53687520758982E+000
19.7829930 3.13800691498673E+000 3.49159806386691E+000
19.8828894 3.09957060959582E+000 3.44710378688167E+000
19.9827887 3.06176819623307E+000 3.40337371086163E+000
20.0826889 3.02458726400244E+000 3.36039216574715E+000
20.1825901 2.98801498989365E+000 3.31814305450036E+000
20.2824922 2.95203886856419E+000 3.27661069618679E+000
20.3823934 2.91664737272805E+000 3.23578058561900E+000
20.4822973 2.88182725526354E+000 3.19563627952620E+000
20.5822022 2.84756759059413E+000 3.15616405713566E+000
20.6821079 2.81385705532483E+000 3.11734978069115E+000
20.7820145 2.78068460079578E+000 3.07917966996262E+000
20.8819201 2.74804006300867E+000 3.04164100177160E+000
20.9818284 2.71591167457913E+000 3.00471924784984E+000
21.0817375 2.68428979308840E+000 2.96840236063945E+000
21.1816475 2.65316439360195E+000 2.93267788801983E+000
21.2815583 2.62252568950051E+000 2.89753368607976E+000
21.3814680 2.59236469667108E+000 2.86295856434817E+000
21.4813803 2.56267093510453E+000 2.82893965014939E+000
21.5812935 2.53343587414058E+000 2.79546633681734E+000
21.6812074 2.50465061644267E+000 2.76252762714948E+000
21.7811221 2.47630647199116E+000 2.73011279047848E+000
21.8810357 2.44839548074792E+000 2.69821195877325E+000
21.9809519 2.42090828600353E+000 2.66681369528886E+000
22.0808688 2.39383732306042E+000 2.63590863803075E+000
22.1807864 2.36717467657073E+000 2.60548704948186E+000
22.2807048 2.34091261203494E+000 2.57553942331960E+000
22.3806219 2.31504406069508E+000 2.54605703597722E+000
22.4805416 2.28956064873765E+000 2.51702969996801E+000
22.5804621 2.26445565301909E+000 2.48844913166157E+000
22.6803832 2.23972201569925E+000 2.46030668744426E+000
22.7803050 2.21535283711599E+000 2.43259392482497E+000
22.8802255 2.19134182626327E+000 2.40530311354481E+000
22.9801486 2.16768147170024E+000 2.37842515619085E+000
23.0800723 2.14436578535561E+000 2.35195270607008E+000
23.1799967 2.12138846015483E+000 2.32587807222647E+000
23.2799217 2.09874332772642E+000 2.30019373915438E+000
23.3798454 2.07642477747117E+000 2.27489284110438E+000
23.4797716 2.05442605655111E+000 2.24996723454408E+000
23.5796984 2.03274182056275E+000 2.22541038906260E+000
23.6796259 2.01136642139795E+000 2.20121544563357E+000
23.7795539 1.99029433287373E+000 2.17737569869616E+000
23.8794806 1.96952054109016E+000 2.15388503691874E+000
23.9794098 1.94903896220762E+000 2.13073615375619E+000
24.0793395 1.92884481680743E+000 2.10792323182743E+000
24.1792698 1.90893303657680E+000 2.08544014052638E+000
24.2792007 1.88929866063401E+000 2.06328088382852E+000
24.3791302 1.86993719959962E+000 2.04144001043432E+000
24.4790621 1.85084316104271E+000 2.01991095015089E+000
24.5789946 1.83201226261355E+000 1.99868851000530E+000
24.6789277 1.81343994732900E+000 1.97776719880145E+000
24.7788612 1.79512175308245E+000 1.95714164365741E+000
24.8787934 1.77705365261193E+000 1.93680697215081E+000
24.9787279 1.75923067752798E+000 1.91675726354796E+000
25.0786630 1.74164898377428E+000 1.89698787300283E+000
25.1785986 1.72430446633410E+000 1.87749387196839E+000
25.2785347 1.70719310416474E+000 1.85827043615926E+000
25.3784693 1.69031127803230E+000 1.83931320205680E+000
25.4784064 1.67365448494455E+000 1.82061682314640E+000
25.5783439 1.65721926814507E+000 1.80217713686938E+000
25.6782819 1.64100192298207E+000 1.78398971094833E+000
25.7782204 1.62499881928666E+000 1.76605020519553E+000
25.8781574 1.60920669885394E+000 1.74835470450168E+000
25.9780968 1.59362147290957E+000 1.73089837124328E+000
26.0780366 1.57824002764729E+000 1.71367746817155E+000
26.1779769 1.56305901381627E+000 1.69668800172441E+000
26.2779176 1.54807514836613E+000 1.67992605985913E+000
26.3778568 1.53328549318531E+000 1.66338812344083E+000
26.4777984 1.51868632894408E+000 1.64706980686616E+000
26.5777404 1.50427484612418E+000 1.63096774876243E+000
26.6776829 1.49004801160267E+000 1.61507834425275E+000
26.7776257 1.47600285121277E+000 1.59939806077720E+000
26.8775671 1.46213671119967E+000 1.58392372961296E+000
26.9775108 1.44844620241696E+000 1.56865136754218E+000
27.0774549 1.43492878585374E+000 1.55357794607383E+000
27.1773994 1.42158171013430E+000 1.53870020541936E+000
27.2773442 1.40840227648863E+000 1.52401495007640E+000
27.3772876 1.39538808425134E+000 1.50951932204819E+000
27.4772333 1.38253603995306E+000 1.49520969707711E+000
27.5771793 1.36984384551001E+000 1.48108334207116E+000
27.6771257 1.35730900112946E+000 1.46713730424887E+000
27.7770725 1.34492905404536E+000 1.45336868809007E+000
27.8770178 1.33270182926592E+000 1.43977491167646E+000
27.9769653 1.32062449860479E+000 1.42635267162761E+000
28.0769132 1.30869497894816E+000 1.41309949749853E+000
28.1768615 1.29691099556471E+000 1.40001271017462E+000
28.2768101 1.28527031583834E+000 1.38708968164396E+000
28.3767572 1.27377096636192E+000 1.37432807574979E+000
28.4767065 1.26241035740323E+000 1.36172487651452E+000
28.5766562 1.25118659799370E+000 1.34927784745817E+000
28.6766062 1.24009761509644E+000 1.33698455387883E+000
28.7765565 1.22914137345715E+000 1.32484260676622E+000
28.8765053 1.21831608004502E+000 1.31284988914020E+000
28.9764563 1.20761935985095E+000 1.30100364293727E+000
29.0764077 1.19704949394141E+000 1.28930184047111E+000
29.1763593 1.18660459034503E+000 1.27774226572828E+000
29.2763113 1.17628279104342E+000 1.26632274362276E+000
29.3762617 1.16608246467341E+000 1.25504135298980E+000
29.4762144 1.15600142991613E+000 1.24389556764649E+000
29.5761673 1.14603812212045E+000 1.23288354656417E+000
29.6761206 1.13619081213331E+000 1.22200326975052E+000
29.7760741 1.12645780136342E+000 1.21125275393743E+000
29.8760261 1.11683760358030E+000 1.20063025320554E+000
29.9759803 1.10732821247755E+000 1.19013345022173E+000
30.0759347 1.09792820198561E+000 1.17976067110917E+000
30.1758895 1.08863598959907E+000 1.16951007188281E+000
30.2758445 1.07945002036545E+000 1.15937984156616E+000
30.3757980 1.07036893854653E+000 1.14936839133729E+000
30.4757536 1.06139089623072E+000 1.13947359229741E+000
30.5757095 1.05251459201883E+000 1.12969392050019E+000
30.6756657 1.04373857569622E+000 1.12002769026227E+000
30.7756221 1.03506142192705E+000 1.11047324561787E+000
30.8755770 1.02648189247915E+000 1.10102913880114E+000
30.9755340 1.01799828302396E+000 1.09169341121509E+000
31.0754913 1.00960940448535E+000 1.08246467361096E+000
31.1754469 1.00131408351122E+000 1.07334155593030E+000
31.2754067 9.93110539884388E-001 1.06432202284649E+000
31.3753629 9.84998113362366E-001 1.05540527249337E+000
31.4753231 9.76974920452343E-001 1.04658916022772E+000
31.5752798 9.69040329965749E-001 1.03787291958881E+000
31.6752368 9.61192811671992E-001 1.02925479803947E+000
31.7751978 9.53430869001651E-001 1.02073308221651E+000
31.8751552 9.45753911965139E-001 1.01230705581272E+000
31.9751168 9.38160192213352E-001 1.00397473269179E+000
32.0750747 9.30649145722581E-001 9.95735428123813E-001
32.1750329 9.23219356746320E-001 9.87587524429100E-001
32.2749952 9.15869440415036E-001 9.79529439765218E-001
32.3749539 9.08598869543491E-001 9.71560534157729E-001
32.4749166 9.01406019217331E-001 9.63678965848379E-001
32.5748758 8.94290385480350E-001 9.55884123056688E-001
32.6748352 8.87250656895324E-001 9.48174510644462E-001
32.7747986 8.80285550388023E-001 9.40548666307218E-001
32.8747585 8.73394594973476E-001 9.33006018245650E-001
32.9747223 8.66576278638607E-001 9.25544856408946E-001
33.0746827 8.59830151198581E-001 9.18164634197163E-001
33.1746432 8.53154996388235E-001 9.10863967987531E-001
33.2746078 8.46549624031776E-001 9.03641504282824E-001
33.3745687 8.40013613481226E-001 8.96496732235504E-001
33.4745337 8.33545556133603E-001 8.89428062120031E-001
33.5744951 8.27145049982618E-001 8.82435005633936E-001
33.6744568 8.20810965716835E-001 8.75516280782249E-001
33.7744224 8.14542198054746E-001 8.68670633249666E-001
33.8743844 8.08338371472983E-001 8.61897606735324E-001
33.9743505 8.02198172213303E-001 8.55195721597333E-001
34.0743130 7.96121241473468E-001 8.48564541724009E-001
34.1742756 7.90106529492622E-001 8.42002877867104E-001
34.2742423 7.84153008671574E-001 8.35509566245517E-001
34.3742054 7.78260343971974E-001 8.29084199417830E-001
34.4741725 7.72427308738753E-001 8.22725398595659E-001
34.5741359 7.66653582943694E-001 8.16432774432955E-001
34.6740996 7.60938189697782E-001 8.10205222438665E-001
34.7740673 7.55280172576333E-001 8.04041661584333E-001
34.8740313 7.49679232891243E-001 7.97941728231539E-001
34.9739994 7.44134224083276E-001 7.91904136113873E-001
35.0739638 7.38644860948352E-001 7.85928537825031E-001
35.1739284 7.33210233435342E-001 7.80013906432672E-001
35.2738971 7.27829450413212E-001 7.74159236648172E-001
35.3738621 7.22502245854884E-001 7.68364204134816E-001
35.4738310 7.17227546945088E-001 7.62627607616332E-001
35.5737964 7.12005099778026E-001 7.56949137328000E-001
35.6737620 7.06834055681348E-001 7.51327837400767E-001
35.7737315 7.01713583495886E-001 7.45762771956467E-001
35.8736974 6.96643446560196E-001 7.40253651948118E-001
35.9736673 6.91622640037205E-001 7.34799354270637E-001
36.0736335 6.86650938168526E-001 7.29399602968139E-001
36.1735999 6.81727548714775E-001 7.24053507365339E-001
36.2735704 6.76851695666203E-001 7.18760195273747E-001
36.3735371 6.72023168780187E-001 7.13519409356072E-001
36.4735079 6.67241025956938E-001 7.08330098495991E-001
36.5734750 6.62505066766704E-001 7.03192017124783E-001
36.6734423 6.57814550916272E-001 6.98104334449506E-001
36.7734135 6.53168753169521E-001 6.93066236793370E-001
36.8733811 6.48567487064760E-001 6.88077495330545E-001
36.9733527 6.44009868469325E-001 6.83137125320298E-001
37.0733206 6.39495719757803E-001 6.78244908522975E-001
37.1732887 6.35024348507450E-001 6.73400069214974E-001
37.2732608 6.30595076280097E-001 6.68601847538110E-001
37.3732292 6.26207738031259E-001 6.63850040317769E-001
37.4732015 6.21861503248069E-001 6.59143724085520E-001
37.5731702 6.17556214846616E-001 6.54482705194688E-001
37.6731391 6.13291224567630E-001 6.49866258623809E-001
37.7731119 6.09065897154167E-001 6.45293674074007E-001
37.8730811 6.04880086858822E-001 6.40764771461221E-001
37.9730543 6.00733012821532E-001 6.36278683943423E-001
38.0730237 5.96624536469491E-001 6.31835240016410E-001
38.1729934 5.92554050331071E-001 6.27433761392974E-001
38.2729669 5.88520959036277E-001 6.23073583462932E-001
38.3729369 5.84525134231385E-001 6.18754546937996E-001
38.4729107 5.80565841084731E-001 6.14475837367553E-001
38.5728809 5.76642957711101E-001 6.10237303192954E-001
38.6728513 5.72755914348515E-001 6.06038309251585E-001
38.7728256 5.68904152509738E-001 6.01878233100072E-001
38.8727962 5.65087559524356E-001 5.97756934187407E-001
38.9727708 5.61305443273713E-001 5.93673646589091E-001
39.0727417 5.57557696921034E-001 5.89628236720569E-001
39.1727127 5.53843785604226E-001 5.85620109255953E-001
39.2726877 5.50163184975933E-001 5.81648680710143E-001
39.3726590 5.46515796510800E-001 5.77713827421154E-001
39.4726343 5.42900967766896E-001 5.73814828458352E-001
39.5726059 5.39318605481197E-001 5.69951566440526E-001
39.6725776 5.35768207123626E-001 5.66123482880105E-001
39.7725533 5.32249279979505E-001 5.62330030323676E-001
39.8725252 5.28761738283966E-001 5.58571100337284E-001
39.9725012 5.25304966487921E-001 5.54846013752393E-001
40.0724734 5.21878883574295E-001 5.51154667799244E-001
40.1724458 5.18483016995571E-001 5.47496538090932E-001
40.2724221 5.15116903375406E-001 5.43871110533142E-001
40.3723947 5.11780468462163E-001 5.40278290425982E-001
40.4723712 5.08473131044281E-001 5.36717437402682E-001
40.5723441 5.05194821154165E-001 5.33188461872636E-001
40.6723171 5.01945094074853E-001 5.29690871047122E-001
40.7722940 4.98723513666473E-001 5.26224181747502E-001
40.8722673 4.95530016066211E-001 5.22788311663086E-001
40.9722444 4.92364052051952E-001 5.19382656514069E-001
41.0722179 4.89225561626640E-001 5.16007138599246E-001
41.1721915 4.86114125930607E-001 5.12661294437989E-001
41.2721690 4.83029334132828E-001 5.09344669530899E-001
41.3721428 4.79971131744938E-001 5.06057192744912E-001
41.4721206 4.76938999374292E-001 5.02798293394760E-001
41.5720946 4.73932886020738E-001 4.99567904506348E-001
41.6720688 4.70952396870608E-001 4.96365589809103E-001
41.7720469 4.67997144632058E-001 4.93190921433633E-001
41.8720213 4.65067083275423E-001 4.90043838332170E-001
41.9719996 4.62161721248506E-001 4.86923801123211E-001
42.0719743 4.59281015668857E-001 4.83830752511572E-001
42.1719490 4.56424594104485E-001 4.80764281512562E-001
42.2719276 4.53592091176395E-001 4.77723985007089E-001
42.3719026 4.50783468486355E-001 4.74709811047149E-001
42.4718815 4.47998260489167E-001 4.71721249447319E-001
42.5718566 4.45236431625633E-001 4.68758251645353E-001
42.6718319 4.42497630314613E-001 4.65820430175871E-001
42.7718111 4.39781511593849E-001 4.62907404944054E-001
42.8717866 4.37088043948764E-001 4.60019132211881E-001
42.9717660 4.34416786149395E-001 4.57155129048758E-001
43.0717417 4.31767709241510E-001 4.54315354771082E-001
43.1717175 4.29140481085388E-001 4.51499443809235E-001
43.2716972 4.26534775757838E-001 4.48707037506130E-001
43.3716732 4.23950567951600E-001 4.45938099529879E-001
43.4716531 4.21387439189409E-001 4.43192172414921E-001
43.5716293 4.18845366472187E-001 4.40469222584313E-001
43.6716056 4.16324035802720E-001 4.37768904870576E-001
43.7715858 4.13823139027052E-001 4.35090880594577E-001
43.8715623 4.11342656433190E-001 4.32435120103885E-001
43.9715428 4.08882190851989E-001 4.29801189746175E-001
44.0715195 4.06441724651357E-001 4.27189062353127E-001
44.1714963 4.04020960778385E-001 4.24598411783975E-001
44.2714770 4.01619607676821E-001 4.22028917993052E-001
44.3714539 3.99237650675765E-001 4.19480557350105E-001
44.4714348 3.96874712577434E-001 4.16952918490106E-001
44.5714120 3.94530780584065E-001 4.14445980021843E-001
44.6713893 3.92205573480740E-001 4.11959433563431E-001
44.7713704 3.89898815227070E-001 4.09492976463202E-001
44.8713479 3.87610495691236E-001 4.07046590518226E-001
44.9713293 3.85340256408692E-001 4.04619885239772E-001
45.0713069 3.83088088933395E-001 4.02212844442078E-001
45.1712846 3.80853726866019E-001 3.99825176332404E-001
45.2712662 3.78636908682110E-001 3.97456594509334E-001
45.3712441 3.76437628333978E-001 3.95107085658641E-001
45.4712259 3.74255544942502E-001 3.92776278861938E-001
45.5712040 3.72090653975916E-001 3.90464162621195E-001
45.6711822 3.69942702904784E-001 3.88170460652570E-001
45.7711643 3.67811443795567E-001 3.85894901748525E-001
45.8711426 3.65696874272211E-001 3.83637476995592E-001
45.9711248 3.63598669976016E-001 3.81397833835897E-001
46.0711034 3.61516829892813E-001 3.79175964990053E-001
46.1710820 3.59451114487554E-001 3.76971608684620E-001
46.2710644 3.57401288561133E-001 3.74784507929369E-001
46.3710432 3.55367353035005E-001 3.72614657769360E-001
46.4710259 3.53348999081862E-001 3.70461722885454E-001
46.5710048 3.51346228845291E-001 3.68325699791685E-001
46.6709838 3.49358814973416E-001 3.66206340301266E-001
46.7709667 3.47386534207882E-001 3.64103400737690E-001
46.8709459 3.45429390428197E-001 3.62016879703585E-001
46.9709290 3.43487089419196E-001 3.59946458077486E-001
47.0709083 3.41559636155696E-001 3.57892135781256E-001
47.1708877 3.39646814716719E-001 3.55853677359411E-001
47.2708710 3.37748413048549E-001 3.53830851612389E-001
47.3708506 3.35864437680663E-001 3.51823660336696E-001
47.4708341 3.33994608154944E-001 3.49831799641579E-001
47.5708138 3.32138931981050E-001 3.47855272506930E-001
47.6707936 3.30297203970709E-001 3.45893855415888E-001
47.7707773 3.28469222591583E-001 3.43947328870265E-001
47.8707573 3.26654996743421E-001 3.42015697530466E-001
47.9707411 3.24854258929094E-001 3.40098671837536E-001
48.0707212 3.23067018923996E-001 3.38196257511978E-001
48.1707014 3.21293081624056E-001 3.36308242240338E-001
48.2706855 3.19532255383582E-001 3.34434417506360E-001
48.3706658 3.17784551218626E-001 3.32574790534854E-001
48.4706500 3.16049713851347E-001 3.30729085262340E-001
48.5706305 3.14327755078502E-001 3.28897309861804E-001
48.6706110 3.12618489277376E-001 3.27079262540719E-001
48.7705955 3.10921734098832E-001 3.25274745096855E-001
48.8705762 3.09237502444548E-001 3.23483767047531E-001
48.9705608 3.07565550564407E-001 3.21706065046007E-001
49.0705416 3.05905892054555E-001 3.19941649456161E-001
49.1705225 3.04258350212814E-001 3.18190328372359E-001
49.2705073 3.02622751437577E-001 3.16451913285827E-001
49.3704883 3.00999110306617E-001 3.14726415759502E-001
49.4704733 2.99387193952204E-001 3.13013584437711E-001
49.5704545 2.97787017568242E-001 3.11313431637657E-001
49.6704357 2.96198412850960E-001 3.09625774751119E-001
49.7704208 2.94621214435082E-001 3.07950434385747E-001
49.8704022 2.93055438384121E-001 3.06287423925858E-001
49.9703875 2.91500862110105E-001 3.04636503330093E-001
50.0703690 2.89957502221504E-001 3.02997686653206E-001
50.1703506 2.88425198326498E-001 3.01370800035901E-001
50.2703361 2.86903792819806E-001 2.99755672665287E-001
50.3703178 2.85393303077741E-001 2.98152319543379E-001
50.4703034 2.83893516228917E-001 2.96560511311514E-001
50.5702853 2.82404450129939E-001 2.94980263565996E-001
50.6702672 2.80925951847374E-001 2.93411410685724E-001
50.7702530 2.79457871091769E-001 2.91853789937205E-001
50.8702350 2.78000226395113E-001 2.90307417755123E-001
50.9702209 2.76552814075935E-001 2.88772074873587E-001
51.0702031 2.75115653087763E-001 2.87247778252387E-001
51.1701853 2.73688597532361E-001 2.85734370032688E-001
51.2701714 2.72271504021635E-001 2.84231695094375E-001
51.3701538 2.70864392100495E-001 2.82739771136699E-001
51.4701400 2.69467066784507E-001 2.81258388435150E-001
51.5701225 2.68079547986747E-001 2.79787565151234E-001
51.6701050 2.66701696449041E-001 2.78327150744576E-001
51.7700914 2.65333375297629E-001 2.76876997273802E-001
51.8700741 2.63974604960662E-001 2.75437123550014E-001
51.9700606 2.62625198689156E-001 2.74007328874346E-001
52.0700434 2.61285177230949E-001 2.72587632463056E-001
52.1700263 2.59954407598739E-001 2.71177890680059E-001
52.2700130 2.58632759071449E-001 2.69777962357094E-001
52.3699959 2.57320252842679E-001 2.68387867278376E-001
52.4699827 2.56016709966335E-001 2.67007413287945E-001
52.5699658 2.54722151911671E-001 2.65636620523308E-001
52.6699489 2.53436451617079E-001 2.64275351865905E-001
52.7699359 2.52159484175998E-001 2.62923472541744E-001
52.8699192 2.50891271440505E-001 2.61581003182130E-001
52.9699063 2.49631641861755E-001 2.60247759721860E-001
53.0698897 2.48380617527503E-001 2.58923763098418E-001
53.1698731 2.47138076978883E-001 2.57608882349347E-001
53.2698603 2.45903900807432E-001 2.56302988740859E-001
53.3698439 2.44678111426584E-001 2.55006103636897E-001
53.4698313 2.43460544304108E-001 2.53718050639215E-001
53.5698149 2.42251222052824E-001 2.52438851375148E-001
53.6697986 2.41050028514262E-001 2.51168380700357E-001
53.7697861 2.39856849481801E-001 2.49906515590147E-001
53.8697699 2.38671707842078E-001 2.48653278037157E-001
53.9697576 2.37494445722074E-001 2.47408498912622E-001
54.0697415 2.36325086174882E-001 2.46172200433739E-001
54.1697254 2.35163518059191E-001 2.44944262958022E-001
54.2697133 2.34009632092658E-001 2.43724568859996E-001
54.3696973 2.32863451555147E-001 2.42513140666648E-001
54.4696852 2.31724824897045E-001 2.41309816145655E-001
54.5696694 2.30593775534809E-001 2.40114618013309E-001
54.6696536 2.29470197078778E-001 2.38927431832852E-001
54.7696417 2.28353984910673E-001 2.37748145087848E-001
54.8696260 2.27245162631065E-001 2.36576780754013E-001
54.9696142 2.26143584698040E-001 2.35413183145133E-001
55.0695986 2.25049274821686E-001 2.34257375394250E-001
55.1695831 2.23962131114953E-001 2.33109247992867E-001
55.2695714 2.22882053379533E-001 2.31968693261684E-001
55.3695560 2.21809065470971E-001 2.30835734547476E-001
55.4695444 2.20743027558064E-001 2.29710222380934E-001
55.5695291 2.19683963581346E-001 2.28592180237159E-001
55.6695138 2.18631775922640E-001 2.27481503275787E-001
55.7695023 2.17586368574497E-001 2.26378088399707E-001
55.8694872 2.16547765587897E-001 2.25281959256332E-001
55.9694758 2.15515832562802E-001 2.24192972283713E-001
56.0694607 2.14490593612976E-001 2.23111151231303E-001
56.1694457 2.13471955169611E-001 2.22036395682840E-001
56.2694345 2.12459825200938E-001 2.20968606884211E-001
56.3694196 2.11454227899480E-001 2.19907808719657E-001
56.4694085 2.10455034033084E-001 2.18853863243346E-001
56.5693936 2.09462267836972E-001 2.17806794417753E-001
56.6693788 2.08475839585448E-001 2.16766506021647E-001
56.7693678 2.07495661020206E-001 2.15732903419365E-001
56.8693531 2.06521756426584E-001 2.14706010674194E-001
56.9693423 2.05554001492197E-001 2.13685695182241E-001
57.0693276 2.04592420526933E-001 2.12671981063481E-001
57.1693130 2.03636927454278E-001 2.11664776076554E-001
57.2693023 2.02687437599249E-001 2.10663989493331E-001
57.3692878 2.01743975295973E-001 2.09669645503857E-001
57.4692772 2.00806420917891E-001 2.08681616587912E-001
57.5692628 1.99874798807291E-001 2.07699926972746E-001
57.6692484 1.98949026354408E-001 2.06724488194672E-001
57.7692379 1.98029022288698E-001 2.05755213234848E-001
57.8692236 1.97114810953343E-001 2.04792126362814E-001
57.9692132 1.96206277186900E-001 2.03835104898602E-001
58.0691990 1.95303445325937E-001 2.02884173131351E-001
58.1691849 1.94406236055718E-001 2.01939246184907E-001
58.2691746 1.93514571341745E-001 2.01000240563289E-001
58.3691605 1.92628475500443E-001 2.00067180572835E-001
58.4691503 1.91747837627148E-001 1.99139948144281E-001
58.5691363 1.90872682018366E-001 1.98218567587682E-001
58.6691224 1.90002932492670E-001 1.97302957435520E-001
58.7691123 1.89138514093003E-001 1.96393037539251E-001
58.8690985 1.88279451076803E-001 1.95488832203503E-001
58.9690885 1.87425636599418E-001 1.94590227753119E-001
59.0690747 1.86577094886407E-001 1.93697248482123E-001
59.1690610 1.85733752737259E-001 1.92809816163221E-001
59.2690511 1.84895538122898E-001 1.91927853830154E-001
59.3690374 1.84062475212809E-001 1.91051385751141E-001
59.4690277 1.83234461036423E-001 1.90180302440647E-001
59.5690141 1.82411519720610E-001 1.89314628143403E-001
59.6690006 1.81593580902105E-001 1.88454287713705E-001
59.7689909 1.80780575338892E-001 1.87599207212005E-001
59.8689774 1.79972527086523E-001 1.86749410838903E-001
59.9689678 1.79169336872722E-001 1.85904793105329E-001
60.0689545 1.78371028700814E-001 1.85065378176818E-001
60.1689411 1.77577534909255E-001 1.84231093839759E-001
60.2689316 1.76788788910145E-001 1.83401869034685E-001
60.3689184 1.76004814621852E-001 1.82577727866542E-001
60.4689090 1.75225516304110E-001 1.81758568660186E-001
60.5688958 1.74450917814470E-001 1.80944415475112E-001
60.6688827 1.73680954065203E-001 1.80135198888839E-001
60.7688734 1.72915560997048E-001 1.79330850583710E-001
60.8688603 1.72154762370429E-001 1.78531394543890E-001
60.9688511 1.71398465819716E-001 1.77736732735551E-001
61.0688381 1.70646695036856E-001 1.76946889088110E-001
61.1688251 1.69899387387161E-001 1.76161796837226E-001
61.2688160 1.69156481221520E-001 1.75381390276599E-001
61.3688031 1.68418000123920E-001 1.74605693247132E-001
61.4687941 1.67683854954361E-001 1.73834611193020E-001
61.5687813 1.66954069221546E-001 1.73068167892118E-001
61.6687685 1.66228582629729E-001 1.72306299112698E-001
61.7687596 1.65507335828003E-001 1.71548941636669E-001
61.8687469 1.64790352207496E-001 1.70796119141620E-001
61.9687381 1.64077545712684E-001 1.70047740395201E-001
62.0687254 1.63368939653385E-001 1.69303829004561E-001
62.1687128 1.62664475964951E-001 1.68564323152037E-001
62.2687041 1.61964097488858E-001 1.67829161991443E-001
62.3686916 1.61267827408856E-001 1.67098369019207E-001
62.4686829 1.60575582620103E-001 1.66371856180065E-001
62.5686704 1.59887386219725E-001 1.65649646893445E-001
62.6686580 1.59203182272188E-001 1.64931681643742E-001
62.7686494 1.58522915711274E-001 1.64217901846773E-001
62.8686371 1.57846609500564E-001 1.63508330801982E-001
62.9686286 1.57174183359037E-001 1.62802883492511E-001
63.0686163 1.56505660158980E-001 1.62101583134997E-001
63.1686040 1.55840985997487E-001 1.61404372410011E-001
63.2685918 1.55180132943358E-001 1.60711221256446E-001
63.3685872 1.54523023323394E-001 1.60022047456076E-001
63.4685751 1.53869729951847E-001 1.59336926629296E-001
63.5685630 1.53220175348535E-001 1.58655776776294E-001
63.6685509 1.52574332545056E-001 1.57978568885475E-001
63.7685388 1.51932174807597E-001 1.57305274200873E-001
63.8685344 1.51293627059078E-001 1.56635813294282E-001
63.9685224 1.50658760454764E-001 1.55970260056714E-001
64.0685105 1.50027500096810E-001 1.55308535262875E-001
64.1684986 1.49399820166152E-001 1.54650611153261E-001
64.2684867 1.48775695066647E-001 1.53996460211124E-001
64.3684824 1.48155052208415E-001 1.53346005679477E-001
64.4684706 1.47537961129635E-001 1.52699319763365E-001
64.5684588 1.46924349406808E-001 1.52056325894260E-001
64.6684470 1.46314192313220E-001 1.51416997501881E-001
64.7684353 1.45707465334076E-001 1.50781308246569E-001
64.8684312 1.45104098263232E-001 1.50149183929789E-001
64.9684195 1.44504159062736E-001 1.49520695113108E-001
65.0684079 1.43907577680837E-001 1.48895767772972E-001
65.1683963 1.43314330429404E-001 1.48274376469051E-001
65.2683847 1.42724393821836E-001 1.47656495980189E-001
65.3683808 1.42137699937410E-001 1.47042054559234E-001
65.4683692 1.41554315202046E-001 1.46431121165801E-001
65.5683578 1.40974171838228E-001 1.45823624215154E-001
65.6683463 1.40397247145652E-001 1.45219539340998E-001
65.7683349 1.39823518615735E-001 1.44618842385413E-001
65.8683311 1.39252920519708E-001 1.44021463950917E-001
65.9683197 1.38685517786418E-001 1.43427471435760E-001
66.0683084 1.38121244819866E-001 1.42836795593145E-001
66.1682971 1.37560079859640E-001 1.42249413078055E-001
66.2682858 1.37002001327787E-001 1.41665300743651E-001
66.3682821 1.36446945598599E-001 1.41084391445450E-001
66.4682709 1.35894976141963E-001 1.40506751059972E-001
66.5682597 1.35346029455198E-001 1.39932312582481E-001
66.6682485 1.34800084672501E-001 1.39361053639421E-001
66.7682374 1.34257121101772E-001 1.38792952045796E-001
66.8682339 1.33717077135784E-001 1.38227942818205E-001
66.9682228 1.33180014822646E-001 1.37666090350137E-001
67.0682118 1.32645872669060E-001 1.37107329787731E-001
67.1682007 1.32114630661032E-001 1.36551639681851E-001
67.2681897 1.31586268949997E-001 1.35998998762828E-001
67.3681864 1.31060727866694E-001 1.35449344120922E-001
67.4681754 1.30538068073714E-001 1.34902738704345E-001
67.5681645 1.30018230007236E-001 1.34359119723367E-001
67.6681536 1.29501194464605E-001 1.33818466608820E-001
67.7681428 1.28986942400771E-001 1.33280758962413E-001
67.8681396 1.28475416007776E-001 1.32745935864870E-001
67.9681288 1.27966674598037E-001 1.32214058855960E-001
68.0681180 1.27460660461106E-001 1.31685067127520E-001
68.1681072 1.26957355167391E-001 1.31158940948339E-001
68.2680965 1.26456740437497E-001 1.30635660749949E-001
68.3680934 1.25958760251734E-001 1.30115167524345E-001
68.4680827 1.25463472606796E-001 1.29597521438764E-001
68.5680721 1.24970821573095E-001 1.29082663588003E-001
68.6680615 1.24480789457879E-001 1.28570575039072E-001
68.7680509 1.23993358711584E-001 1.28061237014041E-001
68.8680479 1.23508475033183E-001 1.27554592340745E-001
68.9680374 1.23026195137213E-001 1.27050699848897E-001
69.0680269 1.22546464805832E-001 1.26549502461382E-001
69.1680164 1.22069267048838E-001 1.26050982005842E-001
69.2680059 1.21594585012580E-001 1.25555120457713E-001
69.3680031 1.21122366048341E-001 1.25061862408808E-001
69.4679927 1.20652665621189E-001 1.24571265385435E-001
69.5679823 1.20185431159131E-001 1.24083274067214E-001
69.6679719 1.19720646342041E-001 1.23597871006852E-001
69.7679615 1.19258294980062E-001 1.23115038897965E-001
69.8679589 1.18798326013494E-001 1.22634724027857E-001
69.9679486 1.18340793689783E-001 1.22156982652667E-001
70.0679383 1.17885647019920E-001 1.21681761140738E-001
70.1679281 1.17432870323093E-001 1.21209042736163E-001
70.2679178 1.16982448042802E-001 1.20738810817432E-001
70.3679153 1.16534330647988E-001 1.20271013302030E-001
70.4679051 1.16088571199475E-001 1.19805705208304E-001
70.5678949 1.15645120231253E-001 1.19342834528461E-001
70.6678848 1.15203962672669E-001 1.18882385166088E-001
70.7678747 1.14765083571740E-001 1.18424341152994E-001
70.8678723 1.14328434868412E-001 1.17968651974557E-001
70.9678622 1.13894068467073E-001 1.17515371442861E-001
71.0678522 1.13461936367448E-001 1.17064449112100E-001
71.1678422 1.13032024081407E-001 1.16615869515139E-001
71.2678322 1.12604317234133E-001 1.16169617307208E-001
71.3678299 1.12178769181553E-001 1.15725643482144E-001
71.4678200 1.11755430700996E-001 1.15284000676464E-001
71.5678100 1.11334255203245E-001 1.14844639947303E-001
71.6678002 1.10915228756478E-001 1.14407546428157E-001
71.7677903 1.10498337537105E-001 1.13972705369345E-001
71.8677881 1.10083536264478E-001 1.13540069216424E-001
71.9677783 1.09670874617460E-001 1.13109689460232E-001
72.0677685 1.09260307365656E-001 1.12681518604467E-001
72.1677587 1.08851821108684E-001 1.12255542356106E-001
72.2677489 1.08445402549570E-001 1.11831746533684E-001
72.3677468 1.08041007720873E-001 1.11410084980302E-001
72.4677371 1.07638685230817E-001 1.10990608070205E-001
72.5677275 1.07238391157914E-001 1.10573269699820E-001
72.6677178 1.06840112609616E-001 1.10158056123844E-001
72.7677082 1.06443836792209E-001 1.09744953703541E-001
72.8677062 1.06049521003459E-001 1.09333917627807E-001
72.9676966 1.05657212808027E-001 1.08924997182603E-001
73.0676870 1.05266869545616E-001 1.08518147605649E-001
73.1676774 1.04878478809102E-001 1.08113355674922E-001
73.2676679 1.04492028285855E-001 1.07710608270232E-001
73.3676660 1.04107476492953E-001 1.07309861876815E-001
73.4676565 1.03724869977837E-001 1.06911164719898E-001
73.5676471 1.03344167295772E-001 1.06514473329337E-001
73.6676376 1.02965356503777E-001 1.06119774983192E-001
73.7676282 1.02588425749237E-001 1.05727057056863E-001
73.8676264 1.02213334724654E-001 1.05336277284653E-001
73.9676171 1.01840128985871E-001 1.04947482857861E-001
74.0676077 1.01468768260070E-001 1.04560631551482E-001
74.1675984 1.01099241048191E-001 1.04175711121637E-001
74.2675890 1.00731535937625E-001 1.03792709417512E-001
74.3675874 1.00365613754293E-001 1.03411585377279E-001
74.4675781 1.00001519087378E-001 1.03032385184386E-001
74.5675688 9.96392127942062E-002 1.02655067814024E-001
74.6675596 9.92786838004280E-002 1.02279621479453E-001
74.7675504 9.89199211144137E-002 1.01906034482940E-001
74.8675488 9.85628866553124E-002 1.01534266923286E-001
74.9675396 9.82076240698945E-002 1.01164364001460E-001
75.0675305 9.78540953056517E-002 1.00796285849853E-001
75.1675213 9.75022896946758E-002 1.00430021118984E-001
75.2675122 9.71521966482334E-002 1.00065558544529E-001
75.3675108 9.68037791402169E-002 9.97028593445423E-002
75.4675017 9.64570798985726E-002 9.93419677621953E-002
75.5674926 9.61120619226768E-002 9.89828450459281E-002
75.6674836 9.57687149336896E-002 9.86254802646316E-002
75.7674746 9.54270287285744E-002 9.82698625686851E-002
75.8674732 9.50869672991106E-002 9.79159542557955E-002
75.9674642 9.47485724773643E-002 9.75637986353434E-002
76.0674553 9.44118082779285E-002 9.72133580324279E-002
76.1674463 9.40766647945053E-002 9.68646219163478E-002
76.2674374 9.37431321933923E-002 9.65175798344050E-002
76.3674361 9.34111754489472E-002 9.61721951260396E-002
76.4674273 9.30808355196708E-002 9.58285101901932E-002
76.5674184 9.27520774002408E-002 9.54864883909019E-002
76.6674096 9.24248915411751E-002 9.51461195807896E-002
76.7674007 9.20992684625335E-002 9.48073936871675E-002
76.8673996 9.17751740874152E-002 9.44702750548894E-002
76.9673908 9.14526485224596E-002 9.41348051951717E-002
77.0673820 9.11316577087574E-002 9.38009484748528E-002
77.1673732 9.08121924386724E-002 9.34686951136291E-002
77.2673645 9.04942435712036E-002 9.31380354027295E-002
77.3673634 9.01777779457550E-002 9.28089346576243E-002
77.4673547 8.98628348382132E-002 9.24814335238951E-002
77.5673461 8.95493811038006E-002 9.21554973365588E-002
77.6673374 8.92374078624726E-002 9.18311166669167E-002
77.7673288 8.89269062980520E-002 9.15082821548004E-002
77.8673278 8.86178441351441E-002 9.11869600529463E-002
77.9673192 8.83102598394132E-002 9.08671901627880E-002
78.0673106 8.80041211492543E-002 9.05489387543318E-002
78.1673020 8.76994194986385E-002 9.02321967357604E-002
78.2672935 8.73961463827666E-002 8.99169550809272E-002
78.3672925 8.70942703816110E-002 8.96031809478622E-002
78.4672840 8.67938291705809E-002 8.92909133147477E-002
78.5672755 8.64947913415459E-002 8.89801193547590E-002
78.6672671 8.61971486295571E-002 8.86707902989383E-002
78.7672586 8.59008928283823E-002 8.83629174412752E-002
78.8672578 8.56059933447366E-002 8.80564688144323E-002
78.9672493 8.53124870831930E-002 8.77514825936649E-002
79.0672409 8.50203434605984E-002 8.74479268247977E-002
79.1672325 8.47295545007558E-002 8.71457930483760E-002
79.2672242 8.44401122837899E-002 8.68450728652985E-002
79.3672234 8.41519870156853E-002 8.65457351534473E-002
79.4672151 8.38652148490665E-002 8.62478173049181E-002
79.5672068 8.35797659984037E-002 8.59512882089050E-002
79.6671985 8.32956327644997E-002 8.56561397027305E-002
79.7671902 8.30128075021947E-002 8.53623636815974E-002
79.8671895 8.27312611903684E-002 8.50699298403848E-002
79.9671813 8.24510292480663E-002 8.47788748072531E-002
80.0671730 8.21720826611193E-002 8.44891682866683E-002
80.1671648 8.18944139961227E-002 8.42008024005995E-002
80.2671566 8.16180158715303E-002 8.39137693265394E-002
80.3671560 8.13428600137894E-002 8.36280395492746E-002
80.4671478 8.10689811262337E-002 8.33436489517289E-002
80.5671397 8.07963509408319E-002 8.30605680266670E-002
80.6671315 8.05249622792809E-002 8.27787891691402E-002
80.7671234 8.02548080130584E-002 8.24983048274756E-002
80.8671229 7.99858605918507E-002 8.22190862503589E-002
80.9671148 7.97181540206572E-002 8.19411685936630E-002
81.0671067 7.94516607533539E-002 8.16645231125524E-002
81.1670987 7.91863738565395E-002 8.13891424641312E-002
81.2670906 7.89222864446101E-002 8.11150193566356E-002
81.3670902 7.86593716671147E-002 8.08421257776718E-002
81.4670822 7.83976628476223E-002 8.05704961737510E-002
81.5670742 7.81371331386320E-002 8.03001025375611E-002
81.6670662 7.78777758419089E-002 8.00309377777380E-002
81.7670583 7.76195843051223E-002 7.97629948520041E-002
81.8670579 7.73625323552178E-002 7.94962464628907E-002
81.9670500 7.71066526507756E-002 7.92307263647521E-002
82.0670421 7.68519190205374E-002 7.89664072639004E-002
82.1670342 7.65983249921411E-002 7.87032823104636E-002
82.2670263 7.63458641373205E-002 7.84413447017037E-002
82.3670260 7.60945109388193E-002 7.81805678320199E-002
82.4670182 7.58442974062228E-002 7.79209847803446E-002
82.5670103 7.55951980229980E-002 7.76625689436465E-002
82.6670025 7.53472065337801E-002 7.74053137039633E-002
82.7669947 7.51003167255732E-002 7.71492124886019E-002
82.8669945 7.48545037161499E-002 7.68942393616671E-002
82.9669867 7.46097988816595E-002 7.66404267429481E-002
83.0669790 7.43661773396004E-002 7.63877486979927E-002
83.1669712 7.41236330431275E-002 7.61361988315982E-002
83.2669635 7.38821599861148E-002 7.58857707920518E-002
83.3669634 7.36417339013870E-002 7.56364392918564E-002
83.4669556 7.34023855467920E-002 7.53882361074927E-002
83.5669479 7.31640906539543E-002 7.51411359518593E-002
83.6669403 7.29268433764482E-002 7.48951326437755E-002
83.7669326 7.26906379069911E-002 7.46502200438509E-002
83.8669326 7.24554505742389E-002 7.44063734924951E-002
83.9669249 7.22213115324638E-002 7.41636241382850E-002
84.0669173 7.19881971082623E-002 7.39219473210524E-002
84.1669097 7.17561016478869E-002 7.36813370652923E-002
84.2669021 7.15250195352267E-002 7.34417874356652E-002
84.3669022 7.12949276762723E-002 7.32032743807762E-002
84.4668946 7.10658556360459E-002 7.29658284362842E-002
84.5668870 7.08377803176817E-002 7.27294255493129E-002
84.6668795 7.06106962527104E-002 7.24940599420567E-002
84.7668720 7.03845980088583E-002 7.22597258753236E-002
84.8668721 7.01594630516457E-002 7.20263998869482E-002
84.9668646 6.99353203707836E-002 7.17941119142508E-002
85.0668571 6.97121474281976E-002 7.15628384927463E-002
85.1668496 6.94899389336201E-002 7.13325740347058E-002
85.2668422 6.92686896316015E-002 7.11033129895297E-002
85.3668424 6.90483775300480E-002 7.08750324660286E-002
85.4668349 6.88290310569226E-002 7.06477618173698E-002
85.5668275 6.86106282158531E-002 7.04214781492665E-002
85.6668201 6.83931638880060E-002 7.01961760567784E-002
85.7668127 6.81766329880474E-002 6.99718501706762E-002
85.8668130 6.79610140497590E-002 6.97484781531739E-002
85.9668056 6.77463349525530E-002 6.95260887870872E-002
86.0667983 6.75325742253007E-002 6.93046597308133E-002
86.1667909 6.73197269141273E-002 6.90841857552312E-002
86.2667836 6.71077880973971E-002 6.88646616655741E-002
86.3667839 6.68967368188621E-002 6.86460656605392E-002
86.4667766 6.66866004222265E-002 6.84284259660203E-002
86.5667694 6.64773579457487E-002 6.82117207762315E-002
86.6667621 6.62690045943165E-002 6.79959450312051E-002
86.7667548 6.60615356038504E-002 6.77810937040294E-002
86.8667552 6.58549305127479E-002 6.75671455135877E-002
86.9667480 6.56492161415035E-002 6.73541281419200E-002
87.0667408 6.54443720224826E-002 6.71420203028107E-002
87.1667336 6.52403935134055E-002 6.69308170990676E-002
87.2667264 6.50372760018695E-002 6.67205136653120E-002
87.3667268 6.48349995061476E-002 6.65110892249128E-002
87.4667197 6.46335903356889E-002 6.63025709287740E-002
87.5667125 6.44330285022383E-002 6.60949379945968E-002
87.6667054 6.42333095106705E-002 6.58881856818608E-002
87.7666983 6.40344288946309E-002 6.56823092806703E-002
87.8666988 6.38363671380295E-002 6.54772885037499E-002
87.9666917 6.36391500511095E-002 6.52731499832446E-002
88.0666846 6.34427581107968E-002 6.50698734256877E-002
88.1666775 6.32471869636832E-002 6.48674542413877E-002
88.2666705 6.30524322840716E-002 6.46658878701399E-002
88.3666710 6.28584750077800E-002 6.44651544994429E-002
88.4666640 6.26653404573701E-002 6.42652802547281E-002
88.5666570 6.24730095612568E-002 6.40662453168201E-002
88.6666500 6.22814781025411E-002 6.38680452412628E-002
88.7666429 6.20907418910197E-002 6.36706756119961E-002
88.8666436 6.19007823011775E-002 6.34741170772341E-002
88.9666366 6.17116241791129E-002 6.32783952674197E-002
89.0666296 6.15232488915243E-002 6.30834908236495E-002
89.1666227 6.13356523530316E-002 6.28893994413447E-002
89.2666157 6.11488305039778E-002 6.26961168432789E-002
89.3666164 6.09627651447420E-002 6.25036241248252E-002
89.4666095 6.07774806558801E-002 6.23119464328506E-002
89.5666026 6.05929588296337E-002 6.21210648552037E-002
89.6665957 6.04091957073598E-002 6.19309752220514E-002
89.7665889 6.02261873552065E-002 6.17416733899123E-002
89.8665896 6.00439159871223E-002 6.15531408882434E-002
89.9665828 5.98624055287531E-002 6.13654023914456E-002
90.0665759 5.96816381855899E-002 6.11784394210785E-002
90.1665691 5.95016101211435E-002 6.09922479371372E-002
90.2665622 5.93223175228220E-002 6.08068239250103E-002
90.3665631 5.91437430062488E-002 6.06221493356235E-002
90.4665563 5.89659100525123E-002 6.04382483817283E-002
90.5665495 5.87888012684872E-002 6.02551030060128E-002
90.6665427 5.86124129354437E-002 6.00727092935878E-002
90.7665359 5.84367413576920E-002 5.98910633540389E-002
90.8665368 5.82617695410493E-002 5.97101475475889E-002
90.9665301 5.80875205321261E-002 5.95299856358698E-002
91.0665233 5.79139773277263E-002 5.93505599705562E-002
91.1665166 5.77411363226652E-002 5.91718667573572E-002
91.2665099 5.75689939339765E-002 5.89939022255759E-002
91.3665108 5.73975335465850E-002 5.88166491329841E-002
91.4665041 5.72267777824392E-002 5.86401308003472E-002
91.5664975 5.70567100172119E-002 5.84643299766068E-002
91.6664908 5.68873267552217E-002 5.82892429837389E-002
91.7664842 5.67186245222165E-002 5.81148661664685E-002
91.8664851 5.65505870715235E-002 5.79411826687754E-002
91.9664785 5.63832366099883E-002 5.77682153805423E-002
92.0664719 5.62165568814705E-002 5.75959474366626E-002
92.1664653 5.60505444959139E-002 5.74243752712254E-002
92.2664587 5.58851960839352E-002 5.72534953402587E-002
92.3664597 5.57204957569226E-002 5.70832911629988E-002
92.4664531 5.55564653159288E-002 5.69137852081681E-002
92.5664466 5.53930888626816E-002 5.67449609856860E-002
92.6664400 5.52303631090286E-002 5.65768150377699E-002
92.7664335 5.50682847867646E-002 5.64093439277988E-002
92.8664346 5.49068383553483E-002 5.62425315396899E-002
92.9664281 5.47460452191071E-002 5.60763999304733E-002
93.0664215 5.45858898276675E-002 5.59109329745415E-002
93.1664150 5.44263689912092E-002 5.57461273184170E-002
93.2664086 5.42674795391623E-002 5.55819796290385E-002
93.3664097 5.41092062694016E-002 5.54184741447871E-002
93.4664032 5.39515701983628E-002 5.52556325202231E-002
93.5663968 5.37945561139357E-002 5.50934389840165E-002
93.6663903 5.36381609212034E-002 5.49318902833267E-002
93.7663839 5.34823815438303E-002 5.47709831850131E-002
93.8663851 5.33272031087764E-002 5.46107022720496E-002
93.9663787 5.31726462531899E-002 5.44510688055086E-002
94.0663723 5.30186960939112E-002 5.42920673584876E-002
94.1663659 5.28653496276347E-002 5.41336947752610E-002
94.2663595 5.27126038689929E-002 5.39759479191156E-002
94.3663607 5.25604442650106E-002 5.38188117080792E-002
94.4663544 5.24088910819313E-002 5.36623070184861E-002
94.5663480 5.22579297565426E-002 5.35064187583405E-002
94.6663417 5.21075573739879E-002 5.33511438656511E-002
94.7663353 5.19577710367313E-002 5.31964792967786E-002
94.8663366 5.18085565031404E-002 5.30424102955841E-002
94.9663303 5.16599336767211E-002 5.28889573621872E-002
95.0663240 5.15118883055026E-002 5.27361057302968E-002
95.1663177 5.13644175600393E-002 5.25838524284085E-002
95.2663114 5.12175186276138E-002 5.24321945027369E-002
95.3663128 5.10711775695013E-002 5.22811175140617E-002
95.4663065 5.09254139344286E-002 5.21306415945926E-002
95.5663002 5.07802137732459E-002 5.19807522948451E-002
95.6662940 5.06355743390005E-002 5.18314467306837E-002
95.7662878 5.04914929008978E-002 5.16827220350834E-002
95.8662892 5.03479558149616E-002 5.15345640771227E-002
95.9662829 5.02049822828942E-002 5.13869926291925E-002
96.0662767 5.00625586502221E-002 5.12399935500107E-002
96.1662705 4.99206822496803E-002 5.10935640398152E-002
96.2662643 4.97793504296146E-002 5.09477013153691E-002
96.3662658 4.96385498329038E-002 5.08023915457135E-002
96.4662596 4.94982993217829E-002 5.06576541513038E-002
96.5662535 4.93585855285738E-002 5.05134752907389E-002
96.6662473 4.92194058630038E-002 5.03698522457513E-002
96.7662412 4.90807577498839E-002 5.02267823140364E-002
96.8662427 4.89426281113093E-002 5.00842519565331E-002
96.9662365 4.88050354774138E-002 4.99422802494450E-002
97.0662304 4.86679667596880E-002 4.98008536432005E-002
97.1662243 4.85314194422595E-002 4.96599694982601E-002
97.2662182 4.83953910238332E-002 4.95196251905072E-002
97.3662198 4.82598686983278E-002 4.93798074649759E-002
97.4662137 4.81248706709547E-002 4.92405350611051E-002
97.5662076 4.79903841249924E-002 4.91017947133628E-002
97.6662016 4.78564066164759E-002 4.89635838582783E-002
97.7661955 4.77229357155314E-002 4.88258999472847E-002
97.8661971 4.75899588807446E-002 4.86887300019601E-002
97.9661911 4.74574939994025E-002 4.85520924322766E-002
98.0661851 4.73255285194253E-002 4.84159742492027E-002
98.1661791 4.71940600663590E-002 4.82803729627800E-002
98.2661730 4.70630862793720E-002 4.81452860974540E-002
98.3661747 4.69325948747886E-002 4.80107009440387E-002
98.4661687 4.68026034287933E-002 4.78766355901522E-002
98.5661627 4.66730996470289E-002 4.77430773159666E-002
98.6661568 4.65440812222466E-002 4.76100237025765E-002
98.7661508 4.64155458603691E-002 4.74774723450005E-002
98.8661525 4.62874815287493E-002 4.73454107962135E-002
98.9661465 4.61599054991199E-002 4.72138568284132E-002
99.0661406 4.60328057281464E-002 4.70827979839104E-002
99.1661347 4.59061799735660E-002 4.69522319124882E-002
99.2661288 4.57800260058546E-002 4.68221562773914E-002
99.3661305 4.56543320368946E-002 4.66925588869051E-002
99.4661246 4.55291150404521E-002 4.65634572045666E-002
99.5661187 4.54043632177245E-002 4.64348390279841E-002
99.6661128 4.52800743893007E-002 4.63067020733543E-002
99.7661070 4.51562463880904E-002 4.61790440698908E-002
99.8661087 4.50328676642106E-002 4.60518530745546E-002
99.9661029 4.49099548997836E-002 4.59251462488124E-002
100.0660970 4.47874965342513E-002 4.57989116389450E-002
100.1660912 4.46654904489991E-002 4.56731470253734E-002
100.2660854 4.45439345373316E-002 4.55478502011078E-002
100.3660872 4.44228174815006E-002 4.54230094653588E-002
100.4660814 4.43021556781505E-002 4.52986416839488E-002
100.5660756 4.41819377988756E-002 4.51747351454132E-002
100.6660698 4.40621617838795E-002 4.50512876922905E-002
100.7660640 4.39428255848986E-002 4.49282971792968E-002
100.8660658 4.38239181104080E-002 4.48057521416672E-002
100.9660601 4.37054554775881E-002 4.46836691558452E-002
101.0660543 4.35874265842812E-002 4.45620367464034E-002
101.1660486 4.34698294276048E-002 4.44408528159700E-002
101.2660428 4.33526620158359E-002 4.43201152789546E-002
101.3660447 4.32359134779446E-002 4.41998129005846E-002
101.4660390 4.31195996575116E-002 4.40799619740349E-002
101.5660333 4.30037096729052E-002 4.39605512538904E-002
101.6660275 4.28882415763215E-002 4.38415787009169E-002
101.7660218 4.27731934307585E-002 4.37230422872797E-002
101.8660238 4.26585545801265E-002 4.36049310023527E-002
101.9660181 4.25443406001282E-002 4.34872608620016E-002
102.0660124 4.24305408241092E-002 4.33700208449845E-002
102.1660067 4.23171533575780E-002 4.32532089683247E-002
102.2660011 4.22041763164992E-002 4.31368232600777E-002
102.3660031 4.20915992543393E-002 4.30208529280975E-002
102.4659974 4.19794374845028E-002 4.29053137167529E-002
102.5659918 4.18676805499338E-002 4.27901948233152E-002
102.6659861 4.17563266077508E-002 4.26754943192548E-002
102.7659805 4.16453738251955E-002 4.25612102867202E-002
102.8659825 4.15348119600689E-002 4.24473321465524E-002
102.9659769 4.14246560689213E-002 4.23338753772931E-002
103.0659713 4.13148958990787E-002 4.22208293892390E-002
103.1659657 4.12055296576296E-002 4.21081923065637E-002
103.2659601 4.10965555614645E-002 4.19959622637778E-002
103.3659622 4.09879635676546E-002 4.18841288893832E-002
103.4659566 4.08797684812073E-002 4.17727074016245E-002
103.5659511 4.07719602487710E-002 4.16616874185036E-002
103.6659455 4.06645371258232E-002 4.15510671152170E-002
103.7659400 4.05574973773345E-002 4.14408446769693E-002
103.8659421 4.04508311547332E-002 4.13310099347579E-002
103.9659365 4.03445530166668E-002 4.12215778519267E-002
104.0659310 4.02386531041972E-002 4.11125382490217E-002
104.1659255 4.01331297196676E-002 4.10038893506434E-002
104.2659200 4.00279811746162E-002 4.08956293910834E-002
104.3659221 3.99231978100619E-002 4.07877483988246E-002
104.4659166 3.98187939433494E-002 4.06802610875743E-002
104.5659112 3.97147599051920E-002 4.05731574754175E-002
104.6659057 3.96110940433296E-002 4.04664358347981E-002
104.7659002 3.95077947144096E-002 4.03600944475458E-002
104.8659024 3.94048524444171E-002 4.02541235347688E-002
104.9658969 3.93022813143285E-002 4.01485375656744E-002
105.0658915 3.92000718398873E-002 4.00433267510308E-002
105.1658860 3.90982224128137E-002 3.99384894096210E-002
105.2658806 3.89967314334588E-002 3.98340238693196E-002
105.3658828 3.88955896082844E-002 3.97299205391447E-002
105.4658774 3.87948107867157E-002 3.96261936488158E-002
105.5658720 3.86943856650408E-002 3.95228335970729E-002
105.6658666 3.85943126775948E-002 3.94198387475878E-002
105.7658612 3.84945902670757E-002 3.93172074728403E-002
105.8658634 3.83952093160658E-002 3.92149303651822E-002
105.9658580 3.82961834471397E-002 3.91130214197375E-002
106.0658527 3.81975035327763E-002 3.90114712186449E-002
106.1658473 3.80991680486080E-002 3.89102781690669E-002
106.2658419 3.80011754783720E-002 3.88094406867003E-002
106.3658442 3.79035168765413E-002 3.87089495427893E-002
106.4658389 3.78062056434285E-002 3.86088185026364E-002
106.5658335 3.77092328234764E-002 3.85090383273412E-002
106.6658282 3.76125969323436E-002 3.84096074662082E-002
106.7658229 3.75162964935449E-002 3.83105243768122E-002
106.8658252 3.74203227293367E-002 3.82117800049786E-002
106.9658199 3.73246888222493E-002 3.81133878908483E-002
107.0658146 3.72293859845848E-002 3.80153389701737E-002
107.1658093 3.71344127708019E-002 3.79176317331002E-002
107.2658040 3.70397677429756E-002 3.78202646777893E-002
107.3658063 3.69454422871570E-002 3.77232289204618E-002
107.4658011 3.68514493724673E-002 3.76265377806457E-002
107.5657958 3.67577803750823E-002 3.75301823645635E-002
107.6657905 3.66644338870771E-002 3.74341612019464E-002
107.7657853 3.65714085079115E-002 3.73384728302962E-002
107.8657877 3.64786957835584E-002 3.72431085321652E-002
107.9657824 3.63863084739993E-002 3.71480814109092E-002
108.0657772 3.62942381154120E-002 3.70533827391586E-002
108.1657720 3.62024833363458E-002 3.69590110850196E-002
108.2657667 3.61110427725116E-002 3.68649650241320E-002
108.3657692 3.60199081260405E-002 3.67712360014323E-002
108.4657639 3.59290919519439E-002 3.66778369084393E-002
108.5657587 3.58385859426402E-002 3.65847591802469E-002
108.6657536 3.57483887620508E-002 3.64920014221675E-002
108.7657484 3.56584990810424E-002 3.63995622468183E-002
108.8657508 3.55689087542487E-002 3.63074332576860E-002
108.9657456 3.54796301357819E-002 3.62156271386859E-002
109.0657405 3.53906550706472E-002 3.61241354835433E-002
