0.0053140 2.38771489013427E+002 1.45529123734954E+004
0.0210792 8.63137706411780E+002 1.39877118759843E+004
0.0467942 1.65792651856064E+003 1.31247703266340E+004
0.0817065 2.40663375850896E+003 1.20605062880862E+004
0.1249105 2.97431914630522E+003 1.08949914412725E+004
0.1754417 3.31869626111024E+003 9.71412028669821E+003
0.2323515 3.45969436369323E+003 8.58063020645635E+003
0.2947571 3.44415175877859E+003 7.53332382583301E+003
0.3618673 3.32217210427805E+003 6.59119529898848E+003
0.4329916 3.13602719467103E+003 5.75914904277985E+003
0.5075377 2.91715244161426E+003 5.03329104898724E+003
0.5850032 2.68701581435674E+003 4.40496675749287E+003
0.6649650 2.45927533839706E+003 3.86349229528532E+003
0.7470680 2.24198859171476E+003 3.39782263409352E+003
0.8310139 2.03942994197634E+003 2.99747844898960E+003
0.9165527 1.85343287177915E+003 2.65298467705230E+003
1.0034738 1.68432543913199E+003 2.35602411812239E+003
1.0915995 1.53155525422619E+003 2.09943064195570E+003
1.1807797 1.39409316992346E+003 1.87710072338913E+003
1.2708868 1.27068866756839E+003 1.68387468903325E+003
1.3618115 1.16002417789424E+003 1.51540783907011E+003
1.4534610 1.06080525287512E+003 1.36804822672108E+003
1.5457546 9.71811653473426E+002 1.23872932518914E+003
1.6386236 8.91919899627361E+002 1.12487231165424E+003
1.7320075 8.20113830715334E+002 1.02430751573021E+003
1.8258543 7.55482998963072E+002 9.35204263551119E+002
1.9201186 6.97218056219418E+002 8.56014965480501E+002
2.0147601 6.44603285091795E+002 7.85428379176619E+002
2.1097440 5.97006824292590E+002 7.22329294907003E+002
2.2050388 5.53872712389628E+002 6.65767621612354E+002
2.3006174 5.14711469512632E+002 6.14930614261831E+002
2.3964555 4.79092522160748E+002 5.69121324761608E+002
2.4925310 4.46637204232540E+002 5.27740594949028E+002
2.5888248 4.17011742420337E+002 4.90271156740512E+002
2.6853193 3.89922186336389E+002 4.56265820287180E+002
2.7819988 3.65108898306223E+002 4.25336317431708E+002
2.8788497 3.42342421227689E+002 3.97144823615322E+002
2.9758588 3.21419810750801E+002 3.71396771671349E+002
3.0730149 3.02160956633436E+002 3.47834217965659E+002
3.1703074 2.84406109112949E+002 3.26231132831228E+002
3.2677268 2.68013051594208E+002 3.06388599082880E+002
3.3652646 2.52855120991785E+002 2.88131319204791E+002
3.4629133 2.38819213475729E+002 2.71304318788714E+002
3.5606650 2.25804411016920E+002 2.55770569161392E+002
3.6585133 2.13720157464453E+002 2.41408209087012E+002
3.7564523 2.02485291619234E+002 2.28108904784687E+002
3.8544764 1.92026896963101E+002 2.15776078404731E+002
3.9525810 1.82279313098234E+002 2.04323403143959E+002
4.0507604 1.73183493093072E+002 1.93673764957899E+002
4.1490108 1.64686002443120E+002 1.83757852628473E+002
4.2473280 1.56738574320622E+002 1.74513441621734E+002
4.3457083 1.49297504823007E+002 1.65884522468570E+002
4.4441489 1.42323131092993E+002 1.57820554161351E+002
4.5426454 1.35779530646086E+002 1.50275996354853E+002
4.6411954 1.29633941341732E+002 1.43209537921280E+002
4.7397961 1.23856559899919E+002 1.36583779188575E+002
4.8384450 1.18420209666789E+002 1.30364776097454E+002
4.9371399 1.13300052810587E+002 1.24521647225289E+002
5.0358779 1.08473451955447E+002 1.19026360926826E+002
5.1346571 1.03919615320009E+002 1.13853283630722E+002
5.2334756 9.96195100371571E+001 1.08979041073979E+002
5.3323316 9.55556713718377E+001 1.04382266419880E+002
5.4312238 9.17120369602616E+001 1.00043382090424E+002
5.5301496 8.80738867496554E+001 9.59445051876056E+001
5.6291079 8.46276146300306E+001 9.20691666616924E+001
5.7280973 8.13606964244672E+001 8.84022553105560E+001
5.8271164 7.82615755969364E+001 8.49298715225677E+001
5.9261644 7.53195637473928E+001 8.16392001867627E+001
6.0252392 7.25248186845229E+001 7.85184723927122E+001
6.1243401 6.98681906468300E+001 7.55567814599037E+001
6.2234659 6.73412162125663E+001 7.27440657054414E+001
6.3226158 6.49360470612804E+001 7.00710196246115E+001
6.4217891 6.26453878787057E+001 6.75290165558540E+001
6.5209840 6.04624929028255E+001 6.51100974251072E+001
6.6202001 5.83810581773814E+001 6.28068446729508E+001
6.7194366 5.63952273801317E+001 6.06123830115222E+001
6.8186927 5.44995457565302E+001 5.85203232476263E+001
6.9179682 5.26889199458142E+001 5.65247133173519E+001
7.0172613 5.09586231995239E+001 5.46200398721577E+001
7.1165720 4.93042172533728E+001 5.28011384920581E+001
7.2158999 4.77215557977413E+001 5.10631942934915E+001
7.3152432 4.62067905704893E+001 4.94017455674138E+001
7.4146030 4.47562706632247E+001 4.78125706179730E+001
7.5139770 4.33666317779822E+001 4.62917832553926E+001
7.6133666 4.20346685445438E+001 4.48356907460619E+001
7.7127702 4.07574132856517E+001 4.34408781124807E+001
7.8121865 3.95320797082741E+001 4.21041447132690E+001
7.9116168 3.83560171486409E+001 4.08224527977011E+001
8.0110589 3.72267792039570E+001 3.95930009121262E+001
8.1105143 3.61420228528629E+001 3.84131126543387E+001
8.2099815 3.50995747940617E+001 3.72803077514795E+001
8.3094593 3.40973879425190E+001 3.61922535912526E+001
8.4089492 3.31335059203150E+001 3.51467257385318E+001
8.5084489 3.22061210601510E+001 3.41416700013551E+001
8.6079599 3.13134934018929E+001 3.31751137558818E+001
8.7074812 3.04540066510171E+001 3.22452258790210E+001
8.8070112 2.96261339021412E+001 3.13502789042200E+001
8.9065517 2.88284095227713E+001 3.04886180457884E+001
9.0061006 2.80594782784362E+001 2.96587137277425E+001
9.1056593 2.73180293779796E+001 2.88590898276178E+001
9.2052267 2.66028438265101E+001 2.80883743315592E+001
9.3048016 2.59127669597415E+001 2.73452692400065E+001
9.4043856 2.52466857963063E+001 2.66285258087448E+001
9.5039766 2.46035707855939E+001 2.59369891300630E+001
9.6035763 2.39824214535879E+001 2.52695393092937E+001
9.7031836 2.33823066372316E+001 2.46251344346500E+001
9.8027972 2.28023421529106E+001 2.40027862663376E+001
9.9024188 2.22416722829550E+001 2.34015401287254E+001
10.0020464 2.16995053998795E+001 2.28205128892032E+001
10.1016817 2.11750686957902E+001 2.22588441889504E+001
10.2013235 2.06676425231611E+001 2.17157330506905E+001
10.3009707 2.01765420058065E+001 2.11904179706274E+001
10.4006251 1.97011017109911E+001 2.06821603627780E+001
10.5002846 1.92407061835110E+001 2.01902770519767E+001
10.5999509 1.87947518861420E+001 1.97140994369865E+001
10.6996230 1.83626766482617E+001 1.92530048223016E+001
10.7992996 1.79439443539551E+001 1.88063999209453E+001
10.8989827 1.75380321102152E+001 1.83737070608862E+001
10.9986702 1.71444565377885E+001 1.79543921099698E+001
11.0983637 1.67627415060081E+001 1.75479299787385E+001
11.1980623 1.63924435057593E+001 1.71538315632308E+001
11.2977649 1.60331387741089E+001 1.67716299310890E+001
11.3974732 1.56844124473036E+001 1.64008687097905E+001
11.4971853 1.53458813013115E+001 1.60411261951988E+001
11.5969029 1.50171661932024E+001 1.56919859795262E+001
11.6966250 1.46979140243935E+001 1.53530602286070E+001
11.7963505 1.43877868193366E+001 1.50239780078003E+001
11.8960812 1.40864524773672E+001 1.47043754176880E+001
11.9958151 1.37936045303595E+001 1.43939165016796E+001
12.0955540 1.35089384441653E+001 1.40922680597130E+001
12.1952970 1.32321707164334E+001 1.37991198508749E+001
12.2950428 1.29630295403443E+001 1.35141746463575E+001
12.3947934 1.27012468593039E+001 1.32371397819435E+001
12.4945468 1.24465756074484E+001 1.29677453693603E+001
12.5943047 1.21987692045847E+001 1.27057225599433E+001
12.6940662 1.19575982348826E+001 1.24508211564714E+001
12.7938302 1.17228424094857E+001 1.22028010751135E+001
12.8935986 1.14942836937695E+001 1.19614250591064E+001
12.9933693 1.12717214142211E+001 1.17264746089206E+001
13.0931443 1.10549544163678E+001 1.14977311130565E+001
13.1929224 1.08437956916991E+001 1.12749912667475E+001
13.2927027 1.06380654144424E+001 1.10580596945363E+001
13.3924871 1.04375849599291E+001 1.08467426249007E+001
13.4922734 1.02421901948874E+001 1.06408618817937E+001
13.5920637 1.00517158720089E+001 1.04402384161759E+001
13.6918568 9.86600850876055E+000 1.02447058597051E+001
13.7916517 9.68492031987297E+000 1.00541041117002E+001
13.8914504 9.50830398217713E+000 9.86827381591467E+000
13.9912508 9.33602437147018E+000 9.68706869730699E+000
14.0910548 9.16794484805107E+000 9.51034111762342E+000
14.1908615 9.00393863953453E+000 9.33795403599157E+000
14.2906697 8.84388352588059E+000 9.16977540353454E+000
14.3904813 8.68765723421365E+000 9.00567331497919E+000
14.4902944 8.53514784163303E+000 8.84552692685686E+000
14.5901109 8.38624166919431E+000 8.68921373033666E+000
14.6899298 8.24083337897641E+000 8.53662014506437E+000
14.7897500 8.09882129571737E+000 8.38763659502104E+000
14.8895734 7.96010333690995E+000 8.24215323188297E+000
14.9893980 7.82458626521953E+000 8.10006963204567E+000
15.0892259 7.69217495828389E+000 7.96128353489482E+000
15.1890558 7.56278139615690E+000 7.82570025913733E+000
15.2888878 7.43631933254905E+000 7.69322710823697E+000
15.3887200 7.31270780969297E+000 7.56377704581094E+000
15.4885562 7.19186166386192E+000 7.43725874688270E+000
15.5883943 7.07370555679928E+000 7.31359128582996E+000
15.6882343 6.95816438465855E+000 7.19269408582186E+000
15.7880763 6.84516555987634E+000 7.07448930334179E+000
15.8879183 6.73464099797815E+000 6.95890390035956E+000
15.9877640 6.62651863862528E+000 6.84586077272594E+000
16.0876115 6.52073500273766E+000 6.73529187748859E+000
16.1874608 6.41722662867504E+000 6.62712927189898E+000
16.2873119 6.31593212174068E+000 6.52130725283026E+000
16.3871628 6.21679394653227E+000 6.41776422441490E+000
16.4870172 6.11975082941517E+000 6.31643475958483E+000
16.5868734 6.02474903072038E+000 6.21726136939894E+000
16.6867312 5.93173467247194E+000 6.12018648592911E+000
16.7865905 5.84065558388514E+000 6.02515438672249E+000
16.8864496 5.75146292192833E+000 5.93211288189393E+000
16.9863121 5.66410434207657E+000 5.84100618759957E+000
17.0861762 5.57853414651776E+000 5.75178550926240E+000
17.1860417 5.49470638891664E+000 5.66440184567366E+000
17.2859087 5.41257654033504E+000 5.57880772444373E+000
17.3857753 5.33210295770628E+000 5.49495872939392E+000
17.4856452 5.25324072691256E+000 5.41280708338860E+000
17.5855166 5.17595082433133E+000 5.33231119188092E+000
17.6853893 5.10019390151305E+000 5.25342916441238E+000
17.7852633 5.02593179260893E+000 5.17612038342603E+000
17.8851368 4.95312884790485E+000 5.10034689008988E+000
17.9850136 4.88174636745169E+000 5.02606758925318E+000
18.0848916 4.81175089361455E+000 4.95324687855306E+000
18.1847709 4.74310859289574E+000 4.88184879901534E+000
18.2846515 4.67578662311448E+000 4.81183845656979E+000
18.3845314 4.60975434694791E+000 4.74318328210132E+000
18.4844144 4.54497828611708E+000 4.67584778399703E+000
18.5842986 4.48142964613605E+000 4.60980137035683E+000
18.6841841 4.41907922442855E+000 4.54501305325254E+000
18.7840706 4.35789865308543E+000 4.48145273970382E+000
18.8839565 4.29786150546677E+000 4.41909237974192E+000
18.9838453 4.23893871077007E+000 4.35790120258803E+000
19.0837353 4.18110539833355E+000 4.29785282465875E+000
19.1836263 4.12433627114072E+000 4.23892044274476E+000
19.2835185 4.06860673791789E+000 4.18107800900570E+000
19.3834098 4.01389392422074E+000 4.12430127909943E+000
19.4833041 3.96017249544832E+000 4.06856347687944E+000
19.5831994 3.90742089637064E+000 4.01384176837146E+000
19.6830957 3.85561713745630E+000 3.96011288809113E+000
19.7829930 3.80473982830887E+000 3.90735421073722E+000
19.8828894 3.75476910325459E+000 3.85554470994608E+000
19.9827887 3.70568280780592E+000 3.80466100383548E+000
20.0826889 3.65746219918183E+000 3.75468326454047E+000
20.1825901 3.61008809992149E+000 3.70559122942282E+000
20.2824922 3.56354184314746E+000 3.65736518053357E+000
20.3823934 3.51780612145657E+000 3.60998682326394E+000
20.4822973 3.47286149770944E+000 3.56343567134638E+000
20.5822022 3.42869162388976E+000 3.51769445254605E+000
20.6821079 3.38527972241430E+000 3.47274546287783E+000
20.7820145 3.34260945241348E+000 3.42857146352986E+000
20.8819201 3.30066568967679E+000 3.38515648756801E+000
20.9818284 3.25943132763530E+000 3.34248252833534E+000
21.0817375 3.21889206471621E+000 3.30053449423079E+000
21.1816475 3.17903317881372E+000 3.25929686944798E+000
21.2815583 3.13984032266059E+000 3.21875453686459E+000
21.3814680 3.10130024166880E+000 3.17889351999308E+000
21.4813803 3.06339783522996E+000 3.13969794325960E+000
21.5812935 3.02612055656242E+000 3.10115458224563E+000
21.6812074 2.98945545011930E+000 3.06324979906014E+000
21.7811221 2.95338988316072E+000 3.02597029867700E+000
21.8810357 2.91791220754008E+000 2.98930381248770E+000
21.9809519 2.88300905509329E+000 2.95323630282287E+000
22.0808688 2.84866938868232E+000 2.91775614940507E+000
22.1807864 2.81488177600904E+000 2.88285133139733E+000
22.2807048 2.78163506366405E+000 2.84851012378661E+000
22.3806219 2.74891898822101E+000 2.81472172816698E+000
22.4805416 2.71672168261955E+000 2.78147369719794E+000
22.5804621 2.68503341254478E+000 2.74875579317142E+000
22.6803832 2.65384406328891E+000 2.71655739215294E+000
22.7803050 2.62314376182951E+000 2.68486812624337E+000
22.8802255 2.59292344199459E+000 2.65367846658719E+000
22.9801486 2.56317254144668E+000 2.62297734633088E+000
23.0800723 2.53388245359028E+000 2.59275572302168E+000
23.1799967 2.50504420685957E+000 2.56300418316235E+000
23.2799217 2.47664903975028E+000 2.53371353551853E+000
23.3798454 2.44868892429436E+000 2.50487535079350E+000
23.4797716 2.42115443559105E+000 2.47647976412865E+000
23.5796984 2.39403794600990E+000 2.44851876942547E+000
23.6796259 2.36733147865024E+000 2.42098400514455E+000
23.7795539 2.34102723970297E+000 2.39386730324673E+000
23.8794806 2.31511810401512E+000 2.36716118949208E+000
23.9794098 2.28959564114288E+000 2.34085684867286E+000
24.0793395 2.26445307563940E+000 2.31494717579967E+000
24.1792698 2.23968329848565E+000 2.28942472615031E+000
24.2792007 2.21527936068016E+000 2.26428222392766E+000
24.3791302 2.19123492427133E+000 2.23951302671649E+000
24.4790621 2.16754243067398E+000 2.21510923850731E+000
24.5789946 2.14419584823260E+000 2.19106453994246E+000
24.6789277 2.12118882721151E+000 2.16737228751104E+000
24.7788612 2.09851515809143E+000 2.14402598556476E+000
24.8787934 2.07616919109384E+000 2.12101971809355E+000
24.9787279 2.05414413404456E+000 2.09834639622748E+000
25.0786630 2.03243460613075E+000 2.07600038734010E+000
25.1785986 2.01103492359882E+000 2.05397574993444E+000
25.2785347 1.98993952586920E+000 2.03226667227013E+000
25.3784693 1.96914336626539E+000 2.01086787429139E+000
25.4784064 1.94864032805792E+000 1.98977297771791E+000
25.5783439 1.92842560134096E+000 1.96897695170240E+000
25.6782819 1.90849408795219E+000 1.94847447139333E+000
25.7782204 1.88884079819387E+000 1.92826032608678E+000
25.8781574 1.86946121520430E+000 1.90832979385073E+000
25.9780968 1.85034981900007E+000 1.88867712356444E+000
26.0780366 1.83150230164674E+000 1.86929781298265E+000
26.1779769 1.81291408111351E+000 1.85018708022400E+000
26.2779176 1.79458067110376E+000 1.83134024406097E+000
26.3778568 1.77649802126339E+000 1.81275307352931E+000
26.4777984 1.75866114008155E+000 1.79442037237250E+000
26.5777404 1.74106616198682E+000 1.77633810374157E+000
26.6776829 1.72370896090384E+000 1.75850196496803E+000
26.7776257 1.70658549544498E+000 1.74090774234112E+000
26.8775671 1.68969212693445E+000 1.72355163776475E+000
26.9775108 1.67302433294672E+000 1.70642894703032E+000
27.0774549 1.65657863859745E+000 1.68953604394895E+000
27.1773994 1.64035132149868E+000 1.67286904974572E+000
27.2773442 1.62433873434066E+000 1.65642416443940E+000
27.3772876 1.60853760251938E+000 1.64019797240861E+000
27.4772333 1.59294382090447E+000 1.62418620677020E+000
27.5771793 1.57755426038801E+000 1.60838560447412E+000
27.6771257 1.56236555675699E+000 1.59279266251928E+000
27.7770725 1.54737441249664E+000 1.57740394784369E+000
27.8770178 1.53257787563894E+000 1.56221638348337E+000
27.9769653 1.51797221307157E+000 1.54722609208893E+000
28.0769132 1.50355460233850E+000 1.53243013239132E+000
28.1768615 1.48932199767613E+000 1.51782533520374E+000
28.2768101 1.47527141269416E+000 1.50340859354625E+000
28.3767572 1.46140018191101E+000 1.48917713092204E+000
28.4767065 1.44770490455442E+000 1.47512741767521E+000
28.5766562 1.43418303065744E+000 1.46125679823934E+000
28.6766062 1.42083179815082E+000 1.44756240056760E+000
28.7765565 1.40764849792131E+000 1.43404140805220E+000
28.8765053 1.39463071936448E+000 1.42069131130111E+000
28.9764563 1.38177535919635E+000 1.40750889163592E+000
29.0764077 1.36908011004203E+000 1.39449174764850E+000
29.1763593 1.35654246305174E+000 1.38163727230401E+000
29.2763113 1.34415995669722E+000 1.36894290806975E+000
29.3762617 1.33193040755145E+000 1.35640638344880E+000
29.4762144 1.31985097913749E+000 1.34402475844763E+000
29.5761673 1.30791958045207E+000 1.33179585817588E+000
29.6761206 1.29613392908504E+000 1.31971731240339E+000
29.7760741 1.28449178499000E+000 1.30778679518290E+000
29.8760261 1.27299116759218E+000 1.29600224728382E+000
29.9759803 1.26162948015338E+000 1.28436097893291E+000
30.0759347 1.25040482499791E+000 1.27286101748639E+000
30.1758895 1.23931512257286E+000 1.26150020470086E+000
30.2758445 1.22835833131785E+000 1.25027642201794E+000
30.3757980 1.21753265210487E+000 1.23918779993970E+000
30.4757536 1.20683570400347E+000 1.22823187376951E+000
30.5757095 1.19626576237221E+000 1.21740685175385E+000
30.6756657 1.18582092970649E+000 1.20671076575525E+000
30.7756221 1.17549934263241E+000 1.19614168326248E+000
30.8755770 1.16529936459518E+000 1.18569790465820E+000
30.9755340 1.15521880927179E+000 1.17537716806627E+000
31.0754913 1.14525610714905E+000 1.16517784379474E+000
31.1754469 1.13540971108429E+000 1.15509832560712E+000
31.2754067 1.12567735780128E+000 1.14513627480320E+000
31.3753629 1.11605811677972E+000 1.13529071749762E+000
31.4753231 1.10654961046736E+000 1.12555919924093E+000
31.5752798 1.09715094957092E+000 1.11594078935848E+000
31.6752368 1.08786018285939E+000 1.10643347085859E+000
31.7751978 1.07867540324661E+000 1.09703527255682E+000
31.8751552 1.06959577979447E+000 1.08774532492598E+000
31.9751168 1.06061911459500E+000 1.07856136025748E+000
32.0750747 1.05174461342347E+000 1.06948254748462E+000
32.1750329 1.04297047836667E+000 1.06050702914186E+000
32.2749952 1.03429495181410E+000 1.05163298955691E+000
32.3749539 1.02571729153800E+000 1.04285965212138E+000
32.4749166 1.01723546292640E+000 1.03418491876202E+000
32.5748758 1.00884875648378E+000 1.02560804714395E+000
32.6748352 1.00055551333286E+000 1.01712732437443E+000
32.7747986 9.92354111448598E-001 1.00874107575183E+000
32.8747585 9.84243887720064E-001 1.00044860749884E+000
32.9747223 9.76222956203971E-001 9.92247975884108E-001
33.0746827 9.68290683004737E-001 9.84138517707434E-001
33.1746432 9.60445535523797E-001 9.76118651301577E-001
33.2746078 9.52686014910636E-001 9.68186829952134E-001
33.3745687 9.45011528692628E-001 9.60342433803196E-001
33.4745337 9.37420326484653E-001 9.52583659767543E-001
33.5744951 9.29911841918063E-001 9.44909915298188E-001
33.6744568 9.22484657258000E-001 9.37319738018825E-001
33.7744224 9.15137385720186E-001 9.29811697589692E-001
33.8743844 9.07869497966198E-001 9.22385240195330E-001
33.9743505 9.00679367397900E-001 9.15038691102831E-001
34.0743130 8.93566488024238E-001 9.07771520911821E-001
34.1742756 8.86529546742901E-001 9.00582375847406E-001
34.2742423 8.79567258876916E-001 8.93469931540511E-001
34.3742054 8.72679151570905E-001 8.86433693235030E-001
34.4741725 8.65863711427450E-001 8.79472103507158E-001
34.5741359 8.59120486492869E-001 8.72584689449910E-001
34.6740996 8.52448259112347E-001 8.65770196299634E-001
34.7740673 8.45845837773216E-001 8.59027396321495E-001
34.8740313 8.39312800199882E-001 8.52355847626131E-001
34.9739994 8.32847736659633E-001 8.45754100155957E-001
35.0739638 8.26450243605857E-001 8.39221731592399E-001
35.1739284 8.20119190572253E-001 8.32757577565359E-001
35.2738971 8.13853471167081E-001 8.26360498582401E-001
35.3738621 8.07652708448138E-001 8.20030100120331E-001
35.4738310 8.01515587743931E-001 8.13765030522964E-001
35.5737964 7.95441748908523E-001 8.07564912812306E-001
35.6737620 7.89430141226382E-001 8.01428665255908E-001
35.7737315 7.83479736181350E-001 7.95355229049203E-001
35.8736974 7.77590197496027E-001 7.89344252142962E-001
35.9736673 7.71760297786111E-001 7.83394473186909E-001
36.0736335 7.65989715849111E-001 7.77505555873846E-001
36.1735999 7.60277474012039E-001 7.71676494118069E-001
36.2735704 7.54622615098057E-001 7.65906302991847E-001
36.3735371 7.49024839335056E-001 7.60194668563351E-001
36.4735079 7.43482999590908E-001 7.54540412466731E-001
36.5734750 7.37996809633449E-001 7.48943234905065E-001
36.6734423 7.32565358773136E-001 7.43402199128719E-001
36.7734135 7.27187755267305E-001 7.37916387937047E-001
36.8733811 7.21863732138773E-001 7.32485521631365E-001
36.9733527 7.16592216132105E-001 7.27108498199069E-001
37.0733206 7.11372952439730E-001 7.21785050642307E-001
37.1732887 7.06205091874966E-001 7.16514305842676E-001
37.2732608 7.01087802786799E-001 7.11295408765995E-001
37.3732292 6.96020847679474E-001 7.06128110479558E-001
37.4732015 6.91003221388305E-001 7.01011379309452E-001
37.5731702 6.86034697362427E-001 6.95944977742697E-001
37.6731391 6.81114482953837E-001 6.90928091127727E-001
37.7731119 6.76241801762992E-001 6.85959921561875E-001
37.8730811 6.71416442813219E-001 6.81040247780083E-001
37.9730543 6.66637463772437E-001 6.76168102984276E-001
38.0730237 6.61904663513105E-001 6.71343276183413E-001
38.1729934 6.57217301423388E-001 6.66565006511232E-001
38.2729669 6.52574651964244E-001 6.61832548631413E-001
38.3729369 6.47976528026865E-001 6.57145706174818E-001
38.4729107 6.43422045326873E-001 6.52503572250732E-001
38.5728809 6.38911025623203E-001 6.47905959738344E-001
38.6728513 6.34442776251033E-001 6.43352157307220E-001
38.7728256 6.30016618543145E-001 6.38841468042679E-001
38.8727962 6.25632386883410E-001 6.34373717989393E-001
38.9727708 6.21289250675198E-001 6.29948055639174E-001
39.0727417 6.16987052290300E-001 6.25564315365846E-001
39.1727127 6.12725143292377E-001 6.21221831512504E-001
39.2726877 6.08502888258162E-001 6.16919951818272E-001
39.3726590 6.04320140934213E-001 6.12658522516638E-001
39.4726343 6.00176120433856E-001 6.08436743355852E-001
39.5726059 5.96070687702039E-001 6.04254468074039E-001
39.6725776 5.92003235145182E-001 6.00111073172979E-001
39.7725533 5.87973167280143E-001 5.96005947616046E-001
39.8725252 5.83980355304260E-001 5.91938955829134E-001
39.9725012 5.80024064407155E-001 5.87909345049703E-001
40.0724734 5.76104172275403E-001 5.83916986467986E-001
40.1724458 5.72220109071707E-001 5.79961295541848E-001
40.2724221 5.68371316240660E-001 5.76041699333430E-001
40.3723947 5.64557680712666E-001 5.72158078668063E-001
40.4723712 5.60778510430327E-001 5.68309724828627E-001
40.5723441 5.57033698175769E-001 5.64496524739512E-001
40.6723171 5.53322709050934E-001 5.60717929893057E-001
40.7722940 5.49645018678226E-001 5.56973402598379E-001
40.8722673 5.46000528176530E-001 5.53262838468554E-001
40.9722444 5.42388585198349E-001 5.49585569680007E-001
41.0722179 5.38809096140684E-001 5.45941497346491E-001
41.1721915 5.35261558470599E-001 5.42330106326410E-001
41.2721690 5.31745479475065E-001 5.38750891570737E-001
41.3721428 5.28260773071382E-001 5.35203762030331E-001
41.4721206 5.24806823832258E-001 5.31688087887070E-001
41.5720946 5.21383550436591E-001 5.28203783053840E-001
41.6720688 5.17990480361738E-001 5.24750363315140E-001
41.7720469 5.14627150259706E-001 5.21327353881301E-001
41.8720213 5.11293485594202E-001 5.17934675735431E-001
41.9719996 5.07988905297844E-001 5.14571734415473E-001
42.0719743 5.04713339130464E-001 5.11238455381298E-001
42.1719490 5.01466342423102E-001 5.07934383109927E-001
42.2719276 4.98247479086477E-001 5.04659070889699E-001
42.3719026 4.95056685002180E-001 5.01412450559569E-001
42.4718815 4.91893411110390E-001 4.98193960580421E-001
42.5718566 4.88757597169044E-001 4.95003536830477E-001
42.6718319 4.85648824385636E-001 4.91840750432387E-001
42.7718111 4.82566681998161E-001 4.88705180753142E-001
42.8717866 4.79511115288134E-001 4.85596769426711E-001
42.9717660 4.76481605039674E-001 4.82514985599977E-001
43.0717417 4.73478100031804E-001 4.79459774551459E-001
43.1717175 4.70500205533793E-001 4.76430732171621E-001
43.2716972 4.67547534337954E-001 4.73427462071595E-001
43.3716732 4.64620040206868E-001 4.70449914723068E-001
43.4716531 4.61717231776461E-001 4.67497587900158E-001
43.5716293 4.58839065964700E-001 4.64570435362741E-001
43.6716056 4.55985170435386E-001 4.61668076044579E-001
43.7715858 4.53155179906007E-001 4.58790136115929E-001
43.8715623 4.50349055790245E-001 4.55936574021757E-001
43.9715428 4.47566332739715E-001 4.53106914266667E-001
44.0715195 4.44806975014325E-001 4.50301118261863E-001
44.1714963 4.42070631139087E-001 4.47518826399052E-001
44.2714770 4.39356956258134E-001 4.44759685858342E-001
44.3714539 4.36665918686117E-001 4.42023662276872E-001
44.4714348 4.33997077396312E-001 4.39310305140481E-001
44.5714120 4.31350403270052E-001 4.36619582761512E-001
44.6713893 4.28725564281989E-001 4.33951155530738E-001
44.7713704 4.26122234623165E-001 4.31304690212218E-001
44.8713479 4.23540388830809E-001 4.28680158929044E-001
44.9713293 4.20979608635396E-001 4.26077134533458E-001
45.0713069 4.18439870887930E-001 4.23495591560513E-001
45.1712846 4.15920861711957E-001 4.20935209056230E-001
45.2712662 4.13422273073832E-001 4.18395672054997E-001
45.3712441 4.10944085119520E-001 4.15876958526969E-001
45.4712259 4.08485900890480E-001 4.13378663198606E-001
45.5712040 4.06047702617522E-001 4.10900766213792E-001
45.6711822 4.03629193373327E-001 4.08442964034783E-001
45.7711643 4.01230081726515E-001 4.06004958754945E-001
45.8711426 3.98850352876055E-001 4.03586733613213E-001
45.9711248 3.96489629836246E-001 4.01187903830101E-001
46.0711034 3.94147899683566E-001 3.98808454602561E-001
46.1710820 3.91824881332183E-001 3.96448098665627E-001
46.2710644 3.89520298869853E-001 3.94106554053558E-001
46.3710432 3.87234142045175E-001 3.91783808750379E-001
46.4710259 3.84966052605987E-001 3.89479497192916E-001
46.5710048 3.82716021990539E-001 3.87193609127791E-001
46.6709838 3.80483783930947E-001 3.84925872506583E-001
46.7709667 3.78269077033085E-001 3.82676020271497E-001
46.8709459 3.76071895139027E-001 3.80444044677167E-001
46.9709290 3.73891897581367E-001 3.78229598192740E-001
47.0709083 3.71729079721540E-001 3.76032674658342E-001
47.1708877 3.69583189162953E-001 3.73853016265537E-001
47.2708710 3.67453978103643E-001 3.71690369909337E-001
47.3708506 3.65341444065626E-001 3.69544731684908E-001
47.4708341 3.63245262900419E-001 3.67415770995618E-001
47.5708138 3.61165433494978E-001 3.65303485361545E-001
47.6707936 3.59101716447677E-001 3.63207630310566E-001
47.7707773 3.57053876691452E-001 3.61127965806520E-001
47.8707573 3.55021915053215E-001 3.59064491395118E-001
47.9707411 3.53005522913693E-001 3.57016892394625E-001
48.0707212 3.51004702324656E-001 3.54985169630015E-001
48.1707014 3.49019226067540E-001 3.52969091128518E-001
48.2706855 3.47048871015833E-001 3.50968429103982E-001
48.3706658 3.45093640961088E-001 3.48983186198901E-001
48.4706500 3.43153241893427E-001 3.47013062699425E-001
48.5706305 3.41227678702143E-001 3.45058062395160E-001
48.6706110 3.39316735598884E-001 3.43117965036868E-001
48.7705955 3.37420200661024E-001 3.41192554329300E-001
48.8705762 3.35538080335963E-001 3.39281835690726E-001
48.9705608 3.33670094367667E-001 3.37385523494622E-001
49.0705416 3.31816250185888E-001 3.35503624186426E-001
49.1705225 3.29976342733817E-001 3.33635928520683E-001
49.2705073 3.28150170608985E-001 3.31782230988724E-001
49.3704883 3.26337742634325E-001 3.29942539493224E-001
49.4704733 3.24538791511211E-001 3.28116581675539E-001
49.5704545 3.22753326940165E-001 3.26304366356622E-001
49.6704357 3.20981153947010E-001 3.24505694626531E-001
49.7704208 3.19222081014325E-001 3.22720371109149E-001
49.8704022 3.17476119086053E-001 3.20948405927017E-001
49.9703875 3.15743013078986E-001 3.19189539226190E-001
50.0703690 3.14022774719520E-001 3.17443781948613E-001
50.1703506 3.12315218512941E-001 3.15710944898886E-001
50.2703361 3.10620162236461E-001 3.13990842225639E-001
50.3703178 3.08937618723888E-001 3.12283486031053E-001
50.4703034 3.07267344415624E-001 3.10588628254542E-001
50.5702853 3.05609352841517E-001 3.08906281727890E-001
50.6702672 3.03963467425225E-001 3.07236266392773E-001
50.7702530 3.02329514689314E-001 3.05578405357280E-001
50.8702350 3.00707509147498E-001 3.03932712485046E-001
50.9702209 2.99097218118283E-001 3.02298950845309E-001
51.0702031 2.97498656732929E-001 3.00677134949736E-001
51.1701853 2.95911656811122E-001 2.99067093339656E-001
51.2701714 2.94336053109379E-001 2.97468657556470E-001
51.3701538 2.92771861630594E-001 2.95881843027071E-001
51.4701400 2.91218859968613E-001 2.94306423331113E-001
51.5701225 2.89677064672565E-001 2.92742414469422E-001
51.6701050 2.88146315471539E-001 2.91189653082449E-001
51.7700914 2.86626454879503E-001 2.89647978654819E-001
51.8700741 2.85117500215259E-001 2.88117407996631E-001
51.9700606 2.83619238784738E-001 2.86597724619317E-001
52.0700434 2.82131688388191E-001 2.85088945839591E-001
52.1700263 2.80654696210414E-001 2.83590915930507E-001
52.2700130 2.79188112078535E-001 2.82103481863084E-001
52.3699959 2.77731954469848E-001 2.80626661667057E-001
52.4699827 2.76286019875643E-001 2.79160248244678E-001
52.5699658 2.74850327195811E-001 2.77704260071135E-001
52.6699489 2.73424730647558E-001 2.76258548616958E-001
52.7699359 2.72009086956613E-001 2.74822967913424E-001
52.8699192 2.70603415615755E-001 2.73397537061294E-001
52.9699063 2.69207521808724E-001 2.71982057847565E-001
53.0698897 2.67821425397430E-001 2.70576549762892E-001
53.1698731 2.66444987236292E-001 2.69180871069138E-001
53.2698603 2.65078070562543E-001 2.67794882460051E-001
53.3698439 2.63720695754539E-001 2.66418603972419E-001
53.4698313 2.62372676226889E-001 2.65051845804200E-001
53.5698149 2.61034032678514E-001 2.63694628331608E-001
53.6697986 2.59704632231809E-001 2.62346816228494E-001
53.7697861 2.58384344273822E-001 2.61008276479489E-001
53.8697699 2.57073189950491E-001 2.59679029934789E-001
53.9697576 2.55770990474753E-001 2.58358894759454E-001
54.0697415 2.54477767269004E-001 2.57047892097267E-001
54.1697254 2.53193393378413E-001 2.55745892679503E-001
54.2697133 2.51917744001651E-001 2.54452769434332E-001
54.3696973 2.50650840945086E-001 2.53168543913993E-001
54.4696852 2.49392512814386E-001 2.51893041834553E-001
54.5696694 2.48142781652330E-001 2.50626285000213E-001
54.6696536 2.46901526103903E-001 2.49368149868049E-001
54.7696417 2.45668626862979E-001 2.48118514984872E-001
54.8696260 2.44444106299074E-001 2.46877402503844E-001
54.9696142 2.43227800030001E-001 2.45644645301710E-001
55.0695986 2.42019730625343E-001 2.44420265745812E-001
55.1695831 2.40819782027559E-001 2.43204145708655E-001
55.2695714 2.39627840129473E-001 2.41996169051578E-001
55.3695560 2.38443927775462E-001 2.40796358436888E-001
55.4695444 2.37267887238142E-001 2.39604553535605E-001
55.5695291 2.36099741528974E-001 2.38420777189924E-001
55.6695138 2.34939379604673E-001 2.37244916397110E-001
55.7695023 2.33786692279470E-001 2.36076860048200E-001
55.8694872 2.32641702792500E-001 2.34916631231360E-001
55.9694758 2.31504259735455E-001 2.33764076067734E-001
56.0694607 2.30374386484639E-001 2.32619217794270E-001
56.1694457 2.29251976745545E-001 2.31481948260601E-001
56.2694345 2.28136925993633E-001 2.30352161120519E-001
56.3694196 2.27029257790158E-001 2.29229879812510E-001
56.4694085 2.25928826730264E-001 2.28114956584381E-001
56.5693936 2.24835656485261E-001 2.27007414995200E-001
56.6693788 2.23749645260418E-001 2.25907151491545E-001
56.7693678 2.22670692948367E-001 2.24814064239624E-001
56.8693531 2.21598823366652E-001 2.23728176959766E-001
56.9693423 2.20533896816970E-001 2.22649347722245E-001
57.0693276 2.19475937202356E-001 2.21577600342417E-001
57.1693130 2.18424846994161E-001 2.20512835624149E-001
57.2693023 2.17380530273125E-001 2.19454956011154E-001
57.3692878 2.16343011053452E-001 2.18403985443566E-001
57.4692772 2.15312155063939E-001 2.17359787527873E-001
57.5692628 2.14287986382043E-001 2.16322386276092E-001
57.6692484 2.13270411525746E-001 2.15291686624374E-001
57.7692379 2.12259338548766E-001 2.14267595073380E-001
57.8692236 2.11254791607997E-001 2.13250135726879E-001
57.9692132 2.10256641596151E-001 2.12239177458042E-001
58.0691990 2.09264912713262E-001 2.11234744421583E-001
58.1691849 2.08279515317738E-001 2.10236745474570E-001
58.2691746 2.07300361234115E-001 2.09245090967394E-001
58.3691605 2.06327474713174E-001 2.08259805116649E-001
58.4691503 2.05360731563531E-001 2.07280761808262E-001
58.5691363 2.04400156060929E-001 2.06307985290841E-001
58.6691224 2.03445662210336E-001 2.05341388143694E-001
58.7691123 2.02497165417024E-001 2.04380884372153E-001
58.8690985 2.01554689981570E-001 2.03426498259715E-001
58.9690885 2.00618116394653E-001 2.02478108465692E-001
59.0690747 1.99687468965399E-001 2.01535739288498E-001
59.1690610 1.98762665162963E-001 2.00599306842829E-001
59.2690511 1.97843623794531E-001 1.99668728605743E-001
59.3690374 1.96930369170685E-001 1.98744028886179E-001
59.4690277 1.96022786243556E-001 1.97825090891066E-001
59.5690141 1.95120899317480E-001 1.96911938928832E-001
59.6690006 1.94224629154143E-001 1.96004492473727E-001
59.7689909 1.93333897794314E-001 1.95102672302117E-001
59.8689774 1.92448729522717E-001 1.94206502710988E-001
59.9689678 1.91569013544701E-001 1.93315871241829E-001
60.0689545 1.90694774125419E-001 1.92430802177220E-001
60.1689411 1.89825935157434E-001 1.91551218185409E-001
60.2689316 1.88962421756557E-001 1.90677043179712E-001
60.3689184 1.88104258149376E-001 1.89808301411493E-001
60.4689090 1.87251337597796E-001 1.88944884555620E-001
60.5688958 1.86403684296854E-001 1.88086816836550E-001
60.6688827 1.85561225117662E-001 1.87234023960565E-001
60.7688734 1.84723888101682E-001 1.86386432824969E-001
60.8688603 1.83891697388357E-001 1.85544067605226E-001
60.9688511 1.83064550110317E-001 1.84706823919529E-001
61.0688381 1.82242470364705E-001 1.83874725905204E-001
61.1688251 1.81425387857577E-001 1.83047702159562E-001
61.2688160 1.80613233415189E-001 1.82225682419711E-001
61.3688031 1.79806031063819E-001 1.81408690758031E-001
61.4687941 1.79003681631140E-001 1.80596626556397E-001
61.5687813 1.78206209091498E-001 1.79789513838990E-001
61.6687685 1.77413545850442E-001 1.78987283955511E-001
61.7687596 1.76625625386141E-001 1.78189869346883E-001
61.8687469 1.75842471588422E-001 1.77397293958056E-001
61.9687381 1.75063988813815E-001 1.76609460764694E-001
62.0687254 1.74290200891612E-001 1.75826393654544E-001
62.1687128 1.73521042799008E-001 1.75048026598890E-001
62.2687041 1.72756450540680E-001 1.74274294614145E-001
62.3686916 1.71996447849208E-001 1.73505221496066E-001
62.4686829 1.71240942452706E-001 1.72740713653355E-001
62.5686704 1.70489958015547E-001 1.71980794816531E-001
62.6686580 1.69743431965868E-001 1.71225401454971E-001
62.7686494 1.69001302716428E-001 1.70474471039429E-001
62.8686371 1.68263593824036E-001 1.69728027197060E-001
62.9686286 1.67530216239483E-001 1.68985979617435E-001
63.0686163 1.66801193444553E-001 1.68248351855321E-001
63.1686040 1.66076465204291E-001 1.67515082761551E-001
63.2685918 1.65355999630750E-001 1.66786139872063E-001
63.3685872 1.64639710636957E-001 1.66061435890249E-001
63.4685751 1.63927676191445E-001 1.65341049504480E-001
63.5685630 1.63219810447805E-001 1.64624893665828E-001
63.6685509 1.62516082642491E-001 1.63912937058433E-001
63.7685388 1.61816462285745E-001 1.63205148645999E-001
63.8685344 1.61120866246997E-001 1.62501444140813E-001
63.9685224 1.60429370706713E-001 1.61801900425285E-001
64.0685105 1.59741892757876E-001 1.61106433441887E-001
64.1684986 1.59058402977735E-001 1.60415013243737E-001
64.2684867 1.58378872203410E-001 1.59727610149260E-001
64.3684824 1.57703220133380E-001 1.59044142749570E-001
64.4684706 1.57031521204693E-001 1.58364686166122E-001
64.5684588 1.56363695323531E-001 1.57689159203909E-001
64.6684470 1.55699714339959E-001 1.57017533215414E-001
64.7684353 1.55039550350796E-001 1.56349779804989E-001
64.8684312 1.54383125762772E-001 1.55685820319220E-001
64.9684195 1.53730513313241E-001 1.55025728162691E-001
65.0684079 1.53081635601855E-001 1.54369424880673E-001
65.1683963 1.52436465687440E-001 1.53716883059420E-001
65.2683847 1.51794976863212E-001 1.53068075524400E-001
65.3683808 1.51157094129511E-001 1.52422926260625E-001
65.4683692 1.50522888566777E-001 1.51781506998965E-001
65.5683578 1.49892285354499E-001 1.51143741908950E-001
65.6683463 1.49265258699874E-001 1.50509604748786E-001
65.7683349 1.48641783032829E-001 1.49879069503965E-001
65.8683311 1.48021785838480E-001 1.49252062686820E-001
65.9683197 1.47405336582187E-001 1.48628654396717E-001
66.0683084 1.46792362915365E-001 1.48008771317296E-001
66.1682971 1.46182840136629E-001 1.47392388320426E-001
66.2682858 1.45576743756324E-001 1.46779480494003E-001
66.3682821 1.44974003640961E-001 1.46169976772173E-001
66.4682709 1.44374687681710E-001 1.45563945664055E-001
66.5682597 1.43778725899394E-001 1.44961316262781E-001
66.6682485 1.43186094630308E-001 1.44362064498889E-001
66.7682374 1.42596770412098E-001 1.43766166508321E-001
66.8682339 1.42010685394430E-001 1.43173553546792E-001
66.9682228 1.41427905934225E-001 1.42584292573486E-001
67.0682118 1.40848364324280E-001 1.41998314991610E-001
67.1682007 1.40272037887844E-001 1.41415597738467E-001
67.2681897 1.39698904139718E-001 1.40836117946743E-001
67.3681864 1.39128897419335E-001 1.40259809098435E-001
67.4681754 1.38562082588359E-001 1.39686736642163E-001
67.5681645 1.37998394118918E-001 1.39116834196690E-001
67.6681536 1.37437810273315E-001 1.38550079657086E-001
67.7681428 1.36880309496146E-001 1.37986451104329E-001
67.8681396 1.36325828227790E-001 1.37425884156097E-001
67.9681288 1.35774429872711E-001 1.36868442788870E-001
68.0681180 1.35226050994242E-001 1.36314062747078E-001
68.1681072 1.34680670748485E-001 1.35762722837268E-001
68.2680965 1.34138268465088E-001 1.35214402042948E-001
68.3680934 1.33598782600864E-001 1.34669038031284E-001
68.4680827 1.33062275140203E-001 1.34126693344103E-001
68.5680721 1.32528684653782E-001 1.33587305765979E-001
68.6680615 1.31997991148731E-001 1.33050854971195E-001
68.7680509 1.31470174797455E-001 1.32517320802539E-001
68.8680479 1.30945175992761E-001 1.31986642894632E-001
68.9680374 1.30423055335170E-001 1.31458882391220E-001
69.0680269 1.29903753322866E-001 1.30933979035607E-001
69.1680164 1.29387250773564E-001 1.30411913328463E-001
69.2680059 1.28873528662436E-001 1.29892665930969E-001
69.3680031 1.28362529241685E-001 1.29376178367098E-001
69.4679927 1.27854311763257E-001 1.28862510418168E-001
69.5679823 1.27348818576805E-001 1.28351603708694E-001
69.6679719 1.26846031272380E-001 1.27843439526625E-001
69.7679615 1.26345931590089E-001 1.27337999312859E-001
69.8679589 1.25848463568561E-001 1.26835226406337E-001
69.9679486 1.25353685145566E-001 1.26335179260699E-001
70.0679383 1.24861540449781E-001 1.25837801307823E-001
70.1679281 1.24372011807395E-001 1.25343074585937E-001
70.2679178 1.23885081687650E-001 1.24850981279065E-001
70.3679153 1.23400695846063E-001 1.24361466470235E-001
70.4679051 1.22918910939744E-001 1.23874587319274E-001
70.5678949 1.22439672807341E-001 1.23390288995041E-001
70.6678848 1.21962964476920E-001 1.22908554251031E-001
70.7678747 1.21488769112966E-001 1.22429365979753E-001
70.8678723 1.21017034121584E-001 1.21952670940760E-001
70.9678622 1.20547814911875E-001 1.21478525033055E-001
71.0678522 1.20081058966618E-001 1.21006875095384E-001
71.1678422 1.19616749983305E-001 1.20537704563350E-001
71.2678322 1.19154871789569E-001 1.20070997005152E-001
71.3678299 1.18695373378875E-001 1.19606700792439E-001
71.4678200 1.18238308944110E-001 1.19144870595522E-001
71.5678100 1.17783627549382E-001 1.18685454859044E-001
71.6678002 1.17331313530869E-001 1.18228437669308E-001
71.7677903 1.16881351348943E-001 1.17773803239136E-001
71.8677881 1.16433691524102E-001 1.17321501490813E-001
71.9677783 1.15988387063983E-001 1.16871585897247E-001
72.0677685 1.15545388554089E-001 1.16424006447925E-001
72.1677587 1.15104680940159E-001 1.15978747850094E-001
72.2677489 1.14666249286479E-001 1.15535794931756E-001
72.3677468 1.14230045583004E-001 1.15095099107180E-001
72.4677371 1.13796121682264E-001 1.14656712682336E-001
72.5677275 1.13364429633950E-001 1.14220587133284E-001
72.6677178 1.12934954965742E-001 1.13786707760007E-001
72.7677082 1.12507683318518E-001 1.13355059977777E-001
72.8677062 1.12082568096716E-001 1.12925596636857E-001
72.9676966 1.11659660027097E-001 1.12498368905933E-001
73.0676870 1.11238912568914E-001 1.12073329692005E-001
73.1676774 1.10820311805596E-001 1.11650464861039E-001
73.2676679 1.10403843928694E-001 1.11229760389113E-001
73.3676660 1.09989463704624E-001 1.10811170509013E-001
73.4676565 1.09577220762932E-001 1.10394745281005E-001
73.5676471 1.09167069920253E-001 1.09980438989886E-001
73.6676376 1.08758997790912E-001 1.09568238042238E-001
73.7676282 1.08352991092545E-001 1.09158128949832E-001
73.8676264 1.07949005903378E-001 1.08750067276897E-001
73.9676171 1.07547090783531E-001 1.08344102003368E-001
74.0676077 1.07147201857150E-001 1.07940188741069E-001
74.1675984 1.06749326245879E-001 1.07538314413117E-001
74.2675890 1.06353451170098E-001 1.07138466043152E-001
74.3675874 1.05959533971889E-001 1.06740600478025E-001
74.4675781 1.05567622168990E-001 1.06344765644676E-001
74.5675688 1.05177673145388E-001 1.05950918433426E-001
74.6675596 1.04789674507654E-001 1.05559046261073E-001
74.7675504 1.04403613956755E-001 1.05169136640507E-001
74.8675488 1.04019450052782E-001 1.04781147654529E-001
74.9675396 1.03637229297397E-001 1.04395126203681E-001
75.0675305 1.03256910288847E-001 1.04011030410383E-001
75.1675213 1.02878481097365E-001 1.03628848163409E-001
75.2675122 1.02501929883459E-001 1.03248567443416E-001
75.3675108 1.02127216381378E-001 1.02870147524530E-001
75.4675017 1.01754386102304E-001 1.02493634306764E-001
75.5674926 1.01383398815137E-001 1.02118987100262E-001
75.6674836 1.01014243033573E-001 1.01746194245156E-001
75.7674746 1.00646907357662E-001 1.01375244169466E-001
75.8674732 1.00281352653860E-001 1.01006097295943E-001
75.9674642 9.99176234677638E-002 1.00638798549247E-001
76.0674553 9.95556806972039E-002 1.00273308384783E-001
76.1674463 9.91955132801397E-002 9.99096155744525E-002
76.2674374 9.88371102371616E-002 9.95477089742468E-002
76.3674361 9.84804335267728E-002 9.91875501146821E-002
76.4674273 9.81255267532080E-002 9.88291829695531E-002
76.5674184 9.77723519032885E-002 9.84725690988871E-002
76.6674096 9.74208983209855E-002 9.81176976877355E-002
76.7674007 9.70711554293609E-002 9.77645580016253E-002
76.8673996 9.67230862405222E-002 9.74131126397262E-002
76.9673908 9.63767334409008E-002 9.70634046487845E-002
77.0673820 9.60320600680648E-002 9.67153966545449E-002
77.1673732 9.56890558546416E-002 9.63690782375019E-002
77.2673645 9.53477106089811E-002 9.60244390551896E-002
77.3673634 9.50079883599768E-002 9.56814427379771E-002
77.4673547 9.46699308991706E-002 9.53401314287292E-002
77.5673461 9.43335022782488E-002 9.50004687816482E-002
77.6673374 9.39986926019837E-002 9.46624447558302E-002
77.7673288 9.36654920476655E-002 9.43260493841423E-002
77.8673278 9.33338656257014E-002 9.39912472922762E-002
77.9673192 9.30038542550320E-002 9.36580797417491E-002
78.0673106 9.26754229663651E-002 9.33265113795250E-002
78.1673020 9.23485622209069E-002 9.29965325272778E-002
78.2672935 9.20232625493308E-002 9.26681335773419E-002
78.3672925 9.16994899097560E-002 9.23412801163546E-002
78.4672840 9.13772843701987E-002 9.20160125464024E-002
78.5672755 9.10566119067517E-002 9.16922964730032E-002
78.6672671 9.07374633220995E-002 9.13701225651584E-002
78.7672586 9.04198294854896E-002 9.10494815595683E-002
78.8672578 9.01036772703506E-002 9.07303399708658E-002
78.9672493 8.97890459148568E-002 9.04127373630224E-002
79.0672409 8.94759023082389E-002 9.00966402673199E-002
79.1672325 8.91642375804187E-002 8.97820396855666E-002
79.2672242 8.88540429251163E-002 8.94689266844508E-002
79.3672234 8.85452860999990E-002 8.91572686750093E-002
79.4672151 8.82380055339040E-002 8.88471044038306E-002
79.5672068 8.79321689982738E-002 8.85384012965170E-002
79.6671985 8.76277679367048E-002 8.82311506738564E-002
79.7671902 8.73247938539569E-002 8.79253439188305E-002
79.8671895 8.70232153621334E-002 8.76209493085822E-002
79.9671813 8.67230701006775E-002 8.73180047924796E-002
80.0671730 8.64243266935765E-002 8.70164786602867E-002
80.1671648 8.61269768851789E-002 8.67163625385980E-002
80.2671566 8.58310124784857E-002 8.64176481136424E-002
80.3671560 8.55364029114419E-002 8.61203044996015E-002
80.4671478 8.52431850534926E-002 8.58243688682340E-002
80.5671397 8.49513283527027E-002 8.55298103445289E-002
80.6671315 8.46608248418566E-002 8.52366208483342E-002
80.7671234 8.43716666099986E-002 8.49447923566937E-002
80.8671229 8.40838238934719E-002 8.46542947929337E-002
80.9671148 8.37973328105877E-002 8.43651645702764E-002
81.0671067 8.35121636061642E-002 8.40773716211646E-002
81.1670987 8.32283085896812E-002 8.37909081467342E-002
81.2670906 8.29457601245965E-002 8.35057664029917E-002
81.3670902 8.26644892193052E-002 8.32219170956332E-002
81.4670822 8.23845312593323E-002 8.29393958978947E-002
81.5670742 8.21058572600147E-002 8.26581735230116E-002
81.6670662 8.18284597963314E-002 8.23782424419989E-002
81.7670583 8.15523314950633E-002 8.20995951785250E-002
81.8670579 8.12774441113571E-002 8.18222031949458E-002
81.9670500 8.10038323157971E-002 8.15461014425538E-002
82.0670421 8.07314678690432E-002 8.12712613897748E-002
82.1670342 8.04603436008941E-002 8.09976757666217E-002
82.2670263 8.01904523908742E-002 8.07253373536453E-002
82.3670260 7.99217667165796E-002 8.04542183451687E-002
82.4670182 7.96543205510109E-002 8.01843529880896E-002
82.5670103 7.93880863759466E-002 7.99157134814320E-002
82.6670025 7.91230572658155E-002 7.96482928038258E-002
82.7669947 7.88592263427904E-002 7.93820839824191E-002
82.8669945 7.85965667835661E-002 7.91170599197799E-002
82.9669867 7.83351118804430E-002 7.88532541754800E-002
83.0669790 7.80748348130592E-002 7.85906396555132E-002
83.1669712 7.78157288907485E-002 7.83292095772188E-002
83.2669635 7.75577874686969E-002 7.80689572045285E-002
83.3669634 7.73009844002557E-002 7.78098561254565E-002
83.4669556 7.70453523134475E-002 7.75519392288525E-002
83.5669479 7.67908650634143E-002 7.72951801049707E-002
83.6669403 7.65375161851101E-002 7.70395722004033E-002
83.7669326 7.62852992575354E-002 7.67851090064956E-002
83.8669326 7.60341887891231E-002 7.65317647747947E-002
83.9669249 7.57842167595929E-002 7.62795717395778E-002
84.0669173 7.55353576780967E-002 7.60285041535286E-002
84.1669097 7.52876052963427E-002 7.57785556834627E-002
84.2669021 7.50409534083608E-002 7.55297200391922E-002
84.3669022 7.47953771569194E-002 7.52819721147261E-002
84.4668946 7.45509078889751E-002 7.50353435054806E-002
84.5668870 7.43075207470189E-002 7.47898091055754E-002
84.6668795 7.40652096910446E-002 7.45453627934254E-002
84.7668720 7.38239687217199E-002 7.43019984887643E-002
84.8668721 7.35837735961928E-002 7.40596917077981E-002
84.9668646 7.33446550437755E-002 7.38184734223652E-002
85.0668571 7.31065888204135E-002 7.35783191478298E-002
85.1668496 7.28695690862946E-002 7.33392229659669E-002
85.2668422 7.26335900407058E-002 7.31011789982672E-002
85.3668424 7.23986280359764E-002 7.28641633636391E-002
85.4668349 7.21647131984808E-002 7.26282064252117E-002
85.5668275 7.19318218784871E-002 7.23932843001666E-002
85.6668201 7.16999484286441E-002 7.21593912657662E-002
85.7668127 7.14690872391943E-002 7.19265216374559E-002
85.8668130 7.12392152391718E-002 7.16946521180870E-002
85.9668056 7.10103619663231E-002 7.14638124765452E-002
86.0667983 7.07825043468244E-002 7.12339794131342E-002
86.1667909 7.05556369183931E-002 7.10051473930781E-002
86.2667836 7.03297542549014E-002 7.07773109183189E-002
86.3667839 7.01048338443021E-002 7.05504472575951E-002
86.4667766 6.98809046496367E-002 7.03245855996229E-002
86.5667694 6.96579441552627E-002 7.00997032098329E-002
86.6667621 6.94359470768973E-002 6.98757947342153E-002
86.7667548 6.92149081650366E-002 6.96528548540777E-002
86.8667552 6.89948054494280E-002 6.94308613866624E-002
86.9667480 6.87756673319544E-002 6.92098429542108E-002
87.0667408 6.85574718380851E-002 6.89897773699531E-002
87.1667336 6.83402138547767E-002 6.87706594537647E-002
87.2667264 6.81238883024477E-002 6.85524840594985E-002
87.3667268 6.79084737361481E-002 6.83352295361612E-002
87.4667197 6.76939980097845E-002 6.81189239528444E-002
87.5667125 6.74804396734971E-002 6.79035456538911E-002
87.6667054 6.72677937790140E-002 6.76890896264794E-002
87.7666983 6.70560554102652E-002 6.74755508904833E-002
87.8666988 6.68452036317159E-002 6.72629083105495E-002
87.9666917 6.66352657621244E-002 6.70511894155870E-002
88.0666846 6.64262208604631E-002 6.68403730649769E-002
88.1666775 6.62180641370418E-002 6.66304544069021E-002
88.2666705 6.60107908331675E-002 6.64214286210143E-002
88.3666710 6.58043805074120E-002 6.62132750720656E-002
88.4666640 6.55988599558698E-002 6.60060207614015E-002
88.5666570 6.53942087310822E-002 6.57996450479527E-002
88.6666500 6.51904221960173E-002 6.55941432348792E-002
88.7666429 6.49874957434858E-002 6.53895106556351E-002
88.8666436 6.47854094114129E-002 6.51857271601073E-002
88.9666366 6.45841894853794E-002 6.49828192343588E-002
89.0666296 6.43838159967845E-002 6.47807667219431E-002
89.1666227 6.41842844555827E-002 6.45795650752266E-002
89.2666157 6.39855904004657E-002 6.43792097757456E-002
89.3666164 6.37877143344901E-002 6.41796811440913E-002
89.4666095 6.35906820445483E-002 6.39810051629974E-002
89.5666026 6.33944740267153E-002 6.37831621462509E-002
89.6665957 6.31990859325003E-002 6.35861476898989E-002
89.7665889 6.30045134410917E-002 6.33899574180822E-002
89.8665896 6.28107375069633E-002 6.31945721081838E-002
89.9665828 6.26177834298308E-002 6.30000172512424E-002
90.0665759 6.24256321567683E-002 6.28062736174039E-002
90.1665691 6.22342794756374E-002 6.26133369411044E-002
90.2665622 6.20437212009652E-002 6.24212029838426E-002
90.3665631 6.18539387254166E-002 6.22298529663757E-002
90.4665563 6.16649568727361E-002 6.20393118993736E-002
90.5665495 6.14767570278057E-002 6.18495609959595E-002
90.6665427 6.12893351098551E-002 6.16605961238891E-002
90.7665359 6.11026870638081E-002 6.14724131769922E-002
90.8665368 6.09167947077619E-002 6.12849938064591E-002
90.9665301 6.07316824003987E-002 6.10983625536154E-002
91.0665233 6.05473319516820E-002 6.09125010616537E-002
91.1665166 6.03637394074336E-002 6.07274053267915E-002
91.2665099 6.01809008382373E-002 6.05430713703733E-002
91.3665108 5.99987984753127E-002 6.03594812615360E-002
91.4665041 5.98174562228989E-002 6.01766590829943E-002
91.5664975 5.96368563037621E-002 5.99945868955561E-002
91.6664908 5.94569948857371E-002 5.98132608192445E-002
91.7664842 5.92778681605283E-002 5.96326769983019E-002
91.8664851 5.90994587605962E-002 5.94528179077628E-002
91.9664785 5.89217901460780E-002 5.92737071821815E-002
92.0664719 5.87448449406897E-002 5.90953272879610E-002
92.1664653 5.85686194298899E-002 5.89176744644669E-002
92.2664587 5.83931099221509E-002 5.87407449744137E-002
92.3664597 5.82182994397052E-002 5.85645216871032E-002
92.4664531 5.80442110086567E-002 5.83890277991042E-002
92.5664466 5.78708276422297E-002 5.82142461708130E-002
92.6664400 5.76981457392970E-002 5.80401731566575E-002
92.7664335 5.75261617209245E-002 5.78668051335800E-002
92.8664346 5.73548589880436E-002 5.76941253539218E-002
92.9664281 5.71842601425295E-002 5.75221565861746E-002
93.0664215 5.70143485760668E-002 5.73508820735253E-002
93.1664150 5.68451207969054E-002 5.71802982813597E-002
93.2664086 5.66765733347001E-002 5.70104016967773E-002
93.3664097 5.65086899583878E-002 5.68411759443161E-002
93.4664032 5.63414928551635E-002 5.66726433740402E-002
93.5663968 5.61749657845022E-002 5.65047876011091E-002
93.6663903 5.60091053601568E-002 5.63376051979286E-002
93.7663839 5.58439082165303E-002 5.61710927578502E-002
93.8663851 5.56793584802350E-002 5.60052342671370E-002
93.9663787 5.55154779330858E-002 5.58400516668220E-002
94.0663723 5.53522506920404E-002 5.56755289335885E-002
94.1663659 5.51896734726385E-002 5.55116627430841E-002
94.2663595 5.50277430103438E-002 5.53484497911650E-002
94.3663607 5.48664437794654E-002 5.51858744157027E-002
94.4663544 5.47057971654953E-002 5.50239581578524E-002
94.5663480 5.45457876329157E-002 5.48626853457253E-002
94.6663417 5.43864119954851E-002 5.47020527545853E-002
94.7663353 5.42276670861898E-002 5.45420571791964E-002
94.8663366 5.40695377173921E-002 5.43826832992642E-002
94.9663303 5.39120448870840E-002 5.42239522649804E-002
95.0663240 5.37551733976486E-002 5.40658487461299E-002
95.1663177 5.35989201576381E-002 5.39083696141115E-002
95.2663114 5.34432820941641E-002 5.37515117591452E-002
95.3663128 5.32882443483217E-002 5.35952601933229E-002
95.4663065 5.31338275391980E-002 5.34396356845578E-002
95.5663002 5.29800167977746E-002 5.32846232348801E-002
95.6662940 5.28268091241085E-002 5.31302198084816E-002
95.7662878 5.26742015361749E-002 5.29764223877230E-002
95.8662892 5.25221794947912E-002 5.28232163079511E-002
95.9662829 5.23707632485129E-002 5.26706219632607E-002
96.0662767 5.22199382479268E-002 5.25186246788133E-002
96.1662705 5.20697015814367E-002 5.23672215083838E-002
96.2662643 5.19200503547478E-002 5.22164095232904E-002
96.3662658 5.17709703396876E-002 5.20661743733057E-002
96.4662596 5.16224814224385E-002 5.19165360869488E-002
96.5662535 5.14745693644965E-002 5.17674803036997E-002
96.6662473 5.13272313395778E-002 5.16190041638344E-002
96.7662412 5.11804645381076E-002 5.14711048245697E-002
96.8662427 5.10342550344984E-002 5.13237682415664E-002
96.9662365 5.08886223605087E-002 5.11770140857996E-002
97.0662304 5.07435525801329E-002 5.10308283025451E-002
97.1662243 5.05990429494845E-002 5.08852081156178E-002
97.2662182 5.04550907408166E-002 5.07401507651955E-002
97.3662198 5.03116823229768E-002 5.05956425045693E-002
97.4662137 5.01688368810461E-002 5.04517026549959E-002
97.5662076 5.00265407733810E-002 5.03083174593034E-002
97.6662016 4.98847913356912E-002 5.01654842220002E-002
97.7661955 4.97435859192782E-002 5.00232002634009E-002
97.8661971 4.96029111795396E-002 4.98814521264384E-002
97.9661911 4.94627859624280E-002 4.97402587902776E-002
98.0661851 4.93231969127907E-002 4.95996067873238E-002
98.1661791 4.91841414432400E-002 4.94594935000428E-002
98.2661730 4.90456169814546E-002 4.93199163261728E-002
98.3661747 4.89076104617522E-002 4.91808620905588E-002
98.4661687 4.87701403983144E-002 4.90423494377060E-002
98.5661627 4.86331937148613E-002 4.89043651818799E-002
98.6661568 4.84967678983194E-002 4.87669067808743E-002
98.7661508 4.83608604501756E-002 4.86299717072419E-002
98.8661525 4.82254585762834E-002 4.84935470602589E-002
98.9661465 4.80905804662246E-002 4.83576511570157E-002
99.0661406 4.79562133152191E-002 4.82222710861686E-002
99.1661347 4.78223546820179E-002 4.80874043783113E-002
99.2661288 4.76890021394463E-002 4.79530485783022E-002
99.3661305 4.75561431577451E-002 4.78191910526080E-002
99.4661246 4.74237956088865E-002 4.76858497979654E-002
99.5661187 4.72919469524526E-002 4.75530121701916E-002
99.6661128 4.71605948166246E-002 4.74206757702486E-002
99.7661070 4.70297368431906E-002 4.72888382128881E-002
99.8661087 4.68993607598575E-002 4.71574871247570E-002
99.9661029 4.67694841278025E-002 4.70266401891218E-002
100.0660970 4.66400946640586E-002 4.68962850219608E-002
100.1660912 4.65111900639342E-002 4.67664192922653E-002
100.2660854 4.63827680358945E-002 4.66370406823596E-002
100.3660872 4.62548165584105E-002 4.65081370722828E-002
100.4660814 4.61273528885082E-002 4.63797258385421E-002
100.5660756 4.60003649939783E-002 4.62517948504983E-002
100.6660698 4.58738506350404E-002 4.61243418429219E-002
100.7660640 4.57478075846381E-002 4.59973645634768E-002
100.8660658 4.56222240655147E-002 4.58708511390206E-002
100.9660601 4.54971170370227E-002 4.57448186458436E-002
101.0660543 4.53724747112278E-002 4.56192552001242E-002
101.1660486 4.52482949111284E-002 4.54941586002469E-002
101.2660428 4.51245754720297E-002 4.53695266570666E-002
101.3660447 4.50013048546597E-002 4.52453477378914E-002
101.4660390 4.48784997270132E-002 4.51216386251744E-002
101.5660333 4.47561485391505E-002 4.49983876755514E-002
101.6660275 4.46342491747960E-002 4.48755927489374E-002
101.7660218 4.45127995295803E-002 4.47532517173105E-002
101.8660238 4.43917882961226E-002 4.46313531822594E-002
101.9660181 4.42712318572196E-002 4.45099136386212E-002
102.0660124 4.41511188948406E-002 4.43889216773274E-002
102.1660067 4.40314473514607E-002 4.42683752178175E-002
102.2660011 4.39122151810740E-002 4.41482721912015E-002
102.3660031 4.37934113022871E-002 4.40286014273715E-002
102.4659974 4.36750518187055E-002 4.39093791396145E-002
102.5659918 4.35571256383101E-002 4.37905941471871E-002
102.6659861 4.34396307604237E-002 4.36722444271217E-002
102.7659805 4.33225651955163E-002 4.35543279677439E-002
102.8659825 4.32059180824587E-002 4.34368338214547E-002
102.9659769 4.30897052515240E-002 4.33197779259085E-002
103.0659713 4.29739158309886E-002 4.32031493228991E-002
103.1659657 4.28585478751906E-002 4.30869460451926E-002
103.2659601 4.27435994492573E-002 4.29711661364840E-002
103.3659622 4.26290599067766E-002 4.28557988660673E-002
103.4659566 4.25149448104032E-002 4.27408599017351E-002
103.5659511 4.24012435031675E-002 4.26263385022086E-002
103.6659455 4.22879540926584E-002 4.25122327541961E-002
103.7659400 4.21750746969086E-002 4.23985407549846E-002
103.8659421 4.20625948788441E-002 4.22852519853156E-002
103.9659365 4.19505299390763E-002 4.21723818487500E-002
104.0659310 4.18388694300161E-002 4.20599198154970E-002
104.1659255 4.17276115108029E-002 4.19478640244813E-002
104.2659200 4.16167543506871E-002 4.18362126248693E-002
104.3659221 4.15062877167174E-002 4.17249553035709E-002
104.4659166 4.13962266528995E-002 4.16141072054060E-002
104.5659112 4.12865609158146E-002 4.15036580067980E-002
104.6659057 4.11772887145139E-002 4.13936058972257E-002
104.7659002 4.10684082678398E-002 4.12839490760842E-002
104.8659024 4.09599095419045E-002 4.11746774313314E-002
104.9658969 4.08518073294142E-002 4.10658058544046E-002
105.0658915 4.07440915860658E-002 4.09573242228253E-002
105.1658860 4.06367605692440E-002 4.08492307750244E-002
105.2658806 4.05298125458156E-002 4.07415237590356E-002
105.3658828 4.04232376760492E-002 4.06341932588982E-002
105.4658774 4.03170505065285E-002 4.05272539178941E-002
105.5658720 4.02112411871631E-002 4.04206958096811E-002
105.6658666 4.01058080221494E-002 4.03145172200978E-002
105.7658612 4.00007493248681E-002 4.02087164442839E-002
105.8658634 3.98960554449830E-002 4.01032837575416E-002
105.9658580 3.97917406880069E-002 3.99982335600983E-002
106.0658527 3.96877953933053E-002 3.98935561169338E-002
106.1658473 3.95842179104190E-002 3.97892497598061E-002
106.2658419 3.94810065977862E-002 3.96853128294830E-002
106.3658442 3.93781519898461E-002 3.95817357878545E-002
106.4658389 3.92756681559704E-002 3.94785327970712E-002
106.5658335 3.91735456203643E-002 3.93756943087634E-002
106.6658282 3.90717827764984E-002 3.92732186991733E-002
106.7658229 3.89703780264638E-002 3.91711043532721E-002
106.8658252 3.88693220849918E-002 3.90693419150006E-002
106.9658199 3.87686287901241E-002 3.89679453132903E-002
107.0658146 3.86682888464253E-002 3.88669051818886E-002
107.1658093 3.85683006899316E-002 3.87662199401378E-002
107.2658040 3.84686627650328E-002 3.86658880158386E-002
107.3658063 3.83693659623997E-002 3.85659002305788E-002
107.4658011 3.82704238934404E-002 3.84662702848123E-002
107.5657958 3.81718274387298E-002 3.83669889900028E-002
107.6657905 3.80735750755538E-002 3.82680548072581E-002
107.7657853 3.79756652892943E-002 3.81694662058831E-002
107.8657877 3.78780891423369E-002 3.80712141808378E-002
107.9657824 3.77808600240397E-002 3.79733122087263E-002
108.0657772 3.76839689867655E-002 3.78757512744566E-002
108.1657720 3.75874145477806E-002 3.77785298796145E-002
108.2657667 3.74911952321988E-002 3.76816465337307E-002
108.3657692 3.73953022700178E-002 3.75850924009868E-002
108.4657639 3.72997488330205E-002 3.74888807386545E-002
108.5657587 3.72045261412579E-002 3.73930027009387E-002
108.6657536 3.71096327507518E-002 3.72974568286605E-002
108.7657484 3.70150672251315E-002 3.72022416703430E-002
108.8657508 3.69208209580233E-002 3.71073485553591E-002
108.9657456 3.68269069080032E-002 3.70127905260584E-002
109.0657405 3.67333164588290E-002 3.69185589019146E-002
