0.0053140 7.90949748305918E+000 2.78403092738249E+003
0.0210792 3.03673179191974E+001 2.72261708594686E+003
0.0467942 6.39603229859680E+001 2.62635251733180E+003
0.0817065 1.04122021338284E+002 2.50295099404973E+003
0.1249105 1.46246978365482E+002 2.36095329843125E+003
0.1754417 1.86520955017278E+002 2.20847650250108E+003
0.2323515 2.22304852844267E+002 2.05241187640307E+003
0.2947571 2.52136942567091E+002 1.89808842360377E+003
0.3618673 2.75514355231370E+002 1.74928504519163E+003
0.4329916 2.92603782609323E+002 1.60843747654812E+003
0.5075377 3.03973761796630E+002 1.47692036484374E+003
0.5850032 3.10388099437804E+002 1.35532583971743E+003
0.6649650 3.12665176025499E+002 1.24370313001749E+003
0.7470680 3.11592425741097E+002 1.14174652047730E+003
0.8310139 3.07880950414564E+002 1.04893594357145E+003
0.9165527 3.02146676767509E+002 9.64635440415303E+002
1.0034738 2.94907554888419E+002 8.88160634613993E+002
1.0915995 2.86589594684875E+002 8.18822764240392E+002
1.1807797 2.77537019500579E+002 7.55955676228549E+002
1.2708868 2.68023888691305E+002 6.98932149193603E+002
1.3618115 2.58265435188382E+002 6.47171723416422E+002
1.4534610 2.48428395736639E+002 6.00143563572615E+002
1.5457546 2.38640211516601E+002 5.57366986175905E+002
1.6386236 2.28996558365408E+002 5.18408607500124E+002
1.7320075 2.19567949289781E+002 4.82880077376199E+002
1.8258543 2.10404842028130E+002 4.50433806594682E+002
1.9201186 2.01541992905777E+002 4.20759520572090E+002
2.0147601 1.93001969962270E+002 3.93580738844702E+002
2.1097440 1.84797773442957E+002 3.68650780912654E+002
2.2050388 1.76935204170298E+002 3.45750027430275E+002
2.3006174 1.69414475508497E+002 3.24682513979617E+002
2.3964555 1.62231660078977E+002 3.05273441896411E+002
2.4925310 1.55379827924860E+002 2.87366890659252E+002
2.5888248 1.48849784127230E+002 2.70823359769800E+002
2.6853193 1.42630867939189E+002 2.55518211262479E+002
2.7819988 1.36711361412650E+002 2.41339704656528E+002
2.8788497 1.31078940787168E+002 2.28187644127799E+002
2.9758588 1.25721021567886E+002 2.15972152998233E+002
3.0730149 1.20624900296573E+002 2.04612308109150E+002
3.1703074 1.15778032801584E+002 1.94035359504313E+002
3.2677268 1.11168077688843E+002 1.84175642431571E+002
3.3652646 1.06783039722055E+002 1.74973900578221E+002
3.4629133 1.02611304079857E+002 1.66376524686253E+002
3.5606650 9.86417591672745E+001 1.58335101700770E+002
3.6585133 9.48637046947939E+001 1.50805628864578E+002
3.7564523 9.12669465488169E+001 1.43748202813977E+002
3.8544764 8.78417808324887E+001 1.37126554752539E+002
3.9525810 8.45789756386474E+001 1.30907647564215E+002
4.0507604 8.14698239091936E+001 1.25061460728107E+002
4.1490108 7.85060375138075E+001 1.19560518067560E+002
4.2473280 7.56797947155070E+001 1.14379746293745E+002
4.3457083 7.29837068077154E+001 1.09496211397487E+002
4.4441489 7.04107874876759E+001 1.04888889656230E+002
4.5426454 6.79544820349076E+001 1.00538568904311E+002
4.6411954 6.56085742015696E+001 9.64275513253451E+001
4.7397961 6.33672163705939E+001 9.25395944636505E+001
4.8384450 6.12248978509508E+001 8.88597559912632E+001
4.9371399 5.91764166701706E+001 8.53742585983813E+001
5.0358779 5.72169001564655E+001 8.20704487510680E+001
5.1346571 5.53417290286651E+001 7.89366010576887E+001
5.2334756 5.35465603046862E+001 7.59618991899514E+001
5.3323316 5.18273015171254E+001 7.31363409374036E+001
5.4312238 5.01800880256575E+001 7.04506554608095E+001
5.5301496 4.86012998862672E+001 6.78962903799549E+001
5.6291079 4.70875013313084E+001 6.54652776028062E+001
5.7280973 4.56354598556549E+001 6.31502332054797E+001
5.8271164 4.42421262782687E+001 6.09442972023308E+001
5.9261644 4.29046172886798E+001 5.88410810181192E+001
6.0252392 4.16202301648114E+001 5.68346682929097E+001
6.1243401 4.03863946477384E+001 5.49195194542854E+001
6.2234659 3.92006894384722E+001 5.30904801592536E+001
6.3226158 3.80608270051486E+001 5.13427417497860E+001
6.4217891 3.69646403204527E+001 4.96718067592720E+001
6.5209840 3.59100959395567E+001 4.80734960349443E+001
6.6202001 3.48952555171673E+001 4.65438786821493E+001
6.7194366 3.39182902319398E+001 4.50792838959049E+001
6.8186927 3.29774692038394E+001 4.36762741524821E+001
6.9179682 3.20711493991064E+001 4.23316218297108E+001
7.0172613 3.11977872726420E+001 4.10423188863485E+001
7.1165720 3.03559077206918E+001 3.98055240101059E+001
7.2158999 2.95441129207348E+001 3.86185697457954E+001
7.3152432 2.87610924403680E+001 3.74789715000250E+001
7.4146030 2.80055774760685E+001 3.63843557714931E+001
7.5139770 2.72763926185458E+001 3.53325308590086E+001
7.6133666 2.65723944658284E+001 3.43213937349430E+001
7.7127702 2.58925174740259E+001 3.33489925113402E+001
7.8121865 2.52357488163348E+001 3.24134865751496E+001
7.9116168 2.46011075883628E+001 3.15131139939133E+001
8.0110589 2.39876852761533E+001 3.06462462039936E+001
8.1105143 2.33945946222757E+001 2.98113128311781E+001
8.2099815 2.28210085771130E+001 2.90068544259492E+001
8.3094593 2.22661395565584E+001 2.82314908476660E+001
8.4089492 2.17292221940141E+001 2.74838952834243E+001
8.5084489 2.12095478797048E+001 2.67628406104144E+001
8.6079599 2.07064218150735E+001 2.60671379018687E+001
8.7074812 2.02191962860829E+001 2.53956811093415E+001
8.8070112 1.97472533895030E+001 2.47474215869420E+001
8.9065517 1.92899905929908E+001 2.41213470447002E+001
9.0061006 1.88468503679639E+001 2.35165210005832E+001
9.1056593 1.84172838438989E+001 2.29320319004153E+001
9.2052267 1.80007793799820E+001 2.23670311403351E+001
9.3048016 1.75968480544320E+001 2.18207122532360E+001
9.4043856 1.72050114709970E+001 2.12922936206057E+001
9.5039766 1.68248273084020E+001 2.07810521882139E+001
9.6035763 1.64558583417302E+001 2.02862809409495E+001
9.7031836 1.60976970987627E+001 1.98073214081971E+001
9.8027972 1.57499535722651E+001 1.93435464529822E+001
9.9024188 1.54122448417865E+001 1.88943458987250E+001
10.0020464 1.50842172065971E+001 1.84591554730995E+001
10.1016817 1.47655196084493E+001 1.80374209460251E+001
10.2013235 1.44558250099417E+001 1.76286260504043E+001
10.3009707 1.41548199122726E+001 1.72322780986975E+001
10.4006251 1.38621954580625E+001 1.68478959065529E+001
10.5002846 1.35776666912661E+001 1.64750347542145E+001
10.5999509 1.33009496179103E+001 1.61132559003724E+001
10.6996230 1.30317798259779E+001 1.57621506781819E+001
10.7992996 1.27699034826500E+001 1.54213283614771E+001
10.8989827 1.25150696562813E+001 1.50904059237950E+001
10.9986702 1.22670471485054E+001 1.47690296630798E+001
11.0983637 1.20256045841263E+001 1.44568490978715E+001
11.1980623 1.17905266982212E+001 1.41535378586563E+001
11.2977649 1.15616065558478E+001 1.38587833659740E+001
11.3974732 1.13386388859693E+001 1.35722780743424E+001
11.4971853 1.11214348522924E+001 1.32937382893374E+001
11.5969029 1.09098046826867E+001 1.30228816695398E+001
11.6966250 1.07035719741259E+001 1.27594454204797E+001
11.7963505 1.05025669302983E+001 1.25031774480596E+001
11.8960812 1.03066205419586E+001 1.22538288171023E+001
11.9958151 1.01155775997322E+001 1.20111701955004E+001
12.0955540 9.92928146616809E+000 1.17749723479586E+001
12.1952970 9.74758668873312E+000 1.15450220489823E+001
12.2950428 9.57035309106511E+000 1.13211144493651E+001
12.3947934 9.39744066633327E+000 1.11030465380752E+001
12.4945468 9.22872108404917E+000 1.08906315718878E+001
12.5943047 9.06406428063995E+000 1.06836820704999E+001
12.6940662 8.90334962185946E+000 1.04820237918405E+001
12.7938302 8.74646071468591E+000 1.02854891048211E+001
12.8935986 8.59328090523752E+000 1.00939112873537E+001
12.9933693 8.44370349004923E+000 9.90713723815720E+000
13.0931443 8.29761985863576E+000 9.72501257783112E+000
13.1929224 8.15492940699859E+000 9.54739397066858E+000
13.2927027 8.01553496163548E+000 9.37414333881670E+000
13.3924871 7.87933879315839E+000 9.20512286263091E+000
13.4922734 7.74625170856012E+000 9.04020622129035E+000
13.5920637 7.61618252515947E+000 8.87926547828878E+000
13.6918568 7.48904690448436E+000 8.72218198606051E+000
13.7916517 7.36476329917893E+000 8.56884130883404E+000
13.8914504 7.24324940899434E+000 8.41912881718929E+000
13.9912508 7.12443030275188E+000 8.27293966338906E+000
14.0910548 7.00822903995441E+000 8.13016718777170E+000
14.1908615 6.89457456775641E+000 7.99071260357030E+000
14.2906697 6.78339811693277E+000 7.85448052065373E+000
14.3904813 6.67463003931163E+000 7.72137504609731E+000
14.4902944 6.56820708523582E+000 7.59130866688057E+000
14.5901109 6.46406401896930E+000 7.46419195966422E+000
14.6899298 6.36214069957598E+000 7.33994222140055E+000
14.7897500 6.26237886445214E+000 7.21847950566910E+000
14.8895734 6.16471929725143E+000 7.09972315674172E+000
14.9893980 6.06910836770467E+000 6.98359974503190E+000
15.0892259 5.97549051125174E+000 6.87003389951410E+000
15.1890558 5.88381459653868E+000 6.75895602366475E+000
15.2888878 5.79403019760167E+000 6.65029774661770E+000
15.3887200 5.70609011639204E+000 6.54399495800421E+000
15.4885562 5.61994365203584E+000 6.43997965602479E+000
15.5883943 5.53554660928026E+000 6.33819202837519E+000
15.6882343 5.45285450294165E+000 6.23857221920930E+000
15.7880763 5.37182420270982E+000 6.14106230318612E+000
15.8879183 5.29241538463872E+000 6.04560801438069E+000
15.9877640 5.21458445763621E+000 5.95215143349349E+000
16.0876115 5.13829360588468E+000 5.86064184387865E+000
16.1874608 5.06350465793943E+000 5.77102834725723E+000
16.2873119 4.99018057593704E+000 5.68326164283562E+000
16.3871628 4.91828677434833E+000 5.59729559173044E+000
16.4870172 4.84778562459107E+000 5.51308063664400E+000
16.5868734 4.77864464562491E+000 5.43057358506838E+000
16.6867312 4.71083095761945E+000 5.34973096578706E+000
16.7865905 4.64431263337687E+000 5.27051063624656E+000
16.8864496 4.57905989898969E+000 5.19287320124818E+000
16.9863121 4.51504014871292E+000 5.11677607446703E+000
17.0861762 4.45222538211297E+000 5.04218231878956E+000
17.1860417 4.39058717360910E+000 4.96905465187740E+000
17.2859087 4.33009790156933E+000 4.89735690181859E+000
17.3857753 4.27073184366400E+000 4.82705529641617E+000
17.4856452 4.21246064354407E+000 4.75811308919983E+000
17.5855166 4.15526007959571E+000 4.69049856839369E+000
17.6853893 4.09910549118823E+000 4.62417963324710E+000
17.7852633 4.04397289889701E+000 4.55912511530852E+000
17.8851368 3.98984000574963E+000 4.49530595255522E+000
17.9850136 3.93668206517034E+000 4.43269031358258E+000
18.0848916 3.88447805511912E+000 4.37125087122149E+000
18.1847709 3.83320650989329E+000 4.31095988251252E+000
18.2846515 3.78284654321607E+000 4.25179039065955E+000
18.3845314 3.73337876519812E+000 4.19371729644883E+000
18.4844144 3.68478150769166E+000 4.13671292352586E+000
18.5842986 3.63703646802223E+000 4.08075363965124E+000
18.6841841 3.59012490196020E+000 4.02581538253449E+000
18.7840706 3.54402855994357E+000 3.97187475557325E+000
18.8839565 3.49873052839111E+000 3.91891000746254E+000
18.9838453 3.45421177427817E+000 3.86689698921739E+000
19.0837353 3.41045631451470E+000 3.81581519504164E+000
19.1836263 3.36744773144414E+000 3.76564368408374E+000
19.2835185 3.32517003120564E+000 3.71636208139821E+000
19.3834098 3.28360841700843E+000 3.66795147531075E+000
19.4833041 3.24274611956851E+000 3.62039072338325E+000
19.5831994 3.20256914121361E+000 3.57366197552359E+000
19.6830957 3.16306306015581E+000 3.52774694834713E+000
19.7829930 3.12421381891007E+000 3.48262784136593E+000
19.8828894 3.08600843624946E+000 3.43828816052166E+000
19.9827887 3.04843209426773E+000 3.39470933583101E+000
20.0826889 3.01147250031026E+000 3.35187578140421E+000
20.1825901 2.97511695044507E+000 3.30977148470780E+000
20.2824922 2.93935305491468E+000 3.26838084675687E+000
20.3823934 2.90416939471869E+000 3.22768943922948E+000
20.4822973 2.86955283960692E+000 3.18768090124569E+000
20.5822022 2.83549256578655E+000 3.14834158415908E+000
20.6821079 2.80197735260069E+000 3.10965742279173E+000
20.7820145 2.76899625117679E+000 3.07161470734510E+000
20.8819201 2.73653919091012E+000 3.03420078064352E+000
20.9818284 2.70459450573885E+000 2.99740118552900E+000
21.0817375 2.67315264113270E+000 2.96120393645454E+000
21.1816475 2.64220366107338E+000 2.92559664384199E+000
21.2815583 2.61173786535636E+000 2.89056722451185E+000
21.3814680 2.58174635066189E+000 2.85610454485122E+000
21.4813803 2.55221872509461E+000 2.82219579376059E+000
21.5812935 2.52314653411007E+000 2.78883041805709E+000
21.6812074 2.49452095755544E+000 2.75599747460392E+000
21.7811221 2.46633338046705E+000 2.72368628526674E+000
21.8810357 2.43857591290225E+000 2.69188703114623E+000
21.9809519 2.41123927500605E+000 2.66058832898610E+000
22.0808688 2.38431596818899E+000 2.62978086306004E+000
22.1807864 2.35779814429456E+000 2.59945494273143E+000
22.2807048 2.33167813419889E+000 2.56960110725609E+000
22.3806219 2.30594893012738E+000 2.54021067564823E+000
22.4805416 2.28060222549158E+000 2.51127350702514E+000
22.5804621 2.25563135472121E+000 2.48278135789948E+000
22.6803832 2.23102931862988E+000 2.45472562542651E+000
22.7803050 2.20678927465479E+000 2.42709790677431E+000
22.8802255 2.18290498498753E+000 2.39989050869228E+000
22.9801486 2.15936899715059E+000 2.37309437449100E+000
23.0800723 2.13617537334489E+000 2.34670219240341E+000
23.1799967 2.11331785783238E+000 2.32070630702704E+000
23.2799217 2.09079033224338E+000 2.29509923746103E+000
23.3798454 2.06858723250368E+000 2.26987415020848E+000
23.4797716 2.04670185762880E+000 2.24502293742140E+000
23.5796984 2.02512890722319E+000 2.22053909915714E+000
23.6796259 2.00386277822520E+000 2.19641580747838E+000
23.7795539 1.98289798834907E+000 2.17264638709955E+000
23.8794806 1.96222956448462E+000 2.14922475487044E+000
23.9794098 1.94185146850909E+000 2.12614363559872E+000
24.0793395 1.92175895962166E+000 2.10339723855122E+000
24.1792698 1.90194700913369E+000 2.08097946037741E+000
24.2792007 1.88241069479510E+000 2.05888433160840E+000
24.3791302 1.86314556307295E+000 2.03710642563069E+000
24.4790621 1.84414616194152E+000 2.01563919986961E+000
24.5789946 1.82540824301833E+000 1.99447748471646E+000
24.6789277 1.80692728425705E+000 1.97361581292953E+000
24.7788612 1.78869885762851E+000 1.95304883497749E+000
24.8787934 1.77071896744513E+000 1.93277170011443E+000
24.9787279 1.75298268111242E+000 1.91277851199573E+000
25.0786630 1.73548618451816E+000 1.89306464630930E+000
25.1785986 1.71822540351968E+000 1.87362519561174E+000
25.2785347 1.70119634720238E+000 1.85445535619896E+000
25.3784693 1.68439542420511E+000 1.83555078363047E+000
25.4784064 1.66781816331869E+000 1.81690615298077E+000
25.5783439 1.65146113424143E+000 1.79851731977901E+000
25.6782819 1.63532065966532E+000 1.78037987038294E+000
25.7782204 1.61939313611600E+000 1.76248948278701E+000
25.8781574 1.60367533004593E+000 1.74484225871071E+000
25.9780968 1.58816318096367E+000 1.72743337968541E+000
26.0780366 1.57285359848394E+000 1.71025912443067E+000
26.1779769 1.55774325762437E+000 1.69331551587649E+000
26.2779176 1.54282889903668E+000 1.67659865807839E+000
26.3778568 1.52810760646693E+000 1.66010504677827E+000
26.4777984 1.51357568580713E+000 1.64383031340580E+000
26.5777404 1.49923034831603E+000 1.62777111071545E+000
26.6776829 1.48506858245385E+000 1.61192384845727E+000
26.7776257 1.47108743514172E+000 1.59628500835496E+000
26.8775671 1.45728427203900E+000 1.58085143486424E+000
26.9775108 1.44365572653736E+000 1.56561915994619E+000
27.0774549 1.43019927809341E+000 1.55058516763366E+000
27.1773994 1.41691219456443E+000 1.53574621113781E+000
27.2773442 1.40379179597933E+000 1.52109910765596E+000
27.3772876 1.39083569894956E+000 1.50664101088899E+000
27.4772333 1.37804083018575E+000 1.49236831013407E+000
27.5771793 1.36540490804983E+000 1.47827828342383E+000
27.6771257 1.35292544992054E+000 1.46436798955344E+000
27.7770725 1.34060001982214E+000 1.45063454431667E+000
27.8770178 1.32842645816602E+000 1.43707537619850E+000
27.9769653 1.31640195486926E+000 1.42368719394737E+000
28.0769132 1.30452444148994E+000 1.41046753701882E+000
28.1768615 1.29279165865613E+000 1.39741373662766E+000
28.2768101 1.28120138877555E+000 1.38452317486079E+000
28.3767572 1.26975167219835E+000 1.37179352483092E+000
28.4767065 1.25843993546312E+000 1.35922178143455E+000
28.5766562 1.24726430071374E+000 1.34680571701917E+000
28.6766062 1.23622270867647E+000 1.33454290611666E+000
28.7765565 1.22531313756414E+000 1.32243096874777E+000
28.8765053 1.21453380665444E+000 1.31046779620655E+000
28.9764563 1.20388235558833E+000 1.29865064019700E+000
29.0764077 1.19335707717108E+000 1.28697748091758E+000
29.1763593 1.18295609178544E+000 1.27544611062422E+000
29.2763113 1.17267755350567E+000 1.26405436232160E+000
29.3762617 1.16251984199926E+000 1.25280032224368E+000
29.4762144 1.15248078916118E+000 1.24168147299716E+000
29.5761673 1.14255884086665E+000 1.23069598060821E+000
29.6761206 1.13275227907072E+000 1.21984183250328E+000
29.7760741 1.12305941605859E+000 1.20911705267521E+000
29.8760261 1.11347877550131E+000 1.19851990183165E+000
29.9759803 1.10400836303112E+000 1.18804807056313E+000
30.0759347 1.09464676203271E+000 1.17769989131565E+000
30.1758895 1.08539240000464E+000 1.16747352677113E+000
30.2758445 1.07624373179300E+000 1.15736717248036E+000
30.3757980 1.06719941056146E+000 1.14737924556703E+000
30.4757536 1.05825759920270E+000 1.13750762428755E+000
30.5757095 1.04941700482198E+000 1.12775079037157E+000
30.6756657 1.04067618622854E+000 1.11810706413696E+000
30.7756221 1.03203372692785E+000 1.10857479549535E+000
30.8755770 1.02348839670314E+000 1.09915254202359E+000
30.9755340 1.01503850101907E+000 1.08983835159674E+000
31.0754913 1.00668285846113E+000 1.08063084006937E+000
31.1754469 9.98420303208957E-001 1.07152864239745E+000
31.2754067 9.90249064896746E-001 1.06252972974344E+000
31.3753629 9.82168488648142E-001 1.05363330386113E+000
31.4753231 9.74176701076319E-001 1.04483722674637E+000
31.5752798 9.66273076120631E-001 1.03614073539564E+000
31.6752368 9.58456092132356E-001 1.02754208292691E+000
31.7751978 9.50724260913227E-001 1.01903956149158E+000
31.8751552 9.43076997265481E-001 1.01063245801021E+000
31.9751168 9.35512562056432E-001 1.00231879238917E+000
32.0750747 9.28030395843406E-001 9.94097882982573E-001
32.1750329 9.20629090687392E-001 9.85968117245590E-001
32.2749952 9.13307269336413E-001 9.77927918344192E-001
32.3749539 9.06064408888641E-001 9.69976649185214E-001
32.4749166 8.98898892847272E-001 9.62112473518696E-001
32.5748758 8.91810221352717E-001 9.54334782318302E-001
32.6748352 8.84797090081027E-001 9.46642085115261E-001
32.7747986 8.77858222899757E-001 9.39032924160596E-001
32.8747585 8.70993152656628E-001 9.31506730229693E-001
32.9747223 8.64200375037505E-001 9.24061798300377E-001
33.0746827 8.57479443524491E-001 9.16697584234796E-001
33.1746432 8.50829148342327E-001 9.09412708662567E-001
33.2746078 8.44248305650045E-001 9.02205822236060E-001
33.3745687 8.37736498232241E-001 8.95076416410762E-001
33.4745337 8.31292324537428E-001 8.88022906058532E-001
33.5744951 8.24915385844611E-001 8.81044805080057E-001
33.6744568 8.18604558771626E-001 8.74140835358475E-001
33.7744224 8.12358743825772E-001 8.67309746363676E-001
33.8743844 8.06177568560597E-001 8.60551083856772E-001
33.9743505 8.00059725685106E-001 8.53863372404933E-001
34.0743130 7.94004859342936E-001 8.47246177869737E-001
34.1742756 7.88011925197521E-001 8.40698314544607E-001
34.2742423 7.82079900946538E-001 8.34218622105988E-001
34.3742054 7.76208454312007E-001 8.27806694960253E-001
34.4741725 7.70396364578083E-001 8.21461158177817E-001
34.5741359 7.64643314360191E-001 8.15181624181533E-001
34.6740996 7.58948331738064E-001 8.08966991719113E-001
34.7740673 7.53310465140009E-001 8.02816182924587E-001
34.8740313 7.47729418356216E-001 7.96728835816784E-001
34.9739994 7.42204050288756E-001 7.90703667671682E-001
35.0739638 7.36734078107739E-001 7.84740332669984E-001
35.1739284 7.31318596319248E-001 7.78837806844985E-001
35.2738971 7.25956718244152E-001 7.72995087804445E-001
35.3738621 7.20648180082006E-001 7.67211852699167E-001
35.4738310 7.15391914045665E-001 7.61486903509018E-001
35.5737964 7.10187668363005E-001 7.55819931894170E-001
35.6737620 7.05034598546586E-001 7.50209984704585E-001
35.7737315 6.99931877526206E-001 7.44656128718131E-001
35.8736974 6.94879270642277E-001 7.39158076223976E-001
35.9736673 6.89875777692653E-001 7.33714707113825E-001
36.0736335 6.84921174837711E-001 7.28325746712050E-001
36.1735999 6.80014673685693E-001 7.22990306839357E-001
36.2735704 6.75155501986952E-001 7.17707517745896E-001
36.3735371 6.70343451299731E-001 7.12477123295379E-001
36.4735079 6.65577583801784E-001 7.07298075132965E-001
36.5734750 6.60857700789876E-001 7.02170128840988E-001
36.6734423 6.56183065512453E-001 6.97092455920545E-001
36.7734135 6.51552956195105E-001 6.92064244936580E-001
36.8733811 6.46967187997105E-001 6.87085268143464E-001
36.9733527 6.42424880738061E-001 6.82154543348161E-001
37.0733206 6.37925858346923E-001 6.77271853346535E-001
37.1732887 6.33469431664688E-001 6.72436424525896E-001
37.2732608 6.29054925443802E-001 6.67647499091206E-001
37.3732292 6.24682176099549E-001 6.62904874839959E-001
37.4732015 6.20350356774904E-001 6.58207630656921E-001
37.5731702 6.16059311786010E-001 6.53555573827516E-001
37.6731391 6.11808395884573E-001 6.48947981274910E-001
37.7731119 6.07596976757650E-001 6.44384144601194E-001
37.8730811 6.03424909973034E-001 6.39863884597589E-001
37.9730543 5.99291418056018E-001 6.35386336598082E-001
38.0730237 5.95196363695398E-001 6.30951329937896E-001
38.1729934 5.91139142200344E-001 6.26558188123281E-001
38.2729669 5.87119160920247E-001 6.22206248297538E-001
38.3729369 5.83136292686794E-001 6.17895351960855E-001
38.4729107 5.79189805806555E-001 6.13624686677016E-001
38.5728809 5.75279579531586E-001 6.09394101643673E-001
38.6728513 5.71405046670837E-001 6.05202963354059E-001
38.7728256 5.67565651251634E-001 6.01050650984009E-001
38.8727962 5.63761281672349E-001 5.96937024693080E-001
38.9727708 5.59991248726522E-001 5.92861320423570E-001
39.0727417 5.56255446602883E-001 5.88823405272597E-001
39.1727127 5.52553342818703E-001 5.84822685444700E-001
39.2726877 5.48884415354173E-001 5.80858578951583E-001
39.3726590 5.45248566647856E-001 5.76930962771841E-001
39.4726343 5.41645146963001E-001 5.73039117706672E-001
39.5726059 5.38074063961547E-001 5.69182926989477E-001
39.6725776 5.34534817317711E-001 5.65361833548668E-001
39.7725533 5.31026916473427E-001 5.61575291315914E-001
39.8725252 5.27550276533347E-001 5.57823192434924E-001
39.9725012 5.24104284463767E-001 5.54104859345436E-001
40.0724734 5.20688860082052E-001 5.50420189831989E-001
40.1724458 5.17303532884800E-001 5.46768660819102E-001
40.2724221 5.13947841495864E-001 5.43149759495467E-001
40.3723947 5.10621712448094E-001 5.39563391682238E-001
40.4723712 5.07324566871102E-001 5.36008918507670E-001
40.5723441 5.04056335550169E-001 5.32486250881168E-001
40.6723171 5.00816575665736E-001 5.28994897229807E-001
40.7722940 4.97604852934826E-001 5.25534375564571E-001
40.8722673 4.94421104202469E-001 5.22104604044832E-001
40.9722444 4.91264782427638E-001 5.18704979781897E-001
41.0722179 4.88135828292605E-001 5.15335425525666E-001
41.1721915 4.85033824700576E-001 5.11995478923747E-001
41.2721690 4.81958362546012E-001 5.08684686580845E-001
41.3721428 4.78909387979243E-001 5.05402977788005E-001
41.4721206 4.75886383641457E-001 5.02149783155618E-001
41.5720946 4.72889299145461E-001 4.98925036116607E-001
41.6720688 4.69917741316982E-001 4.95728301448369E-001
41.7720469 4.66971324469019E-001 4.92559152307215E-001
41.8720213 4.64050003148176E-001 4.89417528028044E-001
41.9719996 4.61153287700496E-001 4.86302890437229E-001
42.0719743 4.58281135796554E-001 4.83215182606831E-001
42.1719490 4.55433176530296E-001 4.80153994526478E-001
42.2719276 4.52609046016700E-001 4.77118924030827E-001
42.3719026 4.49808706377416E-001 4.74109919517132E-001
42.4718815 4.47031693840490E-001 4.71126471927045E-001
42.5718566 4.44277973345605E-001 4.68168533029654E-001
42.6718319 4.41547194733195E-001 4.65235716266244E-001
42.7718111 4.38839014432985E-001 4.62327642429637E-001
42.8717866 4.36153401399311E-001 4.59444268093292E-001
42.9717660 4.33489916060125E-001 4.56585111379221E-001
43.0717417 4.30848529911114E-001 4.53750131902719E-001
43.1717175 4.28228912138054E-001 4.50938964938622E-001
43.2716972 4.25630738115816E-001 4.48151252656692E-001
43.3716732 4.23053982959960E-001 4.45386959005988E-001
43.4716531 4.20498229744611E-001 4.42645627504869E-001
43.5716293 4.17963455876326E-001 4.39927224845964E-001
43.6716056 4.15449348594835E-001 4.37231406648994E-001
43.7715858 4.12955600957685E-001 4.34557835005702E-001
43.8715623 4.10482193633985E-001 4.31906480517004E-001
43.9715428 4.08028730907503E-001 4.29276910451065E-001
44.0715195 4.05595195511694E-001 4.26669097882620E-001
44.1714963 4.03181291548914E-001 4.24082717405345E-001
44.2714770 4.00786728594549E-001 4.21517449692881E-001
44.3714539 3.98411492321034E-001 4.18973271343342E-001
44.4714348 3.96055206892370E-001 4.16449771853574E-001
44.5714120 3.93717859840038E-001 4.13946930051413E-001
44.6713893 3.91399171028971E-001 4.11464438240770E-001
44.7713704 3.89098865476666E-001 4.09001994441717E-001
44.8713479 3.86816933360431E-001 4.06559580657083E-001
44.9713293 3.84553017493094E-001 4.04136807205775E-001
45.0713069 3.82307109724971E-001 4.01733658099354E-001
45.1712846 3.80078944666887E-001 3.99349842185962E-001
45.2712662 3.77868261784112E-001 3.96985073692015E-001
45.3712441 3.75675055307077E-001 3.94639339488564E-001
45.4712259 3.73498985555789E-001 3.92312269414643E-001
45.5712040 3.71340048265028E-001 3.90003852149859E-001
45.6711822 3.69197991851043E-001 3.87713812009764E-001
45.7711643 3.67072569306961E-001 3.85441878374072E-001
45.8711426 3.64963778506738E-001 3.83188042496037E-001
45.9711248 3.62871296218200E-001 3.80951952528666E-001
46.0711034 3.60795121666691E-001 3.78733601352366E-001
46.1710820 3.58735016203165E-001 3.76532727754723E-001
46.2710644 3.56690745496799E-001 3.74349075295232E-001
46.3710432 3.54662310693562E-001 3.72182639168856E-001
46.4710259 3.52649404025246E-001 3.70033084724157E-001
46.5710048 3.50652027850432E-001 3.67900408618795E-001
46.6709838 3.48669955647947E-001 3.65784363191492E-001
46.7709667 3.46702964973611E-001 3.63684705280727E-001
46.8709459 3.44751059908318E-001 3.61601433623777E-001
46.9709290 3.42813947233335E-001 3.59534229726794E-001
47.0709083 3.40891632116222E-001 3.57483093640592E-001
47.1708877 3.38983899415421E-001 3.55447790402304E-001
47.2708710 3.37090537841212E-001 3.53428089295166E-001
47.3708506 3.35211554103466E-001 3.51423992236498E-001
47.4708341 3.33346668682202E-001 3.49435195925912E-001
47.5708138 3.31495889259626E-001 3.47461703458944E-001
47.6707936 3.29659011379292E-001 3.45503291780848E-001
47.7707773 3.27835834226276E-001 3.43559741846390E-001
47.8707573 3.26026366861667E-001 3.41631058424232E-001
47.9707411 3.24230342672199E-001 3.39716952511143E-001
48.0707212 3.22447771587480E-001 3.37817429931190E-001
48.1707014 3.20678459191055E-001 3.35932278804730E-001
48.2706855 3.18922214511380E-001 3.34061291040772E-001
48.3706658 3.17179048708536E-001 3.32204473960980E-001
48.4706500 3.15448707337987E-001 3.30361552025355E-001
48.5706305 3.13731202334049E-001 3.28532533499481E-001
48.6706110 3.12026348720529E-001 3.26717216998363E-001
48.7705955 3.10333964782209E-001 3.24915404719309E-001
48.8705762 3.08654063549084E-001 3.23127106266145E-001
48.9705608 3.06986402057188E-001 3.21352058785579E-001
49.0705416 3.05330994025109E-001 3.19590272724125E-001
49.1705225 3.03687663358955E-001 3.17841556559258E-001
49.2705073 3.02056237053612E-001 3.16105722157836E-001
49.3704883 3.00436729800893E-001 3.14382781159899E-001
49.4704733 2.98828909475226E-001 3.12672482675226E-001
49.5704545 2.97232791379216E-001 3.10974839094611E-001
49.6704357 2.95648207781787E-001 3.09289668170224E-001
49.7704208 2.94074993879304E-001 3.07616790863106E-001
49.8704022 2.92513165836355E-001 3.05956220626142E-001
49.9703875 2.90962501766036E-001 3.04307717857300E-001
50.0703690 2.89423018373041E-001 3.02671296676714E-001
50.1703506 2.87894555805081E-001 3.01046783564330E-001
50.2703361 2.86376956986045E-001 2.99434008039943E-001
50.3703178 2.84870239381537E-001 2.97832985166385E-001
50.4703034 2.83374190782845E-001 2.96243485999929E-001
50.5702853 2.81888829131459E-001 2.94665526194795E-001
50.6702672 2.80414002002557E-001 2.93098940449425E-001
50.7702530 2.78949559605576E-001 2.91543566343729E-001
50.8702350 2.77495520551089E-001 2.89999420366159E-001
50.9702209 2.76051681784396E-001 2.88466283642974E-001
51.0702031 2.74618062333609E-001 2.86944173185097E-001
51.1701853 2.73194516780248E-001 2.85432931434879E-001
51.2701714 2.71780902206858E-001 2.83932403567622E-001
51.3701538 2.70377238227208E-001 2.82442607329946E-001
51.4701400 2.68983330450028E-001 2.80963333368182E-001
51.5701225 2.67599198853621E-001 2.79494599888815E-001
51.6701050 2.66224704632634E-001 2.78036256635518E-001
51.7700914 2.64859711357557E-001 2.76588155945563E-001
51.8700741 2.63504239516568E-001 2.75150316671607E-001
51.9700606 2.62158102922378E-001 2.73722538465686E-001
52.0700434 2.60821322379549E-001 2.72304840583441E-001
52.1700263 2.59493765328432E-001 2.70897079656848E-001
52.2700130 2.58175301467544E-001 2.69499114780623E-001
52.3699959 2.56865952042489E-001 2.68110965775257E-001
52.4699827 2.55565538639374E-001 2.66732440817026E-001
52.5699658 2.54274082776460E-001 2.65363560077734E-001
52.6699489 2.52991457796256E-001 2.64004186691946E-001
52.7699359 2.51717539188742E-001 2.62654186134014E-001
52.8699192 2.50452348850711E-001 2.61313579066719E-001
52.9699063 2.49195715737865E-001 2.59982181739603E-001
53.0698897 2.47947661979952E-001 2.58660015119834E-001
53.1698731 2.46708066500209E-001 2.57346948484110E-001
53.2698603 2.45476810265140E-001 2.56042853333311E-001
53.3698439 2.44253915726281E-001 2.54747751058496E-001
53.4698313 2.43039218829993E-001 2.53461465559766E-001
53.5698149 2.41832742224728E-001 2.52184018489948E-001
53.6697986 2.40634370113505E-001 2.50915284930795E-001
53.7697861 2.39443988644472E-001 2.49655142079478E-001
53.8697699 2.38261620736364E-001 2.48403611951801E-001
53.9697576 2.37087108970385E-001 2.47160525701958E-001
54.0697415 2.35920476429485E-001 2.45925905568829E-001
54.1697254 2.34761612314533E-001 2.44699632123797E-001
54.2697133 2.33610407679027E-001 2.43481587951269E-001
54.3696973 2.32466885829488E-001 2.42271795597807E-001
54.4696852 2.31330895647625E-001 2.41070093099600E-001
54.5696694 2.30202460574516E-001 2.39876503191175E-001
54.6696536 2.29081474544577E-001 2.38690911638183E-001
54.7696417 2.27967833257631E-001 2.37513206122851E-001
54.8696260 2.26861560335964E-001 2.36343409637208E-001
54.9696142 2.25762510647461E-001 2.35181366749989E-001
55.0695986 2.24670707922080E-001 2.34027100609330E-001
55.1695831 2.23586050579867E-001 2.32880501898415E-001
55.2695714 2.22508438723978E-001 2.31741463126082E-001
55.3695560 2.21437896227193E-001 2.30610007652469E-001
55.4695444 2.20374283647859E-001 2.29485986250456E-001
55.5695291 2.19317624942078E-001 2.28369422407399E-001
55.6695138 2.18267822782831E-001 2.27260211464547E-001
55.7695023 2.17224781448514E-001 2.26158250503062E-001
55.8694872 2.16188525003286E-001 2.25063563181039E-001
55.9694758 2.15158919417598E-001 2.23976006166721E-001
56.0694607 2.14135988816886E-001 2.22895603219245E-001
56.1694457 2.13119639908535E-001 2.21822254094512E-001
56.2694345 2.12109780931947E-001 2.20755860207420E-001
56.3694196 2.11106436089157E-001 2.19696445450470E-001
56.4694085 2.10109476500548E-001 2.18643872096728E-001
56.5693936 2.09118926409488E-001 2.17598164116023E-001
56.6693788 2.08134696352412E-001 2.16559225450413E-001
56.7693678 2.07156698328396E-001 2.15526961624555E-001
56.8693531 2.06184956628972E-001 2.14501396707797E-001
56.9693423 2.05219347277374E-001 2.13482398304512E-001
57.0693276 2.04259894588449E-001 2.12469990539917E-001
57.1693130 2.03306512734591E-001 2.11464081327611E-001
57.2693023 2.02359117285235E-001 2.10464580091610E-001
57.3692878 2.01417732577705E-001 2.09471511026036E-001
57.4692772 2.00482239305108E-001 2.08484746808916E-001
57.5692628 1.99552661811814E-001 2.07504311670834E-001
57.6692484 1.98628917724526E-001 2.06530117295227E-001
57.7692379 1.97710926004922E-001 2.05562076807718E-001
57.8692236 1.96798710996675E-001 2.04600214480125E-001
57.9692132 1.95892157842957E-001 2.03644407821285E-001
58.0691990 1.94991290879823E-001 2.02694681121949E-001
58.1691849 1.94096031017299E-001 2.01750949645714E-001
58.2691746 1.93206300441624E-001 2.00813130033839E-001
58.3691605 1.92322123467278E-001 1.99881246593322E-001
58.4691503 1.91443389480003E-001 1.98955181434792E-001
58.5691363 1.90570122773457E-001 1.98034958868361E-001
58.6691224 1.89702247379946E-001 1.97120497559327E-001
58.7691123 1.88839688552336E-001 1.96211717489585E-001
58.8690985 1.87982470543926E-001 1.95308642962963E-001
58.9690885 1.87130486787052E-001 1.94411160475785E-001
59.0690747 1.86283761502322E-001 1.93519294320733E-001
59.1690610 1.85442221692567E-001 1.92632966396799E-001
59.2690511 1.84605795528443E-001 1.91752099861755E-001
59.3690374 1.83774507173325E-001 1.90876718981707E-001
59.4690277 1.82948253920953E-001 1.90006714434659E-001
59.5690141 1.82127059891357E-001 1.89142110462740E-001
59.6690006 1.81310854914819E-001 1.88282832040379E-001
59.7689909 1.80499569939441E-001 1.87428805346023E-001
59.8689774 1.79693229012904E-001 1.86580054576976E-001
59.9689678 1.78891733115247E-001 1.85736474400206E-001
60.0689545 1.78095106241267E-001 1.84898088977512E-001
60.1689411 1.77303280913723E-001 1.84064826209616E-001
60.2689316 1.76516190725771E-001 1.83236615149356E-001
60.3689184 1.75733859586323E-001 1.82413479897323E-001
60.4689090 1.74956191996090E-001 1.81595318927315E-001
60.5688958 1.74183211802581E-001 1.80782156294079E-001
60.6688827 1.73414854093649E-001 1.79973922683992E-001
60.7688734 1.72651054982533E-001 1.79170549886340E-001
60.8688603 1.71891838218785E-001 1.78372061879979E-001
60.9688511 1.71137111667024E-001 1.77578360773317E-001
61.0688381 1.70386899007804E-001 1.76789470490113E-001
61.1688251 1.69641137773783E-001 1.76005324369724E-001
61.2688160 1.68899766480271E-001 1.75225856807722E-001
61.3688031 1.68162808699125E-001 1.74451091638861E-001
61.4687941 1.67430175510431E-001 1.73680934443216E-001
61.5687813 1.66701890410299E-001 1.72915408992179E-001
61.6687685 1.65977893262550E-001 1.72154451152842E-001
61.7687596 1.65258124873062E-001 1.71397997804207E-001
61.8687469 1.64542608619718E-001 1.70646072616953E-001
61.9687381 1.63831258657451E-001 1.69898584488604E-001
62.0687254 1.63124098282424E-001 1.69155557019121E-001
62.1687128 1.62421069582202E-001 1.68416928485060E-001
62.2687041 1.61722115547827E-001 1.67682638132807E-001
62.3686916 1.61027259348820E-001 1.66952709451211E-001
62.4686829 1.60336418081670E-001 1.66227054509188E-001
62.5686704 1.59649614828909E-001 1.65505696718338E-001
62.6686580 1.58966793800259E-001 1.64788576652921E-001
62.7686494 1.58287900072249E-001 1.64075635817059E-001
62.8686371 1.57612956593355E-001 1.63366897502022E-001
62.9686286 1.56941883275238E-001 1.62662276809735E-001
63.0686163 1.56274702974765E-001 1.61961796948443E-001
63.1686040 1.55611361927708E-001 1.61265400684466E-001
63.2685918 1.54951832288850E-001 1.60573058010237E-001
63.3685872 1.54296036569969E-001 1.59884686821518E-001
63.4685751 1.53644047469079E-001 1.59200362668679E-001
63.5685630 1.52995787689964E-001 1.58520003665254E-001
63.6685509 1.52351230346734E-001 1.57843580851004E-001
63.7685388 1.51710348787244E-001 1.57171065520786E-001
63.8685344 1.51073068111565E-001 1.56502378355510E-001
63.9685224 1.50439459361648E-001 1.55837593177917E-001
64.0685105 1.49809447815861E-001 1.55176630871227E-001
64.1684986 1.49183007733531E-001 1.54519463724705E-001
64.2684867 1.48560113596112E-001 1.53866064269870E-001
64.3684824 1.47940692983444E-001 1.53216355854221E-001
64.4684706 1.47324815323256E-001 1.52570410616254E-001
64.5684588 1.46712408360894E-001 1.51928152091368E-001
64.6684470 1.46103447444152E-001 1.51289553755612E-001
64.7684353 1.45497908131988E-001 1.50654589315181E-001
64.8684312 1.44895720380923E-001 1.50023184671640E-001
64.9684195 1.44296952045352E-001 1.49395410321680E-001
65.0684079 1.43701533235371E-001 1.48771192341325E-001
65.1683963 1.43109440333690E-001 1.48150505334274E-001
65.2683847 1.42520649923837E-001 1.47533324122949E-001
65.3683808 1.41935094241050E-001 1.46919577056128E-001
65.4683692 1.41352839606325E-001 1.46309333030194E-001
65.5683578 1.40773818397345E-001 1.45702520555851E-001
65.6683463 1.40198007981182E-001 1.45099115308660E-001
65.7683349 1.39625385915963E-001 1.44499093172141E-001
65.8683311 1.39055886622504E-001 1.43902384840773E-001
65.9683197 1.38489574927397E-001 1.43309057651178E-001
66.0683084 1.37926385383514E-001 1.42719042448072E-001
66.1682971 1.37366296294554E-001 1.42132315926243E-001
66.2682858 1.36809286146041E-001 1.41548854978267E-001
66.3682821 1.36255291455788E-001 1.40968592547855E-001
66.4682709 1.35704375594031E-001 1.40391594451466E-001
66.5682597 1.35156475200943E-001 1.39817793772138E-001
66.6682485 1.34611569471743E-001 1.39247168174188E-001
66.7682374 1.34069637774759E-001 1.38679695510119E-001
66.8682339 1.33530618640511E-001 1.38115310881145E-001
66.9682228 1.32994574019997E-001 1.37554078622221E-001
67.0682118 1.32461442557050E-001 1.36995933963706E-001
67.1682007 1.31931204295778E-001 1.36440855492509E-001
67.2681897 1.31403839445157E-001 1.35888821974654E-001
67.3681864 1.30879288468183E-001 1.35339770581607E-001
67.4681754 1.30357611932811E-001 1.34793764204536E-001
67.5681645 1.29838750406900E-001 1.34250740134550E-001
67.6681536 1.29322684743139E-001 1.33710677836801E-001
67.7681428 1.28809395951288E-001 1.33173556946979E-001
67.8681396 1.28298826350417E-001 1.32639316623773E-001
67.9681288 1.27791035160723E-001 1.32108018351361E-001
68.0681180 1.27285964798243E-001 1.31579601399201E-001
68.1681072 1.26783596886119E-001 1.31054046068764E-001
68.2680965 1.26283913197188E-001 1.30531332823957E-001
68.3680934 1.25786857833802E-001 1.30011402731643E-001
68.4680827 1.25292488702788E-001 1.29494315904891E-001
68.5680721 1.24800749996099E-001 1.28980013513049E-001
68.6680615 1.24311624071245E-001 1.28468476654269E-001
68.7680509 1.23825093428451E-001 1.27959686581463E-001
68.8680479 1.23341103883986E-001 1.27453586194398E-001
68.9680374 1.22859712064809E-001 1.26950234269996E-001
69.0680269 1.22380863869905E-001 1.26449573802774E-001
69.1680164 1.21904542356997E-001 1.25951586650054E-001
69.2680059 1.21430730719910E-001 1.25456254816670E-001
69.3680031 1.20959376422693E-001 1.24963522963560E-001
69.4679927 1.20490534845073E-001 1.24473448565591E-001
69.5679823 1.20024153527387E-001 1.23985976371230E-001
69.6679719 1.19560216195219E-001 1.23501088961479E-001
69.7679615 1.19098706703995E-001 1.23018769057987E-001
69.8679589 1.18639574102469E-001 1.22538963014507E-001
69.9679486 1.18182872554916E-001 1.22061727037051E-001
70.0679383 1.17728551180369E-001 1.21587007560151E-001
70.1679281 1.17276594341630E-001 1.21114787854891E-001
70.2679178 1.16826986525406E-001 1.20645051326491E-001
70.3679153 1.16379678304972E-001 1.20177745956344E-001
70.4679051 1.15934722660099E-001 1.19712926713941E-001
70.5678949 1.15492070228725E-001 1.19250541655150E-001
70.6678848 1.15051705981825E-001 1.18790574709306E-001
70.7678747 1.14613615008655E-001 1.18333009933722E-001
70.8678723 1.14177749349563E-001 1.17877796875251E-001
70.9678622 1.13744160829945E-001 1.17424989298367E-001
71.0678522 1.13312801549569E-001 1.16974536818507E-001
71.1678422 1.12883657060046E-001 1.16526423993108E-001
71.2678322 1.12456713025934E-001 1.16080635501743E-001
71.3678299 1.12031922899808E-001 1.15637122397401E-001
71.4678200 1.11609337382012E-001 1.15195937270201E-001
71.5678100 1.11188909979641E-001 1.14757031236215E-001
71.6678002 1.10770626798824E-001 1.14320389452396E-001
71.7677903 1.10354474053581E-001 1.13885997192305E-001
71.8677881 1.09940406556322E-001 1.13453806958434E-001
71.9677783 1.09528473910880E-001 1.13023870196400E-001
72.0677685 1.09118630979610E-001 1.12596139466639E-001
72.1677587 1.08710864398383E-001 1.12170600498526E-001
72.2677489 1.08305160906156E-001 1.11747239132793E-001
72.3677468 1.07901476625121E-001 1.11326009267359E-001
72.4677371 1.07499860090372E-001 1.10906961232398E-001
72.5677275 1.07100267469764E-001 1.10490048978968E-001
72.6677178 1.06702685905394E-001 1.10075258783164E-001
72.7677082 1.06307102637886E-001 1.09662577027455E-001
72.8677062 1.05913475051364E-001 1.09251958953531E-001
72.9676966 1.05521850639207E-001 1.08843453804398E-001
73.0676870 1.05132186827206E-001 1.08437016870400E-001
73.1676774 1.04744471241355E-001 1.08032634949959E-001
73.2676679 1.04358691601845E-001 1.07630294943148E-001
73.3676660 1.03974806508986E-001 1.07229953386065E-001
73.4676565 1.03592862440734E-001 1.06831658462070E-001
73.5676471 1.03212818035329E-001 1.06435366751719E-001
73.6676376 1.02834661381456E-001 1.06041065552617E-001
73.7676282 1.02458380657886E-001 1.05648742259529E-001
73.8676264 1.02083935637354E-001 1.05258354655776E-001
73.9676171 1.01711371807972E-001 1.04869949891844E-001
74.0676077 1.01340648976917E-001 1.04483485791595E-001
74.1675984 1.00971755675417E-001 1.04098950129833E-001
74.2675890 1.00604680520883E-001 1.03716330774263E-001
74.3675874 1.00239384416606E-001 1.03335586710307E-001
74.4675781 9.98759118857384E-002 1.02956764081628E-001
74.5675688 9.95142238627509E-002 1.02579821910527E-001
74.6675596 9.91543093022724E-002 1.02204748428132E-001
74.7675504 9.87961572413958E-002 1.01831531954422E-001
74.8675488 9.84397296738973E-002 1.01460132633759E-001
74.9675396 9.80850701821720E-002 1.01090595628327E-001
75.0675305 9.77321407881305E-002 1.00722881115944E-001
75.1675213 9.73809308515955E-002 1.00356977764225E-001
75.2675122 9.70314298113230E-002 9.99928743257901E-002
75.3675108 9.66836007132065E-002 9.96305320626364E-002
75.4675017 9.63374862224284E-002 9.92699951801239E-002
75.5674926 9.59930494101713E-002 9.89112249705112E-002
75.6674836 9.56502800241415E-002 9.85542105190481E-002
75.7674746 9.53091678876186E-002 9.81989409923298E-002
75.8674732 9.49696770618684E-002 9.78453787304565E-002
75.9674642 9.46318493177598E-002 9.74935670059446E-002
76.0674553 9.42956487391902E-002 9.71434681861706E-002
76.1674463 9.39610654452806E-002 9.67950717560922E-002
76.2674374 9.36280896275288E-002 9.64483672785343E-002
76.3674361 9.32966863273696E-002 9.61033181338469E-002
76.4674273 9.29668964436305E-002 9.57599666850281E-002
76.5674184 9.26386850378965E-002 9.54182763369159E-002
76.6674096 9.23120425850317E-002 9.50782369571271E-002
76.7674007 9.19869596292337E-002 9.47398384878364E-002
76.8673996 9.16634021583702E-002 9.44030453133869E-002
76.9673908 9.13414102208895E-002 9.40678989099468E-002
77.0673820 9.10209498224918E-002 9.37343636837428E-002
77.1673732 9.07020117788660E-002 9.34024298688303E-002
77.2673645 9.03845869721381E-002 9.30720877706746E-002
77.3673634 9.00686423042667E-002 9.27433027428733E-002
77.4673547 8.97542169943894E-002 9.24161153968312E-002
77.5673461 8.94412779601349E-002 9.20904911055983E-002
77.6673374 8.91298163438117E-002 9.17664204542320E-002
77.7673288 8.88198233514067E-002 9.14438940962030E-002
77.8673278 8.85112667679574E-002 9.11228783210698E-002
77.9673192 8.82041850037809E-002 9.08034128969363E-002
78.0673106 8.78985458575663E-002 9.04854641305430E-002
78.1673020 8.75943407847115E-002 9.01690229432546E-002
78.2672935 8.72915613016641E-002 8.98540803219946E-002
78.3672925 8.69901760467933E-002 8.95406034603639E-002
78.4672840 8.66902226415244E-002 8.92286313040391E-002
78.5672755 8.63916697359946E-002 8.89181310616840E-002
78.6672671 8.60945090857993E-002 8.86090939769756E-002
78.7672586 8.57987325050796E-002 8.83015113564325E-002
78.8672578 8.55043094569935E-002 8.79953512670874E-002
78.9672493 8.52112767934567E-002 8.76906518524913E-002
79.0672409 8.49196039876387E-002 8.73873811927626E-002
79.1672325 8.46292830830463E-002 8.70855308405607E-002
79.2672242 8.43403061793442E-002 8.67850924087967E-002
79.3672234 8.40526435370853E-002 8.64860348085717E-002
79.4672151 8.37663312575265E-002 8.61883954010560E-002
79.5672068 8.34813396095944E-002 8.58921431085914E-002
79.6671985 8.31976609129934E-002 8.55972697801174E-002
79.7671902 8.29152875413098E-002 8.53037673223577E-002
79.8671895 8.26341905261918E-002 8.50116054623052E-002
79.9671813 8.23544052365719E-002 8.47208207979530E-002
80.0671730 8.20759027109447E-002 8.44313830658138E-002
80.1671648 8.17986755340430E-002 8.41432843990012E-002
80.2671566 8.15227163423094E-002 8.38565169860595E-002
80.3671560 8.12479969132312E-002 8.35710513428281E-002
80.4671478 8.09745519012492E-002 8.32869233228008E-002
80.5671397 8.07023530892745E-002 8.30041034497327E-002
80.6671315 8.04313933164125E-002 8.27225841293680E-002
80.7671234 8.01616654714070E-002 8.24423578206383E-002
80.8671229 7.98931420533238E-002 8.21633958022633E-002
80.9671148 7.96258570194567E-002 8.18857332014031E-002
81.0671067 7.93597828729705E-002 8.16093413031981E-002
81.1670987 7.90949126971761E-002 8.13342127750145E-002
81.2670906 7.88312396230465E-002 8.10603403352668E-002
81.3670902 7.85687368479153E-002 8.07876960006164E-002
81.4670822 7.83074376487998E-002 8.05163141895593E-002
81.5670742 7.80473152258989E-002 8.02461669237845E-002
81.6670662 7.77883628970262E-002 7.99772471217794E-002
81.7670583 7.75305740257696E-002 7.97095477510376E-002
81.8670579 7.72739224853260E-002 7.94430415422056E-002
81.9670500 7.70184408888469E-002 7.91777622223007E-002
82.0670421 7.67641031112465E-002 7.89136825256998E-002
82.1670342 7.65109026955770E-002 7.86507956119904E-002
82.2670263 7.62588332288627E-002 7.83890946878172E-002
82.3670260 7.60078692386246E-002 7.81285531747911E-002
82.4670182 7.57580426901114E-002 7.78692041251671E-002
82.5670103 7.55093281114944E-002 7.76110209630791E-002
82.6670025 7.52617192622173E-002 7.73539970796495E-002
82.7669947 7.50152099439749E-002 7.70981259111974E-002
82.8669945 7.47697753178998E-002 7.68433815481708E-002
82.9669867 7.45254467168670E-002 7.65897963843233E-002
83.0669790 7.42821993016669E-002 7.63373445115024E-002
83.1669712 7.40400270396846E-002 7.60860195432328E-002
83.2669635 7.37989239389121E-002 7.58358151364602E-002
83.3669634 7.35588657741699E-002 7.55867060291949E-002
83.4669556 7.33198832610660E-002 7.53387239725068E-002
83.5669479 7.30819521731580E-002 7.50918437047617E-002
83.6669403 7.28450666776978E-002 7.48460590531655E-002
83.7669326 7.26092209809731E-002 7.46013638866474E-002
83.8669326 7.23743914523241E-002 7.43577335703216E-002
83.9669249 7.21406082047886E-002 7.41151992279614E-002
84.0669173 7.19078476055888E-002 7.38737362240656E-002
84.1669097 7.16761040141270E-002 7.36333385911893E-002
84.2669021 7.14453718273388E-002 7.33940004019897E-002
84.3669022 7.12156279906369E-002 7.31556976290035E-002
84.4668946 7.09869020287874E-002 7.29184607836771E-002
84.5668870 7.07591708842924E-002 7.26822658370308E-002
84.6668795 7.05324291013270E-002 7.24471070190077E-002
84.7668720 7.03066712601640E-002 7.22129785981035E-002
84.8668721 7.00818748645304E-002 7.19798571353408E-002
84.9668646 6.98580688648332E-002 7.17477725444022E-002
85.0668571 6.96352307611545E-002 7.15167013839582E-002
85.1668496 6.94133552753883E-002 7.12866380737304E-002
85.2668422 6.91924371641532E-002 7.10575770705119E-002
85.3668424 6.89724544723919E-002 7.08294955055853E-002
85.4668349 6.87534355896897E-002 7.06024227090395E-002
85.5668275 6.85353585566645E-002 7.03763358090299E-002
85.6668201 6.83182182661827E-002 7.01512294077820E-002
85.7668127 6.81020096445209E-002 6.99270981431765E-002
85.8668130 6.78867112613705E-002 6.97039196992106E-002
85.9668056 6.76723509586670E-002 6.94817228361656E-002
86.0667983 6.74589073011486E-002 6.92604852341939E-002
86.1667909 6.72463753461990E-002 6.90402016710679E-002
86.2667836 6.70347501833545E-002 6.88208669588609E-002
86.3667839 6.68240108911915E-002 6.86024593173892E-002
86.4667766 6.66141847768148E-002 6.83850069505422E-002
86.5667694 6.64052509132671E-002 6.81684880736272E-002
86.6667621 6.61972045162721E-002 6.79528976333094E-002
86.7667548 6.59900408325034E-002 6.77382306092591E-002
86.8667552 6.57837394341365E-002 6.75244657408389E-002
86.9667480 6.55783271059203E-002 6.73116306886001E-002
87.0667408 6.53737834139618E-002 6.70997041867829E-002
87.1667336 6.51701037264121E-002 6.68886813445783E-002
87.2667264 6.49672834412209E-002 6.66785573029426E-002
87.3667268 6.47653026094308E-002 6.64693113051079E-002
87.4667197 6.45641875055762E-002 6.62609704809911E-002
87.5667125 6.43639181741382E-002 6.60535140681349E-002
87.6667054 6.41644901300351E-002 6.58469373321635E-002
87.7666983 6.39658989168803E-002 6.56412355692793E-002
87.8666988 6.37681250503819E-002 6.54363885114769E-002
87.9666917 6.35711943066770E-002 6.52324227704020E-002
88.0666846 6.33750871944583E-002 6.50293180718374E-002
88.1666775 6.31797993699903E-002 6.48270698320079E-002
88.2666705 6.29853265171761E-002 6.46256734965803E-002
88.3666710 6.27916496026947E-002 6.44251092717505E-002
88.4666640 6.25987939157887E-002 6.42254032629262E-002
88.5666570 6.24067404157053E-002 6.40265356696106E-002
88.6666500 6.22154848948629E-002 6.38285020530449E-002
88.7666429 6.20250231723060E-002 6.36312980028239E-002
88.8666436 6.18353366524767E-002 6.34349041853071E-002
88.9666366 6.16464501489204E-002 6.32393462113759E-002
89.0666296 6.14583450582665E-002 6.30446047402554E-002
89.1666227 6.12710173041117E-002 6.28506754728545E-002
89.2666157 6.10844628357094E-002 6.26575541373940E-002
89.3666164 6.08986634825238E-002 6.24652218468599E-002
89.4666095 6.07136435933039E-002 6.22737037290082E-002
89.5666026 6.05293849893524E-002 6.20829808892851E-002
89.6665957 6.03458837206771E-002 6.18930491631444E-002
89.7665889 6.01631358620127E-002 6.17039044123527E-002
89.8665896 5.99811236555516E-002 6.15155281834667E-002
89.9665828 5.97998709958592E-002 6.13279451322146E-002
90.0665759 5.96193601166483E-002 6.11411367972414E-002
90.1665691 5.94395871897675E-002 6.09550991436368E-002
90.2665622 5.92605484109016E-002 6.07698281618464E-002
90.3665631 5.90822264231060E-002 6.05853058194007E-002
90.4665563 5.89046446770955E-002 6.04015563108047E-002
90.5665495 5.87277858071568E-002 6.02185615953381E-002
90.6665427 5.85516461025978E-002 6.00363177630218E-002
90.7665359 5.83762218757084E-002 5.98548209283156E-002
90.8665368 5.82014961589538E-002 5.96740534675689E-002
90.9665301 5.80274919692593E-002 5.94940391245829E-002
91.0665233 5.78541923300590E-002 5.93147602671466E-002
91.1665166 5.76815936439185E-002 5.91362131057028E-002
91.2665099 5.75096923355657E-002 5.89583938742532E-002
91.3665108 5.73384718158168E-002 5.87812853462349E-002
91.4665041 5.71679546776055E-002 5.86049108249869E-002
91.5664975 5.69981243224799E-002 5.84292530751049E-002
91.6664908 5.68289772622328E-002 5.82543084231290E-002
91.7664842 5.66605100300331E-002 5.80800732183149E-002
91.8664851 5.64927064043685E-002 5.79065306198620E-002
91.9664785 5.63255885637225E-002 5.77337035006204E-002
92.0664719 5.61591402771009E-002 5.75615750106935E-002
92.1664653 5.59933581616571E-002 5.73901415885716E-002
92.2664587 5.58282388551664E-002 5.72193996946520E-002
92.3664597 5.56637664934714E-002 5.70493328629608E-002
92.4664531 5.54999628498988E-002 5.68799635455712E-002
92.5664466 5.53368120506181E-002 5.67112752671834E-002
92.6664400 5.51743108144326E-002 5.65432645742598E-002
92.7664335 5.50124558800437E-002 5.63759280343943E-002
92.8664346 5.48512317306825E-002 5.62092495458780E-002
92.9664281 5.46906597435700E-002 5.60432511494657E-002
93.0664215 5.45307243920934E-002 5.58779167339157E-002
93.1664150 5.43714224931447E-002 5.57132429498463E-002
93.2664086 5.42127508828188E-002 5.55492264682624E-002
93.3664097 5.40546943821039E-002 5.53858515415175E-002
93.4664032 5.38972739809322E-002 5.52231398082603E-002
93.5663968 5.37404744902968E-002 5.50610755111265E-002
93.6663903 5.35842928217591E-002 5.48996554012273E-002
93.7663839 5.34287259054162E-002 5.47388762493458E-002
93.8663851 5.32737588907042E-002 5.45787226520403E-002
93.9663787 5.31194123888561E-002 5.44192158548264E-002
94.0663723 5.29656715391794E-002 5.42603404443799E-002
94.1663659 5.28125333446221E-002 5.41020932687889E-002
94.2663595 5.26599948260266E-002 5.39444711951274E-002
94.3663607 5.25080414522781E-002 5.37874591546328E-002
94.4663544 5.23566934642773E-002 5.36310780084275E-002
94.5663480 5.22059363206644E-002 5.34753126777200E-002
94.6663417 5.20557671126206E-002 5.33201601042004E-002
94.7663353 5.19061829486057E-002 5.31656172478851E-002
94.8663366 5.17571696082524E-002 5.30116693654823E-002
94.9663303 5.16087469702816E-002 5.28583369422363E-002
95.0663240 5.14609008039807E-002 5.27056052246984E-002
95.1663177 5.13136282857346E-002 5.25534712449184E-002
95.2663114 5.11669266086160E-002 5.24019320526405E-002
95.3663128 5.10207818545894E-002 5.22509732211411E-002
95.4663065 5.08752135481400E-002 5.21006148680822E-002
95.5663002 5.07302077608015E-002 5.19508425564721E-002
95.6662940 5.05857617512525E-002 5.18016534056073E-002
95.7662878 5.04418727942909E-002 5.16530445518711E-002
95.8662892 5.02985272660725E-002 5.15050018764999E-002
95.9662829 5.01557443445883E-002 5.13575451376563E-002
96.0662767 5.00135103954916E-002 5.12106602062125E-002
96.1662705 4.98718227569577E-002 5.10643442857213E-002
96.2662643 4.97306787827348E-002 5.09185945962374E-002
96.3662658 4.95900651352949E-002 5.07733973186321E-002
96.4662596 4.94500006536777E-002 5.06287718594438E-002
96.5662535 4.93104719897941E-002 5.04847043890984E-002
96.6662473 4.91714765586274E-002 5.03411921925302E-002
96.7662412 4.90330117902088E-002 5.01982325706148E-002
96.8662427 4.88950646257050E-002 5.00558119958040E-002
96.9662365 4.87576535725576E-002 4.99139495306876E-002
97.0662304 4.86207655613257E-002 4.97726316372043E-002
97.1662243 4.84843980812159E-002 4.96318556789082E-002
97.2662182 4.83485486359777E-002 4.94916190347553E-002
97.3662198 4.82132044380968E-002 4.93519084609855E-002
97.4662137 4.80783836705826E-002 4.92127426837197E-002
97.5662076 4.79440735352781E-002 4.90741084486298E-002
97.6662016 4.78102715931274E-002 4.89360031952346E-002
97.7661955 4.76769754191322E-002 4.87984243779359E-002
97.8661971 4.75441724899569E-002 4.86613590292213E-002
97.9661911 4.74118806711644E-002 4.85248255460323E-002
98.0661851 4.72800874287515E-002 4.83888109502454E-002
98.1661791 4.71487903930097E-002 4.82533127547909E-002
98.2661730 4.70179872078208E-002 4.81183284869840E-002
98.3661747 4.68876656071144E-002 4.79838454482606E-002
98.4661687 4.67578431458169E-002 4.78498817134891E-002
98.5661627 4.66285075471756E-002 4.77164245734621E-002
98.6661568 4.64996565085295E-002 4.75834716120671E-002
98.7661508 4.63712877403588E-002 4.74510204270966E-002
98.8661525 4.62433892271633E-002 4.73190585818687E-002
98.9661465 4.61159782198723E-002 4.71876038361055E-002
99.0661406 4.59890426922979E-002 4.70566437424604E-002
99.1661347 4.58625804066140E-002 4.69261759534164E-002
99.2661288 4.57365891377035E-002 4.67961981349005E-002
99.3661305 4.56110571141521E-002 4.66666981052714E-002
99.4661246 4.54860012893655E-002 4.65376933158576E-002
99.5661187 4.53614098812445E-002 4.64091715743408E-002
99.6661128 4.52372807146688E-002 4.62811305995284E-002
99.7661070 4.51136116268109E-002 4.61535681232276E-002
99.8661087 4.49903910840611E-002 4.60264722122120E-002
99.9661029 4.48676357486130E-002 4.58998600159998E-002
100.0660970 4.47453340761828E-002 4.57737195906845E-002
100.1660912 4.46234839523066E-002 4.56480487192122E-002
100.2660854 4.45020832744124E-002 4.55228451971011E-002
100.3660872 4.43811207406086E-002 4.53980973331219E-002
100.4660814 4.42606127280326E-002 4.52738219814020E-002
100.5660756 4.41405479241366E-002 4.51500074400371E-002
100.6660698 4.40209242731402E-002 4.50266515540080E-002
100.7660640 4.39017397307688E-002 4.49037521804571E-002
100.8660658 4.37829832209511E-002 4.47812978639344E-002
100.9660601 4.36646708417706E-002 4.46593051694357E-002
101.0660543 4.35467915065250E-002 4.45377626308495E-002
101.1660486 4.34293432162172E-002 4.44166681531667E-002
101.2660428 4.33123239829846E-002 4.42960196531440E-002
101.3660447 4.31957229508594E-002 4.41758059050866E-002
101.4660390 4.30795559447265E-002 4.40560431909629E-002
101.5660333 4.29638120980183E-002 4.39367202744364E-002
101.6660275 4.28484894666915E-002 4.38178351185592E-002
101.7660218 4.27335861174799E-002 4.36993856977678E-002
101.8660238 4.26190914089772E-002 4.35813610102836E-002
101.9660181 4.25050208985803E-002 4.34637770610013E-002
102.0660124 4.23913639343208E-002 4.33466228375276E-002
102.1660067 4.22781186253469E-002 4.32298963590985E-002
102.2660011 4.21652830912394E-002 4.31135956559674E-002
102.3660031 4.20528468997803E-002 4.29977099446128E-002
102.4659974 4.19408253464498E-002 4.28822549586620E-002
102.5659918 4.18292079885104E-002 4.27672199040121E-002
102.6659861 4.17179929866043E-002 4.26526028542751E-002
102.7659805 4.16071785114742E-002 4.25384018937270E-002
102.8659825 4.14967543348796E-002 4.24246064516171E-002
102.9659769 4.13867354958188E-002 4.23112319959693E-002
103.0659713 4.12771117555800E-002 4.21982679454904E-002
103.1659657 4.11678813246631E-002 4.20857124264270E-002
103.2659601 4.10590424233488E-002 4.19735635753492E-002
103.3659622 4.09505850223208E-002 4.18618110289575E-002
103.4659566 4.08425239093976E-002 4.17504699951975E-002
103.5659511 4.07348490448439E-002 4.16395301002712E-002
103.6659455 4.06275586874411E-002 4.15289895213822E-002
103.7659400 4.05206511054426E-002 4.14188464457295E-002
103.8659421 4.04141164635539E-002 4.13090907123057E-002
103.9659365 4.03079693035875E-002 4.11997372743682E-002
104.0659310 4.02021997798866E-002 4.10907759604607E-002
104.1659255 4.00968061979942E-002 4.09822049971270E-002
104.2659200 3.99917868726279E-002 4.08740226205898E-002
104.3659221 3.98871321577587E-002 4.07662188671302E-002
104.4659166 3.97828563542415E-002 4.06588084405768E-002
104.5659112 3.96789498057458E-002 4.05517813668152E-002
104.6659057 3.95754108631108E-002 4.04451359201713E-002
104.7659002 3.94722378860643E-002 4.03388703843453E-002
104.8659024 3.93694214132271E-002 4.02329749880519E-002
104.9658969 3.92669755094233E-002 4.01274641908230E-002
105.0658915 3.91648907030368E-002 4.00223282110358E-002
105.1658860 3.90631653887908E-002 3.99175653692964E-002
105.2658806 3.89617979700202E-002 3.98131739952914E-002
105.3658828 3.88607791655167E-002 3.97091445054595E-002
105.4658774 3.87601228088817E-002 3.96054911200429E-002
105.5658720 3.86598196087375E-002 3.95022042452049E-002
105.6658666 3.85598680023289E-002 3.93992822463837E-002
105.7658612 3.84602664352456E-002 3.92967234978144E-002
105.8658634 3.83610058021017E-002 3.91945185990894E-002
105.9658580 3.82620997099695E-002 3.90926815360483E-002
106.0658527 3.81635390433648E-002 3.89912028980733E-002
106.1658473 3.80653222807396E-002 3.88900810940382E-002
106.2658419 3.79674479086336E-002 3.87893145413406E-002
106.3658442 3.78699069932627E-002 3.86888940182905E-002
106.4658389 3.77727129197506E-002 3.85888332810945E-002
106.5658335 3.76758567442885E-002 3.84891230979210E-002
106.6658282 3.75793369852678E-002 3.83897619197327E-002
106.7658229 3.74831521689197E-002 3.82907482057528E-002
106.8658252 3.73872935289629E-002 3.81920729087024E-002
106.9658199 3.72917742330449E-002 3.80937495598109E-002
107.0658146 3.71965855049361E-002 3.79957691017295E-002
107.1658093 3.71017259017441E-002 3.78981300262110E-002
107.2658040 3.70071939881769E-002 3.78008308330143E-002
107.3658063 3.69129811614760E-002 3.77038626450913E-002
107.4658011 3.68191003761786E-002 3.76072387732380E-002
107.5657958 3.67255430196561E-002 3.75109503304109E-002
107.6657905 3.66323076865521E-002 3.74149958478996E-002
107.7657853 3.65393929788792E-002 3.73193738647540E-002
107.8657877 3.64467904535360E-002 3.72240756700976E-002
107.9657824 3.63545128562117E-002 3.71291143587294E-002
108.0657772 3.62625517340153E-002 3.70344812098541E-002
108.1657720 3.61709057179868E-002 3.69401747930884E-002
108.2657667 3.60795734463124E-002 3.68461936855734E-002
108.3657692 3.59885466317918E-002 3.67525293386607E-002
108.4657639 3.58978378154290E-002 3.66591946354842E-002
108.5657587 3.58074387003168E-002 3.65661810175563E-002
108.6657536 3.57173479527920E-002 3.64734870916542E-002
108.7657484 3.56275642461217E-002 3.63811114718504E-002
108.8657508 3.55380794453589E-002 3.62890457678963E-002
108.9657456 3.54489058908863E-002 3.61973026554891E-002
109.0657405 3.53600354381340E-002 3.61058737346215E-002
