0.0053140 5.74542769273861E+000 2.33773239937321E+003
0.0210792 2.21229818088587E+001 2.28931351949806E+003
0.0467942 4.68119090922962E+001 2.21323259785609E+003
0.0817065 7.66682281148648E+001 2.11536410625645E+003
0.1249105 1.08458130206847E+002 2.00225692704130E+003
0.1754417 1.39424411612027E+002 1.88019306078678E+003
0.2323515 1.67572580988109E+002 1.75457054752359E+003
0.2947571 1.91705641913265E+002 1.62962935707684E+003
0.3618673 2.11303279874728E+002 1.50843956432076E+003
0.4329916 2.26341158108785E+002 1.39304076501996E+003
0.5075377 2.37113345472708E+002 1.28464457002345E+003
0.5850032 2.44088322339312E+002 1.18384030119481E+003
0.6649650 2.47805652523564E+002 1.09077574443941E+003
0.7470680 2.48809038348889E+002 1.00530161362434E+003
0.8310139 2.47607260254602E+002 9.27081751493884E+002
0.9165527 2.44654616910134E+002 8.55671844470569E+002
1.0034738 2.40343875721343E+002 7.90574635807977E+002
1.0915995 2.35006719301232E+002 7.31276973241461E+002
1.1807797 2.28918212766642E+002 6.77273369746087E+002
1.2708868 2.22303200231449E+002 6.28080998665617E+002
1.3618115 2.15343189123843E+002 5.83247658949123E+002
1.4534610 2.08183012883776E+002 5.42355525697918E+002
1.5457546 2.00937043343410E+002 5.05022847376382E+002
1.6386236 1.93694446054389E+002 4.70902611873733E+002
1.7320075 1.86523935518995E+002 4.39681600175965E+002
1.8258543 1.79477547477224E+002 4.11077557097231E+002
1.9201186 1.72593932660238E+002 3.84836956707876E+002
2.0147601 1.65901077176080E+002 3.60732588645173E+002
2.1097440 1.59418376940525E+002 3.38560617355470E+002
2.2050388 1.53158546868927E+002 3.18138659383002E+002
2.3006174 1.47128955775719E+002 2.99303186727918E+002
2.3964555 1.41332841568924E+002 2.81907674580981E+002
2.4925310 1.35770289060304E+002 2.65820870652386E+002
2.5888248 1.30438887942702E+002 2.50924858873750E+002
2.6853193 1.25334441581253E+002 2.37113887474337E+002
2.7819988 1.20451357274533E+002 2.24292793572163E+002
2.8788497 1.15783068703819E+002 2.12375947093872E+002
2.9758588 1.11322369279215E+002 2.01286284117198E+002
3.0730149 1.07061573644749E+002 1.90954189951278E+002
3.1703074 1.02992789433677E+002 1.81316893928798E+002
3.2677268 9.91079901063384E+001 1.72317568495440E+002
3.3652646 9.53991679472165E+001 1.63904788387324E+002
3.4629133 9.18583924793045E+001 1.56031901075825E+002
3.5606650 8.84779412434907E+001 1.48656671263347E+002
3.6585133 8.52502456704909E+001 1.41740609878714E+002
3.7564523 8.21679930401811E+001 1.35248730755996E+002
3.8544764 7.92241322250996E+001 1.29149160320659E+002
3.9525810 7.64118752198203E+001 1.23412798578259E+002
4.0507604 7.37247582165651E+001 1.18013148724843E+002
4.1490108 7.11565641543439E+001 1.12925905533919E+002
4.2473280 6.87013759772799E+001 1.08128845474333E+002
4.3457083 6.63535589515098E+001 1.03601601332253E+002
4.4441489 6.41077439854542E+001 9.93254661586005E+001
4.5426454 6.19588621283577E+001 9.52833159298281E+001
4.6411954 5.99020713422918E+001 9.14593460617202E+001
4.7397961 5.79327899972170E+001 8.78390273661428E+001
4.8384450 5.60466756371843E+001 8.44089713071730E+001
4.9371399 5.42396060049446E+001 8.11568126229913E+001
5.0358779 5.25077025151451E+001 7.80711784499570E+001
5.1346571 5.08472680332764E+001 7.51415124157004E+001
5.2334756 4.92548113208630E+001 7.23580626285218E+001
5.3323316 4.77270281081120E+001 6.97117981825126E+001
5.4312238 4.62607844276797E+001 6.71943363542833E+001
5.5301496 4.48531348181328E+001 6.47979347040783E+001
5.6291079 4.35012713042066E+001 6.25153690015830E+001
5.7280973 4.22025429403120E+001 6.03399363628578E+001
5.8271164 4.09544403754026E+001 5.82654016761636E+001
5.9261644 3.97545823450901E+001 5.62859508679109E+001
6.0252392 3.86007308251760E+001 5.43961940667865E+001
6.1243401 3.74907496093137E+001 5.25910779190577E+001
6.2234659 3.64226206809809E+001 5.08658954183647E+001
6.3226158 3.53944320157209E+001 4.92162503737668E+001
6.4217891 3.44043669386879E+001 4.76380264145121E+001
6.5209840 3.34507171549710E+001 4.61273951387576E+001
6.6202001 3.25318490889482E+001 4.46807512088816E+001
6.7194366 3.16462179013605E+001 4.32947246528557E+001
6.8186927 3.07923579328066E+001 4.19661565579793E+001
6.9179682 2.99688743789002E+001 4.06920778744239E+001
7.0172613 2.91744546453341E+001 3.94697194504205E+001
7.1165720 2.84078408395855E+001 3.82964627263176E+001
7.2158999 2.76678384242594E+001 3.71698471695155E+001
7.3152432 2.69533260509178E+001 3.60875794870293E+001
7.4146030 2.62632143611988E+001 3.50474660646766E+001
7.5139770 2.55964937275998E+001 3.40474806537885E+001
7.6133666 2.49521786411342E+001 3.30856763681040E+001
7.7127702 2.43293500387668E+001 3.21602454998134E+001
7.8121865 2.37271327252154E+001 3.12694820391048E+001
7.9116168 2.31446766379920E+001 3.04117509900673E+001
8.0110589 2.25811942958439E+001 2.95855407918233E+001
8.1105143 2.20359141752234E+001 2.87893920116263E+001
8.2099815 2.15081167582777E+001 2.80219478812885E+001
8.3094593 2.09971157549887E+001 2.72819244375982E+001
8.4089492 2.05022424392770E+001 2.65680859511525E+001
8.5084489 2.00228776886709E+001 2.58792894037315E+001
8.6079599 1.95584126080971E+001 2.52144259752534E+001
8.7074812 1.91082794024898E+001 2.45724639064710E+001
8.8070112 1.86719356320380E+001 2.39524243448183E+001
8.9065517 1.82488510098744E+001 2.33533613618156E+001
9.0061006 1.78385349585072E+001 2.27743998400344E+001
9.1056593 1.74405031224360E+001 2.22146869245425E+001
9.2052267 1.70543039465410E+001 2.16734285387467E+001
9.3048016 1.66795053719922E+001 2.11498695842421E+001
9.4043856 1.63156836234393E+001 2.06432774713455E+001
9.5039766 1.59624470265841E+001 2.01529745337942E+001
9.6035763 1.56194073430307E+001 1.96782973526938E+001
9.7031836 1.52862027642179E+001 1.92186280113473E+001
9.8027972 1.49624865878571E+001 1.87733776744215E+001
9.9024188 1.46479176267959E+001 1.83419728554034E+001
10.0020464 1.43421808911462E+001 1.79238832760195E+001
10.1016817 1.40449629017158E+001 1.75185874888563E+001
10.2013235 1.37559716754081E+001 1.71255997564110E+001
10.3009707 1.34749270221471E+001 1.67444562925840E+001
10.4006251 1.32015522866246E+001 1.63747036952480E+001
10.5002846 1.29355923873442E+001 1.60159230004408E+001
10.5999509 1.26767924361268E+001 1.56677004012821E+001
10.6996230 1.24249151852626E+001 1.53296504726728E+001
10.7992996 1.21797326608908E+001 1.50014045382533E+001
10.8989827 1.19410190090030E+001 1.46826008390451E+001
10.9986702 1.17085662954700E+001 1.43729053960767E+001
11.0983637 1.14821658913938E+001 1.40719868943090E+001
11.1980623 1.12616237682275E+001 1.37795368419105E+001
11.2977649 1.10467532416678E+001 1.34952596542474E+001
11.3974732 1.08373687393726E+001 1.32188642313445E+001
11.4971853 1.06332996953510E+001 1.29500821320058E+001
11.5969029 1.04343742639276E+001 1.26886458925094E+001
11.6966250 1.02404327816991E+001 1.24343066026372E+001
11.7963505 1.00513214407225E+001 1.21868253914895E+001
11.8960812 9.86688683098657E+000 1.19459661604419E+001
11.9958151 9.68698820560476E+000 1.17115114824165E+001
12.0955540 9.51148316697155E+000 1.14832437763798E+001
12.1952970 9.34023956014616E+000 1.12609606963679E+001
12.2950428 9.17312992884143E+000 1.10444677727079E+001
12.3947934 9.01002671337833E+000 1.08335721017654E+001
12.4945468 8.85081311701233E+000 1.06280963117606E+001
12.5943047 8.69537047174855E+000 1.04278621294181E+001
12.6940662 8.54358878376965E+000 1.02327039089576E+001
12.7938302 8.39536185289715E+000 1.00424622338262E+001
12.8935986 8.25058302849513E+000 9.85697840550216E+000
12.9933693 8.10915486972855E+000 9.67610675875914E+000
13.0931443 7.97097794938657E+000 9.49970024577081E+000
13.1929224 7.83596023616149E+000 9.32762237605417E+000
13.2927027 7.70401277968663E+000 9.15974162292982E+000
13.3924871 7.57504594405585E+000 8.99592658482216E+000
13.4922734 7.44897802411582E+000 8.83605688540056E+000
13.5920637 7.32572528646172E+000 8.68001046980116E+000
13.6918568 7.20521034406923E+000 8.52767418111887E+000
13.7916517 7.08735832605360E+000 8.37893884587466E+000
13.8914504 6.97209352219074E+000 8.23369500527339E+000
13.9912508 6.85934709212382E+000 8.09184259699194E+000
14.0910548 6.74904817565592E+000 7.95327971279763E+000
14.1908615 6.64113139114498E+000 7.81791200023691E+000
14.2906697 6.53553342277731E+000 7.68564832475864E+000
14.3904813 6.43219002050305E+000 7.55639698711577E+000
14.4902944 6.33104291821987E+000 7.43007435197159E+000
14.5901109 6.23203187227798E+000 7.30659485959091E+000
14.6899298 6.13510139514987E+000 7.18587941117543E+000
14.7897500 6.04019770402334E+000 7.06785152364770E+000
14.8895734 5.94726602948961E+000 6.95243396413524E+000
14.9893980 5.85625684151086E+000 6.83955646463387E+000
15.0892259 5.76711869696128E+000 6.72914681521645E+000
15.1890558 5.67980430357875E+000 6.62113836667896E+000
15.2888878 5.59426697520915E+000 6.51546561170802E+000
15.3887200 5.51046303805198E+000 6.41206713876259E+000
15.4885562 5.42834541913629E+000 6.31087770499956E+000
15.5883943 5.34787318701659E+000 6.21183998948449E+000
15.6882343 5.26900507906846E+000 6.11489658758986E+000
15.7880763 5.19170107135613E+000 6.01999193303108E+000
15.8879183 5.11592376651116E+000 5.92707398299278E+000
15.9877640 5.04163260002518E+000 5.83608710128917E+000
16.0876115 4.96879247149554E+000 5.74698262776989E+000
16.1874608 4.89736789667603E+000 5.65971169221785E+000
16.2873119 4.82732443048181E+000 5.57422694768935E+000
16.3871628 4.75862992925795E+000 5.49048409617871E+000
16.4870172 4.69124930153605E+000 5.40843547973949E+000
16.5868734 4.62515233601015E+000 5.32803961212549E+000
16.6867312 4.56030840408609E+000 5.24925470867409E+000
16.7865905 4.49668775266407E+000 5.17204025327910E+000
16.8864496 4.43426265452839E+000 5.09635838269491E+000
16.9863121 4.37300264049365E+000 5.02216809862405E+000
17.0861762 4.31288161576360E+000 4.94943388652362E+000
17.1860417 4.25387304913118E+000 4.87811987341894E+000
17.2859087 4.19595115000118E+000 4.80819124781003E+000
17.3857753 4.13909191890825E+000 4.73961551838454E+000
17.4856452 4.08326880660531E+000 4.67235727273047E+000
17.5855166 4.02845919819105E+000 4.60638599059747E+000
17.6853893 3.97464003384997E+000 4.54167075439218E+000
17.7852633 3.92178888271833E+000 4.47818153874414E+000
17.8851368 3.86988490405194E+000 4.41589035738835E+000
17.9850136 3.81890488608380E+000 4.35476650469926E+000
18.0848916 3.76882916690750E+000 4.29478365588985E+000
18.1847709 3.71963763901415E+000 4.23591506560696E+000
18.2846515 3.67131073101283E+000 4.17813474168704E+000
18.3845314 3.62383028868819E+000 4.12141849224061E+000
18.4844144 3.57717595261387E+000 4.06573959502211E+000
18.5842986 3.53133057593243E+000 4.01107526457124E+000
18.6841841 3.48627657118459E+000 3.95740228325579E+000
18.7840706 3.44199680952875E+000 3.90469807187289E+000
18.8839565 3.39847542982142E+000 3.85294164747742E+000
18.9838453 3.35569451920900E+000 3.80210967301872E+000
19.0837353 3.31363908039225E+000 3.75218236087011E+000
19.1836263 3.27229368454665E+000 3.70313948817685E+000
19.2835185 3.23164329650998E+000 3.65496137535395E+000
19.3834098 3.19167401905957E+000 3.60762976391436E+000
19.4833041 3.15237004517379E+000 3.56112420506897E+000
19.5831994 3.11371822089893E+000 3.51542746012205E+000
19.6830957 3.07570497268537E+000 3.47052185832698E+000
19.7829930 3.03831706599808E+000 3.42639019295497E+000
19.8828894 3.00154229113245E+000 3.38301652726704E+000
19.9827887 2.96536665966470E+000 3.34038288608950E+000
20.0826889 2.92977860347807E+000 3.29847420590779E+000
20.1825901 2.89476614871582E+000 3.25727499881592E+000
20.2824922 2.86031761439251E+000 3.21677017464649E+000
20.3823934 2.82642224536675E+000 3.17694578226781E+000
20.4822973 2.79306762878963E+000 3.13778597267518E+000
20.5822022 2.76024356505266E+000 3.09927754507531E+000
20.6821079 2.72793946389037E+000 3.06140688510116E+000
20.7820145 2.69614498880993E+000 3.02416072047306E+000
20.8819201 2.66485064220853E+000 2.98752680396686E+000
20.9818284 2.63404538046632E+000 2.95149112043374E+000
21.0817375 2.60372018843253E+000 2.91604206955325E+000
21.1816475 2.57386567608326E+000 2.88116765040670E+000
21.2815583 2.54447267392619E+000 2.84685615725684E+000
21.3814680 2.51553277470000E+000 2.81309680980701E+000
21.4813803 2.48703612821280E+000 2.77987717988559E+000
21.5812935 2.45897474738697E+000 2.74718704671100E+000
21.6812074 2.43134028636299E+000 2.71501580328224E+000
21.7811221 2.40412459146068E+000 2.68335309810040E+000
21.8810357 2.37732020341577E+000 2.65218941770597E+000
21.9809519 2.35091831519539E+000 2.62151371162672E+000
22.0808688 2.32491183449457E+000 2.59131695182142E+000
22.1807864 2.29929332633342E+000 2.56158973924441E+000
22.2807048 2.27405552365353E+000 2.53232289666832E+000
22.3806219 2.24919179362476E+000 2.50350800793482E+000
22.4805416 2.22469424352290E+000 2.47513522223782E+000
22.5804621 2.20055656184349E+000 2.44719654579422E+000
22.6803832 2.17677211031627E+000 2.41968362944358E+000
22.7803050 2.15333439777554E+000 2.39258831715342E+000
22.8802255 2.13023751369879E+000 2.36590314593579E+000
22.9801486 2.10747436884996E+000 2.33961931268179E+000
23.0800723 2.08503933479132E+000 2.31372972296320E+000
23.1799967 2.06292647187670E+000 2.28822694269878E+000
23.2799217 2.04112996964890E+000 2.26310370641944E+000
23.3798454 2.01964455044475E+000 2.23835338137932E+000
23.4797716 1.99846383292350E+000 2.21396808202215E+000
23.5796984 1.97758278766697E+000 2.18994149807746E+000
23.6796259 1.95699608914615E+000 2.16626699521224E+000
23.7795539 1.93669852555936E+000 2.14293808669195E+000
23.8794806 1.91668537505016E+000 2.11994886484310E+000
23.9794098 1.89695088148244E+000 2.09729224985735E+000
24.0793395 1.87749054198251E+000 2.07496261695243E+000
24.1792698 1.85829957213046E+000 2.05295403257280E+000
24.2792007 1.83937328785422E+000 2.03126069269594E+000
24.3791302 1.82070745655135E+000 2.00987732447607E+000
24.4790621 1.80229687556559E+000 1.98879755751330E+000
24.5789946 1.78413750590640E+000 1.96801636775235E+000
24.6789277 1.76622504102219E+000 1.94752843723459E+000
24.7788612 1.74855526310137E+000 1.92732856195895E+000
24.8787934 1.73112437116347E+000 1.90741202624778E+000
24.9787279 1.71392765365511E+000 1.88777308585469E+000
25.0786630 1.69696148115443E+000 1.86840724443273E+000
25.1785986 1.68022197005791E+000 1.84930972610109E+000
25.2785347 1.66370531540599E+000 1.83047585547072E+000
25.3784693 1.64740809780861E+000 1.81190140701842E+000
25.4784064 1.63132604242987E+000 1.79358119050207E+000
25.5783439 1.61545588222147E+000 1.77551117420942E+000
25.6782819 1.59979410871563E+000 1.75768706071056E+000
25.7782204 1.58433728328635E+000 1.74010464139472E+000
25.8781574 1.56908232459592E+000 1.72276012291231E+000
25.9780968 1.55402534699172E+000 1.70564880633173E+000
26.0780366 1.53916340469261E+000 1.68876706994968E+000
26.1779769 1.52449332264305E+000 1.67211103957718E+000
26.2779176 1.51001198793711E+000 1.65567691969992E+000
26.3778568 1.49571661931397E+000 1.63946129884817E+000
26.4777984 1.48160367865955E+000 1.62345991478140E+000
26.5777404 1.46767050557446E+000 1.60766950837676E+000
26.6776829 1.45391422192131E+000 1.59208658065831E+000
26.7776257 1.44033200497499E+000 1.57670770248675E+000
26.8775671 1.42692134035355E+000 1.56152980053868E+000
26.9775108 1.41367900091244E+000 1.54654900155991E+000
27.0774549 1.40060258023712E+000 1.53176236772835E+000
27.1773994 1.38768946511698E+000 1.51716673339907E+000
27.2773442 1.37493709183976E+000 1.50275899504554E+000
27.3772876 1.36234318381767E+000 1.48853637937117E+000
27.4772333 1.34990479269242E+000 1.47449536034155E+000
27.5771793 1.33761973850542E+000 1.46063328542300E+000
27.6771257 1.32548564486811E+000 1.44694728569287E+000
27.7770725 1.31350017968818E+000 1.43343454759098E+000
27.8770178 1.30166127863726E+000 1.42009256454509E+000
27.9769653 1.28996624375872E+000 1.40691812108712E+000
28.0769132 1.27841309736244E+000 1.39390881848344E+000
28.1768615 1.26699967514000E+000 1.38106205246142E+000
28.2768101 1.25572385249389E+000 1.36837526818414E+000
28.3767572 1.24458375489148E+000 1.35584619664484E+000
28.4767065 1.23357690969123E+000 1.34347190070257E+000
28.5766562 1.22270152017712E+000 1.33125020783077E+000
28.6766062 1.21195561229530E+000 1.31917875024701E+000
28.7765565 1.20133724765303E+000 1.30725520439391E+000
28.8765053 1.19084472171256E+000 1.29547751324478E+000
28.9764563 1.18047576493070E+000 1.28384298956680E+000
29.0764077 1.17022874278176E+000 1.27234966280988E+000
29.1763593 1.16010185217564E+000 1.26099537690440E+000
29.2763113 1.15009332209976E+000 1.24977801541525E+000
29.3762617 1.14020160052402E+000 1.23869571079916E+000
29.4762144 1.13042460128990E+000 1.22774600062683E+000
29.5761673 1.12076083546153E+000 1.21692709500308E+000
29.6761206 1.11120865382972E+000 1.20623702772494E+000
29.7760741 1.10176643608571E+000 1.19567386817156E+000
29.8760261 1.09243276723470E+000 1.18523591846270E+000
29.9759803 1.08320572697677E+000 1.17492091875010E+000
30.0759347 1.07408395726805E+000 1.16472724099452E+000
30.1758895 1.06506594762470E+000 1.15465308955954E+000
30.2758445 1.05615021364158E+000 1.14469670080642E+000
30.3757980 1.04733546364484E+000 1.13485652902153E+000
30.4757536 1.03861992758315E+000 1.12513049722714E+000
30.5757095 1.03000236526837E+000 1.11551712263338E+000
30.6756657 1.02148139147220E+000 1.10601476308654E+000
30.7756221 1.01305564453455E+000 1.09662180525413E+000
30.8755770 1.00472394392526E+000 1.08733684011499E+000
30.9755340 9.96484655913238E-001 1.07815795604574E+000
31.0754913 9.88336646583565E-001 1.06908380080867E+000
31.1754469 9.80278796814406E-001 1.06011304071367E+000
31.2754067 9.72309397441602E-001 1.05124368754662E+000
31.3753629 9.64427826777805E-001 1.04247496566227E+000
31.4753231 9.56632274249934E-001 1.03380477863176E+000
31.5752798 9.48922145516390E-001 1.02523238503784E+000
31.6752368 9.41295972238723E-001 1.01675607339985E+000
31.7751978 9.33752318222888E-001 1.00837417039166E+000
31.8751552 9.26290627915727E-001 1.00008598308969E+000
31.9751168 9.18909219489534E-001 9.91889569249357E-001
32.0750747 9.11607561845008E-001 9.83784266484305E-001
32.1750329 9.04384295559939E-001 9.75768494401044E-001
32.2749952 8.97238090721426E-001 9.67840707526259E-001
32.3749539 8.90168450933399E-001 9.60000286761823E-001
32.4749166 8.83173812054934E-001 9.52245430367225E-001
32.5748758 8.76253699578716E-001 9.44575546518243E-001
32.6748352 8.69406853398604E-001 9.36989173989558E-001
32.7747986 8.62632040536207E-001 9.29484883563190E-001
32.8747585 8.55928817561429E-001 9.22062122097206E-001
32.9747223 8.49295728062414E-001 9.14719216080633E-001
33.0746827 8.42732348219530E-001 9.07455636755831E-001
33.1746432 8.36237508613596E-001 9.00270031389728E-001
33.2746078 8.29810064797377E-001 8.93161076628916E-001
33.3745687 8.23449620805793E-001 8.86128278316677E-001
33.4745337 8.17154818975519E-001 8.79170080139803E-001
33.5744951 8.10925280925782E-001 8.72286009763579E-001
33.6744568 8.04759920156119E-001 8.65474813368924E-001
33.7744224 7.98657673183573E-001 8.58735264142108E-001
33.8743844 7.92618186614102E-001 8.52066920727810E-001
33.9743505 7.86640193421250E-001 8.45468334079512E-001
34.0743130 7.80723355991098E-001 8.38939082388753E-001
34.1742756 7.74866663738137E-001 8.32478002143216E-001
34.2742423 7.69069127319849E-001 8.26083954687140E-001
34.3742054 7.63330431553881E-001 8.19756545973699E-001
34.4741725 7.57649392712854E-001 8.13494425268611E-001
34.5741359 7.52025709786093E-001 8.07297216049102E-001
34.6740996 7.46458441779276E-001 8.01163837362898E-001
34.7740673 7.40946667327597E-001 7.95093231166591E-001
34.8740313 7.35490105572645E-001 7.89085045836330E-001
34.9739994 7.30087649438751E-001 7.83138020863740E-001
35.0739638 7.24739030803561E-001 7.77251820348279E-001
35.1739284 7.19443372546035E-001 7.71425438914908E-001
35.2738971 7.14199815705519E-001 7.65657892329396E-001
35.3738621 7.09008110276402E-001 7.59948867040140E-001
35.4738310 7.03867219804284E-001 7.54297185451282E-001
35.5737964 6.98776905736820E-001 7.48702548129533E-001
35.6737620 6.93736349648965E-001 7.43164018973551E-001
35.7737315 6.88744749936539E-001 7.37680681415474E-001
35.8736974 6.83801884344119E-001 7.32252256096808E-001
35.9736673 6.78906781560272E-001 7.26877641710190E-001
36.0736335 6.74059229635376E-001 7.21556571583238E-001
36.1735999 6.69258464146264E-001 7.16288173189785E-001
36.2735704 6.64503736267646E-001 7.11071592073845E-001
36.3735371 6.59794848718132E-001 7.05906579607359E-001
36.4735079 6.55130890345845E-001 7.00792104763262E-001
36.5734750 6.50511673147713E-001 6.95727930320131E-001
36.6734423 6.45936482440782E-001 6.90713242168181E-001
36.7734135 6.41404618021939E-001 6.85747242933794E-001
36.8733811 6.36915905097223E-001 6.80829711624952E-001
36.9733527 6.32469488135150E-001 6.75959682037679E-001
37.0733206 6.28065200699110E-001 6.71136943442331E-001
37.1732887 6.23702373972338E-001 6.66360735468933E-001
37.2732608 6.19380352594515E-001 6.61630313265891E-001
37.3732292 6.15098982029652E-001 6.56945480708977E-001
37.4732015 6.10857458226867E-001 6.52305331453849E-001
37.5731702 6.06655634181237E-001 6.47709678614231E-001
37.6731391 6.02492883416113E-001 6.43157811314898E-001
37.7731119 5.98368591973372E-001 6.38649033085866E-001
37.8730811 5.94282623574203E-001 6.34183170191639E-001
37.9730543 5.90234221868047E-001 6.29759371627162E-001
38.0730237 5.86223257365140E-001 6.25377471976840E-001
38.1729934 5.82249142715639E-001 6.21036806001832E-001
38.2729669 5.78311302227612E-001 6.16736721849749E-001
38.3729369 5.74409616082201E-001 6.12477065951535E-001
38.4729107 5.70543372172990E-001 6.08257038519339E-001
38.5728809 5.66712456803224E-001 6.04076493480477E-001
38.6728513 5.62916318818083E-001 5.99934807721157E-001
38.7728256 5.59154417930038E-001 5.95831370580442E-001
38.8727962 5.55426649164397E-001 5.91766046661692E-001
38.9727708 5.51732341495269E-001 5.87738083630612E-001
39.0727417 5.48071395470097E-001 5.83747352847510E-001
39.1727127 5.44443293451019E-001 5.79793270124175E-001
39.2726877 5.40847527940335E-001 5.75875262868687E-001
39.3726590 5.37284007353631E-001 5.71993212065966E-001
39.4726343 5.33752098846357E-001 5.68146409394693E-001
39.5726059 5.30251715816074E-001 5.64334741932228E-001
39.6725776 5.26782371692807E-001 5.60557661497135E-001
39.7725533 5.23343589377229E-001 5.56814630717449E-001
39.8725252 5.19935289365945E-001 5.53105545349827E-001
39.9725012 5.16556874335894E-001 5.49429737936934E-001
40.0724734 5.13208269278956E-001 5.45787109730175E-001
40.1724458 5.09889016450864E-001 5.42177145888985E-001
40.2724221 5.06598666960882E-001 5.38599341658687E-001
40.3723947 5.03337152206702E-001 5.35053606119372E-001
40.4723712 5.00103907943764E-001 5.31539309792186E-001
40.5723441 4.96898869626178E-001 5.28056366713933E-001
40.6723171 4.93721606280400E-001 5.24604292947210E-001
40.7722940 4.90571695216977E-001 5.21182613974319E-001
40.8722673 4.87449077670522E-001 5.17791250894728E-001
40.9722444 4.84353220228755E-001 5.14429609561009E-001
41.0722179 4.81284067786716E-001 5.11097615544627E-001
41.1721915 4.78241214256140E-001 5.07794813579792E-001
41.2721690 4.75224261306876E-001 5.04520757206408E-001
41.3721428 4.72233159050031E-001 5.01275378368236E-001
41.4721206 4.69267402838117E-001 4.98058115818252E-001
41.5720946 4.66326946085104E-001 4.94868905535197E-001
41.6720688 4.63411405856334E-001 4.91707318879828E-001
41.7720469 4.60520406488921E-001 4.88572935452074E-001
41.8720213 4.57653906103082E-001 4.85465696980324E-001
41.9719996 4.54811426911181E-001 4.82385072882910E-001
42.0719743 4.51992930013227E-001 4.79331008528918E-001
42.1719490 4.49198054036092E-001 4.76303100029482E-001
42.2719276 4.46426444428291E-001 4.73300951211642E-001
42.3719026 4.43678066535296E-001 4.70324512632165E-001
42.4718815 4.40952467672376E-001 4.67373282317693E-001
42.5718566 4.38249615872718E-001 4.64447214109712E-001
42.6718319 4.35569169859534E-001 4.61545927146699E-001
42.7718111 4.32910794760658E-001 4.58669047799239E-001
42.8717866 4.30274462438031E-001 4.55816534588967E-001
42.9717660 4.27659743687777E-001 4.52987912255637E-001
43.0717417 4.25066612795331E-001 4.50183142284001E-001
43.1717175 4.22494747230519E-001 4.47401865255865E-001
43.2716972 4.19943830481070E-001 4.44643728537390E-001
43.3716732 4.17413840284114E-001 4.41908697834810E-001
43.4716531 4.14904369417675E-001 4.39196322853148E-001
43.5716293 4.12415397803229E-001 4.36506571971025E-001
43.6716056 4.09946620412661E-001 4.33839105755912E-001
43.7715858 4.07497737876817E-001 4.31193591144831E-001
43.8715623 4.05068733227501E-001 4.28570000323139E-001
43.9715428 4.02659219838125E-001 4.25967906347570E-001
44.0715195 4.00269182708279E-001 4.23387283812903E-001
44.1714963 3.97898333163261E-001 4.20827811929553E-001
44.2714770 3.95546387853857E-001 4.18289175892852E-001
44.3714539 3.93213334580789E-001 4.15771353729059E-001
44.4714348 3.90898806029158E-001 4.13273940355596E-001
44.5714120 3.88602791771267E-001 4.10796915970156E-001
44.6713893 3.86325018424723E-001 4.08339977188088E-001
44.7713704 3.84065217622550E-001 4.05902826252651E-001
44.8713479 3.81823381457975E-001 4.03485446453321E-001
44.9713293 3.79599160738229E-001 4.01087453189100E-001
45.0713069 3.77392549150284E-001 3.98708831705409E-001
45.1712846 3.75203287622956E-001 3.96349294879974E-001
45.2712662 3.73031121811897E-001 3.94008560886783E-001
45.3712441 3.70876047670985E-001 3.91686617755375E-001
45.4712259 3.68737733026247E-001 3.89383100089553E-001
45.5712040 3.66616175264049E-001 3.87097997679581E-001
45.6711822 3.64511128716474E-001 3.84831038610151E-001
45.7711643 3.62422352173652E-001 3.82581955953839E-001
45.8711426 3.60349845058469E-001 3.80350742006247E-001
45.9711248 3.58293291191526E-001 3.78137049392866E-001
46.0711034 3.56252691281921E-001 3.75940871993099E-001
46.1710820 3.54227812224058E-001 3.73761952122794E-001
46.2710644 3.52218425119815E-001 3.71600036798704E-001
46.3710432 3.50224532505793E-001 3.69455122152855E-001
46.4710259 3.48245833245563E-001 3.67326877735123E-001
46.5710048 3.46282331029208E-001 3.65215301100914E-001
46.6709838 3.44333804533894E-001 3.63120147894247E-001
46.7709667 3.42400036410485E-001 3.61041178192734E-001
46.8709459 3.40481031986872E-001 3.58978391575233E-001
46.9709290 3.38576504284732E-001 3.56931473497407E-001
47.0709083 3.36686459664960E-001 3.54900424815988E-001
47.1708877 3.34810687864241E-001 3.52885013666826E-001
47.2708710 3.32948982374672E-001 3.50885012370185E-001
47.3708506 3.31101351022755E-001 3.48900423598338E-001
47.4708341 3.29267520164791E-001 3.46930947766401E-001
47.5708138 3.27447498550901E-001 3.44976588692501E-001
47.6707936 3.25641086305744E-001 3.43037126229066E-001
47.7707773 3.23848087105416E-001 3.41112344180462E-001
47.8707573 3.22068511009282E-001 3.39202247991690E-001
47.9707411 3.20302096941301E-001 3.37306552157368E-001
48.0707212 3.18548855785121E-001 3.35425263148525E-001
48.1707014 3.16808597429342E-001 3.33558171814938E-001
48.2706855 3.15081135123250E-001 3.31705072741259E-001
48.3706658 3.13366480917728E-001 3.29865973854132E-001
48.4706500 3.11664385589503E-001 3.28040602908793E-001
48.5706305 3.09974861923518E-001 3.26228968749131E-001
48.6706110 3.08297728991977E-001 3.24430872554476E-001
48.7705955 3.06632809049254E-001 3.22646119036206E-001
48.8705762 3.04980115918528E-001 3.20874718338325E-001
48.9705608 3.03339411562437E-001 3.19116410714021E-001
49.0705416 3.01710710456261E-001 3.17371207125769E-001
49.1705225 3.00093840315694E-001 3.15638918461918E-001
49.2705073 2.98488631871416E-001 3.13919358953188E-001
49.3704883 2.96895100519759E-001 3.12212540720956E-001
49.4704733 2.95313018786736E-001 3.10518215805492E-001
49.5704545 2.93742402646319E-001 3.08836397056930E-001
49.6704357 2.92183087954643E-001 3.07166904495570E-001
49.7704208 2.90634913426138E-001 3.05509561306578E-001
49.8704022 2.89097895849356E-001 3.03864381370727E-001
49.9703875 2.87571817732120E-001 3.02231127852271E-001
50.0703690 2.86056696372969E-001 3.00609815279250E-001
50.1703506 2.84552375299600E-001 2.99000272266858E-001
50.2703361 2.83058700751053E-001 2.97402330428918E-001
50.3703178 2.81575690743717E-001 2.95816005207591E-001
50.4703034 2.80103137223516E-001 2.94241070272116E-001
50.5702853 2.78641058655361E-001 2.92677541637888E-001
50.6702672 2.77189305801170E-001 2.91125256014808E-001
50.7702530 2.75747731996288E-001 2.89584052955595E-001
50.8702350 2.74316356335584E-001 2.88053949283922E-001
50.9702209 2.72894979694428E-001 2.86534728595736E-001
51.0702031 2.71483621560369E-001 2.85026408220691E-001
51.1701853 2.70082139521334E-001 2.83528832497179E-001
51.2701714 2.68690393609149E-001 2.82041848460292E-001
51.3701538 2.67308403861481E-001 2.80565474151799E-001
51.4701400 2.65935979606930E-001 2.79099502553739E-001
51.5701225 2.64573141225114E-001 2.77643952152762E-001
51.6701050 2.63219752748677E-001 2.76198674480910E-001
51.7700914 2.61875680532434E-001 2.74763523629785E-001
51.8700741 2.60540945433591E-001 2.73338518710788E-001
51.9700606 2.59215364787849E-001 2.71923461586290E-001
52.0700434 2.57898959748287E-001 2.70518371757062E-001
52.1700263 2.56591600435874E-001 2.69123107542919E-001
52.2700130 2.55293159179288E-001 2.67737529694444E-001
52.3699959 2.54003657543324E-001 2.66361658257799E-001
52.4699827 2.52722920452545E-001 2.64995303502189E-001
52.5699658 2.51450969725778E-001 2.63638485812728E-001
52.6699489 2.50187681238985E-001 2.62291069917896E-001
52.7699359 2.48932932968123E-001 2.60952922855907E-001
52.8699192 2.47686747083926E-001 2.59624065485180E-001
52.9699063 2.46448955707474E-001 2.58304316038169E-001
53.0698897 2.45219581225543E-001 2.56993695666447E-001
53.1698731 2.43998504957110E-001 2.55692075152821E-001
53.2698603 2.42785610219730E-001 2.54399327476011E-001
53.3698439 2.41580919697793E-001 2.53115474195435E-001
53.4698313 2.40384272340608E-001 2.51840341090943E-001
53.5698149 2.39195691014131E-001 2.50573949973527E-001
53.6697986 2.38015062188176E-001 2.49316177348900E-001
53.7697861 2.36842274235587E-001 2.48066901811589E-001
53.8697699 2.35677350270673E-001 2.46826145520989E-001
53.9697576 2.34520135725034E-001 2.45593741414251E-001
54.0697415 2.33370653863269E-001 2.44369711864594E-001
54.1697254 2.32228796032225E-001 2.43153938790459E-001
54.2697133 2.31094455391694E-001 2.41946306098257E-001
54.3696973 2.29967655409952E-001 2.40746836455666E-001
54.4696852 2.28848247675755E-001 2.39555369590947E-001
54.5696694 2.27736255779307E-001 2.38371928351345E-001
54.6696536 2.26631575687727E-001 2.37196399777535E-001
54.7696417 2.25534105096121E-001 2.36028672803154E-001
54.8696260 2.24443867757864E-001 2.34868770520957E-001
54.9696142 2.23360721113096E-001 2.33716539106361E-001
55.0695986 2.22284689011422E-001 2.32572001800613E-001
55.1695831 2.21215671799328E-001 2.31435050494397E-001
55.2695714 2.20153571471095E-001 2.30305578881787E-001
55.3695560 2.19098412002808E-001 2.29183610405151E-001
55.4695444 2.18050056398248E-001 2.28068997363786E-001
55.5695291 2.17008528706456E-001 2.26961763320378E-001
55.6695138 2.15973733427105E-001 2.25861804760343E-001
55.7695023 2.14945576631937E-001 2.24769019888005E-001
55.8694872 2.13924082463253E-001 2.23683432426935E-001
55.9694758 2.12909119217550E-001 2.22604900496280E-001
56.0694607 2.11900711089022E-001 2.21533447914399E-001
56.1694457 2.10898766518057E-001 2.20468975521922E-001
56.2694345 2.09903195445557E-001 2.19411385798653E-001
56.3694196 2.08914022128933E-001 2.18360702687386E-001
56.4694085 2.07931119902146E-001 2.17316789841022E-001
56.5693936 2.06954513055455E-001 2.16279671274023E-001
56.6693788 2.05984113770248E-001 2.15249251957366E-001
56.7693678 2.05019835660775E-001 2.14225438425894E-001
56.8693531 2.04061703053360E-001 2.13208254785512E-001
56.9693423 2.03109594078821E-001 2.12197569953497E-001
57.0693276 2.02163533079126E-001 2.11193408086498E-001
57.1693130 2.01223435788827E-001 2.10195678074590E-001
57.2693023 2.00289219311354E-001 2.09204290300562E-001
57.3692878 1.99360908000228E-001 2.08219268982666E-001
57.4692772 1.98438384556180E-001 2.07240488048761E-001
57.5692628 1.97521673332861E-001 2.06267971748934E-001
57.6692484 1.96610693441229E-001 2.05301632693791E-001
57.7692379 1.95705365300568E-001 2.04341384919386E-001
57.8692236 1.94805713253976E-001 2.03387252710443E-001
57.9692132 1.93911624357933E-001 2.02439114766163E-001
58.0691990 1.93023122941685E-001 2.01496995386023E-001
58.1691849 1.92140131326174E-001 2.00560810714410E-001
58.2691746 1.91262573083328E-001 1.99630478257535E-001
58.3691605 1.90390472511944E-001 1.98706022325171E-001
58.4691503 1.89523720822026E-001 1.97787326162211E-001
58.5691363 1.88662342285934E-001 1.96874414077772E-001
58.6691224 1.87806262277816E-001 1.95967205574288E-001
58.7691123 1.86955407368481E-001 1.95065621455797E-001
58.8690985 1.86109801781947E-001 1.94169686019771E-001
58.9690885 1.85269340690707E-001 1.93279286843843E-001
59.0690747 1.84434048281044E-001 1.92394448210948E-001
59.1690610 1.83603852832530E-001 1.91515092816097E-001
59.2690511 1.82778683769915E-001 1.90641144598892E-001
59.3690374 1.81958565215083E-001 1.89772627810860E-001
59.4690277 1.81143396122440E-001 1.88909434161307E-001
59.5690141 1.80333200566004E-001 1.88051587874737E-001
59.6690006 1.79527909591411E-001 1.87199014682863E-001
59.7689909 1.78727455340647E-001 1.86351641507966E-001
59.8689774 1.77931861808955E-001 1.85509492525388E-001
59.9689678 1.77141031561881E-001 1.84672463386143E-001
60.0689545 1.76354988537734E-001 1.83840578227332E-001
60.1689411 1.75573666416722E-001 1.83013765670441E-001
60.2689316 1.74796999929071E-001 1.82191955476322E-001
60.3689184 1.74025012921469E-001 1.81375171716978E-001
60.4689090 1.73257611409021E-001 1.80563313805580E-001
60.5688958 1.72494819173396E-001 1.79756405765836E-001
60.6688827 1.71736572405228E-001 1.78954378970440E-001
60.7688734 1.70982808301206E-001 1.78157165882902E-001
60.8688603 1.70233550539918E-001 1.77364790447561E-001
60.9688511 1.69488708433075E-001 1.76577155669937E-001
61.0688381 1.68748305587047E-001 1.75794285437084E-001
61.1688251 1.68012280585654E-001 1.75016113742165E-001
61.2688160 1.67280572977008E-001 1.74242575623086E-001
61.3688031 1.66553206254227E-001 1.73473694874784E-001
61.4687941 1.65830092880753E-001 1.72709377934461E-001
61.5687813 1.65111256271100E-001 1.71949648531741E-001
61.6687685 1.64396637291475E-001 1.71194443156829E-001
61.7687596 1.63686177732701E-001 1.70443699300943E-001
61.8687469 1.62979900887030E-001 1.69697440590234E-001
61.9687381 1.62277722232360E-001 1.68955576741483E-001
62.0687254 1.61579664976695E-001 1.68218131308386E-001
62.1687128 1.60885672163876E-001 1.67485043161613E-001
62.2687041 1.60195687724651E-001 1.66756252131317E-001
62.3686916 1.59509734736816E-001 1.66031781657629E-001
62.4686829 1.58827731562582E-001 1.65311544592852E-001
62.5686704 1.58149701190532E-001 1.64595564298332E-001
62.6686580 1.57475588743059E-001 1.63883781915038E-001
62.7686494 1.56805340193601E-001 1.63176139503964E-001
62.8686371 1.56138978393553E-001 1.62472660303955E-001
62.9686286 1.55476424466012E-001 1.61773260166333E-001
63.0686163 1.54817701168810E-001 1.61077962245560E-001
63.1686040 1.54162755609128E-001 1.60386709848751E-001
63.2685918 1.53511560481383E-001 1.59699473305707E-001
63.3685872 1.52864039460421E-001 1.59016171231364E-001
63.4685751 1.52220264510367E-001 1.58336878733091E-001
63.5685630 1.51580159491779E-001 1.57661514639562E-001
63.6685509 1.50943698036630E-001 1.56990050314163E-001
63.7685388 1.50310854005347E-001 1.56322457372037E-001
63.8685344 1.49681553611973E-001 1.55658657182552E-001
63.9685224 1.49055867183061E-001 1.54998723136555E-001
64.0685105 1.48433721105076E-001 1.54342576801967E-001
64.1684986 1.47815090129395E-001 1.53690190775385E-001
64.2684867 1.47199949224533E-001 1.53041537892517E-001
64.3684824 1.46588227037676E-001 1.52396542160173E-001
64.4684706 1.45979992299236E-001 1.51755275295824E-001
64.5684588 1.45375173816428E-001 1.51117661490676E-001
64.6684470 1.44773747404746E-001 1.50483674512752E-001
64.7684353 1.44175689086145E-001 1.49853288357261E-001
64.8684312 1.43580929840198E-001 1.49226429557404E-001
64.9684195 1.42989536841651E-001 1.48603168199476E-001
65.0684079 1.42401441218545E-001 1.47983430987872E-001
65.1683963 1.41816619798314E-001 1.47367192803782E-001
65.2683847 1.41235049604769E-001 1.46754428744327E-001
65.3683808 1.40656663854105E-001 1.46145067763635E-001
65.4683692 1.40081528204928E-001 1.45539178358083E-001
65.5683578 1.39509576011111E-001 1.44936689640679E-001
65.6683463 1.38940785062758E-001 1.44337577550813E-001
65.7683349 1.38375133336837E-001 1.43741818233191E-001
65.8683311 1.37812556195097E-001 1.43149342962669E-001
65.9683197 1.37253117818584E-001 1.42560218686010E-001
66.0683084 1.36696753696656E-001 1.41974376825460E-001
66.1682971 1.36143442535558E-001 1.41391794326737E-001
66.2682858 1.35593163219399E-001 1.40812448330853E-001
66.3682821 1.35045853168856E-001 1.40236272338150E-001
66.4682709 1.34501575125055E-001 1.39663331785137E-001
66.5682597 1.33960266626886E-001 1.39093560308827E-001
66.6682485 1.33421907252752E-001 1.38526935812287E-001
66.7682374 1.32886476750428E-001 1.37963436384411E-001
66.8682339 1.32353914517073E-001 1.37402997660464E-001
66.9682228 1.31824281890608E-001 1.36845683605118E-001
67.0682118 1.31297518377631E-001 1.36291429980304E-001
67.1682007 1.30773604387138E-001 1.35740215600171E-001
67.2681897 1.30252520489459E-001 1.35192019455758E-001
67.3681864 1.29734207979741E-001 1.34646779231094E-001
67.4681754 1.29218726828500E-001 1.34104557456500E-001
67.5681645 1.28706018432125E-001 1.33565291933333E-001
67.6681536 1.28196063990895E-001 1.33028962343110E-001
67.7681428 1.27688844858813E-001 1.32495548535782E-001
67.8681396 1.27184304154254E-001 1.31964990162148E-001
67.9681288 1.26682500515215E-001 1.31437348354740E-001
68.0681180 1.26183377153665E-001 1.30912562872965E-001
68.1681072 1.25686916023964E-001 1.30390614224376E-001
68.2680965 1.25193099227001E-001 1.29871483076971E-001
68.3680934 1.24701871633148E-001 1.29355110970252E-001
68.4680827 1.24213290581881E-001 1.28841557674604E-001
68.5680721 1.23727301030016E-001 1.28330764829999E-001
68.6680615 1.23243885650792E-001 1.27822713730940E-001
68.7680509 1.22763027257165E-001 1.27317385824815E-001
68.8680479 1.22284672403599E-001 1.26814724465471E-001
68.9680374 1.21808877164173E-001 1.26314788095895E-001
69.0680269 1.21335588173118E-001 1.25817520162804E-001
69.1680164 1.20864788789221E-001 1.25322902710670E-001
69.2680059 1.20396462504534E-001 1.24830917929696E-001
69.3680031 1.19930557492862E-001 1.24341510917228E-001
69.4679927 1.19467128595147E-001 1.23854738822707E-001
69.5679823 1.19006124058730E-001 1.23370546829249E-001
69.6679719 1.18547527896369E-001 1.22888917696293E-001
69.7679615 1.18091324247978E-001 1.22409834322238E-001
69.8679589 1.17637462844943E-001 1.21933243480390E-001
69.9679486 1.17185997326480E-001 1.21459201059633E-001
70.0679383 1.16736877491682E-001 1.20987653912408E-001
70.1679281 1.16290087977368E-001 1.20518585479985E-001
70.2679178 1.15845613541712E-001 1.20051979336175E-001
70.3679153 1.15403405414741E-001 1.19587783865846E-001
70.4679051 1.14963516064530E-001 1.19126053729444E-001
70.5678949 1.14525896783366E-001 1.18666737384777E-001
70.6678848 1.14090532803768E-001 1.18209818923551E-001
70.7678747 1.13657409474118E-001 1.17755282563937E-001
70.8678723 1.13226479466813E-001 1.17303078240928E-001
70.9678622 1.12797794108561E-001 1.16853259417819E-001
71.0678522 1.12371306128933E-001 1.16405776096752E-001
71.1678422 1.11947001329258E-001 1.15960612990128E-001
71.2678322 1.11524865621520E-001 1.15517754931051E-001
71.3678299 1.11104853066750E-001 1.15077153346011E-001
71.4678200 1.10687013879269E-001 1.14638860531607E-001
71.5678100 1.10271302172532E-001 1.14202827976073E-001
71.6678002 1.09857704291169E-001 1.13769040984306E-001
71.7677903 1.09446206685525E-001 1.13337484976447E-001
71.8677881 1.09036764753935E-001 1.12908112814515E-001
71.9677783 1.08629427626533E-001 1.12480975658062E-001
72.0677685 1.08224150749634E-001 1.12056026425799E-001
72.1677587 1.07820920986969E-001 1.11633250988385E-001
72.2677489 1.07419725303290E-001 1.11212635326542E-001
72.3677468 1.07020520385178E-001 1.10794133684369E-001
72.4677371 1.06623354306022E-001 1.10377796113229E-001
72.5677275 1.06228183796233E-001 1.09963576909192E-001
72.6677178 1.05834996215666E-001 1.09551462483316E-001
72.7677082 1.05443779020742E-001 1.09141439351809E-001
72.8677062 1.05054490139391E-001 1.08733463089786E-001
72.9676966 1.04667176614956E-001 1.08327582668507E-001
73.0676870 1.04281796415322E-001 1.07923753710647E-001
73.1676774 1.03898337374647E-001 1.07521963143597E-001
73.2676679 1.03516787419429E-001 1.07122197995234E-001
73.3676660 1.03137105674100E-001 1.06724415122893E-001
73.4676565 1.02759338177933E-001 1.06328662445056E-001
73.5676471 1.02383444091691E-001 1.05934896862494E-001
73.6676376 1.02009411703114E-001 1.05543105796087E-001
73.7676282 1.01637229388263E-001 1.05153276762771E-001
73.8676264 1.01266857425168E-001 1.04765367855447E-001
73.9676171 1.00898340874303E-001 1.04379425966412E-001
74.0676077 1.00531640046643E-001 1.03995409228152E-001
74.1675984 1.00166743663820E-001 1.03613305533341E-001
74.2675890 9.98036405319629E-002 1.03233102866503E-001
74.3675874 9.94422920416443E-002 1.02854760511493E-001
74.4675781 9.90827422991200E-002 1.02478324360289E-001
74.5675688 9.87249527247469E-002 1.02103753732731E-001
74.6675596 9.83689124553262E-002 1.01731036972680E-001
74.7675504 9.80146107085269E-002 1.01360162511854E-001
74.8675488 9.76620099481626E-002 1.00991090782377E-001
74.9675396 9.73111533501835E-002 1.00623866701078E-001
75.0675305 9.69620034052332E-002 1.00258450732707E-001
75.1675213 9.66145496474853E-002 9.98948316527312E-002
75.2675122 9.62687816885286E-002 9.95329983206755E-002
75.3675108 9.59246630277832E-002 9.91729122760955E-002
75.4675017 9.55822359341514E-002 9.88146174851468E-002
75.5674926 9.52414639311249E-002 9.84580755168691E-002
75.6674836 9.49023369333212E-002 9.81032755597235E-002
75.7674746 9.45648449294876E-002 9.77502068826162E-002
75.8674732 9.42289524186026E-002 9.73988320934335E-002
75.9674642 9.38947007851424E-002 9.70491942314739E-002
76.0674553 9.35620545495797E-002 9.67012559311735E-002
76.1674463 9.32310039908696E-002 9.63550067762885E-002
76.2674374 9.29015394589699E-002 9.60104364275858E-002
76.3674361 9.25736264178767E-002 9.56675085238423E-002
76.4674273 9.22473053896417E-002 9.53262652006612E-002
76.5674184 9.19225418573487E-002 9.49866701206286E-002
76.6674096 9.15993264489606E-002 9.46487132459619E-002
76.7674007 9.12776498604661E-002 9.43123846126219E-002
76.8673996 9.09574784877726E-002 9.39776488544122E-002
76.9673908 9.06388520119059E-002 9.36445472257694E-002
77.0673820 9.03217368456145E-002 9.33130443817471E-002
77.1673732 9.00061239512742E-002 9.29831306470070E-002
77.2673645 8.96920043564525E-002 9.26547964168450E-002
77.3673634 8.93793453572268E-002 9.23280072857268E-002
77.4673547 8.90681858144087E-002 9.20028036488343E-002
77.5673461 8.87584930388200E-002 9.16791511194938E-002
77.6673374 8.84502583133500E-002 9.13570403695666E-002
77.7673288 8.81434729833808E-002 9.10364621385891E-002
77.8673278 8.78381052147183E-002 9.07173829487513E-002
77.9673192 8.75341930682009E-002 9.03998423572914E-002
78.0673106 8.72317047224223E-002 9.00838069030292E-002
78.1673020 8.69306317675452E-002 8.97692675905127E-002
78.2672935 8.66309658536523E-002 8.94562154891459E-002
78.3672925 8.63326759870745E-002 8.91446180172631E-002
78.4672840 8.60357994483633E-002 8.88345139148859E-002
78.5672755 8.57403052548117E-002 8.85258706148960E-002
78.6672671 8.54461852912382E-002 8.82186794407057E-002
78.7672586 8.51534314999300E-002 8.79129317778989E-002
78.8672578 8.48620136997186E-002 8.76085959106663E-002
78.9672493 8.45719684100146E-002 8.73057097819713E-002
79.0672409 8.42832654589090E-002 8.70042416886094E-002
79.1672325 8.39958970138496E-002 8.67041832596897E-002
79.2672242 8.37098552974155E-002 8.64055261839350E-002
79.3672234 8.34251109140381E-002 8.61082395823357E-002
79.4672151 8.31416996406087E-002 8.58123606204035E-002
79.5672068 8.28595920892313E-002 8.55178584299208E-002
79.6671985 8.25787806985156E-002 8.52247249331462E-002
79.7671902 8.22992579599736E-002 8.49329521095136E-002
79.8671895 8.20209952378079E-002 8.46425098889292E-002
79.9671813 8.17440275845019E-002 8.43534346785217E-002
80.0671730 8.14683263704512E-002 8.40656964172987E-002
80.1671648 8.11938842944906E-002 8.37792873087077E-002
80.2671566 8.09206941062314E-002 8.34941996110467E-002
80.3671560 8.06487279048394E-002 8.32104040363718E-002
80.4671478 8.03780200360062E-002 8.29279362519745E-002
80.5671397 8.01085426037131E-002 8.26467669774363E-002
80.6671315 7.98402885565859E-002 8.23668886859890E-002
80.7671234 7.95732508919981E-002 8.20882939034985E-002
80.8671229 7.93074024202469E-002 8.18109540984700E-002
80.9671148 7.90427767973659E-002 8.15349042163962E-002
81.0671067 7.87793468371842E-002 8.12601157318394E-002
81.1670987 7.85171057281617E-002 8.09865813769384E-002
81.2670906 7.82560467055697E-002 8.07142939343525E-002
81.3670902 7.79961432679337E-002 8.04432256043512E-002
81.4670822 7.77374283982962E-002 8.01734106281739E-002
81.5670742 7.74798755975200E-002 7.99048212107789E-002
81.6670662 7.72234782843948E-002 7.96374503328361E-002
81.7670583 7.69682299226728E-002 7.93712910235171E-002
81.8670579 7.67141046770931E-002 7.91063161911414E-002
81.9670500 7.64611348739185E-002 7.88425593897598E-002
82.0670421 7.62092946791149E-002 7.85799935311067E-002
82.1670342 7.59585777327259E-002 7.83186118344794E-002
82.2670263 7.57089777179929E-002 7.80584075657515E-002
82.3670260 7.54604694447020E-002 7.77993543185022E-002
82.4670182 7.52130845981063E-002 7.75414849761934E-002
82.5670103 7.49667979881855E-002 7.72847731346340E-002
82.6670025 7.47216034675705E-002 7.70292122422958E-002
82.7669947 7.44774949304030E-002 7.67747957923882E-002
82.8669945 7.42344478111586E-002 7.65214980418439E-002
82.9669867 7.39924931694223E-002 7.62693512196824E-002
83.0669790 7.37516064389039E-002 7.60183295839630E-002
83.1669712 7.35117816765407E-002 7.57684268033061E-002
83.2669635 7.32730129791697E-002 7.55196365893141E-002
83.3669634 7.30352763863728E-002 7.52719338412088E-002
83.4669556 7.27986023469910E-002 7.50253501492750E-002
83.5669479 7.25629668989494E-002 7.47798604128363E-002
83.6669403 7.23283642955794E-002 7.45354585120412E-002
83.7669326 7.20947888285717E-002 7.42921383683426E-002
83.8669326 7.18622171237706E-002 7.40498755029935E-002
83.9669249 7.16306790337931E-002 7.38087008828241E-002
84.0669173 7.14001511819998E-002 7.35685900282368E-002
84.1669097 7.11706280105531E-002 7.33295370226723E-002
84.2669021 7.09421039985022E-002 7.30915359892732E-002
84.3669022 7.07145563398160E-002 7.28545630518350E-002
84.4668946 7.04880143050150E-002 7.26186485685984E-002
84.5668870 7.02624550848188E-002 7.23837686616243E-002
84.6668795 7.00378733029889E-002 7.21499176097755E-002
84.7668720 6.98142636187668E-002 7.19170897300850E-002
84.8668721 6.95916037767849E-002 7.16852617301377E-002
84.9668646 6.93699224792125E-002 7.14544633740471E-002
85.0668571 6.91491974667233E-002 7.12246713668437E-002
85.1668496 6.89294235377634E-002 7.09958801752895E-002
85.2668422 6.87105955249119E-002 7.07680843028525E-002
85.3668424 6.84926917066503E-002 7.05412610228575E-002
85.4668349 6.82757402301716E-002 7.03154395193614E-002
85.5668275 6.80597193693423E-002 7.00905970623744E-002
85.6668201 6.78446240906777E-002 6.98667282993654E-002
85.7668127 6.76304493935380E-002 6.96438279131090E-002
85.8668130 6.74171740740578E-002 6.94218737252917E-002
85.9668056 6.72048257374692E-002 6.92008943536060E-002
86.0667983 6.69933831746851E-002 6.89808676157199E-002
86.1667909 6.67828415139606E-002 6.87617883329308E-002
86.2667836 6.65731959151636E-002 6.85436513605024E-002
86.3667839 6.63644256764774E-002 6.83264350517485E-002
86.4667766 6.61565578738393E-002 6.81101674713192E-002
86.5667694 6.59495717996516E-002 6.78948269678591E-002
86.6667621 6.57434627378520E-002 6.76804085299138E-002
86.7667548 6.55382260028105E-002 6.74669071787143E-002
86.8667552 6.53338413797230E-002 6.72543017830830E-002
86.9667480 6.51303354275583E-002 6.70426198675915E-002
87.0667408 6.49276879252152E-002 6.68318402957911E-002
87.1667336 6.47258943065150E-002 6.66219582171805E-002
87.2667264 6.45249500345813E-002 6.64129688127168E-002
87.3667268 6.43248353671289E-002 6.62048514512011E-002
87.4667197 6.41255763581550E-002 6.59976331297427E-002
87.5667125 6.39271532586021E-002 6.57912932113166E-002
87.6667054 6.37295616466227E-002 6.55858270003484E-002
87.7666983 6.35327971285896E-002 6.53812298315487E-002
87.8666988 6.33368404207619E-002 6.51774815587309E-002
87.9666917 6.31417170838434E-002 6.49746086638210E-002
88.0666846 6.29474078268846E-002 6.47725909942947E-002
88.1666775 6.27539083670512E-002 6.45714240037367E-002
88.2666705 6.25612144486931E-002 6.43711031748925E-002
88.3666710 6.23693072331378E-002 6.41716088321620E-002
88.4666640 6.21782117991628E-002 6.39729669542384E-002
88.5666570 6.19879093004870E-002 6.37751578587131E-002
88.6666500 6.17983955881950E-002 6.35781771428063E-002
88.7666429 6.16096665395625E-002 6.33820204318229E-002
88.8666436 6.14217037479878E-002 6.31866685068409E-002
88.9666366 6.12345318213871E-002 6.29921468549523E-002
89.0666296 6.10481323451835E-002 6.27984362499941E-002
89.1666227 6.08625012994990E-002 6.26055324275322E-002
89.2666157 6.06776346896953E-002 6.24134311501859E-002
89.3666164 6.04935145287007E-002 6.22221136422984E-002
89.4666095 6.03101649643431E-002 6.20316049106837E-002
89.5666026 6.01275680012410E-002 6.18418861720472E-002
89.6665957 5.99457197438756E-002 6.16529532952325E-002
89.7665889 5.97646163210551E-002 6.14648021751488E-002
89.8665896 5.95842401531370E-002 6.12774144664670E-002
89.9665828 5.94046149383485E-002 6.10908147067451E-002
90.0665759 5.92257230884328E-002 6.09049845426533E-002
90.1665691 5.90475608277444E-002 6.07199199714567E-002
90.2665622 5.88701244040912E-002 6.05356170155395E-002
90.3665631 5.86933966335790E-002 6.03520577474176E-002
90.4665563 5.85174007750476E-002 6.01692662461247E-002
90.5665495 5.83421196357111E-002 5.99872245758444E-002
90.6665427 5.81675495554981E-002 5.98059288576094E-002
90.7665359 5.79936868969507E-002 5.96253752366638E-002
90.8665368 5.78205148606470E-002 5.94455461913230E-002
90.9665301 5.76480562759834E-002 5.92664653525443E-002
91.0665233 5.74762943343951E-002 5.90881151900086E-002
91.1665166 5.73052254872596E-002 5.89104919440543E-002
91.2665099 5.71348462077635E-002 5.87335918783613E-002
91.3665108 5.69651400700684E-002 5.85573978654175E-002
91.4665041 5.67961294838107E-002 5.83819330982768E-002
91.5664975 5.66277980137830E-002 5.82071804405187E-002
91.6664908 5.64601422188549E-002 5.80331362475089E-002
91.7664842 5.62931586789335E-002 5.78597968971203E-002
91.8664851 5.61268313312471E-002 5.76871456447887E-002
91.9664785 5.59611821751037E-002 5.75152052555706E-002
92.0664719 5.57961951381592E-002 5.73439589757453E-002
92.1664653 5.56318668829789E-002 5.71734032716023E-002
92.2664587 5.54681940924254E-002 5.70035346311383E-002
92.3664597 5.53051610566343E-002 5.68343366818981E-002
92.4664531 5.51427893737706E-002 5.66658317705875E-002
92.5664466 5.49810633242155E-002 5.64980035153706E-002
92.6664400 5.48199796705870E-002 5.63308484895248E-002
92.7664335 5.46595351950892E-002 5.61643632872667E-002
92.8664346 5.44997145309488E-002 5.59985318977808E-002
92.9664281 5.43405388841348E-002 5.58333762588178E-002
93.0664215 5.41819928779576E-002 5.56688803499801E-002
93.1664150 5.40240733715904E-002 5.55050408477562E-002
93.2664086 5.38667772431101E-002 5.53418544488367E-002
93.3664097 5.37100894593473E-002 5.51793054939321E-002
93.4664032 5.35540308427910E-002 5.50174155209887E-002
93.5663968 5.33985863502127E-002 5.48561688609554E-002
93.6663903 5.32437529339828E-002 5.46955622899065E-002
93.7663839 5.30895275647200E-002 5.45355926034115E-002
93.8663851 5.29358955336893E-002 5.43762444839350E-002
93.9663787 5.27828772883898E-002 5.42175390785320E-002
94.0663723 5.26304581099014E-002 5.40594610597454E-002
94.1663659 5.24786350405675E-002 5.39020072997564E-002
94.2663595 5.23274051403498E-002 5.37451746895614E-002
94.3663607 5.21767540160814E-002 5.35889482439352E-002
94.4663544 5.20267017485440E-002 5.34333487277239E-002
94.5663480 5.18772339342764E-002 5.32783611456391E-002
94.6663417 5.17283477024975E-002 5.31239824626275E-002
94.7663353 5.15800401994396E-002 5.29702096617991E-002
94.8663366 5.14322973389304E-002 5.28170280811096E-002
94.9663303 5.12851388430940E-002 5.26644581116546E-002
95.0663240 5.11385506153704E-002 5.25124850812027E-002
95.1663177 5.09925298688779E-002 5.23611060442579E-002
95.2663114 5.08470738331677E-002 5.22103180728613E-002
95.3663128 5.07021687207697E-002 5.20601068193226E-002
95.4663065 5.05578339030041E-002 5.19104923092283E-002
95.5663002 5.04140555819344E-002 5.17614601845939E-002
95.6662940 5.02708310517191E-002 5.16130075863988E-002
95.7662878 5.01281576223911E-002 5.14651316725581E-002
95.8662892 4.99860217971611E-002 5.13178184012004E-002
95.9662829 4.98444426041987E-002 5.11710874404323E-002
96.0662767 4.97034065361825E-002 5.10249247379963E-002
96.1662705 4.95629109655629E-002 5.08793275183865E-002
96.2662643 4.94229532801283E-002 5.07342930224548E-002
96.3662658 4.92835202660084E-002 5.05898075058929E-002
96.4662596 4.91446306156809E-002 5.04458902871523E-002
96.5662535 4.90062711046906E-002 5.03025276114607E-002
96.6662473 4.88684391811380E-002 5.01597167839823E-002
96.7662412 4.87311323079455E-002 5.00174551256829E-002
96.8662427 4.85943375466508E-002 4.98757291818311E-002
96.9662365 4.84580732613094E-002 4.97345579288477E-002
97.0662304 4.83223265028324E-002 4.95939279014731E-002
97.1662243 4.81870947924305E-002 4.94538364828066E-002
97.2662182 4.80523756656398E-002 4.93142810712151E-002
97.3662198 4.79181564521353E-002 4.91752484938167E-002
97.4662137 4.77844551946365E-002 4.90367573924325E-002
97.5662076 4.76512592121614E-002 4.88987945836003E-002
97.6662016 4.75185660965878E-002 4.87613575257257E-002
97.7661955 4.73863734536418E-002 4.86244436919692E-002
97.8661971 4.72546688740968E-002 4.84880401838191E-002
97.9661911 4.71234700862441E-002 4.83521653157399E-002
98.0661851 4.69927646701798E-002 4.82168061785998E-002
98.1661791 4.68625502860995E-002 4.80819603035836E-002
98.2661730 4.67328246075875E-002 4.79476252361368E-002
98.3661747 4.66035754797003E-002 4.78137883448797E-002
98.4661687 4.64748203230349E-002 4.76804676239798E-002
98.5661627 4.63465469719597E-002 4.75476504314076E-002
98.6661568 4.62187531527272E-002 4.74153343686962E-002
98.7661508 4.60914366045373E-002 4.72835170511649E-002
98.8661525 4.59645854201285E-002 4.71521861075571E-002
98.9661465 4.58382167189692E-002 4.70213592186256E-002
99.0661406 4.57123185831084E-002 4.68910240024452E-002
99.1661347 4.55868888026803E-002 4.67611781285593E-002
99.2661288 4.54619251803418E-002 4.66318192798406E-002
99.3661305 4.53374160501199E-002 4.65029353383699E-002
99.4661246 4.52133782367560E-002 4.63745436781946E-002
99.5661187 4.50898000635942E-002 4.62466321707168E-002
99.6661128 4.49666793825572E-002 4.61191985512411E-002
99.7661070 4.48440140576813E-002 4.59922405679614E-002
99.8661087 4.47217926580877E-002 4.58657463497237E-002
99.9661029 4.46000317200332E-002 4.57397329704112E-002
100.0660970 4.44787198019707E-002 4.56141885481902E-002
100.1660912 4.43578548155961E-002 4.54891108819617E-002
100.2660854 4.42374346843250E-002 4.53644977830932E-002
100.3660872 4.41174482063711E-002 4.52403376208294E-002
100.4660814 4.39979116355942E-002 4.51166471752675E-002
100.5660756 4.38788137595606E-002 4.49934148049802E-002
100.6660698 4.37601525477996E-002 4.48706383703815E-002
100.7660640 4.36419259811807E-002 4.47483157439450E-002
100.8660658 4.35241230811928E-002 4.46264355291468E-002
100.9660601 4.34067598252360E-002 4.45050142185175E-002
101.0660543 4.32898252241797E-002 4.43840404048756E-002
101.1660486 4.31733173035185E-002 4.42635120081435E-002
101.2660428 4.30572340997213E-002 4.41434269599107E-002
101.3660447 4.29415648519139E-002 4.40237740919074E-002
101.4660390 4.28263252668275E-002 4.39045696151636E-002
101.5660333 4.27115045730025E-002 4.37858023507744E-002
101.6660275 4.25971008500988E-002 4.36674702762391E-002
101.7660218 4.24831121883994E-002 4.35495713803473E-002
101.8660238 4.23695280392003E-002 4.34320947172914E-002
101.9660181 4.22563638442124E-002 4.33150562225160E-002
102.0660124 4.21436090441865E-002 4.31984449396068E-002
102.1660067 4.20312617712147E-002 4.30822589017814E-002
102.2660011 4.19193201676732E-002 4.29664961531840E-002
102.3660031 4.18077738917279E-002 4.28511459648543E-002
102.4659974 4.16966381255800E-002 4.27362240024217E-002
102.5659918 4.15859025168951E-002 4.26217195263538E-002
102.6659861 4.14755652485276E-002 4.25076306237957E-002
102.7659805 4.13656245132895E-002 4.23939553924691E-002
102.8659825 4.12560701710758E-002 4.22806833148174E-002
102.9659769 4.11469171499541E-002 4.21678297922832E-002
103.0659713 4.10381552993692E-002 4.20553842967781E-002
103.1659657 4.09297828513287E-002 4.19433449676500E-002
103.2659601 4.08217980474824E-002 4.18317099544855E-002
103.3659622 4.07141909444687E-002 4.17204689458538E-002
103.4659566 4.06069762214668E-002 4.16096370845009E-002
103.5659511 4.05001439247192E-002 4.14992040485096E-002
103.6659455 4.03936923338351E-002 4.13891680277682E-002
103.7659400 4.02876197377632E-002 4.12795272220791E-002
103.8659421 4.01819163850477E-002 4.11702715210177E-002
103.9659365 4.00765967110975E-002 4.10614158139905E-002
104.0659310 3.99716509541197E-002 4.09529499801372E-002
104.1659255 3.98670774398305E-002 4.08448722582850E-002
104.2659200 3.97628745029923E-002 4.07371808968618E-002
104.3659221 3.96590325793623E-002 4.06298659814845E-002
104.4659166 3.95555658655735E-002 4.05229421534460E-002
104.5659112 3.94524647871080E-002 4.04163994879822E-002
104.6659057 3.93497277143471E-002 4.03102362713155E-002
104.7659002 3.92473530264364E-002 4.02044507989673E-002
104.8659024 3.91453313417909E-002 4.00990333477783E-002
104.9658969 3.90436766231419E-002 3.99939983160280E-002
105.0658915 3.89423794786957E-002 3.98893359702354E-002
105.1658860 3.88414383221084E-002 3.97850446425301E-002
105.2658806 3.87408515755286E-002 3.96811226740496E-002
105.3658828 3.86406100356086E-002 3.95775605281845E-002
105.4658774 3.85407274359352E-002 3.94743723651777E-002
105.5658720 3.84411945630211E-002 3.93715486381607E-002
105.6658666 3.83420098724568E-002 3.92690877237359E-002
105.7658612 3.82431718280627E-002 3.91669880072322E-002
105.8658634 3.81446714004369E-002 3.90652401340547E-002
105.9658580 3.80465220986652E-002 3.89638580312661E-002
106.0658527 3.79487148832784E-002 3.88628323340781E-002
106.1658473 3.78512482505078E-002 3.87621614621823E-002
106.2658419 3.77541207045616E-002 3.86618438437257E-002
106.3658442 3.76573233858176E-002 3.85618703017250E-002
106.4658389 3.75608695833929E-002 3.84622545348031E-002
106.5658335 3.74647504276727E-002 3.83629873558527E-002
106.6658282 3.73689644542815E-002 3.82640672263199E-002
106.7658229 3.72735102065762E-002 3.81654926158452E-002
106.8658252 3.71783789906685E-002 3.80672545207828E-002
106.9658199 3.70835838801318E-002 3.79693664159430E-002
107.0658146 3.69891161711625E-002 3.78718192876286E-002
107.1658093 3.68949744375740E-002 3.77746116377528E-002
107.2658040 3.68011572606766E-002 3.76777419761717E-002
107.3658063 3.67076561083865E-002 3.75812014684275E-002
107.4658011 3.66144838430537E-002 3.74850033700345E-002
107.5657958 3.65216319227586E-002 3.73891388365587E-002
107.6657905 3.64290989583416E-002 3.72936064091386E-002
107.7657853 3.63368835679125E-002 3.71984046366127E-002
107.8657877 3.62449773773755E-002 3.71035248496820E-002
107.9657824 3.61533930420753E-002 3.70089800889740E-002
108.0657772 3.60621221781616E-002 3.69147616752910E-002
108.1657720 3.59711634323802E-002 3.68208681877985E-002
108.2657667 3.58805154585267E-002 3.67272982131272E-002
108.3657692 3.57901700367855E-002 3.66340432432237E-002
108.4657639 3.57001396196147E-002 3.65411161081337E-002
108.5657587 3.56104159775278E-002 3.64485082899845E-002
108.6657536 3.55209977920928E-002 3.63562184048121E-002
108.7657484 3.54318837517159E-002 3.62642450758910E-002
108.8657508 3.53430657872592E-002 3.61725799526121E-002
108.9657456 3.52545561523164E-002 3.60812356586426E-002
109.0657405 3.51663467681637E-002 3.59902038336358E-002
