0.0053140 5.02328509787424E+001 7.28473030629469E+003
0.0210792 1.88398583814083E+002 7.05824248070120E+003
0.0467942 3.82498311850368E+002 6.70886256180771E+003
0.0817065 5.93966938258083E+002 6.27108197700021E+003
0.1249105 7.89958273175795E+002 5.78140327049091E+003
0.1754417 9.49709909227295E+002 5.27241668278727E+003
0.2323515 1.06476249165204E+003 4.76957298711664E+003
0.2947571 1.13573706212226E+003 4.29044393891769E+003
0.3618673 1.16840437086427E+003 3.84558976895194E+003
0.4329916 1.17054359590137E+003 3.44011457134881E+003
0.5075377 1.14996945362280E+003 3.07529331957163E+003
0.5850032 1.11354094251597E+003 2.74995067579009E+003
0.6649650 1.06681489000239E+003 2.46150183329196E+003
0.7470680 1.01405374876577E+003 2.20667248706749E+003
0.8310139 9.58393634341389E+002 1.98196761388844E+003
0.9165527 9.02059797528589E+002 1.78395188824350E+003
1.0034738 8.46574916852572E+002 1.60940606613477E+003
1.0915995 7.92937411009502E+002 1.45540190546964E+003
1.1807797 7.41764045257926E+002 1.31932621670797E+003
1.2708868 6.93400228565856E+002 1.19887764461591E+003
1.3618115 6.48002072784519E+002 1.09204608634101E+003
1.4534610 6.05596553993493E+002 9.97085045630668E+002
1.5457546 5.66125680127226E+002 9.12483365361056E+002
1.6386236 5.29476815833483E+002 8.36934489940840E+002
1.7320075 4.95505303404302E+002 7.69311012579246E+002
1.8258543 4.64049012321218E+002 7.08638927814550E+002
1.9201186 4.34938993584523E+002 6.54076660217218E+002
2.0147601 4.08006591743151E+002 6.04896567278802E+002
2.1097440 3.83087471109935E+002 5.60467817064450E+002
2.2050388 3.60024923276473E+002 5.20243393754253E+002
2.3006174 3.38671044174335E+002 4.83747412792481E+002
2.3964555 3.18887720739450E+002 4.50565320673741E+002
2.4925310 3.00546993555175E+002 4.20335442520274E+002
2.5888248 2.83530611306000E+002 3.92741084253820E+002
2.6853193 2.67730026186651E+002 3.67504846230270E+002
2.7819988 2.53045606229343E+002 3.44382808817802E+002
2.8788497 2.39386196938031E+002 3.23160201170677E+002
2.9758588 2.26668601801425E+002 3.03647644382126E+002
3.0730149 2.14816750609363E+002 2.85677484742492E+002
3.1703074 2.03761348336639E+002 2.69101321870827E+002
3.2677268 1.93439104134349E+002 2.53787257526101E+002
3.3652646 1.83792311691601E+002 2.39617971100634E+002
3.4629133 1.74768280727471E+002 2.26488806763812E+002
3.5606650 1.66319046563234E+002 2.14306458632436E+002
3.6585133 1.58400690451792E+002 2.02987246658903E+002
3.7564523 1.50973128939088E+002 1.92456202515641E+002
3.8544764 1.43999718407758E+002 1.82645989766689E+002
3.9525810 1.37446906015377E+002 1.73495978949528E+002
4.0507604 1.31284063704765E+002 1.64951649505728E+002
4.1490108 1.25483039389236E+002 1.56963656463303E+002
4.2473280 1.20018047239293E+002 1.49487419875009E+002
4.3457083 1.14865421710744E+002 1.42482564283737E+002
4.4441489 1.10003401928190E+002 1.35912435744129E+002
4.5426454 1.05412048616502E+002 1.29743826792756E+002
4.6411954 1.01072947605619E+002 1.23946437672533E+002
4.7397961 9.69691615151545E+001 1.18492693557016E+002
4.8384450 9.30850772801682E+001 1.13357438038090E+002
4.9371399 8.94062728017588E+001 1.08517667793481E+002
5.0358779 8.59194809558558E+001 1.03952407883653E+002
5.1346571 8.26123892540390E+001 9.96423817866807E+001
5.2334756 7.94736247167625E+001 9.55699343625126E+001
5.3323316 7.64926577440330E+001 9.17188559303282E+001
5.4312238 7.36597181143664E+001 8.80742294703111E+001
5.5301496 7.09657840294599E+001 8.46223776065046E+001
5.6291079 6.84024427519646E+001 8.13506495661165E+001
5.7280973 6.59618922356233E+001 7.82473939494010E+001
5.8271164 6.36368790102053E+001 7.53018531575755E+001
5.9261644 6.14206439288933E+001 7.25040714964881E+001
6.0252392 5.93069238896692E+001 6.98448767754530E+001
6.1243401 5.72898519753135E+001 6.73157362495390E+001
6.2234659 5.53639668997136E+001 6.49087527734386E+001
6.3226158 5.35241717655710E+001 6.26165988048934E+001
6.4217891 5.17656980596701E+001 6.04324588859066E+001
6.5209840 5.00841133646244E+001 5.83500278701338E+001
6.6202001 4.84752477903167E+001 5.63634095436666E+001
6.7194366 4.69352065351188E+001 5.44671233949024E+001
6.8186927 4.54603417399719E+001 5.26560617852976E+001
6.9179682 4.40472279307352E+001 5.09254526026616E+001
7.0172613 4.26926721770282E+001 4.92708652003972E+001
7.1165720 4.13936585207430E+001 4.76881365735804E+001
7.2158999 4.01473554327267E+001 4.61733754285097E+001
7.3152432 3.89511251933739E+001 4.47229687544157E+001
7.4146030 3.78024484775195E+001 4.33334860758266E+001
7.5139770 3.66989984963897E+001 4.20017655153573E+001
7.6133666 3.56385431889842E+001 4.07247920288405E+001
7.7127702 3.46190106774830E+001 3.94997733698859E+001
7.8121865 3.36384473495497E+001 3.83240865973402E+001
7.9116168 3.26949836185436E+001 3.71952345726396E+001
8.0110589 3.17868911524191E+001 3.61109122032154E+001
8.1105143 3.09125040095397E+001 3.50689099650201E+001
8.2099815 3.00702738042351E+001 3.40671779139017E+001
8.3094593 2.92587364969615E+001 3.31037842198214E+001
8.4089492 2.84764851308845E+001 3.21768812899369E+001
8.5084489 2.77222182747270E+001 3.12847617849000E+001
8.6079599 2.69946756028253E+001 3.04257809547623E+001
8.7074812 2.62926845692233E+001 2.95984106737520E+001
8.8070112 2.56151336827565E+001 2.88012066722997E+001
8.9065517 2.49609504516439E+001 2.80327816316010E+001
9.0061006 2.43291425509742E+001 2.72918526613550E+001
9.1056593 2.37187445976511E+001 2.65771779222242E+001
9.2052267 2.31288578161978E+001 2.58876023903630E+001
9.3048016 2.25586282363982E+001 2.52220315309377E+001
9.4043856 2.20072286033083E+001 2.45794095674795E+001
9.5039766 2.14738935159012E+001 2.39587598642914E+001
9.6035763 2.09578750052688E+001 2.33591325915796E+001
9.7031836 2.04584764039050E+001 2.27796436462963E+001
9.8027972 1.99750343441683E+001 2.22194531963627E+001
9.9024188 1.95069037410869E+001 2.16777478745897E+001
10.0020464 1.90534879230264E+001 2.11537752690608E+001
10.1016817 1.86142012222232E+001 2.06468002560450E+001
10.2013235 1.81884980337690E+001 2.01561382513643E+001
10.3009707 1.77758577937007E+001 1.96811375053175E+001
10.4006251 1.73757723803151E+001 1.92211643294403E+001
10.5002846 1.69877720705754E+001 1.87756326860868E+001
10.5999509 1.66113937809800E+001 1.83439674174549E+001
10.6996230 1.62462061185049E+001 1.79256327872105E+001
10.7992996 1.58917967264281E+001 1.75201177103218E+001
10.8989827 1.55477616157168E+001 1.71269233624271E+001
10.9986702 1.52137276280860E+001 1.67455886808891E+001
11.0983637 1.48893252769256E+001 1.63756591461972E+001
11.1980623 1.45742104438223E+001 1.60167113965424E+001
11.2977649 1.42680536288335E+001 1.56683407869384E+001
11.3974732 1.39705308412286E+001 1.53301508976247E+001
11.4971853 1.36813431263426E+001 1.50017756113780E+001
11.5969029 1.34001931864649E+001 1.46828524130695E+001
11.6966250 1.31268042569908E+001 1.43730437158833E+001
11.7963505 1.28609109052525E+001 1.40720262924164E+001
11.8960812 1.26022511950138E+001 1.37794823161066E+001
11.9958151 1.23505837343301E+001 1.34951185594643E+001
12.0955540 1.21056674287650E+001 1.32186434053151E+001
12.1952970 1.18672779751090E+001 1.29497854070415E+001
12.2950428 1.16351999317687E+001 1.26882842410508E+001
12.3947934 1.14092199340022E+001 1.24338829998174E+001
12.4945468 1.11891416393518E+001 1.21863449583978E+001
12.5943047 1.09747680964842E+001 1.19454336610805E+001
12.6940662 1.07659162170750E+001 1.17109291443196E+001
12.7938302 1.05624098995855E+001 1.14826201380644E+001
12.8935986 1.03640741189640E+001 1.12602973909897E+001
12.9933693 1.01707480810499E+001 1.10437683739751E+001
13.0931443 9.98226979093037E+000 1.08328399348443E+001
13.1929224 9.79848880120753E+000 1.06273325371309E+001
13.2927027 9.61926021545834E+000 1.04270734958533E+001
13.3924871 9.44443951153051E+000 1.02318911616668E+001
13.4922734 9.27389416352109E+000 1.00416278663266E+001
13.5920637 9.10749007168533E+000 9.85612473713656E+000
13.6918568 8.94510283482020E+000 9.67523424370883E+000
13.7916517 8.78661249374055E+000 9.49881429758712E+000
13.8914504 8.63189897446167E+000 9.32672315695066E+000
13.9912508 8.48085239344368E+000 9.15883086745457E+000
14.0910548 8.33336107240250E+000 8.99500590478686E+000
14.1908615 8.18932154153301E+000 8.83512627220125E+000
14.2906697 8.04863390969030E+000 8.67907432688318E+000
14.3904813 7.91119783483952E+000 8.52673229356725E+000
14.4902944 7.77692169325113E+000 8.37799241216791E+000
14.5901109 7.64571195111578E+000 8.23274513703662E+000
14.6899298 7.51748207188111E+000 8.09088898791316E+000
14.7897500 7.39214842044898E+000 7.95232599183363E+000
14.8895734 7.26962668482475E+000 7.81695771475275E+000
14.9893980 7.14984006127595E+000 7.68469429311401E+000
15.0892259 7.03270979342723E+000 7.55544396603912E+000
15.1890558 6.91816312958507E+000 7.42912184959677E+000
15.2888878 6.80612862787301E+000 7.30564473904707E+000
15.3887200 6.69653928325171E+000 7.18493454336680E+000
15.4885562 6.58932412171333E+000 7.06690901593633E+000
15.5883943 6.48442065263127E+000 6.95149545915373E+000
15.6882343 6.38176637893042E+000 6.83862136114416E+000
15.7880763 6.28130083047220E+000 6.72821662614464E+000
15.8879183 6.18296734317032E+000 6.62021551824536E+000
15.9877640 6.08670552418082E+000 6.51454837780272E+000
16.0876115 5.99246243372764E+000 6.41115389382336E+000
16.1874608 5.90018497627275E+000 6.30997073775800E+000
16.2873119 5.80982173195956E+000 6.21093956781550E+000
16.3871628 5.72132456554241E+000 6.11400478327952E+000
16.4870172 5.63464185118310E+000 6.01910709721097E+000
16.5868734 5.54972854238232E+000 5.92619455965141E+000
16.6867312 5.46653933141265E+000 5.83521505752294E+000
16.7865905 5.38503030295319E+000 5.74611812035940E+000
16.8864496 5.30516039232242E+000 5.65885650720522E+000
16.9863121 5.22688527534193E+000 5.57337952628698E+000
17.0861762 5.15016646181823E+000 5.48964296471768E+000
17.1860417 5.07496512754722E+000 5.40760234386264E+000
17.2859087 5.00124361097461E+000 5.32721455017231E+000
17.3857753 4.92896673769547E+000 5.24843927379690E+000
17.4856452 4.85809629476546E+000 5.17123298242701E+000
17.5855166 4.78859926384124E+000 5.09555789045518E+000
17.6853893 4.72044224415127E+000 5.02137587587904E+000
17.7852633 4.65359281021417E+000 4.94864995668942E+000
17.8851368 4.58802071739328E+000 4.87734559785909E+000
17.9850136 4.52369289159995E+000 4.80742526020045E+000
18.0848916 4.46058090200271E+000 4.73885652298543E+000
18.1847709 4.39865590506534E+000 4.67160658226808E+000
18.2846515 4.33788987896819E+000 4.60564359053491E+000
18.3845314 4.27825672313520E+000 4.54093784659464E+000
18.4844144 4.21972770393012E+000 4.47745685164045E+000
18.5842986 4.16227825321942E+000 4.41517268344736E+000
18.6841841 4.10588337335550E+000 4.35405700747488E+000
18.7840706 4.05051876191026E+000 4.29408229514656E+000
18.8839565 3.99616181647986E+000 4.23522290933271E+000
18.9838453 3.94278748507891E+000 4.17745060927496E+000
19.0837353 3.89037446533370E+000 4.12074126111866E+000
19.1836263 3.83890101849471E+000 4.06507030274386E+000
19.2835185 3.78834599635100E+000 4.01041385404490E+000
19.3834098 3.73868976122798E+000 3.95674970911707E+000
19.4833041 3.68991039661682E+000 3.90405323964942E+000
19.5831994 3.64198937201716E+000 3.85230351526224E+000
19.6830957 3.59490772098207E+000 3.80147917106356E+000
19.7829930 3.54864698059021E+000 3.75155942159190E+000
19.8828894 3.50319003535141E+000 3.70252496945398E+000
19.9827887 3.45851764939402E+000 3.65435426349443E+000
20.0826889 3.41461365367221E+000 3.60702909283580E+000
20.1825901 3.37146144890559E+000 3.56053081294502E+000
20.2824922 3.32904486670499E+000 3.51484127343929E+000
20.3823934 3.28734894506196E+000 3.46994365174359E+000
20.4822973 3.24635674833622E+000 3.42581902802231E+000
20.5822022 3.20605412645014E+000 3.38245150867136E+000
20.6821079 3.16642650856734E+000 3.33982477242754E+000
20.7820145 3.12745969386468E+000 3.29792292098018E+000
20.8819201 3.08914056538163E+000 3.25673124519781E+000
20.9818284 3.05145416824919E+000 3.21623308363411E+000
21.0817375 3.01438808441602E+000 3.17641452426120E+000
21.1816475 2.97792948716287E+000 3.13726123704384E+000
21.2815583 2.94206586856109E+000 3.09875925521649E+000
21.3814680 2.90678569767610E+000 3.06089568074463E+000
21.4813803 2.87207573107731E+000 3.02365579733922E+000
21.5812935 2.83792504141370E+000 2.98702739325367E+000
21.6812074 2.80432230650474E+000 2.95099785091886E+000
21.7811221 2.77125647970160E+000 2.91555486581029E+000
21.8810357 2.73871739775864E+000 2.88068709704178E+000
21.9809519 2.70669330075776E+000 2.84638150935514E+000
22.0808688 2.67517454834301E+000 2.81262735467162E+000
22.1807864 2.64415112026140E+000 2.77941349296079E+000
22.2807048 2.61361323512819E+000 2.74672905481341E+000
22.3806219 2.58355191268706E+000 2.71456404239687E+000
22.4805416 2.55395668295175E+000 2.68290687792449E+000
22.5804621 2.52481902000851E+000 2.65174807722548E+000
22.6803832 2.49613003358304E+000 2.62107777909664E+000
22.7803050 2.46788104108953E+000 2.59088635699432E+000
22.8802255 2.44006408848184E+000 2.56116497499835E+000
22.9801486 2.41266983072570E+000 2.53190332288698E+000
23.0800723 2.38569070969315E+000 2.50309301115794E+000
23.1799967 2.35911881867085E+000 2.47472528876641E+000
23.2799217 2.33294643203070E+000 2.44679160873878E+000
23.3798454 2.30716648842054E+000 2.41928414328224E+000
23.4797716 2.28177062668613E+000 2.39219368786118E+000
23.5796984 2.25675213143631E+000 2.36551280377665E+000
23.6796259 2.23210395443852E+000 2.33923370649169E+000
23.7795539 2.20781920577547E+000 2.31334878943719E+000
23.8794806 2.18389160272560E+000 2.28785110195830E+000
23.9794098 2.16031364700075E+000 2.26273240675893E+000
24.0793395 2.13707935899084E+000 2.23798609325269E+000
24.1792698 2.11418244176029E+000 2.21360522067181E+000
24.2792007 2.09161673714087E+000 2.18958300387023E+000
24.3791302 2.06937664330165E+000 2.16591325740630E+000
24.4790621 2.04745542069400E+000 2.14258859243867E+000
24.5789946 2.02584773373576E+000 2.11960312153597E+000
24.6789277 2.00454794466638E+000 2.09695064250295E+000
24.7788612 1.98355053766178E+000 2.07462508957826E+000
24.8787934 1.96285050778534E+000 2.05262094660882E+000
24.9787279 1.94244178436724E+000 2.03093157097963E+000
25.0786630 1.92231959691625E+000 2.00955170835910E+000
25.1785986 1.90247888744269E+000 1.98847580469344E+000
25.2785347 1.88291470536128E+000 1.96769842583897E+000
25.3784693 1.86362257024221E+000 1.94721464247980E+000
25.4784064 1.84459700252433E+000 1.92701846998753E+000
25.5783439 1.82583372870895E+000 1.90710520963989E+000
25.6782819 1.80732820194589E+000 1.88746987756333E+000
25.7782204 1.78907597020832E+000 1.86810759552477E+000
25.8781574 1.77107301502180E+000 1.84901394997654E+000
25.9780968 1.75331438044294E+000 1.83018353789452E+000
26.0780366 1.73579623106131E+000 1.81161214930311E+000
26.1779769 1.71851447168821E+000 1.79329530311217E+000
26.2779176 1.70146509103772E+000 1.77522861151581E+000
26.3778568 1.68464447839843E+000 1.75740811531124E+000
26.4777984 1.66804814271931E+000 1.73982892677914E+000
26.5777404 1.65167263559642E+000 1.72248726684473E+000
26.6776829 1.63551426182436E+000 1.70537909878207E+000
26.7776257 1.61956940059767E+000 1.68850046842217E+000
26.8775671 1.60383480189997E+000 1.67184781768250E+000
26.9775108 1.58830638834377E+000 1.65541671644849E+000
27.0774549 1.57298105412399E+000 1.63920376637310E+000
27.1773994 1.55785545900621E+000 1.62320532432700E+000
27.2773442 1.54292632886665E+000 1.60741782040139E+000
27.3772876 1.52819073340483E+000 1.59183805139799E+000
27.4772333 1.51364496409746E+000 1.57646199446299E+000
27.5771793 1.49928621904081E+000 1.56128658835146E+000
27.6771257 1.48511147367125E+000 1.54630853930327E+000
27.7770725 1.47111776228807E+000 1.53152461863311E+000
27.8770178 1.45730243854562E+000 1.51693193776505E+000
27.9769653 1.44366212351454E+000 1.50252683707182E+000
28.0769132 1.43019428539329E+000 1.48830655438780E+000
28.1768615 1.41689618089671E+000 1.47426810670001E+000
28.2768101 1.40376511925124E+000 1.46040856894680E+000
28.3767572 1.39079870678818E+000 1.44672533203305E+000
28.4767065 1.37799385966927E+000 1.43321506095116E+000
28.5766562 1.36534828660866E+000 1.41987525939894E+000
28.6766062 1.35285949543506E+000 1.40670322130553E+000
28.7765565 1.34052504091080E+000 1.39369629230783E+000
28.8765053 1.32834275462780E+000 1.38085211204999E+000
28.9764563 1.31630981745721E+000 1.36816763621766E+000
29.0764077 1.30442415267429E+000 1.35564060529109E+000
29.1763593 1.29268349270786E+000 1.34326856048661E+000
29.2763113 1.28108561201113E+000 1.33104908924397E+000
29.3762617 1.26962854335453E+000 1.31898005299576E+000
29.4762144 1.25830970550812E+000 1.30705866824109E+000
29.5761673 1.24712721349247E+000 1.29528288672703E+000
29.6761206 1.23607900098291E+000 1.28365047088668E+000
29.7760741 1.22516303934972E+000 1.27215922454888E+000
29.8760261 1.21437754134533E+000 1.26080720725724E+000
29.9759803 1.20372013993018E+000 1.24959186995186E+000
30.0759347 1.19318912177323E+000 1.23851135321286E+000
30.1758895 1.18278260118461E+000 1.22756361772288E+000
30.2758445 1.17249872634363E+000 1.21674666130206E+000
30.3757980 1.16233587129132E+000 1.20605872076122E+000
30.4757536 1.15229186217057E+000 1.19549745815594E+000
30.5757095 1.14236513956227E+000 1.18506118313554E+000
30.6756657 1.13255398018386E+000 1.17474803435802E+000
30.7756221 1.12285669123481E+000 1.16455618385534E+000
30.8755770 1.11327179152732E+000 1.15448402731993E+000
30.9755340 1.10379728173534E+000 1.14452941725066E+000
31.0754913 1.09443174066885E+000 1.13469081492063E+000
31.1754469 1.08517376687320E+000 1.12496670342712E+000
31.2754067 1.07602128409028E+000 1.11535485832432E+000
31.3753629 1.06697346799251E+000 1.10585437112658E+000
31.4753231 1.05802813198028E+000 1.09646290393229E+000
31.5752798 1.04918448813125E+000 1.08717958848302E+000
31.6752368 1.04044074824461E+000 1.07800250739790E+000
31.7751978 1.03179516417212E+000 1.06892978659162E+000
31.8751552 1.02324699955530E+000 1.05996061475267E+000
31.9751168 1.01479423001552E+000 1.05109283000859E+000
32.0750747 1.00643615165590E+000 1.04232565687955E+000
32.1750329 9.98171114368380E-001 1.03365732814360E+000
32.2749952 9.89997504673605E-001 1.02508611611902E+000
32.3749539 9.81914664678588E-001 1.01661129608007E+000
32.4749166 9.73920717716305E-001 1.00823086621632E+000
32.5748758 9.66015034871070E-001 9.99944133755532E-001
32.6748352 9.58196091475085E-001 9.91749467690620E-001
32.7747986 9.50462396408487E-001 9.83645273180885E-001
32.8747585 9.42813361843372E-001 9.75630902740079E-001
32.9747223 9.35247245817148E-001 9.67704500328404E-001
33.0746827 9.27763486396129E-001 9.59865446986111E-001
33.1746432 9.20360673029524E-001 9.52112235461041E-001
33.2746078 9.13037425937624E-001 9.44443391631105E-001
33.3745687 9.05793219921407E-001 9.36858336987033E-001
33.4745337 8.98626436042321E-001 9.29355348445691E-001
33.5744951 8.91536572263598E-001 9.21933872991562E-001
33.6744568 8.84522322000788E-001 9.14592515974559E-001
33.7744224 8.77582406933489E-001 9.07329913137440E-001
33.8743844 8.70716357899560E-001 9.00145547632845E-001
33.9743505 8.63922668478154E-001 8.93037817825439E-001
34.0743130 8.57200890245208E-001 8.86006229673917E-001
34.1742756 8.50549811468344E-001 8.79049491130719E-001
34.2742423 8.43968246412145E-001 8.72166338069442E-001
34.3742054 8.37455776099739E-001 8.65356308819219E-001
34.4741725 8.31010997162448E-001 8.58617912838699E-001
34.5741359 8.24633509207550E-001 8.51950708877880E-001
34.6740996 8.18322187158106E-001 8.45353498511677E-001
34.7740673 8.12075929880833E-001 8.38825109000662E-001
34.8740313 8.05894363382888E-001 8.32365128092742E-001
34.9739994 7.99776178806561E-001 8.25972167010899E-001
35.0739638 7.93721018826896E-001 8.19645831804360E-001
35.1739284 7.87727837639678E-001 8.13385009593288E-001
35.2738971 7.81795611521844E-001 8.07188611158477E-001
35.3738621 7.75924006835554E-001 8.01056268548218E-001
35.4738310 7.70111801515166E-001 7.94986686329850E-001
35.5737964 7.64358676883797E-001 7.88979512967088E-001
35.6737620 7.58663659750397E-001 7.83033713849036E-001
35.7737315 7.53025797313115E-001 7.77148276188255E-001
35.8736974 7.47444792164308E-001 7.71322871777601E-001
35.9736673 7.41919502044291E-001 7.65556290918215E-001
36.0736335 7.36449642984081E-001 7.59848220138297E-001
36.1735999 7.31034308389794E-001 7.54197696531277E-001
36.2735704 7.25672610517529E-001 7.48603777344854E-001
36.3735371 7.20364284509971E-001 7.43066170056403E-001
36.4735079 7.15108261581356E-001 7.37583743811721E-001
36.5734750 7.09904288953846E-001 7.32156219325021E-001
36.6734423 7.04751521188379E-001 7.26782699462926E-001
36.7734135 6.99649130293655E-001 7.21462305727586E-001
36.8733811 6.94596880676028E-001 7.16194777658402E-001
36.9733527 6.89593771276378E-001 7.10979057000717E-001
37.0733206 6.84639577365642E-001 7.05814895192681E-001
37.1732887 6.79733509729400E-001 7.00701455507742E-001
37.2732608 6.74874795321808E-001 6.95637918471070E-001
37.3732292 6.70063224874216E-001 6.90624052448348E-001
37.4732015 6.65297859830469E-001 6.85658866115206E-001
37.5731702 6.60578500699403E-001 6.80742138539902E-001
37.6731391 6.55904410018993E-001 6.75873088540620E-001
37.7731119 6.51274865327315E-001 6.71050950924698E-001
37.8730811 6.46689681050381E-001 6.66275519990631E-001
37.9730543 6.42147976380874E-001 6.61545866190803E-001
38.0730237 6.37649574548572E-001 6.56861793455842E-001
38.1729934 6.33193785781670E-001 6.52222571737542E-001
38.2729669 6.28779934239732E-001 6.47627485823384E-001
38.3729369 6.24407855686716E-001 6.43076353354556E-001
38.4729107 6.20076722731722E-001 6.38568301869214E-001
38.5728809 6.15786379069419E-001 6.34103157681767E-001
38.6728513 6.11536178923805E-001 6.29680237870394E-001
38.7728256 6.07325489471504E-001 6.25298873293799E-001
38.8727962 6.03154165700776E-001 6.20958902614939E-001
38.9727708 5.99021429683993E-001 6.16659506182240E-001
39.0727417 5.94927143556602E-001 6.12400530472036E-001
39.1727127 5.90870702174232E-001 6.08181336043922E-001
39.2726877 5.86851512447722E-001 6.04001296271570E-001
39.3726590 5.82869446692214E-001 5.99860268757972E-001
39.4726343 5.78923772831812E-001 5.95757482760064E-001
39.5726059 5.75014369625027E-001 5.91692802922474E-001
39.6725776 5.71140669491951E-001 5.87665629966614E-001
39.7725533 5.67302116084040E-001 5.83675376541699E-001
39.8725252 5.63498597338471E-001 5.79721917321820E-001
39.9725012 5.59729423727636E-001 5.75804526907319E-001
40.0724734 5.55994488999292E-001 5.71923086320617E-001
40.1724458 5.52293260338276E-001 5.68077033418000E-001
40.2724221 5.48625215403607E-001 5.64265817169828E-001
40.3723947 5.44990256221339E-001 5.60489327641876E-001
40.4723712 5.41387732786945E-001 5.56746881516476E-001
40.5723441 5.37817552367666E-001 5.53038374584351E-001
40.6723171 5.34279214354528E-001 5.49363279073288E-001
40.7722940 5.30772227916019E-001 5.45721077577155E-001
40.8722673 5.27296507787171E-001 5.42111674043002E-001
40.9722444 5.23851440712955E-001 5.38534424248030E-001
41.0722179 5.20436946156821E-001 5.34989237303262E-001
41.1721915 5.17052553375154E-001 5.31475617282300E-001
41.2721690 5.13697800760016E-001 5.27993077936485E-001
41.3721428 5.10372614512473E-001 5.24541535734609E-001
41.4721206 5.07076415581220E-001 5.21120382809704E-001
41.5720946 5.03809134433615E-001 5.17729540289308E-001
41.6720688 5.00570328047395E-001 5.14368541781787E-001
41.7720469 4.97359561944159E-001 5.11036929939093E-001
41.8720213 4.94176772670561E-001 5.07734632527065E-001
41.9719996 4.91021413039800E-001 5.04461075520173E-001
42.0719743 4.87893423448029E-001 5.01216190887634E-001
42.1719490 4.84792386628489E-001 4.97999539655585E-001
42.2719276 4.81717893311952E-001 4.94810691308877E-001
42.3719026 4.78669889379921E-001 4.91649583806322E-001
42.4718815 4.75647857358349E-001 4.88515674653141E-001
42.5718566 4.72651746602059E-001 4.85408905600796E-001
42.6718319 4.69681163795388E-001 4.82328863151855E-001
42.7718111 4.66735723115336E-001 4.79275141727624E-001
42.8717866 4.63815378865842E-001 4.76247688483837E-001
42.9717660 4.60919641304232E-001 4.73245990330698E-001
43.0717417 4.58048467868028E-001 4.70269997845869E-001
43.1717175 4.55201487534704E-001 4.67319321226217E-001
43.2716972 4.52378336307398E-001 4.64393578088293E-001
43.3716732 4.49578976088290E-001 4.61492723885549E-001
43.4716531 4.46802943039710E-001 4.58616272975467E-001
43.5716293 4.44050201890398E-001 4.55764183898590E-001
43.6716056 4.41320402386048E-001 4.52936088908401E-001
43.7715858 4.38613200865607E-001 4.50131627216382E-001
43.8715623 4.35928566084528E-001 4.47350761761386E-001
43.9715428 4.33266058424976E-001 4.44593032543406E-001
44.0715195 4.30625649191332E-001 4.41858405285771E-001
44.1714963 4.28007007493564E-001 4.39146532792129E-001
44.2714770 4.25409808634121E-001 4.36457074396583E-001
44.3714539 4.22834027547975E-001 4.33789999789107E-001
44.4714348 4.20279247280701E-001 4.31144872946767E-001
44.5714120 4.17745445065012E-001 4.28521666070356E-001
44.6713893 4.15232308081317E-001 4.25920051126574E-001
44.7713704 4.12739529330714E-001 4.23339706216270E-001
44.8713479 4.10267089318010E-001 4.20780607116417E-001
44.9713293 4.07814592313303E-001 4.18242340242772E-001
45.0713069 4.05382020891748E-001 4.15724883635520E-001
45.1712846 4.02969079110722E-001 4.13227927145946E-001
45.2712662 4.00575476503056E-001 4.10751166391794E-001
45.3712441 3.98201198591389E-001 4.08294582636034E-001
45.4712259 3.95845869538870E-001 4.05857783310739E-001
45.5712040 3.93509476732539E-001 4.03440751717931E-001
45.6711822 3.91191740004806E-001 4.01043194414044E-001
45.7711643 3.88892384342679E-001 3.98664823380507E-001
45.8711426 3.86611399786615E-001 3.96305624822124E-001
45.9711248 3.84348429159597E-001 3.93965225870935E-001
46.0711034 3.82103464179875E-001 3.91643614567768E-001
46.1710820 3.79876239436551E-001 3.89340513085108E-001
46.2710644 3.77666494374870E-001 3.87055648703051E-001
46.3710432 3.75474223099977E-001 3.84789012075296E-001
46.4710259 3.73299085951458E-001 3.82540248814511E-001
46.5710048 3.71141078543082E-001 3.80309351226439E-001
46.6709838 3.68999949278732E-001 3.78096056093039E-001
46.7709667 3.66875451140562E-001 3.75900105008610E-001
46.8709459 3.64767581887590E-001 3.73721492629007E-001
46.9709290 3.62676018315253E-001 3.71559881917028E-001
47.0709083 3.60600759537783E-001 3.69415269013793E-001
47.1708877 3.58541566901846E-001 3.67287404379581E-001
47.2708710 3.56498206073469E-001 3.65176043012092E-001
47.3708506 3.54470678092945E-001 3.63081183164303E-001
47.4708341 3.52458675226497E-001 3.61002504100096E-001
47.5708138 3.50462199730466E-001 3.58940005406458E-001
47.6707936 3.48481025086350E-001 3.56893450359877E-001
47.7707773 3.46514928853554E-001 3.54862606518059E-001
47.8707573 3.44563915015608E-001 3.52847475363745E-001
47.9707411 3.42627690393963E-001 3.50847751487592E-001
48.0707212 3.40706260061897E-001 3.48863437569131E-001
48.1707014 3.38799408886504E-001 3.46894308902174E-001
48.2706855 3.36906925587431E-001 3.44940144822801E-001
48.3706658 3.35028816784649E-001 3.43000949710213E-001
48.4706500 3.33164803003181E-001 3.41076432576189E-001
48.5706305 3.31314891838103E-001 3.39166598872192E-001
48.6706110 3.29478878846740E-001 3.37271235168449E-001
48.7705955 3.27656563228480E-001 3.35390131854421E-001
48.8705762 3.25847953961223E-001 3.33523295903264E-001
48.9705608 3.24052784480713E-001 3.31670449905355E-001
49.0705416 3.22271064635865E-001 3.29831601793071E-001
49.1705225 3.20502600028352E-001 3.28006548725354E-001
49.2705073 3.18747199705155E-001 3.26195091472032E-001
49.3704883 3.17004874749212E-001 3.24397239325599E-001
49.4704733 3.15275370768285E-001 3.22612727670591E-001
49.5704545 3.13558699621797E-001 3.20841566656085E-001
49.6704357 3.11854676355380E-001 3.19083563390908E-001
49.7704208 3.10163119275906E-001 3.17338528399999E-001
49.8704022 3.08484041341680E-001 3.15606473045826E-001
49.9703875 3.06817199643699E-001 3.13887144776155E-001
50.0703690 3.05162607830891E-001 3.12180555716825E-001
50.1703506 3.03520089834302E-001 3.10486522332653E-001
50.2703361 3.01889472673908E-001 3.08804864322342E-001
50.3703178 3.00270770974758E-001 3.07135594891866E-001
50.4703034 2.98663752668360E-001 3.05478472870611E-001
50.5702853 2.97068432992389E-001 3.03833512143259E-001
50.6702672 2.95484644243310E-001 3.02200537978066E-001
50.7702530 2.93912221645081E-001 3.00579378706560E-001
50.8702350 2.92351181299978E-001 2.98970049172513E-001
50.9702209 2.90801301379824E-001 2.97372318950838E-001
51.0702031 2.89262598528664E-001 2.95786203487107E-001
51.1701853 2.87734912923898E-001 2.94211536338536E-001
51.2701714 2.86218087519080E-001 2.92648153965772E-001
51.3701538 2.84712139721537E-001 2.91096072663505E-001
51.4701400 2.83216857382510E-001 2.89555072158119E-001
51.5701225 2.81732258386723E-001 2.88025169276238E-001
51.6701050 2.80258190340802E-001 2.86506205384669E-001
51.7700914 2.78794503485535E-001 2.84998024603770E-001
51.8700741 2.77341216376882E-001 2.83500644509385E-001
51.9700606 2.75898126020960E-001 2.82013854424152E-001
52.0700434 2.74465251392639E-001 2.80537672392371E-001
52.1700263 2.73042447106303E-001 2.79071947143444E-001
52.2700130 2.71629570277200E-001 2.77616530019696E-001
52.3699959 2.70226640467814E-001 2.76171439723890E-001
52.4699827 2.68833463348247E-001 2.74736474655639E-001
52.5699658 2.67450058846762E-001 2.73311653928497E-001
52.6699489 2.66076288191982E-001 2.71896833217351E-001
52.7699359 2.64712014988166E-001 2.70491870677986E-001
52.8699192 2.63357259675233E-001 2.69096785999966E-001
52.9699063 2.62011836127547E-001 2.67711386173871E-001
53.0698897 2.60675765102549E-001 2.66335691247670E-001
53.1698731 2.59348914075418E-001 2.64969563452257E-001
53.2698603 2.58031152779244E-001 2.63612867375374E-001
53.3698439 2.56722502414136E-001 2.62265623566108E-001
53.4698313 2.55422784627899E-001 2.60927647150817E-001
53.5698149 2.54132020894333E-001 2.59598958989411E-001
53.6697986 2.52850084591400E-001 2.58279427504849E-001
53.7697861 2.51576851244236E-001 2.56968923360313E-001
53.8697699 2.50312342706662E-001 2.55667467848811E-001
53.9697576 2.49056387995919E-001 2.54374883805871E-001
54.0697415 2.47809009199728E-001 2.53091192792114E-001
54.1697254 2.46570085277201E-001 2.51816269082254E-001
54.2697133 2.45339497230389E-001 2.50549989081521E-001
54.3696973 2.44117267470161E-001 2.49292374721870E-001
54.4696852 2.42903232004090E-001 2.48043256147904E-001
54.5696694 2.41697413440825E-001 2.46802655519965E-001
54.6696536 2.40499696019509E-001 2.45570452646105E-001
54.7696417 2.39309965924060E-001 2.44346529361618E-001
54.8696260 2.38128246034661E-001 2.43130908142112E-001
54.9696142 2.36954378993244E-001 2.41923426065798E-001
55.0695986 2.35788387845002E-001 2.40724105801062E-001
55.1695831 2.34630161827024E-001 2.39532832391165E-001
55.2695714 2.33479592028658E-001 2.38349492809337E-001
55.3695560 2.32336701719810E-001 2.37174109988349E-001
55.4695444 2.31201339842313E-001 2.36006527587439E-001
55.5695291 2.30073529801360E-001 2.34846768699856E-001
55.6695138 2.28953165567558E-001 2.33694723324755E-001
55.7695023 2.27840142876531E-001 2.32550283299577E-001
55.8694872 2.26734485315733E-001 2.31413471935808E-001
55.9694758 2.25636047812458E-001 2.30284139142404E-001
56.0694607 2.24544854062508E-001 2.29162308362032E-001
56.1694457 2.23460802521974E-001 2.28047874287890E-001
56.2694345 2.22383793329655E-001 2.26940733365000E-001
56.3694196 2.21313850325145E-001 2.25840909212428E-001
56.4694085 2.20250834125394E-001 2.24748257677344E-001
56.5693936 2.19194768653936E-001 2.23662802483441E-001
56.6693788 2.18145556619562E-001 2.22584442772329E-001
56.7693678 2.17103102336058E-001 2.21513079355855E-001
56.8693531 2.16067429835913E-001 2.20448736096199E-001
56.9693423 2.15038405147304E-001 2.19391274485688E-001
57.0693276 2.14016052364566E-001 2.18340718467078E-001
57.1693130 2.13000278230571E-001 2.17296971399831E-001
57.2693023 2.11990991019784E-001 2.16259938236621E-001
57.3692878 2.10988214903971E-001 2.15229643024362E-001
57.4692772 2.09991821060296E-001 2.14205952624664E-001
57.5692628 2.09001833702390E-001 2.13188891143249E-001
57.6692484 2.08018163401780E-001 2.12178365940893E-001
57.7692379 2.07040722192208E-001 2.11174285898821E-001
57.8692236 2.06069534336238E-001 2.10176675195854E-001
57.9692132 2.05104475912890E-001 2.09185405803034E-001
58.0691990 2.04145571208533E-001 2.08200501938304E-001
58.1691849 2.03192734430204E-001 2.07221874760263E-001
58.2691746 2.02245881181551E-001 2.06249436879185E-001
58.3691605 2.01305035772132E-001 2.05283212558037E-001
58.4691503 2.00370078949808E-001 2.04323078632396E-001
58.5691363 1.99441035031642E-001 2.03369059386560E-001
58.6691224 1.98517821678478E-001 2.02421069585617E-001
58.7691123 1.97600357885706E-001 2.01479025381285E-001
58.8690985 1.96688667970353E-001 2.00542951077530E-001
58.9690885 1.95782637129282E-001 1.99612728143537E-001
59.0690747 1.94882289672327E-001 1.98688380888549E-001
59.1690610 1.93987546543115E-001 1.97769827504126E-001
59.2690511 1.93098329961055E-001 1.96856987506916E-001
59.3690374 1.92214664215024E-001 1.95949885202960E-001
59.4690277 1.91336438743368E-001 1.95048406477164E-001
59.5690141 1.90463677814538E-001 1.94152575626376E-001
59.6690006 1.89596305493864E-001 1.93262314099171E-001
59.7689909 1.88734247066812E-001 1.92377544610952E-001
59.8689774 1.87877526762048E-001 1.91498291434761E-001
59.9689678 1.87026038063411E-001 1.90624444665536E-001
60.0689545 1.86179805167244E-001 1.89756028554100E-001
60.1689411 1.85338755108804E-001 1.88892967646441E-001
60.2689316 1.84502816090746E-001 1.88035187700188E-001
60.3689184 1.83672012252721E-001 1.87182712923830E-001
60.4689090 1.82846240938854E-001 1.86335437428054E-001
60.5688958 1.82025526245802E-001 1.85493385387420E-001
60.6688827 1.81209798035645E-001 1.84656484294924E-001
60.7688734 1.80398987287865E-001 1.83824662802903E-001
60.8688603 1.79593118027270E-001 1.82997945026943E-001
60.9688511 1.78792091283165E-001 1.82176228909883E-001
61.0688381 1.77995931027802E-001 1.81359538522878E-001
61.1688251 1.77204569815098E-001 1.80547804164115E-001
61.2688160 1.76417941268953E-001 1.79740957241539E-001
61.3688031 1.75636069276207E-001 1.78939021752419E-001
61.4687941 1.74858858385713E-001 1.78141899298146E-001
61.5687813 1.74086332423213E-001 1.77349613822154E-001
61.6687685 1.73318426507068E-001 1.76562098294042E-001
61.7687596 1.72555076780613E-001 1.75779286746127E-001
61.8687469 1.71796306972078E-001 1.75001203034621E-001
61.9687381 1.71042024993106E-001 1.74227752255246E-001
62.0687254 1.70292254503217E-001 1.73458958201981E-001
62.1687128 1.69546933064915E-001 1.72694756389563E-001
62.2687041 1.68805999222953E-001 1.71935083350809E-001
62.3686916 1.68069476528569E-001 1.71179962780581E-001
62.4686829 1.67337276107763E-001 1.70429303113495E-001
62.5686704 1.66609421436300E-001 1.69683127974697E-001
62.6686580 1.65885852407180E-001 1.68941375304825E-001
62.7686494 1.65166509855065E-001 1.68203984020208E-001
62.8686371 1.64451417137889E-001 1.67470977636293E-001
62.9686286 1.63740488455391E-001 1.66742267779405E-001
63.0686163 1.63033747084041E-001 1.66017877888632E-001
63.1686040 1.62331135139915E-001 1.65297748217851E-001
63.2685918 1.61632622210938E-001 1.64581847185982E-001
63.3685872 1.60938125326929E-001 1.63870089354109E-001
63.4685751 1.60247720576682E-001 1.63162552299908E-001
63.5685630 1.59561325212577E-001 1.62459150821287E-001
63.6685509 1.58878909886285E-001 1.61759854448953E-001
63.7685388 1.58200445508561E-001 1.61064632984348E-001
63.8685344 1.57525851931185E-001 1.60373403917005E-001
63.9685224 1.56855203501791E-001 1.59686243046290E-001
64.0685105 1.56188420278936E-001 1.59003068081802E-001
64.1684986 1.55525474183255E-001 1.58323849880112E-001
64.2684867 1.54866337381393E-001 1.57648559554778E-001
64.3684824 1.54210932426668E-001 1.56977117397872E-001
64.4684706 1.53559331969231E-001 1.56309597474895E-001
64.5684588 1.52911458754462E-001 1.55645920282368E-001
64.6684470 1.52267285908129E-001 1.54986057935607E-001
64.7684353 1.51626786789689E-001 1.54329982793963E-001
64.8684312 1.50989886539710E-001 1.53677617832599E-001
64.9684195 1.50356656153598E-001 1.53029035426669E-001
65.0684079 1.49727020950266E-001 1.52384158741230E-001
65.1683963 1.49100955200437E-001 1.51742961087091E-001
65.2683847 1.48478433396906E-001 1.51105416006887E-001
65.3683808 1.47859383158983E-001 1.50471449045512E-001
65.4683692 1.47243873869122E-001 1.49841130930347E-001
65.5683578 1.46631833312183E-001 1.49214387382604E-001
65.6683463 1.46023236847089E-001 1.48591192848954E-001
65.7683349 1.45418060043877E-001 1.47971521996380E-001
65.8683311 1.44816232897527E-001 1.47355302831864E-001
65.9683197 1.44217823218384E-001 1.46742604476644E-001
66.0683084 1.43622761155045E-001 1.46133355101365E-001
66.1682971 1.43031023101082E-001 1.45527530232309E-001
66.2682858 1.42442585650836E-001 1.44925105605215E-001
66.3682821 1.41857381077013E-001 1.44326011586901E-001
66.4682709 1.41275475657743E-001 1.43730315733147E-001
66.5682597 1.40696801808213E-001 1.43137948562624E-001
66.6682485 1.40121336906094E-001 1.42548886628158E-001
66.7682374 1.39549058520054E-001 1.41963106681772E-001
66.8682339 1.38979901107410E-001 1.41380541352952E-001
66.9682228 1.38413929453026E-001 1.40801256671748E-001
67.0682118 1.37851078146309E-001 1.40225185408483E-001
67.1682007 1.37291325501285E-001 1.39652305092414E-001
67.2681897 1.36734650013755E-001 1.39082593442321E-001
67.3681864 1.36180988237082E-001 1.38515985257969E-001
67.4681754 1.35630403500877E-001 1.37952545082470E-001
67.5681645 1.35082832480893E-001 1.37392207846145E-001
67.6681536 1.34538254382413E-001 1.36834952007367E-001
67.7681428 1.33996648583772E-001 1.36280756204883E-001
67.8681396 1.33457953650116E-001 1.35729557320866E-001
67.9681288 1.32922231492881E-001 1.35181418449344E-001
68.0681180 1.32389420790546E-001 1.34636276593445E-001
68.1681072 1.31859501597020E-001 1.34094111095949E-001
68.2680965 1.31332454131024E-001 1.33554901471368E-001
68.3680934 1.30808218889269E-001 1.33018586600664E-001
68.4680827 1.30286856401178E-001 1.32485228165704E-001
68.5680721 1.29768307268348E-001 1.31954765159448E-001
68.6680615 1.29252552353005E-001 1.31427177766823E-001
68.7680509 1.28739572674392E-001 1.30902446336317E-001
68.8680479 1.28229310584410E-001 1.30380511668086E-001
68.9680374 1.27721825265716E-001 1.29861434067842E-001
69.0680269 1.27217059167200E-001 1.29345154439373E-001
69.1680164 1.26714993921279E-001 1.28831653769794E-001
69.2680059 1.26215611310016E-001 1.28320913202054E-001
69.3680031 1.25718855467728E-001 1.27812875379697E-001
69.4679927 1.25224784264667E-001 1.27307599267383E-001
69.5679823 1.24733341924768E-001 1.26805027604478E-001
69.6679719 1.24244510814563E-001 1.26305142142487E-001
69.7679615 1.23758273443248E-001 1.25807924781432E-001
69.8679589 1.23274575658214E-001 1.25313319936033E-001
69.9679486 1.22793474050775E-001 1.24821385264101E-001
70.0679383 1.22314914551053E-001 1.24332065268882E-001
70.1679281 1.21838880225541E-001 1.23845342430496E-001
70.2679178 1.21365354276785E-001 1.23361199370660E-001
70.3679153 1.20894284199133E-001 1.22879582206441E-001
70.4679051 1.20425725337568E-001 1.22400547322130E-001
70.5678949 1.19959625262740E-001 1.21924040916503E-001
70.6678848 1.19495967708756E-001 1.21450046164433E-001
70.7678747 1.19034736539518E-001 1.20978546375837E-001
70.8678723 1.18575880833275E-001 1.20509489304500E-001
70.9678622 1.18119454720434E-001 1.20042930093658E-001
71.0678522 1.17665407349534E-001 1.19578816572445E-001
71.1678422 1.17213723091660E-001 1.19117132578414E-001
71.2678322 1.16764386441754E-001 1.18657862077951E-001
71.3678299 1.16317348001802E-001 1.18200954398975E-001
71.4678200 1.15872660718554E-001 1.17746463475277E-001
71.5678100 1.15430275258674E-001 1.17294338704177E-001
71.6678002 1.14990176601180E-001 1.16844564555520E-001
71.7677903 1.14552349843325E-001 1.16397125622106E-001
71.8677881 1.14116747053411E-001 1.15951972746261E-001
71.9677783 1.13683420024630E-001 1.15509158683116E-001
72.0677685 1.13252320884714E-001 1.15068634338844E-001
72.1677587 1.12823435193086E-001 1.14630384786786E-001
72.2677489 1.12396748622070E-001 1.14194395217659E-001
72.3677468 1.11972214651451E-001 1.13760617931195E-001
72.4677371 1.11549883950166E-001 1.13329104533829E-001
72.5677275 1.11129710052531E-001 1.12899807383947E-001
72.6677178 1.10711679072262E-001 1.12472712131083E-001
72.7677082 1.10295777230915E-001 1.12047804536856E-001
72.8677062 1.09881959367393E-001 1.11625038303967E-001
72.9676966 1.09470275054890E-001 1.11204463919329E-001
73.0676870 1.09060679182262E-001 1.10786035139448E-001
73.1676774 1.08653158392741E-001 1.10369738164151E-001
73.2676679 1.08247699432604E-001 1.09955559300337E-001
73.3676660 1.07844258449832E-001 1.09543453601684E-001
73.4676565 1.07442883949627E-001 1.09133470463966E-001
73.5676471 1.07043532125644E-001 1.08725564990136E-001
73.6676376 1.06646190127123E-001 1.08319723905746E-001
73.7676282 1.06250845201793E-001 1.07915934038656E-001
73.8676264 1.05857454758883E-001 1.07514151743840E-001
73.9676171 1.05466066262608E-001 1.07114425353561E-001
74.0676077 1.05076637163874E-001 1.06716711267832E-001
74.1675984 1.04689155095608E-001 1.06320996714610E-001
74.2675890 1.04303607784894E-001 1.05927269019635E-001
74.3675874 1.03919953856485E-001 1.05535485791690E-001
74.4675781 1.03538239759875E-001 1.05145694326404E-001
74.5675688 1.03158424157755E-001 1.04757852273642E-001
74.6675596 1.02780495145537E-001 1.04371947341620E-001
74.7675504 1.02404440908681E-001 1.03987967332047E-001
74.8675488 1.02030221243719E-001 1.03605871062103E-001
74.9675396 1.01657881610985E-001 1.03225704816937E-001
75.0675305 1.01287381841459E-001 1.02847427451116E-001
75.1675213 1.00918710472899E-001 1.02471027132085E-001
75.2675122 1.00551856129201E-001 1.02096492116706E-001
75.3675108 1.00186779736828E-001 1.01723782387120E-001
75.4675017 9.98235257918160E-002 1.01352943243442E-001
75.5674926 9.94620552518139E-002 1.00983934701745E-001
75.6674836 9.91023570777819E-002 1.00616745368725E-001
75.7674746 9.87444203131071E-002 1.00251363936617E-001
75.8674732 9.83882069741239E-002 9.98877515109654E-002
75.9674642 9.80337606167592E-002 9.95259524315978E-002
76.0674553 9.76810432854880E-002 9.91659278347622E-002
76.1674463 9.73300443462760E-002 9.88076667474143E-002
76.2674374 9.69807532439841E-002 9.84511582783645E-002
76.3674361 9.66331330464710E-002 9.80963646167796E-002
76.4674273 9.62872263930767E-002 9.77433291662760E-002
76.5674184 9.59429963769555E-002 9.73920141437103E-002
76.6674096 9.56004327517713E-002 9.70424089782424E-002
76.7674007 9.52595253467253E-002 9.66945031773840E-002
76.8673996 9.49202382444719E-002 9.63482599758368E-002
76.9673908 9.45826131906460E-002 9.60037218644245E-002
77.0673820 9.42466142905400E-002 9.56608521027230E-002
77.1673732 9.39122316690531E-002 9.53196405049258E-002
77.2673645 9.35794555234261E-002 9.49800769602459E-002
77.3673634 9.32482509159223E-002 9.46421257124410E-002
77.4673547 9.29186587207265E-002 9.43058283623194E-002
77.5673461 9.25906440202579E-002 9.39711491758831E-002
77.6673374 9.22641972949848E-002 9.36380783360240E-002
77.7673288 9.19393090946745E-002 9.33066060974825E-002
77.8673278 9.16159454274787E-002 9.29766976781227E-002
77.9673192 9.12941463177773E-002 9.26483938108911E-002
78.0673106 9.09738777915609E-002 9.23216597334405E-002
78.1673020 9.06551306699528E-002 9.19964859818155E-002
78.2672935 9.03378958404803E-002 9.16728631608914E-002
78.3672925 9.00221402248575E-002 9.13507574291435E-002
78.4672840 8.97079030187121E-002 9.10302086732039E-002
78.5672755 8.93951511594339E-002 9.07111830690441E-002
78.6672671 8.90838757946017E-002 9.03936714910630E-002
78.7672586 8.87740681354402E-002 9.00776648796169E-002
78.8672578 8.84656959862284E-002 8.97631303016817E-002
78.9672493 8.81587977343169E-002 8.94501068185318E-002
79.0672409 8.78533411976419E-002 8.91385615124993E-002
79.1672325 8.75493178367120E-002 8.88284855822462E-002
79.2672242 8.72467191730541E-002 8.85198702896544E-002
79.3672234 8.69455138637796E-002 8.82126835794082E-002
79.4672151 8.66457395078753E-002 8.79069637078061E-002
79.5672068 8.63473647742268E-002 8.76026786328915E-002
79.6671985 8.60503814233850E-002 8.72998198641662E-002
79.7671902 8.57547812744164E-002 8.69983789717449E-002
79.8671895 8.54605338087364E-002 8.66983247484827E-002
79.9671813 8.51676758563361E-002 8.63996946655253E-002
80.0671730 8.48761769086481E-002 8.61024575272235E-002
80.1671648 8.45860290139846E-002 8.58066051411300E-002
80.2671566 8.42972242767867E-002 8.55121293729252E-002
80.3671560 8.40097329753934E-002 8.52189998352930E-002
80.4671478 8.37235911896368E-002 8.49272532335059E-002
80.5671397 8.34387692062353E-002 8.46368591900059E-002
80.6671315 8.31552593495535E-002 8.43478097982065E-002
80.7671234 8.28730539978089E-002 8.40600972072809E-002
80.8671229 8.25921241999786E-002 8.37736918225386E-002
80.9671148 8.23125053040560E-002 8.34886296021307E-002
81.0671067 8.20341683658708E-002 8.32048809595044E-002
81.1670987 8.17571059746739E-002 8.29224382623136E-002
81.2670906 8.14813107713991E-002 8.26412939317123E-002
81.3670902 8.12067545504181E-002 8.23614191395194E-002
81.4670822 8.09334719457058E-002 8.20828491150019E-002
81.5670742 8.06614347570636E-002 8.18055550366059E-002
81.6670662 8.03906358279784E-002 8.15295295351422E-002
81.7670583 8.01210680515492E-002 8.12547652927682E-002
81.8670579 7.98527039432942E-002 8.09812342227302E-002
81.9670500 7.95855774405020E-002 8.07089708431499E-002
82.0670421 7.93196610627955E-002 8.04379470724940E-002
82.1670342 7.90549478977349E-002 8.01681557941585E-002
82.2670263 7.87914310805163E-002 7.98995899408305E-002
82.3670260 7.85290838245062E-002 7.96322221430903E-002
82.4670182 7.82679393871650E-002 7.93660862251678E-002
82.5670103 7.80079709847305E-002 7.91011548215533E-002
82.6670025 7.77491719391367E-002 7.88374210581402E-002
82.7669947 7.74915356180668E-002 7.85748781081511E-002
82.8669945 7.72350359103433E-002 7.83134992963489E-002
82.9669867 7.69797054099973E-002 7.80533177698546E-002
83.0669790 7.67255180075741E-002 7.77943068561207E-002
83.1669712 7.64724672501219E-002 7.75364599139097E-002
83.2669635 7.62205467286366E-002 7.72797703474406E-002
83.3669634 7.59697309858689E-002 7.70242121534067E-002
83.4669556 7.57200519683717E-002 7.67698178181443E-002
83.5669479 7.54714842195519E-002 7.65165613399017E-002
83.6669403 7.52240215027284E-002 7.62644363011177E-002
83.7669326 7.49776576234477E-002 7.60134363278992E-002
83.8669326 7.47323677576877E-002 7.57635360674773E-002
83.9669249 7.44881832200410E-002 7.55147673612833E-002
84.0669173 7.42450791861493E-002 7.52671048570475E-002
84.1669097 7.40030496271561E-002 7.50205423521064E-002
84.2669021 7.37620885547885E-002 7.47750736857562E-002
84.3669022 7.35221717583390E-002 7.45306741351924E-002
84.4668946 7.32833299355362E-002 7.42873749123893E-002
84.5668870 7.30455388744153E-002 7.40451512940612E-002
84.6668795 7.28087927458734E-002 7.38039972840558E-002
84.7668720 7.25730857598208E-002 7.35639069265490E-002
84.8668721 7.23383942997068E-002 7.33248561089116E-002
84.9668646 7.21047484610820E-002 7.30868754286886E-002
85.0668571 7.18721246252837E-002 7.28499407718588E-002
85.1668496 7.16405171552492E-002 7.26140463407685E-002
85.2668422 7.14099204514282E-002 7.23791863765329E-002
85.3668424 7.11803114729898E-002 7.21453373576570E-002
85.4668349 7.09517197275950E-002 7.19125292818775E-002
85.5668275 7.07241221715083E-002 7.16807386254625E-002
85.6668201 7.04975133523341E-002 7.14499597815987E-002
85.7668127 7.02718878537533E-002 7.12201871807509E-002
85.8668130 7.00472231929067E-002 7.09913978742335E-002
85.9668056 6.98235483034689E-002 7.07636212741996E-002
86.0667983 6.96008406989417E-002 7.05368344289433E-002
86.1667909 6.93790951045455E-002 7.03110319151702E-002
86.2667836 6.91583062802048E-002 7.00862083454388E-002
86.3667839 6.89384522839434E-002 6.98623413262325E-002
86.4667766 6.87195614889767E-002 6.96394596979609E-002
86.5667694 6.85016119490099E-002 6.94175410633616E-002
86.6667621 6.82845985601359E-002 6.91965801756578E-002
86.7667548 6.80685162518382E-002 6.89765718225630E-002
86.8667552 6.78533436065661E-002 6.87574941487434E-002
86.9667480 6.76391084502387E-002 6.85393754363326E-002
87.0667408 6.74257893603580E-002 6.83221938255794E-002
87.1667336 6.72133813974376E-002 6.81059442395288E-002
87.2667264 6.70018796541251E-002 6.78906216344114E-002
87.3667268 6.67912632214406E-002 6.76762046767167E-002
87.4667197 6.65815593908168E-002 6.74627211034071E-002
87.5667125 6.63727472477460E-002 6.72501495759339E-002
87.6667054 6.61648220109887E-002 6.70384851807566E-002
87.7666983 6.59577789302365E-002 6.68277230362729E-002
87.8666988 6.57515975898036E-002 6.66178423150352E-002
87.9666917 6.55463047591025E-002 6.64088702215873E-002
88.0666846 6.53418800163844E-002 6.62007859228705E-002
88.1666775 6.51383187327468E-002 6.59935846626277E-002
88.2666705 6.49356163090676E-002 6.57872617153459E-002
88.3666710 6.47337528082310E-002 6.55817967444542E-002
88.4666640 6.45327544897627E-002 6.53772164344886E-002
88.5666570 6.43326014099910E-002 6.51735004427386E-002
88.6666500 6.41332890866931E-002 6.49706441643619E-002
88.7666429 6.39348130663238E-002 6.47686430241171E-002
88.8666436 6.37371538761440E-002 6.45674771616722E-002
88.9666366 6.35403372776012E-002 6.43671727536355E-002
89.0666296 6.33443437909472E-002 6.41677099330489E-002
89.1666227 6.31491690752205E-002 6.39690842408660E-002
89.2666157 6.29548088170813E-002 6.37712912465465E-002
89.3666164 6.27612439944809E-002 6.35743115518867E-002
89.4666095 6.25684998822836E-002 6.33781708373238E-002
89.5666026 6.23765574510156E-002 6.31828496975808E-002
89.6665957 6.21854124957866E-002 6.29883438140260E-002
89.7665889 6.19950608383168E-002 6.27946488954849E-002
89.8665896 6.18054838940485E-002 6.26017459922759E-002
89.9665828 6.16167064624519E-002 6.24096603001090E-002
90.0665759 6.14287099511627E-002 6.22183728618181E-002
90.1665691 6.12414902863898E-002 6.20278794940320E-002
90.2665622 6.10550434199831E-002 6.18381760398314E-002
90.3665631 6.08693511921420E-002 6.16492439849326E-002
90.4665563 6.06844379378362E-002 6.14611080514594E-002
90.5665495 6.05002854891100E-002 6.12737497172676E-002
90.6665427 6.03168898985061E-002 6.10871649293072E-002
90.7665359 6.01342472432795E-002 6.09013496600175E-002
90.8665368 5.99523397761001E-002 6.07162858178524E-002
90.9665301 5.97711913780427E-002 6.05319976621948E-002
91.0665233 5.95907842933039E-002 6.03484670932941E-002
91.1665166 5.94111146961929E-002 6.01656901836885E-002
91.2665099 5.92321787848405E-002 5.99836630304832E-002
91.3665108 5.90539592125296E-002 5.98023679526526E-002
91.4665041 5.88764794167655E-002 5.96218287573982E-002
91.5664975 5.86997220420684E-002 5.94420277551765E-002
91.6664908 5.85236833801349E-002 5.92629611395775E-002
91.7664842 5.83483597456289E-002 5.90846251278727E-002
91.8664851 5.81737341809995E-002 5.89070024377670E-002
91.9664785 5.79998296902372E-002 5.87301164345610E-002
92.0664719 5.78266293067663E-002 5.85539498271567E-002
92.1664653 5.76541294354709E-002 5.83784989258452E-002
92.2664587 5.74823265033838E-002 5.82037600637511E-002
92.3664597 5.73112039310682E-002 5.80297163459275E-002
92.4664531 5.71407842987910E-002 5.78563907057852E-002
92.5664466 5.69710510178535E-002 5.76837662393160E-002
92.6664400 5.68020006022993E-002 5.75118393693406E-002
92.7664335 5.66336295875353E-002 5.73406065406997E-002
92.8664346 5.64659217615656E-002 5.71700512348045E-002
92.9664281 5.62988992904685E-002 5.70001959629245E-002
93.0664215 5.61325459527726E-002 5.68310241971764E-002
93.1664150 5.59668583678168E-002 5.66625324689089E-002
93.2664086 5.58018331755489E-002 5.64947173307103E-002
93.3664097 5.56374545211044E-002 5.63275626297360E-002
93.4664032 5.54737441656594E-002 5.61610904646084E-002
93.5663968 5.53106862446826E-002 5.59952846729783E-002
93.6663903 5.51482774790993E-002 5.58301418908834E-002
93.7663839 5.49865146097203E-002 5.56656587748519E-002
93.8663851 5.48253821288516E-002 5.55018195275307E-002
93.9663787 5.46649014018130E-002 5.53386458441421E-002
94.0663723 5.45050569110726E-002 5.51761219176400E-002
94.1663659 5.43458454755831E-002 5.50142444850668E-002
94.2663595 5.41872639334876E-002 5.48530103032366E-002
94.3663607 5.40292971146376E-002 5.46924039203821E-002
94.4663544 5.38719659973070E-002 5.45324466373315E-002
94.5663480 5.37152554013575E-002 5.43731229924568E-002
94.6663417 5.35591622403522E-002 5.42144298202690E-002
94.7663353 5.34036834463770E-002 5.40563639743603E-002
94.8663366 5.32488041775256E-002 5.38989103389765E-002
94.9663303 5.30945450336088E-002 5.37420898293251E-002
95.0663240 5.29408911625977E-002 5.35858873196427E-002
95.1663177 5.27878395693835E-002 5.34302997385136E-002
95.2663114 5.26353872767407E-002 5.32753240329406E-002
95.3663128 5.24835197620114E-002 5.31209454139303E-002
95.4663065 5.23322572549056E-002 5.29671844196157E-002
95.5663002 5.21815852225264E-002 5.28140262508637E-002
95.6662940 5.20315007579424E-002 5.26614679270715E-002
95.7662878 5.18820009714902E-002 5.25095064854189E-002
95.8662892 5.17330716510640E-002 5.23581274547280E-002
95.9662829 5.15847326644202E-002 5.22073510043840E-002
96.0662767 5.14369697891138E-002 5.20571626529556E-002
96.1662705 5.12897802033633E-002 5.19075595075220E-002
96.2662643 5.11431611020643E-002 5.17585386923337E-002
96.3662658 5.09970985752530E-002 5.16100860453791E-002
96.4662596 5.08516121366704E-002 5.14622213754078E-002
96.5662535 5.07066878659282E-002 5.13149305100572E-002
96.6662473 5.05623230234862E-002 5.11682106410803E-002
96.7662412 5.04185148859130E-002 5.10220589768138E-002
96.8662427 5.02752498372518E-002 5.08764616560477E-002
96.9662365 5.01325470449643E-002 5.07314381348011E-002
97.0662304 4.99903928825973E-002 5.05869745414291E-002
97.1662243 4.98487846900563E-002 5.04430681494684E-002
97.2662182 4.97077198228100E-002 5.02997162484750E-002
97.3662198 4.95671849510378E-002 5.01569052699480E-002
97.4662137 4.94271989034607E-002 5.00146543248795E-002
97.5662076 4.92877483397030E-002 4.98729498342641E-002
97.6662016 4.91488306764293E-002 4.97317891506445E-002
97.7661955 4.90104433453423E-002 4.95911696420402E-002
97.8661971 4.88725732951411E-002 4.94510780248305E-002
97.9661911 4.87352390231539E-002 4.93115330724874E-002
98.0661851 4.85984274674784E-002 4.91725214908293E-002
98.1661791 4.84621361189546E-002 4.90340407087344E-002
98.2661730 4.83263624829564E-002 4.88960881700367E-002
98.3661747 4.81910937793315E-002 4.87586508684199E-002
98.4661687 4.80563481811765E-002 4.86217472471522E-002
98.5661627 4.79221128977023E-002 4.84853642893117E-002
98.6661568 4.77883854914407E-002 4.83494994975455E-002
98.7661508 4.76551635389719E-002 4.82141503889546E-002
98.8661525 4.75224345241563E-002 4.80793042271942E-002
98.9661465 4.73902163028399E-002 4.79449791324610E-002
99.0661406 4.72584963482218E-002 4.78111623577708E-002
99.1661347 4.71272722921362E-002 4.76778514770708E-002
99.2661288 4.69965417799989E-002 4.75450440782802E-002
99.3661305 4.68662925527745E-002 4.74127276879268E-002
99.4661246 4.67365421558635E-002 4.72809201100876E-002
99.5661187 4.66072783195541E-002 4.71496088606280E-002
99.6661128 4.64784987426846E-002 4.70187915824212E-002
99.7661070 4.63502011372264E-002 4.68884659318484E-002
99.8661087 4.62223734945569E-002 4.67586196914372E-002
99.9661029 4.60950330562665E-002 4.66292703559217E-002
100.0660970 4.59681678030508E-002 4.65004056971537E-002
100.1660912 4.58417754985414E-002 4.63720234246483E-002
100.2660854 4.57158539190703E-002 4.62441212609822E-002
100.3660872 4.55903912999481E-002 4.61166872380268E-002
100.4660814 4.54654045854239E-002 4.59897385477806E-002
100.5660756 4.53408820001290E-002 4.58632632114350E-002
100.6660698 4.52168213703602E-002 4.57372590029492E-002
100.7660640 4.50932205346986E-002 4.56117237089145E-002
100.8660658 4.49700679661104E-002 4.54866456040990E-002
100.9660601 4.48473803178108E-002 4.53620415842083E-002
101.0660543 4.47251460520978E-002 4.52378999133346E-002
101.1660486 4.46033630558848E-002 4.51142184277662E-002
101.2660428 4.44820292279694E-002 4.49909949760103E-002
101.3660447 4.43611332728907E-002 4.48682180694862E-002
101.4660390 4.42406915589820E-002 4.47459043138883E-002
101.5660333 4.41206927801322E-002 4.46240422099720E-002
101.6660275 4.40011348818998E-002 4.45026296543190E-002
101.7660218 4.38820158213420E-002 4.43816645553320E-002
101.8660238 4.37633245286768E-002 4.42611356550301E-002
101.9660181 4.36450770933539E-002 4.41410592752224E-002
102.0660124 4.35272624349661E-002 4.40214241472832E-002
102.1660067 4.34098785558183E-002 4.39022282261278E-002
102.2660011 4.32929234693431E-002 4.37834694781094E-002
102.3660031 4.31763863257240E-002 4.36651368699823E-002
102.4659974 4.30602829413786E-002 4.35472464456448E-002
102.5659918 4.29446024558965E-002 4.34297871612322E-002
102.6659861 4.28293429265009E-002 4.33127570281066E-002
102.7659805 4.27145024211846E-002 4.31961540686984E-002
102.8659825 4.26000703045588E-002 4.30799674688129E-002
102.9659769 4.24860621257158E-002 4.29642130002647E-002
103.0659713 4.23724672387100E-002 4.28488798382723E-002
103.1659657 4.22592837539213E-002 4.27339660488266E-002
103.2659601 4.21465097921551E-002 4.26194697086319E-002
103.3659622 4.20341349270800E-002 4.25053802170334E-002
103.4659566 4.19221744460305E-002 4.23917130794464E-002
103.5659511 4.18106179121615E-002 4.22784576846676E-002
103.6659455 4.16994634873128E-002 4.21656121515662E-002
103.7659400 4.15887093434182E-002 4.20531746093825E-002
103.8659421 4.14783452579968E-002 4.19411346656590E-002
103.9659365 4.13683862620562E-002 4.18295075649558E-002
104.0659310 4.12588221226496E-002 4.17182829043105E-002
104.1659255 4.11496510514421E-002 4.16074588537840E-002
104.2659200 4.10408712698727E-002 4.14970335934783E-002
104.3659221 4.09324727542608E-002 4.13869969339518E-002
104.4659166 4.08244702845858E-002 4.12773638643187E-002
104.5659112 4.07168538267536E-002 4.11681241846811E-002
104.6659057 4.06096216406788E-002 4.10592761146662E-002
104.7659002 4.05027719957419E-002 4.09508178836247E-002
104.8659024 4.03962950621627E-002 4.08427395001049E-002
104.9658969 4.02902053740635E-002 4.07350557030532E-002
105.0658915 4.01844930913075E-002 4.06277564906148E-002
105.1658860 4.00791565205401E-002 4.05208401304171E-002
105.2658806 3.99741939775755E-002 4.04143048995045E-002
105.3658828 3.98695958217814E-002 4.03081409995403E-002
105.4658774 3.97653763464673E-002 4.02023629244523E-002
105.5658720 3.96615259007047E-002 4.00969608655579E-002
105.6658666 3.95580428364059E-002 3.99919331369750E-002
105.7658612 3.94549255143651E-002 3.98872780619429E-002
105.8658634 3.93521644784851E-002 3.97829860305098E-002
105.9658580 3.92497737861865E-002 3.96790712966097E-002
106.0658527 3.91477439711405E-002 3.95755242400064E-002
106.1658473 3.90460734291141E-002 3.94723432198524E-002
106.2658419 3.89447605644802E-002 3.93695266041368E-002
106.3658442 3.88437961012001E-002 3.92670649667026E-002
106.4658389 3.87431938656109E-002 3.91649723263944E-002
106.5658335 3.86429445715102E-002 3.90632392468354E-002
106.6658282 3.85430466571580E-002 3.89618641308093E-002
106.7658229 3.84434985691544E-002 3.88608453896618E-002
106.8658252 3.83442912071742E-002 3.87601737765758E-002
106.9658199 3.82454381711607E-002 3.86598630800922E-002
107.0658146 3.81469303506958E-002 3.85599040432424E-002
107.1658093 3.80487662252198E-002 3.84602951110876E-002
107.2658040 3.79509442822554E-002 3.83610347369861E-002
107.3658063 3.78534555929729E-002 3.82621138491363E-002
107.4658011 3.77563135354998E-002 3.81635460104472E-002
107.5657958 3.76595091709867E-002 3.80653221390369E-002
107.6657905 3.75630410187871E-002 3.79674407209385E-002
107.7657853 3.74669076060889E-002 3.78699002502265E-002
107.8657877 3.73711001714613E-002 3.77726918259166E-002
107.9657824 3.72756318756856E-002 3.76758287898458E-002
108.0657772 3.71804939473875E-002 3.75793022310236E-002
108.1657720 3.70856849446111E-002 3.74831106751950E-002
108.2657667 3.69912034329959E-002 3.73872526559003E-002
108.3657692 3.68970408145325E-002 3.72917194388961E-002
108.4657639 3.68032100370188E-002 3.71965241493987E-002
108.5657587 3.67097024925804E-002 3.71016580432351E-002
108.6657536 3.66165167767726E-002 3.70071196846470E-002
108.7657484 3.65236514925145E-002 3.69129076454333E-002
108.8657508 3.64310982013552E-002 3.68190133541327E-002
108.9657456 3.63388696423688E-002 3.67254497236869E-002
109.0657405 3.62469573673199E-002 3.66322081727838E-002
