0.0053140 8.09821497714272E+000 2.81994162928976E+003
0.0210792 3.10848809371720E+001 2.75744748894027E+003
0.0467942 6.54483126798992E+001 2.65950770232365E+003
0.0817065 1.06494721068221E+002 2.53399182362610E+003
0.1249105 1.49497532759467E+002 2.38960858871288E+003
0.1754417 1.90551089963529E+002 2.23462884290414E+003
0.2323515 2.26962626693582E+002 2.07606794272152E+003
0.2947571 2.57250679476194E+002 1.91934435336709E+003
0.3618673 2.80917158325854E+002 1.76829420967297E+003
0.4329916 2.98148018965694E+002 1.62538425452250E+003
0.5075377 3.09537481220901E+002 1.49200082100566E+003
0.5850032 3.15876033816708E+002 1.36873463429387E+003
0.6649650 3.18006639693906E+002 1.25562539825000E+003
0.7470680 3.16737788155165E+002 1.15235337878040E+003
0.8310139 3.12797732776158E+002 1.05838249470331E+003
0.9165527 3.06815849695120E+002 9.73060376090019E+002
1.0034738 2.99320305631811E+002 8.95686808627354E+002
1.0915995 2.90744646667449E+002 8.25558300377857E+002
1.1807797 2.81438486253201E+002 7.61995322232556E+002
1.2708868 2.71679603261357E+002 7.04358708366509E+002
1.3618115 2.61685675158549E+002 6.52057449617164E+002
1.4534610 2.51624927617231E+002 6.04551463048932E+002
1.5457546 2.41625590641116E+002 5.61352007207483E+002
1.6386236 2.31783620148528E+002 5.22018693880628E+002
1.7320075 2.22169453374107E+002 4.86157104168038E+002
1.8258543 2.12833225093284E+002 4.53414391276741E+002
1.9201186 2.03809206406257E+002 4.23475729891603E+002
2.0147601 1.95119380229118E+002 3.96060701465949E+002
2.1097440 1.86776103747622E+002 3.70919211694523E+002
2.2050388 1.78784511599945E+002 3.47828682998656E+002
2.3006174 1.71144147944781E+002 3.26590581261477E+002
2.3964555 1.63850429734416E+002 3.07027873824282E+002
2.4925310 1.56895795852080E+002 2.88982695944168E+002
2.5888248 1.50270449416146E+002 2.72313850084822E+002
2.6853193 1.43963162628067E+002 2.56895216759332E+002
2.7819988 1.37961685545833E+002 2.42613757942336E+002
2.8788497 1.32253198622298E+002 2.29368140128138E+002
2.9758588 1.26824657703331E+002 2.17067487872531E+002
3.0730149 1.21662933368144E+002 2.05629998235442E+002
3.1703074 1.16755088929768E+002 1.94982146304887E+002
3.2677268 1.12088420958831E+002 1.85057582298986E+002
3.3652646 1.07650601337221E+002 1.75796443902957E+002
3.4629133 1.03429709127194E+002 1.67144584408917E+002
3.5606650 9.94143523252904E+001 1.59053114229818E+002
3.6585133 9.55935726206000E+001 1.51477605968919E+002
3.7564523 9.19569393886763E+001 1.44377778114338E+002
3.8544764 8.84945317616859E+001 1.37717024343865E+002
3.9525810 8.51969186228876E+001 1.31462005614418E+002
4.0507604 8.20552106128881E+001 1.25582431527815E+002
4.1490108 7.90609518204014E+001 1.20050583370875E+002
4.2473280 7.62061666375784E+001 1.14841170152420E+002
4.3457083 7.34833250447272E+001 1.09931062012969E+002
4.4441489 7.08853107853363E+001 1.05299058665023E+002
4.5426454 6.84054500246946E+001 1.00925788974354E+002
4.6411954 6.60374166181652E+001 9.67934111589167E+001
4.7397961 6.37752619293160E+001 9.28855526181893E+001
4.8384450 6.16133822486545E+001 8.91871531150124E+001
4.9371399 5.95464898148159E+001 8.56843282953038E+001
5.0358779 5.75696331173556E+001 8.23643276296357E+001
5.1346571 5.56781198914126E+001 7.92153372751304E+001
5.2334756 5.38675398642280E+001 7.62264604375864E+001
5.3323316 5.21337384085141E+001 7.33876215463361E+001
5.4312238 5.04727933616585E+001 7.06894827442064E+001
5.5301496 4.88810317617425E+001 6.81234305805220E+001
5.6291079 4.73549685787234E+001 6.56814409243168E+001
5.7280973 4.58913257412791E+001 6.33560785854935E+001
5.8271164 4.44870118349426E+001 6.11404365767928E+001
5.9261644 4.31391043303144E+001 5.90280831438098E+001
6.0252392 4.18448642500655E+001 5.70130623831220E+001
6.1243401 4.06016875215563E+001 5.50897982318826E+001
6.2234659 3.94071214691155E+001 5.32531027976893E+001
6.3226158 3.82588493825820E+001 5.14981365094908E+001
6.4217891 3.71546770459951E+001 4.98203733585017E+001
6.5209840 3.60925458087937E+001 4.82156079380894E+001
6.6202001 3.50704937308404E+001 4.66798850025740E+001
6.7194366 3.40866700293724E+001 4.52095112588260E+001
6.8186927 3.31393233366317E+001 4.38010283688234E+001
6.9179682 3.22267914652735E+001 4.24511894050417E+001
7.0172613 3.13475130661878E+001 4.11569684997088E+001
7.1165720 3.04999963103462E+001 3.99155077287238E+001
7.2158999 2.96828277378832E+001 3.87241242141938E+001
7.3152432 2.88946823829670E+001 3.75803191109519E+001
7.4146030 2.81342776671392E+001 3.64817055254041E+001
7.5139770 2.74004254620503E+001 3.54260794429441E+001
7.6133666 2.66919702674901E+001 3.44113262235153E+001
7.7127702 2.60078353224694E+001 3.34354832602054E+001
7.8121865 2.53469972699261E+001 3.24966999379335E+001
7.9116168 2.47084652059932E+001 3.15932048977239E+001
8.0110589 2.40913213709598E+001 3.07233608895916E+001
8.1105143 2.34946696769971E+001 2.98855893083216E+001
8.2099815 2.29176748739630E+001 2.90784230885853E+001
8.3094593 2.23595416589338E+001 2.83004749595061E+001
8.4089492 2.18194973088226E+001 2.75504113594928E+001
8.5084489 2.12968264042163E+001 2.68269989355813E+001
8.6079599 2.07908276169782E+001 2.61290428306527E+001
8.7074812 2.03008471608462E+001 2.54554314980154E+001
8.8070112 1.98262614029145E+001 2.48051111283761E+001
8.9065517 1.93664623308682E+001 2.41770645249312E+001
9.0061006 1.89208873390570E+001 2.35703506691240E+001
9.1056593 1.84889826698261E+001 2.29840536698476E+001
9.2052267 1.80702321322612E+001 2.24173208954283E+001
9.3048016 1.76641425012586E+001 2.18693420856707E+001
9.4043856 1.72702312507406E+001 2.13393320036260E+001
9.5039766 1.68880522307780E+001 2.08265642458054E+001
9.6035763 1.65171645170785E+001 2.03303285818704E+001
9.7031836 1.61571571898902E+001 1.98499635508848E+001
9.8027972 1.58076369744103E+001 1.93848391925896E+001
9.9024188 1.54682178039713E+001 1.89343426272501E+001
10.0020464 1.51385430598336E+001 1.84979070782744E+001
10.1016817 1.48182588538123E+001 1.80749759018712E+001
10.2013235 1.45070355092341E+001 1.76650305834466E+001
10.3009707 1.42045570207744E+001 1.72675763084903E+001
10.4006251 1.39105121098386E+001 1.68821298490184E+001
10.5002846 1.36246135743042E+001 1.65082445908345E+001
10.5999509 1.33465752339771E+001 1.61454799595726E+001
10.6996230 1.30761306367550E+001 1.57934255799637E+001
10.7992996 1.28130240087081E+001 1.54516891055021E+001
10.8989827 1.25570025372461E+001 1.51198859475899E+001
10.9986702 1.23078332790834E+001 1.47976609555286E+001
11.0983637 1.20652831545104E+001 1.44846622408277E+001
11.1980623 1.18291353073999E+001 1.41805621216623E+001
11.2977649 1.15991812861417E+001 1.38850467714013E+001
11.3974732 1.13752143455152E+001 1.35978074382400E+001
11.4971853 1.11570442818833E+001 1.33185593088961E+001
11.5969029 1.09444799826988E+001 1.30470189511894E+001
11.6966250 1.07373437933353E+001 1.27829225527839E+001
11.7963505 1.05354647225443E+001 1.25260170504193E+001
11.8960812 1.03386725961054E+001 1.22760525685006E+001
11.9958151 1.01468111244699E+001 1.20327989027296E+001
12.0955540 9.95972260756875E+000 1.17960259644153E+001
12.1952970 9.77726060058251E+000 1.15655197314260E+001
12.2950428 9.59928397832139E+000 1.13410745947056E+001
12.3947934 9.42565180616638E+000 1.11224868036078E+001
12.4945468 9.25623489381541E+000 1.09095689291152E+001
12.5943047 9.09090232890942E+000 1.07021328174942E+001
12.6940662 8.92953268464835E+000 1.05000035979222E+001
12.7938302 8.77200880906533E+000 1.03030130386115E+001
12.8935986 8.61821330398485E+000 1.01109938309829E+001
12.9933693 8.46803877663978E+000 9.92379233017112E+000
13.0931443 8.32137593372531E+000 9.74125362108853E+000
13.1929224 8.17812353379030E+000 9.56323386787261E+000
13.2927027 8.03818379207537E+000 9.38959451409709E+000
13.3924871 7.90145837799618E+000 9.22019727145841E+000
13.4922734 7.76785754222426E+000 9.05491538501845E+000
13.5920637 7.63728954908543E+000 8.89362048894959E+000
13.6918568 7.50966954402793E+000 8.73619353489288E+000
13.7916517 7.38491548418459E+000 8.58251970302637E+000
13.8914504 7.26294458054953E+000 8.43248398672122E+000
13.9912508 7.14368145010476E+000 8.28598118909396E+000
14.0910548 7.02704870166791E+000 8.14290430398180E+000
14.1908615 6.91297486198418E+000 8.00315422122769E+000
14.2906697 6.80139075768195E+000 7.86663524040074E+000
14.3904813 6.69222634081333E+000 7.73325116291162E+000
14.4902944 6.58541799254872E+000 7.60291419306941E+000
14.5901109 6.48090010765204E+000 7.47553462602479E+000
14.6899298 6.37861220070695E+000 7.35102949610054E+000
14.7897500 6.27849567757268E+000 7.22931860455656E+000
14.8895734 6.18049099301932E+000 7.11032104639293E+000
14.9893980 6.08454421344550E+000 6.99396316174369E+000
15.0892259 5.99059946964024E+000 6.88016934944853E+000
15.1890558 5.89860534642206E+000 6.76886979839562E+000
15.2888878 5.80851114144974E+000 6.65999592927907E+000
15.3887200 5.72026939621805E+000 6.55348343527953E+000
15.4885562 5.63382914202550E+000 6.44926411389542E+000
15.5883943 5.54914594252486E+000 6.34727797152628E+000
15.6882343 5.46617507461387E+000 6.24746497400848E+000
15.7880763 5.38487317869605E+000 6.14976702441326E+000
15.8879183 5.30519971479767E+000 6.05412969511282E+000
15.9877640 5.22711086865916E+000 5.96049490084472E+000
16.0876115 5.15056862411189E+000 5.86881177542078E+000
16.1874608 5.07553461154808E+000 5.77902927313394E+000
16.2873119 5.00197160194697E+000 5.69109795117706E+000
16.3871628 4.92984482973368E+000 5.60497153686004E+000
16.4870172 4.85911647946195E+000 5.52060033491584E+000
16.5868734 4.78975390280850E+000 5.43794102884706E+000
16.6867312 4.72172405411124E+000 5.35695002491825E+000
16.7865905 4.65499484605680E+000 5.27758506243899E+000
16.8864496 4.58953635399054E+000 5.19980663493222E+000
16.9863121 4.52531581497381E+000 5.12357204079536E+000
17.0861762 4.46230508827090E+000 5.04884423960743E+000
17.1860417 4.40047560890150E+000 4.97558584671364E+000
17.2859087 4.33979962052188E+000 4.90376059145170E+000
17.3857753 4.28025127403427E+000 4.83333460864185E+000
17.4856452 4.22180208027028E+000 4.76427105503354E+000
17.5855166 4.16442769943885E+000 4.69653813237520E+000
17.6853893 4.10810335322735E+000 4.63010365407445E+000
17.7852633 4.05280494839230E+000 4.56493636875553E+000
17.8851368 3.99851008091455E+000 4.50100713635012E+000
17.9850136 3.94519389152082E+000 4.43828404383233E+000
18.0848916 3.89283525822383E+000 4.37673969132703E+000
18.1847709 3.84141261556806E+000 4.31634626353753E+000
18.2846515 3.79090498072215E+000 4.25707673372931E+000
18.3845314 3.74129287304518E+000 4.19890593690007E+000
18.4844144 3.69255452838090E+000 4.14180612756014E+000
18.5842986 3.64467155919682E+000 4.08575361208455E+000
18.6841841 3.59762513637939E+000 4.03072426696991E+000
18.7840706 3.55139692814213E+000 3.97669463638282E+000
18.8839565 3.50596994367620E+000 3.92364291333581E+000
18.9838453 3.46132506785220E+000 3.87154489004294E+000
19.0837353 3.41744624526615E+000 3.82038000867328E+000
19.1836263 3.37431698576206E+000 3.77012727636911E+000
19.2835185 3.33192122520045E+000 3.72076626782355E+000
19.3834098 3.29024410083455E+000 3.67227802405059E+000
19.4833041 3.24926877290828E+000 3.62464135240365E+000
19.5831994 3.20898118190707E+000 3.57783835851437E+000
19.6830957 3.16936684390156E+000 3.53185071464569E+000
19.7829930 3.13041164112731E+000 3.48666057732818E+000
19.8828894 3.09210253583377E+000 3.44225141215551E+000
19.9827887 3.05442464941496E+000 3.39860460611161E+000
20.0826889 3.01736563615020E+000 3.35570453549540E+000
20.1825901 2.98091273866359E+000 3.31353514981088E+000
20.2824922 2.94505351532094E+000 3.27208081325804E+000
20.3823934 2.90977649852208E+000 3.23132706298415E+000
20.4822973 2.87506850555863E+000 3.19125750109419E+000
20.5822022 2.84091866695511E+000 3.15185844653951E+000
20.6821079 2.80731571594164E+000 3.11311580153606E+000
20.7820145 2.77424865885660E+000 3.07501582464339E+000
20.8819201 2.74170738317676E+000 3.03754582903388E+000
20.9818284 2.70968017735861E+000 3.00069132560123E+000
21.0817375 2.67815744742341E+000 2.96444030093946E+000
21.1816475 2.64712921744141E+000 2.92878033737194E+000
21.2815583 2.61658574841903E+000 2.89369932443402E+000
21.3814680 2.58651810077148E+000 2.85918610296818E+000
21.4813803 2.55691584304864E+000 2.82522783420908E+000
21.5812935 2.52777048653985E+000 2.79181394094521E+000
21.6812074 2.49907317644524E+000 2.75893345574876E+000
21.7811221 2.47081526410888E+000 2.72657567688292E+000
21.8810357 2.44298882812322E+000 2.69473076337423E+000
21.9809519 2.41558455413104E+000 2.66338730793344E+000
22.0808688 2.38859491386728E+000 2.63253597404640E+000
22.1807864 2.36201202901229E+000 2.60216705001306E+000
22.2807048 2.33582820109386E+000 2.57227105461069E+000
22.3806219 2.31003639496142E+000 2.54283928772194E+000
22.4805416 2.28462827384561E+000 2.51386158752379E+000
22.5804621 2.25959714633051E+000 2.48532969249245E+000
22.6803832 2.23493598689790E+000 2.45723498146512E+000
22.7803050 2.21063792735076E+000 2.42956903379028E+000
22.8802255 2.18669670599862E+000 2.40232413958906E+000
22.9801486 2.16310484389086E+000 2.37549122387338E+000
23.0800723 2.13985638065927E+000 2.34906295918336E+000
23.1799967 2.11694503751784E+000 2.32303167414128E+000
23.2799217 2.09436467364796E+000 2.29738987229726E+000
23.3798454 2.07210970408794E+000 2.27213070566253E+000
23.4797716 2.05017340457123E+000 2.24724605035422E+000
23.5796984 2.02855045494450E+000 2.22272939273938E+000
23.6796259 2.00723523192117E+000 2.19857389091107E+000
23.7795539 1.98622223350637E+000 2.17477285597970E+000
23.8794806 1.96550646827647E+000 2.15132019213209E+000
23.9794098 1.94508187758101E+000 2.12820861008702E+000
24.0793395 1.92494370328056E+000 2.10543230713729E+000
24.1792698 1.90508689889527E+000 2.08298516768495E+000
24.2792007 1.88550652482935E+000 2.06086121032815E+000
24.3791302 1.86619811145509E+000 2.03905499736073E+000
24.4790621 1.84715618860331E+000 2.01755997379697E+000
24.5789946 1.82837649264028E+000 1.99637095952936E+000
24.6789277 1.80985448583241E+000 1.97548247655187E+000
24.7788612 1.79158572484903E+000 1.95488916484013E+000
24.8787934 1.77356619982532E+000 1.93458616390765E+000
24.9787279 1.75579096209282E+000 1.91456756644961E+000
25.0786630 1.73825618409393E+000 1.89482873892664E+000
25.1785986 1.72095777782235E+000 1.87536476441183E+000
25.2785347 1.70389173883479E+000 1.85617082995225E+000
25.3784693 1.68705446325444E+000 1.83724258253419E+000
25.4784064 1.67044146559915E+000 1.81857468752997E+000
25.5783439 1.65404930368813E+000 1.80016299234047E+000
25.6782819 1.63787428793453E+000 1.78200307494899E+000
25.7782204 1.62191280287660E+000 1.76409060517905E+000
25.8781574 1.60616160389454E+000 1.74642167718756E+000
25.9780968 1.59061661779525E+000 1.72899146389741E+000
26.0780366 1.57527474367622E+000 1.71179623685220E+000
26.1779769 1.56013264565682E+000 1.69483201157037E+000
26.2779176 1.54518705374473E+000 1.67809488487282E+000
26.3778568 1.53043504187061E+000 1.66158134581593E+000
26.4777984 1.51587290459912E+000 1.64528701817431E+000
26.5777404 1.50149784385872E+000 1.62920854835368E+000
26.6776829 1.48730683841689E+000 1.61334233953061E+000
26.7776257 1.47329692572438E+000 1.59768486700953E+000
26.8775671 1.45946546272206E+000 1.58223296932367E+000
26.9775108 1.44580907267915E+000 1.56698267161217E+000
27.0774549 1.43232522675881E+000 1.55193095227952E+000
27.1773994 1.41901118418069E+000 1.53707455869456E+000
27.2773442 1.40586425653099E+000 1.52241030234704E+000
27.3772876 1.39288205266224E+000 1.50793533168079E+000
27.4772333 1.38006149022137E+000 1.49364602990080E+000
27.5771793 1.36740028018457E+000 1.47953967004012E+000
27.6771257 1.35489593221853E+000 1.46561330569101E+000
27.7770725 1.34254600280660E+000 1.45186404756238E+000
27.8770178 1.33034832544249E+000 1.43828931946371E+000
27.9769653 1.31830008191197E+000 1.42488582469207E+000
28.0769132 1.30639919718378E+000 1.41165109825344E+000
28.1768615 1.29464340498755E+000 1.39858246672015E+000
28.2768101 1.28303048098326E+000 1.38567730764028E+000
28.3767572 1.27155845934234E+000 1.37293328996052E+000
28.4767065 1.26022475929498E+000 1.36034740368986E+000
28.5766562 1.24902749709590E+000 1.34791741720839E+000
28.6766062 1.23796460728965E+000 1.33564090089788E+000
28.7765565 1.22703406204027E+000 1.32351547072006E+000
28.8765053 1.21623407509728E+000 1.31153901425021E+000
28.9764563 1.20556227952100E+000 1.29970877880209E+000
29.0764077 1.19501696284432E+000 1.28802274103039E+000
29.1763593 1.18459623990098E+000 1.27647868947430E+000
29.2763113 1.17429825933364E+000 1.26507445350205E+000
29.3762617 1.16412139585539E+000 1.25380811602224E+000
29.4762144 1.15406347542549E+000 1.24267715569080E+000
29.5761673 1.14412293919123E+000 1.23167973536306E+000
29.6761206 1.13429806411815E+000 1.22081383913101E+000
29.7760741 1.12458715760596E+000 1.21007748772389E+000
29.8760261 1.11498873887832E+000 1.19946893887079E+000
29.9759803 1.10550080820444E+000 1.18898587960063E+000
30.0759347 1.09612194472249E+000 1.17862663951753E+000
30.1758895 1.08685057143734E+000 1.16838937830678E+000
30.2758445 1.07768513879364E+000 1.15827228858530E+000
30.3757980 1.06862429595656E+000 1.14827378480442E+000
30.4757536 1.05966620096519E+000 1.13839174200429E+000
30.5757095 1.05080955710477E+000 1.12862463936339E+000
30.6756657 1.04205291913100E+000 1.11897079450212E+000
30.7756221 1.03339486657779E+000 1.10942855469030E+000
30.8755770 1.02483416562795E+000 1.09999647510338E+000
30.9755340 1.01636911734663E+000 1.09067260070718E+000
31.0754913 1.00799853687778E+000 1.08145554506244E+000
31.1754469 9.99721255017828E-001 1.07234394087124E+000
31.2754067 9.91535496975124E-001 1.06333575637908E+000
31.3753629 9.83440605463322E-001 1.05443019171283E+000
31.4753231 9.75434702555204E-001 1.04562510588388E+000
31.5752798 9.67517159887101E-001 1.03691973433492E+000
31.6752368 9.59686451954812E-001 1.02831232764183E+000
31.7751978 9.51941086799242E-001 1.01980117547709E+000
31.8751552 9.44280477070526E-001 1.01138556331059E+000
31.9751168 9.36702879495139E-001 1.00306350833229E+000
32.0750747 9.29207732572953E-001 9.94834327510207E-001
32.1750329 9.21793624857286E-001 9.86696405991277E-001
32.2749952 9.14459175673806E-001 9.78648164690048E-001
32.3749539 9.07203860196884E-001 9.70688965218393E-001
32.4749166 9.00026058147699E-001 9.62816968850121E-001
32.5748758 8.92925267826745E-001 9.55031565321066E-001
32.6748352 8.85900181714207E-001 9.47331262063392E-001
32.7747986 8.78949520558812E-001 9.39714599280266E-001
32.8747585 8.72072815486880E-001 9.32181006589886E-001
32.9747223 8.65268558725046E-001 9.24728776709440E-001
33.0746827 8.58536302108448E-001 9.17357364394491E-001
33.1746432 8.51874832945957E-001 9.10065388363037E-001
33.2746078 8.45282964550405E-001 9.02851497402027E-001
33.3745687 8.38760278164669E-001 8.95715181931854E-001
33.4745337 8.32305369068860E-001 8.88654854757569E-001
33.5744951 8.25917837066404E-001 8.81670028789645E-001
33.6744568 8.19596556111094E-001 8.74759424167824E-001
33.7744224 8.13340424109287E-001 8.67921788660365E-001
33.8743844 8.07149067232533E-001 8.61156667101616E-001
33.9743505 8.01021175283881E-001 8.54462582166490E-001
34.0743130 7.94956391083817E-001 8.47839098829671E-001
34.1742756 7.88953667858566E-001 8.41285029792404E-001
34.2742423 7.83011980925838E-001 8.34799213176778E-001
34.3742054 7.77130996767815E-001 8.28381242558657E-001
34.4741725 7.71309491999890E-001 8.22029741273640E-001
34.5741359 7.65547148050074E-001 8.15744320949528E-001
34.6740996 7.59842990765518E-001 8.09523878878010E-001
34.7740673 7.54196066393956E-001 8.03367335771381E-001
34.8740313 7.48606077612418E-001 7.97274328903598E-001
34.9739994 7.43071880868911E-001 7.91243573958050E-001
35.0739638 7.37593192267140E-001 7.85274724402135E-001
35.1739284 7.32169104265477E-001 7.79366754935895E-001
35.2738971 7.26798728184390E-001 7.73518661864966E-001
35.3738621 7.21481799223300E-001 7.67730121671561E-001
35.4738310 7.16217247335600E-001 7.61999934871629E-001
35.5737964 7.11004819790783E-001 7.56327792484900E-001
35.6737620 7.05843670220943E-001 7.50712740138934E-001
35.7737315 7.00732969718519E-001 7.45153843417515E-001
35.8736974 6.95672482724741E-001 7.39650814009251E-001
35.9736673 6.90661206954647E-001 7.34202530458512E-001
36.0736335 6.85698917706751E-001 7.28808717514230E-001
36.1735999 6.80784824860350E-001 7.23468485874963E-001
36.2735704 6.75918154476175E-001 7.18180964694495E-001
36.3735371 6.71098697303560E-001 7.12945897296718E-001
36.4735079 6.66325513598001E-001 7.07762234085234E-001
36.5734750 6.61598403880746E-001 7.02629730125004E-001
36.6734423 6.56916629808748E-001 6.97547555885758E-001
36.7734135 6.52279468052030E-001 6.92514898924586E-001
36.8733811 6.47686733041754E-001 6.87531531010333E-001
36.9733527 6.43137542821407E-001 6.82596468804507E-001
37.0733206 6.38631720621743E-001 6.77709494637529E-001
37.1732887 6.34168575817124E-001 6.72869833947659E-001
37.2732608 6.29747431726220E-001 6.68076728012286E-001
37.3732292 6.25368124108607E-001 6.63329974191961E-001
37.4732015 6.21029824464316E-001 6.58628650313426E-001
37.5731702 6.16732376480604E-001 6.53972563243146E-001
37.6731391 6.12475133556103E-001 6.49360989029985E-001
37.7731119 6.08257462054888E-001 6.44793218421364E-001
37.8730811 6.04079216953978E-001 6.40269071815081E-001
37.9730543 5.99939619257251E-001 6.35787683566750E-001
38.0730237 5.95838531086804E-001 6.31348882634288E-001
38.1729934 5.91775346502146E-001 6.26951991717600E-001
38.2729669 5.87749471630601E-001 6.22596347171615E-001
38.3729369 5.83760778771377E-001 6.18281790142113E-001
38.4729107 5.79808534820665E-001 6.14007507287161E-001
38.5728809 5.75892618519662E-001 6.09773347464466E-001
38.6728513 5.72012461521953E-001 6.05578676422779E-001
38.7728256 5.68167506724820E-001 6.01422872609923E-001
38.8727962 5.64357642046542E-001 5.97305795866067E-001
38.9727708 5.60582176971839E-001 5.93226681294146E-001
39.0727417 5.56841005228788E-001 5.89185395684877E-001
39.1727127 5.53133593265360E-001 5.85181344554695E-001
39.2726877 5.49459418015731E-001 5.81213945242323E-001
39.3726590 5.45818381485473E-001 5.77283074438421E-001
39.4726343 5.42209832722034E-001 5.73388012165501E-001
39.5726059 5.38633678971859E-001 5.69528641380704E-001
39.6725776 5.35089418918526E-001 5.65704404375788E-001
39.7725533 5.31576561034759E-001 5.61914754459663E-001
39.8725252 5.28095020034617E-001 5.58159583516384E-001
39.9725012 5.24644181753877E-001 5.54438213262552E-001
40.0724734 5.21223965635074E-001 5.50750541233552E-001
40.1724458 5.17833900256136E-001 5.47096043764256E-001
40.2724221 5.14473523341985E-001 5.43474207466488E-001
40.3723947 5.11142761073076E-001 5.39884937927193E-001
40.4723712 5.07841033526783E-001 5.36327595602404E-001
40.5723441 5.04568271150192E-001 5.32802091176773E-001
40.6723171 5.01324030270997E-001 5.29307932530719E-001
40.7722940 4.98107875771678E-001 5.25844637140337E-001
40.8722673 4.94919744179298E-001 5.22412122953712E-001
40.9722444 4.91759087472526E-001 5.19009786456641E-001
41.0722179 4.88625846028477E-001 5.15637550196256E-001
41.1721915 4.85519601958059E-001 5.12294951312875E-001
41.2721690 4.82439945380233E-001 5.08981535914756E-001
41.3721428 4.79386822158428E-001 5.05697233102316E-001
41.4721206 4.76359714019695E-001 5.02441472903347E-001
41.5720946 4.73358570301499E-001 4.99214188567824E-001
41.6720688 4.70382997092751E-001 4.96014944401934E-001
41.7720469 4.67432607985164E-001 4.92843313100796E-001
41.8720213 4.64507357266479E-001 4.89699233827302E-001
41.9719996 4.61606754429535E-001 4.86582167864695E-001
42.0719743 4.58730756896488E-001 4.83492058119966E-001
42.1719490 4.55878993075450E-001 4.80428494144644E-001
42.2719276 4.53051098409931E-001 4.77391073344543E-001
42.3719026 4.50247034788050E-001 4.74379743961724E-001
42.4718815 4.47466337640817E-001 4.71393996431040E-001
42.5718566 4.44708971683818E-001 4.68433782372646E-001
42.6718319 4.41974586118551E-001 4.65498714820149E-001
42.7718111 4.39262836749103E-001 4.62588414167246E-001
42.8717866 4.36573692319174E-001 4.59702836847387E-001
42.9717660 4.33906712511507E-001 4.56841500509265E-001
43.0717417 4.31261868619687E-001 4.54004364633825E-001
43.1717175 4.28638829233726E-001 4.51191064116192E-001
43.2716972 4.26037269145064E-001 4.48401240754334E-001
43.3716732 4.23457163279330E-001 4.45634858371026E-001
43.4716531 4.20898094013311E-001 4.42891460042192E-001
43.5716293 4.18360038571357E-001 4.40171012339289E-001
43.6716056 4.15842683637226E-001 4.37473170528070E-001
43.7715858 4.13345721723931E-001 4.34797596353649E-001
43.8715623 4.10869133329390E-001 4.32144260303066E-001
43.9715428 4.08412522084292E-001 4.29512729230566E-001
44.0715195 4.05975870557889E-001 4.26902976101634E-001
44.1714963 4.03558882333273E-001 4.24314675179697E-001
44.2714770 4.01161266477185E-001 4.21747506814953E-001
44.3714539 3.98783008507834E-001 4.19201447502868E-001
44.4714348 3.96423731977097E-001 4.16676086352722E-001
44.5714120 3.94083424268560E-001 4.14171402093892E-001
44.6713893 3.91761804761782E-001 4.11687086721914E-001
44.7713704 3.89458597998758E-001 4.09222837954801E-001
44.8713479 3.87173794017939E-001 4.06778637702895E-001
44.9713293 3.84907035057961E-001 4.04354095921927E-001
45.0713069 3.82658312836021E-001 4.01949196534763E-001
45.1712846 3.80427361508891E-001 3.99563648101361E-001
45.2712662 3.78213920096971E-001 3.97197164565823E-001
45.3712441 3.76017982705764E-001 3.94849732715918E-001
45.4712259 3.73839209116251E-001 3.92520982050081E-001
45.5712040 3.71677594943485E-001 3.90210901168076E-001
45.6711822 3.69532888178635E-001 3.87919214115922E-001
45.7711643 3.67404841398294E-001 3.85645650009265E-001
45.8711426 3.65293452364120E-001 3.83390200026420E-001
45.9711248 3.63198397337542E-001 3.81152512000719E-001
46.0711034 3.61119675436322E-001 3.78932578740745E-001
46.1710820 3.59057047613153E-001 3.76730138781806E-001
46.2710644 3.57010279146919E-001 3.74544935436197E-001
46.3710432 3.54979371082745E-001 3.72376963831507E-001
46.4710259 3.52964015176328E-001 3.70225889016036E-001
46.5710048 3.50964213689681E-001 3.68091707582888E-001
46.6709838 3.48979739728226E-001 3.65974171634476E-001
46.7709667 3.47010370481804E-001 3.63873037777701E-001
46.8709459 3.45056109940855E-001 3.61788304689317E-001
46.9709290 3.43116664438717E-001 3.59719653593240E-001
47.0709083 3.41192039056380E-001 3.57667084482328E-001
47.1708877 3.39282018301926E-001 3.55630362172188E-001
47.2708710 3.37386390542209E-001 3.53609255728954E-001
47.3708506 3.35505162406076E-001 3.51603767015642E-001
47.4708341 3.33638053951819E-001 3.49613592466379E-001
47.5708138 3.31785072784144E-001 3.47638735124723E-001
47.6707936 3.29946014117639E-001 3.45678971728121E-001
47.7707773 3.28120676814885E-001 3.43734083027652E-001
47.8707573 3.26309069864511E-001 3.41804073743321E-001
47.9707411 3.24510926255914E-001 3.39888654621987E-001
48.0707212 3.22726255849441E-001 3.37987831441170E-001
48.1707014 3.20954863919537E-001 3.36101392126146E-001
48.2706855 3.19196559191613E-001 3.34229128394686E-001
48.3706658 3.17451352761063E-001 3.32371047524926E-001
48.4706500 3.15718989808740E-001 3.30526873741451E-001
48.5706305 3.13999482207180E-001 3.28696615268230E-001
48.6706110 3.12292644689561E-001 3.26880070537001E-001
48.7705955 3.10598295255698E-001 3.25077041565405E-001
48.8705762 3.08916446877960E-001 3.23287537918386E-001
48.9705608 3.07246856238962E-001 3.21511296520746E-001
49.0705416 3.05589537002306E-001 3.19748327781859E-001
49.1705225 3.03944312800654E-001 3.17998440006916E-001
49.2705073 3.02311010360747E-001 3.16261444893856E-001
49.3704883 3.00689644323185E-001 3.14537354048066E-001
49.4704733 2.99079982228752E-001 3.12825916370005E-001
49.5704545 2.97482039331237E-001 3.11127144217394E-001
49.6704357 2.95895647642118E-001 3.09440855180335E-001
49.7704208 2.94320642105278E-001 3.07766870060949E-001
49.8704022 2.92757038839917E-001 3.06105202281306E-001
49.9703875 2.91204615643956E-001 3.04455612041801E-001
50.0703690 2.89663389178878E-001 3.02818113433186E-001
50.1703506 2.88133199349854E-001 3.01192532782848E-001
50.2703361 2.86613888842884E-001 2.99578699460974E-001
50.3703178 2.85105475083480E-001 2.97976628503061E-001
50.4703034 2.83607745565012E-001 2.96386090778782E-001
50.5702853 2.82120718190853E-001 2.94807101916326E-001
50.6702672 2.80644240307536E-001 2.93239496470437E-001
50.7702530 2.79178161900224E-001 2.91683111880084E-001
50.8702350 2.77722501544204E-001 2.90137964609558E-001
50.9702209 2.76277055902996E-001 2.88603835608757E-001
51.0702031 2.74841843971225E-001 2.87080741865629E-001
51.1701853 2.73416720114736E-001 2.85568525687076E-001
51.2701714 2.72001541204493E-001 2.84067032115550E-001
51.3701538 2.70596326823354E-001 2.82576278876384E-001
51.4701400 2.69200882313371E-001 2.81096056449134E-001
51.5701225 2.67815227623566E-001 2.79626383020071E-001
51.6701050 2.66439223745015E-001 2.78167108205130E-001
51.7700914 2.65072734048492E-001 2.76718084216271E-001
51.8700741 2.63715778995228E-001 2.75279329887480E-001
51.9700606 2.62368172145405E-001 2.73850644712981E-001
52.0700434 2.61029934278121E-001 2.72432047930719E-001
52.1700263 2.59700932641470E-001 2.71023396052121E-001
52.2700130 2.58381036745334E-001 2.69624548053635E-001
52.3699959 2.57070267811977E-001 2.68235523739455E-001
52.4699827 2.55768447188231E-001 2.66856131136439E-001
52.5699658 2.54475596370363E-001 2.65486390400981E-001
52.6699489 2.53191588519202E-001 2.64126164553811E-001
52.7699359 2.51916298946457E-001 2.62775318957596E-001
52.8699192 2.50649749528853E-001 2.61433874260977E-001
52.9699063 2.49391768995251E-001 2.60101646571942E-001
53.0698897 2.48142379456552E-001 2.58778656844325E-001
53.1698731 2.46901459664211E-001 2.57464774247270E-001
53.2698603 2.45668890416157E-001 2.56159870176121E-001
53.3698439 2.44444694146829E-001 2.54863966009756E-001
53.4698313 2.43228706587415E-001 2.53576885514098E-001
53.5698149 2.42020950370377E-001 2.52298650330524E-001
53.6697986 2.40821309536219E-001 2.51029135439105E-001
53.7697861 2.39629670073593E-001 2.49768217937235E-001
53.8697699 2.38446054886833E-001 2.48515919830312E-001
53.9697576 2.37270306352923E-001 2.47272072145273E-001
54.0697415 2.36102447541422E-001 2.46036697111258E-001
54.1697254 2.34942367499360E-001 2.44809675203467E-001
54.2697133 2.33789957129247E-001 2.43590888911917E-001
54.3696973 2.32645239725649E-001 2.42380360774379E-001
54.4696852 2.31508063976349E-001 2.41177928706281E-001
54.5696694 2.30378453311385E-001 2.39983615433959E-001
54.6696536 2.29256301519473E-001 2.38797306632036E-001
54.7696417 2.28141504157421E-001 2.37618889893393E-001
54.8696260 2.27034084837780E-001 2.36448388202735E-001
54.9696142 2.25933898244185E-001 2.35285646014134E-001
55.0695986 2.24840968097687E-001 2.34130686468948E-001
55.1695831 2.23755192680267E-001 2.32983400164157E-001
55.2695714 2.22676471959543E-001 2.31843679523986E-001
55.3695560 2.21604829800575E-001 2.30711547902575E-001
55.4695444 2.20540126586560E-001 2.29586855963879E-001
55.5695291 2.19482386266627E-001 2.28469627189752E-001
55.6695138 2.18431511382855E-001 2.27359756839766E-001
55.7695023 2.17387406085126E-001 2.26257141914908E-001
55.8694872 2.16350094431697E-001 2.25161806068478E-001
55.9694758 2.15319442226441E-001 2.24073605865190E-001
56.0694607 2.14295473589571E-001 2.22992565059835E-001
56.1694457 2.13278095104296E-001 2.21918583330886E-001
56.2694345 2.12267214888098E-001 2.20851562017230E-001
56.3694196 2.11262857138762E-001 2.19791525007664E-001
56.4694085 2.10264892818160E-001 2.18738334476803E-001
56.5693936 2.09273346166023E-001 2.17692014391177E-001
56.6693788 2.08288127600929E-001 2.16652468619407E-001
56.7693678 2.07309149006236E-001 2.15619602614047E-001
56.8693531 2.06336434670713E-001 2.14593440441728E-001
56.9693423 2.05369860466691E-001 2.13573849613156E-001
57.0693276 2.04409450706808E-001 2.12560854251196E-001
57.1693130 2.03455119451548E-001 2.11554362199758E-001
57.2693023 2.02506782160455E-001 2.10554282814430E-001
57.3692878 2.01564463169436E-001 2.09560640287510E-001
57.4692772 2.00628043027867E-001 2.08573307207861E-001
57.5692628 1.99697546079201E-001 2.07592307804576E-001
57.6692484 1.98772889843824E-001 2.06617553694923E-001
57.7692379 1.97853993179005E-001 2.05648957939554E-001
57.8692236 1.96940880428216E-001 2.04686544809269E-001
57.9692132 1.96033436597662E-001 2.03730191727989E-001
58.0691990 1.95131686023650E-001 2.02779922985746E-001
58.1691849 1.94235549515150E-001 2.01835653783286E-001
58.2691746 1.93344949159153E-001 2.00897300700144E-001
58.3691605 1.92459909271034E-001 1.99964888043029E-001
58.4691503 1.91580319105956E-001 1.99038297841661E-001
58.5691363 1.90706202958878E-001 1.98117554406132E-001
58.6691224 1.89837484766007E-001 1.97202576342007E-001
58.7691123 1.88974089685823E-001 1.96293283572517E-001
58.8690985 1.88116041973506E-001 1.95389700401856E-001
58.9690885 1.87263234936845E-001 1.94491713249221E-001
59.0690747 1.86415692798692E-001 1.93599346407906E-001
59.1690610 1.85573342470452E-001 1.92712521720104E-001
59.2690511 1.84736112032976E-001 1.91831162287805E-001
59.3690374 1.83904025652404E-001 1.90955292378073E-001
59.4690277 1.83076980503630E-001 1.90084802595354E-001
59.5690141 1.82255000709778E-001 1.89219717182957E-001
59.6690006 1.81438016014105E-001 1.88359961061280E-001
59.7689909 1.80625957279232E-001 1.87505460355701E-001
59.8689774 1.79818848556394E-001 1.86656239265011E-001
59.9689678 1.79016590712179E-001 1.85812192386000E-001
60.0689545 1.78219207745232E-001 1.84973343882151E-001
60.1689411 1.77426632095447E-001 1.84139621602765E-001
60.2689316 1.76638797274568E-001 1.83310954550170E-001
60.3689184 1.75855727195778E-001 1.82487366826920E-001
60.4689090 1.75077326251431E-001 1.81668756839827E-001
60.5688958 1.74303618293565E-001 1.80855148645776E-001
60.6688827 1.73534538331087E-001 1.80046472882185E-001
60.7688734 1.72770022399674E-001 1.79242661290241E-001
60.8688603 1.72010094253782E-001 1.78443737851194E-001
60.9688511 1.71254661654497E-001 1.77649604609478E-001
61.0688381 1.70503748287509E-001 1.76860285491403E-001
61.1688251 1.69757291610233E-001 1.76075713789686E-001
61.2688160 1.69015230064049E-001 1.75295823854080E-001
61.3688031 1.68277587226280E-001 1.74520639522112E-001
61.4687941 1.67544274078051E-001 1.73750066312739E-001
61.5687813 1.66815314121148E-001 1.72984128000268E-001
61.6687685 1.66090647147642E-001 1.72222760407342E-001
61.7687596 1.65370213892917E-001 1.71465900369297E-001
61.8687469 1.64654037740824E-001 1.70713571559923E-001
61.9687381 1.63942032751661E-001 1.69965682818331E-001
62.0687254 1.63234222227744E-001 1.69222257747720E-001
62.1687128 1.62530548188197E-001 1.68483234582268E-001
62.2687041 1.61830953556811E-001 1.67748552526727E-001
62.3686916 1.61135461509516E-001 1.67018235073358E-001
62.4686829 1.60443989052273E-001 1.66292194235225E-001
62.5686704 1.59756559274184E-001 1.65570453427452E-001
62.6686580 1.59073116319661E-001 1.64852953183882E-001
62.7686494 1.58393605201046E-001 1.64139634968920E-001
62.8686371 1.57718048873619E-001 1.63430522077516E-001
62.9686286 1.57046367162398E-001 1.62725529558169E-001
63.0686163 1.56378582931195E-001 1.62024680622904E-001
63.1686040 1.55714642353427E-001 1.61327917999473E-001
63.2685918 1.55054517545217E-001 1.60635211656230E-001
63.3685872 1.54398130935166E-001 1.59946479437666E-001
63.4685751 1.53745555273572E-001 1.59261796925654E-001
63.5685630 1.53096713181495E-001 1.58581082182748E-001
63.6685509 1.52451577735947E-001 1.57904306225611E-001
63.7685388 1.51810122248065E-001 1.57231440326243E-001
63.8685344 1.51172271738261E-001 1.56562405116475E-001
63.9685224 1.50538097299454E-001 1.55897274449761E-001
64.0685105 1.49907524130774E-001 1.55235969160513E-001
64.1684986 1.49280526456303E-001 1.54578461516063E-001
64.2684867 1.48657078722606E-001 1.53924724026222E-001
64.3684824 1.48037108433206E-001 1.53274679991491E-001
64.4684706 1.47420685065511E-001 1.52628401580307E-001
64.5684588 1.46807736288942E-001 1.51985812281322E-001
64.6684470 1.46198237417795E-001 1.51346885549750E-001
64.7684353 1.45592163977865E-001 1.50711595071162E-001
64.8684312 1.44989445852529E-001 1.50079866702099E-001
64.9684195 1.44390150944603E-001 1.49451770968438E-001
65.0684079 1.43794209291404E-001 1.48827233901415E-001
65.1683963 1.43201597243791E-001 1.48206230084925E-001
65.2683847 1.42612291353761E-001 1.47588734321793E-001
65.3683808 1.42026223786420E-001 1.46974674917647E-001
65.4683692 1.41443460909959E-001 1.46364120797317E-001
65.5683578 1.40863935032271E-001 1.45757000428578E-001
65.6683463 1.40287623490134E-001 1.45153289468168E-001
65.7683349 1.39714503811682E-001 1.44552963780968E-001
65.8683311 1.39144510350463E-001 1.43955954020094E-001
65.9683197 1.38577707979066E-001 1.43362327549892E-001
66.0683084 1.38014031183418E-001 1.42772015173917E-001
66.1682971 1.37453458238391E-001 1.42184993569055E-001
66.2682858 1.36895967600969E-001 1.41601239610153E-001
66.3682821 1.36341495724426E-001 1.41020686201255E-001
66.4682709 1.35790106023821E-001 1.40443399185838E-001
66.5682597 1.35241735075088E-001 1.39869311607461E-001
66.6682485 1.34696362046008E-001 1.39298401113407E-001
66.7682374 1.34153966277740E-001 1.38730645539313E-001
66.8682339 1.33614486238861E-001 1.38165979948335E-001
66.9682228 1.33077983924049E-001 1.37604468701760E-001
67.0682118 1.32544397915471E-001 1.37046046992064E-001
67.1682007 1.32013708231111E-001 1.36490693389946E-001
67.2681897 1.31485895054074E-001 1.35938386645377E-001
67.3681864 1.30960898787879E-001 1.35389063893295E-001
67.4681754 1.30438780043051E-001 1.34842788050532E-001
67.5681645 1.29919479328231E-001 1.34299496371835E-001
67.6681536 1.29402977471226E-001 1.33759168306921E-001
67.7681428 1.28889255457151E-001 1.33221783476196E-001
67.8681396 1.28378255547952E-001 1.32687281003281E-001
67.9681288 1.27870037005307E-001 1.32155722397362E-001
68.0681180 1.27364542188374E-001 1.31627046892984E-001
68.1681072 1.26861752696584E-001 1.31101234776918E-001
68.2680965 1.26361650279288E-001 1.30578266498511E-001
68.3680934 1.25864178983956E-001 1.30058083090950E-001
68.4680827 1.25369396757839E-001 1.29540744691672E-001
68.5680721 1.24877247738232E-001 1.29026192436493E-001
68.6680615 1.24387714260047E-001 1.28514407409557E-001
68.7680509 1.23900778801120E-001 1.28005370849906E-001
68.8680479 1.23416387124974E-001 1.27499025624950E-001
68.9680374 1.22934595897959E-001 1.26995430535362E-001
69.0680269 1.22455350966526E-001 1.26494528543438E-001
69.1680164 1.21978635366846E-001 1.25996301493150E-001
69.2680059 1.21504432271399E-001 1.25500731376111E-001
69.3680031 1.21032689093522E-001 1.25007762822166E-001
69.4679927 1.20563461251329E-001 1.24517453329324E-001
69.5679823 1.20096696234643E-001 1.24029747615084E-001
69.6679719 1.19632377748493E-001 1.23544628247723E-001
69.7679615 1.19170489627945E-001 1.23062077936279E-001
69.8679589 1.18710980872980E-001 1.22582043004619E-001
69.9679486 1.18253905685286E-001 1.22104579681303E-001
70.0679383 1.17799213135307E-001 1.21629634371093E-001
70.1679281 1.17346887566234E-001 1.21157190332933E-001
70.2679178 1.16896913445348E-001 1.20687230960019E-001
70.3679153 1.16449241299002E-001 1.20219704204998E-001
70.4679051 1.16003924143428E-001 1.19754665059343E-001
70.5678949 1.15560912569815E-001 1.19292061550283E-001
70.6678848 1.15120191530423E-001 1.18831877595574E-001
70.7678747 1.14681746095962E-001 1.18374097241058E-001
70.8678723 1.14245528261631E-001 1.17918670005936E-001
70.9678622 1.13811589888355E-001 1.17465649676100E-001
71.0678522 1.13379883030914E-001 1.17014985839441E-001
71.1678422 1.12950393223047E-001 1.16566663042341E-001
71.2678322 1.12523106111609E-001 1.16120665953428E-001
71.3678299 1.12097975105711E-001 1.15676945599081E-001
71.4678200 1.11675050940324E-001 1.15235554590293E-001
71.5678100 1.11254287079232E-001 1.14796444016625E-001
71.6678002 1.10835669611498E-001 1.14359599024481E-001
71.7677903 1.10419184734232E-001 1.13925004876968E-001
71.8677881 1.10004787217994E-001 1.13492614050967E-001
71.9677783 1.09592526700365E-001 1.13062478012440E-001
72.0677685 1.09182358001991E-001 1.12634549296300E-001
72.1677587 1.08774267742439E-001 1.12208813621849E-001
72.2677489 1.08368242644513E-001 1.11785256819836E-001
72.3677468 1.07964238790093E-001 1.11363832763521E-001
72.4677371 1.07562304747168E-001 1.10944591802904E-001
72.5677275 1.07162396643414E-001 1.10527487864470E-001
72.6677178 1.06764501605350E-001 1.10112507214690E-001
72.7677082 1.06368606858160E-001 1.09699636226495E-001
72.8677062 1.05974669747130E-001 1.09288830117827E-001
72.9676966 1.05582737797703E-001 1.08880138151017E-001
73.0676870 1.05192768396955E-001 1.08473515592737E-001
73.1676774 1.04804749155988E-001 1.08068949232216E-001
73.2676679 1.04418667780235E-001 1.07666425960410E-001
73.3676660 1.04034482832574E-001 1.07265902290540E-001
73.4676565 1.03652240822217E-001 1.06867426424799E-001
73.5676471 1.03271900350087E-001 1.06470954920940E-001
73.6676376 1.02893449490631E-001 1.06076475067777E-001
73.7676282 1.02516876408508E-001 1.05683974251362E-001
73.8676264 1.02142140840368E-001 1.05293410232969E-001
73.9676171 1.01769288304791E-001 1.04904830181445E-001
74.0676077 1.01398278572977E-001 1.04518191898670E-001
74.1675984 1.01029100162536E-001 1.04133483151045E-001
74.2675890 1.00661741677379E-001 1.03750691797946E-001
74.3675874 1.00296163986003E-001 1.03369776803539E-001
74.4675781 9.99324116412604E-002 1.02990784329387E-001
74.5675688 9.95704455429283E-002 1.02613673376600E-001
74.6675596 9.92102546326053E-002 1.02238432168269E-001
74.7675504 9.88518279344686E-002 1.01865049016407E-001
74.8675488 9.84951274087327E-002 1.01493484044881E-001
74.9675396 9.81401966667492E-002 1.01123782433323E-001
75.0675305 9.77869976969606E-002 1.00755904339117E-001
75.1675213 9.74355198467198E-002 1.00389838422190E-001
75.2675122 9.70857525424219E-002 1.00025573427540E-001
75.3675108 9.67376587975794E-002 9.96630705973973E-002
75.4675017 9.63912813056064E-002 9.93023741541325E-002
75.5674926 9.60465831053921E-002 9.89434453702939E-002
75.6674836 9.57035539327060E-002 9.85862733237731E-002
75.7674746 9.53621835989937E-002 9.82308471738717E-002
75.8674732 9.50224361342714E-002 9.78771292416205E-002
75.9674642 9.46843533369347E-002 9.75251628161201E-002
76.0674553 9.43478992597127E-002 9.71749102457295E-002
76.1674463 9.40130640102965E-002 9.68263610083634E-002
76.2674374 9.36798377688517E-002 9.64795046598647E-002
76.3674361 9.33481855466467E-002 9.61343045621810E-002
76.4674273 9.30181482693505E-002 9.57908030944805E-002
76.5674184 9.26896909684577E-002 9.54489636432477E-002
76.6674096 9.23628041078844E-002 9.51087760693553E-002
76.7674007 9.20374782209744E-002 9.47702303082932E-002
76.8673996 9.17136792664666E-002 9.44332907266408E-002
76.9673908 9.13914473189841E-002 9.40979988163336E-002
77.0673820 9.10707483551702E-002 9.37643189658806E-002
77.1673732 9.07515731802250E-002 9.34322414028786E-002
77.2673645 9.04339126658747E-002 9.31017564263895E-002
77.3673634 9.01177336859450E-002 9.27728293728602E-002
77.4673547 8.98030754851000E-002 9.24455008690709E-002
77.5673461 8.94899049529015E-002 9.21197362709631E-002
77.6673374 8.91782132216067E-002 9.17955261574071E-002
77.7673288 8.88679914872357E-002 9.14728611757386E-002
77.8673278 8.85592075076472E-002 9.11517075989526E-002
77.9673192 8.82518997180541E-002 9.08321052101472E-002
78.0673106 8.79460358900292E-002 9.05140202995389E-002
78.1673020 8.76416074693349E-002 9.01974437825631E-002
78.2672935 8.73386059628646E-002 8.98823666402645E-002
78.3672925 8.70369999827243E-002 8.95687560502432E-002
78.4672840 8.67368271746217E-002 8.92566509727995E-002
78.5672755 8.64380561624887E-002 8.89460186006331E-002
78.6672671 8.61406786926824E-002 8.86368501717382E-002
78.7672586 8.58446865701824E-002 8.83291369869978E-002
78.8672578 8.55500492327618E-002 8.80228470979839E-002
78.9672493 8.52568035560224E-002 8.77180186625106E-002
79.0672409 8.49649189878028E-002 8.74146197452698E-002
79.1672325 8.46743875627496E-002 8.71126418934723E-002
79.2672242 8.43852013717405E-002 8.68120767146257E-002
79.3672234 8.40973306507868E-002 8.65128931048885E-002
79.4672151 8.38108115242511E-002 8.62151284393434E-002
79.5672068 8.35256142365684E-002 8.59187516254214E-002
79.6671985 8.32417310989435E-002 8.56237545068367E-002
79.7671902 8.29591544765328E-002 8.53301289851308E-002
79.8671895 8.26778553772521E-002 8.50378447728510E-002
79.9671813 8.23978691925755E-002 8.47469384815619E-002
80.0671730 8.21191669373121E-002 8.44573798333605E-002
80.1671648 8.18417411880386E-002 8.41691609563475E-002
80.2671566 8.15655845731083E-002 8.38822740340965E-002
80.3671560 8.12906688470533E-002 8.35966895684780E-002
80.4671478 8.10170286863072E-002 8.33124434262259E-002
80.5671397 8.07446358508698E-002 8.30295061171547E-002
80.6671315 8.04734831720181E-002 8.27478700421989E-002
80.7671234 8.02035635307315E-002 8.24675276555203E-002
80.8671229 7.99348494038674E-002 8.21884502223281E-002
80.9671148 7.96673747701784E-002 8.19106728826999E-002
81.0671067 7.94011121106614E-002 8.16341669082916E-002
81.1670987 7.91360545011123E-002 8.13589249618537E-002
81.2670906 7.88721950650493E-002 8.10849397572223E-002
81.3670902 7.86095069783149E-002 8.08121832979890E-002
81.4670822 7.83480235388663E-002 8.05406900152530E-002
81.5670742 7.80877179254491E-002 8.02704319176576E-002
81.6670662 7.78285834486601E-002 8.00014019192591E-002
81.7670583 7.75706134649287E-002 7.97335929831558E-002
81.8670579 7.73137818266500E-002 7.94669778273471E-002
81.9670500 7.70581211674103E-002 7.92015901911486E-002
82.0670421 7.68036053413574E-002 7.89374027963125E-002
82.1670342 7.65502278846118E-002 7.86744087981714E-002
82.2670263 7.62979823773218E-002 7.84126013991498E-002
82.3670260 7.60468433268694E-002 7.81519540086175E-002
82.4670182 7.57968427184470E-002 7.78924996908313E-002
82.5670103 7.55479550601196E-002 7.76342118577051E-002
82.6670025 7.53001741046716E-002 7.73770838962748E-002
82.7669947 7.50534936471916E-002 7.71211092388060E-002
82.8669945 7.48078888293106E-002 7.68662619638964E-002
82.9669867 7.45633910033692E-002 7.66125744770125E-002
83.0669790 7.43199753106871E-002 7.63600208581710E-002
83.1669712 7.40776357122497E-002 7.61085947169711E-002
83.2669635 7.38363662097004E-002 7.58582897064639E-002
83.3669634 7.35961425589718E-002 7.56090805531854E-002
83.4669556 7.33569954946721E-002 7.53609990196373E-002
83.5669479 7.31189007714991E-002 7.51140198327292E-002
83.6669403 7.28818525505539E-002 7.48681368158946E-002
83.7669326 7.26458450320216E-002 7.46233438343206E-002
83.8669326 7.24108545669443E-002 7.43796162420082E-002
83.9669249 7.21769112869078E-002 7.41369851738893E-002
84.0669173 7.19439915408623E-002 7.38954259833664E-002
84.1669097 7.17120896822969E-002 7.36549326993693E-002
84.2669021 7.14812001022800E-002 7.34154993909581E-002
84.3669022 7.12512997284937E-002 7.31771020199041E-002
84.4668946 7.10224181038123E-002 7.29397711085463E-002
84.5668870 7.07945321530314E-002 7.27034826171554E-002
84.6668795 7.05676364146401E-002 7.24682307721891E-002
84.7668720 7.03417254632690E-002 7.22340098386850E-002
84.8668721 7.01167767854609E-002 7.20007963672347E-002
84.9668646 6.98928193493029E-002 7.17686202821551E-002
85.0668571 6.96698306377152E-002 7.15374581317002E-002
85.1668496 6.94478053671232E-002 7.13073043322402E-002
85.2668422 6.92267382887180E-002 7.10781533372431E-002
85.3668424 6.90066074307847E-002 7.08499822678825E-002
85.4668349 6.87874412001717E-002 7.06228204646298E-002
85.5668275 6.85692176208600E-002 7.03966450455449E-002
85.6668201 6.83519315804545E-002 7.01714506096300E-002
85.7668127 6.81355780000105E-002 6.99472317915678E-002
85.8668130 6.79201354330684E-002 6.97239662655562E-002
85.9668056 6.77056317384215E-002 6.95016828020145E-002
86.0667983 6.74920454646763E-002 6.92803590713085E-002
86.1667909 6.72793716641534E-002 6.90599898481100E-002
86.2667836 6.70676054213649E-002 6.88405699414153E-002
86.3667839 6.68567257992246E-002 6.86220775615406E-002
86.4667766 6.66467601213002E-002 6.84045409222746E-002
86.5667694 6.64376874449895E-002 6.81879382294357E-002
86.6667621 6.62295029811435E-002 6.79722644267058E-002
86.7667548 6.60222019715997E-002 6.77575144907944E-002
86.8667552 6.58157639733415E-002 6.75436671518516E-002
86.9667480 6.56102157871970E-002 6.73307500800961E-002
87.0667408 6.54055369640969E-002 6.71187420005659E-002
87.1667336 6.52017228675019E-002 6.69076380195809E-002
87.2667264 6.49987688907058E-002 6.66974332752480E-002
87.3667268 6.47966550700124E-002 6.64881070018635E-002
87.4667197 6.45954076956618E-002 6.62796863387862E-002
87.5667125 6.43950067974109E-002 6.60721505146332E-002
87.6667054 6.41954478856616E-002 6.58654947922647E-002
87.7666983 6.39967264995445E-002 6.56597144651401E-002
87.8666988 6.37988231404656E-002 6.54547892565854E-002
87.9666917 6.36017635999040E-002 6.52507457874686E-002
88.0666846 6.34055283722642E-002 6.50475637749130E-002
88.1666775 6.32101131094611E-002 6.48452386324822E-002
88.2666705 6.30155134910803E-002 6.46437658032020E-002
88.3666710 6.28217104699203E-002 6.44431254848573E-002
88.4666640 6.26287293502114E-002 6.42433437918641E-002
88.5666570 6.24365510773335E-002 6.40444009153230E-002
88.6666500 6.22451714395144E-002 6.38462924139123E-002
88.7666429 6.20545862516400E-002 6.36490138746834E-002
88.8666436 6.18647769046783E-002 6.34525459558330E-002
88.9666366 6.16757682268179E-002 6.32569142770428E-002
89.0666296 6.14875416012259E-002 6.30620994893828E-002
89.1666227 6.13000929474619E-002 6.28680972912935E-002
89.2666157 6.11134182107724E-002 6.26749034085453E-002
89.3666164 6.09274992075395E-002 6.24824989462012E-002
89.4666095 6.07423603008199E-002 6.22909090406147E-002
89.5666026 6.05579832988453E-002 6.21001147893159E-002
89.6665957 6.03743642477331E-002 6.19101120253803E-002
89.7665889 6.01914992183563E-002 6.17208966082140E-002
89.8665896 6.00093704402039E-002 6.15324500766812E-002
89.9665828 5.98280018218220E-002 6.13447970949106E-002
90.0665759 5.96473755842301E-002 6.11579191938615E-002
90.1665691 5.94674878955268E-002 6.09718123363317E-002
90.2665622 5.92883349476749E-002 6.07864725104923E-002
90.3665631 5.91098993713915E-002 6.06018816764039E-002
90.4665563 5.89322046310541E-002 6.04180640367804E-002
90.5665495 5.87552333486200E-002 6.02350015434376E-002
90.6665427 5.85789818097826E-002 6.00526902841879E-002
90.7665359 5.84034463232429E-002 5.98711263712983E-002
90.8665368 5.82286099094805E-002 5.96902921738639E-002
90.9665301 5.80544955987739E-002 5.95102114437074E-002
91.0665233 5.78810864025793E-002 5.93308665413690E-002
91.1665166 5.77083787199769E-002 5.91522536751619E-002
91.2665099 5.75363689722343E-002 5.89743690769743E-002
91.3665108 5.73650405585223E-002 5.87971955131962E-002
91.4665041 5.71944160848263E-002 5.86207562950066E-002
91.5664975 5.70244789410559E-002 5.84450341799590E-002
91.6664908 5.68552256356427E-002 5.82700254925405E-002
91.7664842 5.66866526984183E-002 5.80957265799687E-002
91.8664851 5.65187438965534E-002 5.79221205945965E-002
91.9664785 5.63515214212898E-002 5.77492304169366E-002
92.0664719 5.61849690303228E-002 5.75770391902502E-002
92.1664653 5.60190833375635E-002 5.74055433510477E-002
92.2664587 5.58538609775678E-002 5.72347393577611E-002
92.3664597 5.56892860751790E-002 5.70646107377631E-002
92.4664531 5.55253804161958E-002 5.68951799506172E-002
92.5664466 5.53621281157942E-002 5.67264305143743E-002
92.6664400 5.51995258896494E-002 5.65583589735873E-002
92.7664335 5.50375704733566E-002 5.63909618939543E-002
92.8664346 5.48762463394544E-002 5.62242231672998E-002
92.9664281 5.47155748773571E-002 5.60581648417011E-002
93.0664215 5.45555405497647E-002 5.58927707994536E-002
93.1664150 5.43961401705505E-002 5.57280376893334E-002
93.2664086 5.42373705728118E-002 5.55639621805161E-002
93.3664097 5.40792165671410E-002 5.54005285190698E-002
93.4664032 5.39216991553922E-002 5.52377583508014E-002
93.5663968 5.37648031381669E-002 5.50756359120643E-002
93.6663903 5.36085254241131E-002 5.49141579521918E-002
93.7663839 5.34528629404348E-002 5.47533212402020E-002
93.8663851 5.32978008264588E-002 5.45931103665424E-002
93.9663787 5.31433597050753E-002 5.44335465837272E-002
94.0663723 5.29895247054866E-002 5.42746144723239E-002
94.1663659 5.28362928278280E-002 5.41163108787051E-002
94.2663595 5.26836610901493E-002 5.39586326682412E-002
94.3663607 5.25316149515032E-002 5.38015647662271E-002
94.4663544 5.23801746641901E-002 5.36451280406289E-002
94.5663480 5.22293256770212E-002 5.34893074067150E-002
94.6663417 5.20790650784624E-002 5.33340998045195E-002
94.7663353 5.19293899742770E-002 5.31795021924143E-002
94.8663366 5.17802861345328E-002 5.30254998213282E-002
94.9663303 5.16317734490998E-002 5.28721131831978E-002
95.0663240 5.14838376777036E-002 5.27193275187970E-002
95.1663177 5.13364759941071E-002 5.25671398585768E-002
95.2663114 5.11896855887788E-002 5.24155472506938E-002
95.3663128 5.10434525343773E-002 5.22645352628025E-002
95.4663065 5.08977963662926E-002 5.21141240191098E-002
95.5663002 5.07527031467550E-002 5.19642990770039E-002
95.6662940 5.06081701319105E-002 5.18150575542376E-002
95.7662878 5.04641945940419E-002 5.16663965856609E-002
95.8662892 5.03207629002499E-002 5.15183020470409E-002
95.9662829 5.01778942391913E-002 5.13707937029413E-002
96.0662767 5.00355749674667E-002 5.12238574187666E-002
96.1662705 4.98938024208047E-002 5.10774903965783E-002
96.2662643 4.97525739505238E-002 5.09316898549506E-002
96.3662658 4.96118762102829E-002 5.07864419694327E-002
96.4662596 4.94717280495560E-002 5.06417661528242E-002
96.5662535 4.93321161114429E-002 5.04976485702304E-002
96.6662473 4.91930378085630E-002 5.03540865051454E-002
96.7662412 4.90544905685998E-002 5.02110772570141E-002
96.8662427 4.89164613241417E-002 5.00686072931092E-002
96.9662365 4.87789685928380E-002 4.99266956821452E-002
97.0662304 4.86419992966710E-002 4.97853288808825E-002
97.1662243 4.85055509225629E-002 4.96445042514840E-002
97.2662182 4.83696209719946E-002 4.95042191715231E-002
97.3662198 4.82341966491002E-002 4.93644603921989E-002
97.4662137 4.80992961468766E-002 4.92252466456239E-002
97.5662076 4.79649066588162E-002 4.90865646724295E-002
97.6662016 4.78310257436557E-002 4.89484119107901E-002
97.7661955 4.76976509742037E-002 4.88107858137719E-002
97.8661971 4.75647698189930E-002 4.86736734089546E-002
97.9661911 4.74324001533589E-002 4.85370930991421E-002
98.0661851 4.73005294351671E-002 4.84010319013038E-002
98.1661791 4.71691552925750E-002 4.82654873270706E-002
98.2661730 4.70382753673446E-002 4.81304569024666E-002
98.3661747 4.69078773854865E-002 4.79959279241495E-002
98.4661687 4.67779789114900E-002 4.78619184727235E-002
98.5661627 4.66485676606836E-002 4.77284158342035E-002
98.6661568 4.65196413283432E-002 4.75954175912207E-002
98.7661508 4.63911976228993E-002 4.74629213403196E-002
98.8661525 4.62632245211387E-002 4.73309146401654E-002
98.9661465 4.61357392833493E-002 4.71994152560928E-002
99.0661406 4.60087298756303E-002 4.70684107361024E-002
99.1661347 4.58821940581603E-002 4.69378987314627E-002
99.2661288 4.57561296038402E-002 4.68078769068941E-002
99.3661305 4.56305247337425E-002 4.66783330762236E-002
99.4661246 4.55053964104319E-002 4.65492846962722E-002
99.5661187 4.53807328442957E-002 4.64207195701899E-002
99.6661128 4.52565318582841E-002 4.62926354156098E-002
99.7661070 4.51327912876522E-002 4.61650299631724E-002
99.8661087 4.50094995914707E-002 4.60378912752367E-002
99.9661029 4.48866734408979E-002 4.59112365066967E-002
100.0660970 4.47643012843295E-002 4.57850537092314E-002
100.1660912 4.46423810054351E-002 4.56593406646509E-002
100.2660854 4.45209104997882E-002 4.55340951673452E-002
100.3660872 4.43998784583647E-002 4.54093055217844E-002
100.4660814 4.42793012670770E-002 4.52849885873572E-002
100.5660756 4.41591676062445E-002 4.51611326578584E-002
100.6660698 4.40394754182804E-002 4.50377355771703E-002
100.7660640 4.39202226571163E-002 4.49147952013438E-002
100.8660658 4.38013982397296E-002 4.47923000707383E-002
100.9660601 4.36830182727944E-002 4.46702667555001E-002
101.0660543 4.35650716626565E-002 4.45486837853264E-002
101.1660486 4.34475564085712E-002 4.44275490641455E-002
101.2660428 4.33304705209400E-002 4.43068605076582E-002
101.3660447 4.32138031370197E-002 4.41866068860858E-002
101.4660390 4.30975700901055E-002 4.40668044864386E-002
101.5660333 4.29817605068539E-002 4.39474420682958E-002
101.6660275 4.28663724415302E-002 4.38285175936809E-002
101.7660218 4.27514039591880E-002 4.37100290360090E-002
101.8660238 4.26368444118164E-002 4.35919653895210E-002
101.9660181 4.25227093650469E-002 4.34743426640475E-002
102.0660124 4.24089881603052E-002 4.33571498432145E-002
102.1660067 4.22956789051027E-002 4.32403849452626E-002
102.2660011 4.21827797173936E-002 4.31240459994564E-002
102.3660031 4.20702801585208E-002 4.30081222183946E-002
102.4659974 4.19581955320275E-002 4.28926293405370E-002
102.5659918 4.18465153887357E-002 4.27775565679001E-002
102.6659861 4.17352378877029E-002 4.26629019731327E-002
102.7659805 4.16243611980970E-002 4.25486636395536E-002
102.8659825 4.15138750853991E-002 4.24348309926294E-002
102.9659769 4.14037945965029E-002 4.23214195051161E-002
103.0659713 4.12941094864162E-002 4.22084185919368E-002
103.1659657 4.11848179641050E-002 4.20958263784058E-002
103.2659601 4.10759182483248E-002 4.19836410001665E-002
103.3659622 4.09674003036365E-002 4.18718520902312E-002
103.4659566 4.08592789255908E-002 4.17604748611790E-002
103.5659511 4.07515440683277E-002 4.16494989355228E-002
103.6659455 4.06441939891426E-002 4.15389224895634E-002
103.7659400 4.05372269548125E-002 4.14287437096026E-002
103.8659421 4.04306331240706E-002 4.13189524310361E-002
103.9659365 4.03244270463026E-002 4.12095636116592E-002
104.0659310 4.02185988698775E-002 4.11005670764177E-002
104.1659255 4.01131468988992E-002 4.09919610509811E-002
104.2659200 4.00080694466553E-002 4.08837437707036E-002
104.3659221 3.99033568612910E-002 4.07759052683579E-002
104.4659166 3.97990234510788E-002 4.06684602522170E-002
104.5659112 3.96950595538603E-002 4.05613987446573E-002
104.6659057 3.95914635190810E-002 4.04547190191579E-002
104.7659002 3.94882337050832E-002 4.03484193585778E-002
104.8659024 3.93853606448037E-002 4.02424899882097E-002
104.9658969 3.92828584103330E-002 4.01369453719381E-002
105.0658915 3.91807175243689E-002 4.00317757247175E-002
105.1658860 3.90789363802842E-002 3.99269793663337E-002
105.2658806 3.89775133800716E-002 3.98225546256582E-002
105.3658828 3.88764392369768E-002 3.97184919157913E-002
105.4658774 3.87757277917193E-002 3.96148054612390E-002
105.5658720 3.86753697473734E-002 3.95114856648252E-002
105.6658666 3.85753635398752E-002 3.94085308911932E-002
105.7658612 3.84757076135138E-002 3.93059395137888E-002
105.8658634 3.83763928574913E-002 3.92037021289467E-002
105.9658580 3.82774328858535E-002 3.91018327266838E-002
106.0658527 3.81788185777020E-002 3.90003218931234E-002
106.1658473 3.80805484102204E-002 3.88991680363696E-002
106.2658419 3.79826208686881E-002 3.87983695730550E-002
106.3658442 3.78850270140388E-002 3.86979172783106E-002
106.4658389 3.77877802382290E-002 3.85978249124353E-002
106.5658335 3.76908715921651E-002 3.84980832404176E-002
106.6658282 3.75942995930095E-002 3.83986907124739E-002
106.7658229 3.74980627657715E-002 3.82996457870862E-002
106.8658252 3.74021523390140E-002 3.82009394138733E-002
106.9658199 3.73065814870795E-002 3.81025851280737E-002
107.0658146 3.72113414285797E-002 3.80045738692351E-002
107.1658093 3.71164307194309E-002 3.79069041283873E-002
107.2658040 3.70218479231566E-002 3.78095744045703E-002
107.3658063 3.69275844319650E-002 3.77125758177082E-002
107.4658011 3.68336532069537E-002 3.76159216825253E-002
107.5657958 3.67400456304580E-002 3.75196031089486E-002
107.6657905 3.66467602959665E-002 3.74236186275667E-002
107.7657853 3.65537958043436E-002 3.73279667767332E-002
107.8657877 3.64611437075732E-002 3.72326388426151E-002
107.9657824 3.63688167577739E-002 3.71376479238613E-002
108.0657772 3.62768064971375E-002 3.70429852967187E-002
108.1657720 3.61851115555840E-002 3.69486495301247E-002
108.2657667 3.60937305701862E-002 3.68546392005448E-002
108.3657692 3.60026552489449E-002 3.67609457564447E-002
108.4657639 3.59118981391652E-002 3.66675820847308E-002
108.5657587 3.58214509391384E-002 3.65745396240277E-002
108.6657536 3.57313123141149E-002 3.64818169804537E-002
108.7657484 3.56414809362822E-002 3.63894127674267E-002
108.8657508 3.55519486660065E-002 3.62973185918797E-002
108.9657456 3.54627278498466E-002 3.62055471332073E-002
109.0657405 3.53738103385433E-002 3.61140899885825E-002
