0.0053140 6.81218815624884E+001 8.43647429621599E+003
0.0210792 2.54107127018858E+002 8.16054557054457E+003
0.0467942 5.11598294136390E+002 7.73603756208161E+003
0.0817065 7.86124369919365E+002 7.20616511943536E+003
0.1249105 1.03321016484754E+003 6.61633385235602E+003
0.1754417 1.22677680651308E+003 6.00665727173061E+003
0.2323515 1.35827354599768E+003 5.40799571281326E+003
0.2947571 1.43121184488148E+003 4.84119459495439E+003
0.3618673 1.45526882922823E+003 4.31833939377130E+003
0.4329916 1.44194507796193E+003 3.84482557221609E+003
0.5075377 1.40206754350119E+003 3.42145746060983E+003
0.5850032 1.34469455430474E+003 3.04618661637323E+003
0.6649650 1.27686557087961E+003 2.71539548134171E+003
0.7470680 1.20376893275289E+003 2.42476481744900E+003
0.8310139 1.12906703650970E+003 2.16982305444770E+003
0.9165527 1.05524048665387E+003 1.94626327043179E+003
1.0034738 9.83892661533120E+002 1.75011047988320E+003
1.0915995 9.15995884712815E+002 1.57779322990192E+003
1.1807797 8.52079807918501E+002 1.42615733511432E+003
1.2708868 7.92371718671242E+002 1.29244994949371E+003
1.3618115 7.36897397447926E+002 1.17428580650460E+003
1.4534610 6.85552665975112E+002 1.06960734925053E+003
1.5457546 6.38154231022360E+002 9.76645822639159E+002
1.6386236 5.94473287004367E+002 8.93881124441353E+002
1.7320075 5.54259778341695E+002 8.20008741871884E+002
1.8258543 5.17257138852095E+002 7.53907419639068E+002
1.9201186 4.83212637695379E+002 6.94612927785548E+002
2.0147601 4.51883789856884E+002 6.41295225657540E+002
2.1097440 4.23041406955021E+002 5.93237695372145E+002
2.2050388 3.96472044896530E+002 5.49821312383599E+002
2.3006174 3.71978188905148E+002 5.10509516477455E+002
2.3964555 3.49378406839373E+002 4.74836496223724E+002
2.4925310 3.28506938900892E+002 4.42397158450211E+002
2.5888248 3.09212499980497E+002 4.12837885641563E+002
2.6853193 2.91357698376757E+002 3.85849820261003E+002
2.7819988 2.74817660024665E+002 3.61162133516770E+002
2.8788497 2.59479130267641E+002 3.38536981775714E+002
2.9758588 2.45239548907516E+002 3.17765154922696E+002
3.0730149 2.32005831777452E+002 2.98661886847295E+002
3.1703074 2.19693737960737E+002 2.81063991563814E+002
3.2677268 2.08226806409584E+002 2.64826745047568E+002
3.3652646 1.97535718062409E+002 2.49821681212869E+002
3.4629133 1.87557519526418E+002 2.35934428967032E+002
3.5606650 1.78235177716116E+002 2.23063206351601E+002
3.6585133 1.69516723729507E+002 2.11116901766058E+002
3.7564523 1.61354931742422E+002 2.00014028267528E+002
3.8544764 1.53706807086247E+002 1.89681515820849E+002
3.9525810 1.46533137529170E+002 1.80053678657292E+002
4.0507604 1.39798254853034E+002 1.71071536136956E+002
4.1490108 1.33469495305244E+002 1.62681788910580E+002
4.2473280 1.27517038425706E+002 1.54836351799137E+002
4.3457083 1.21913602629079E+002 1.47491734329619E+002
4.4441489 1.16634179357410E+002 1.40608507654928E+002
4.5426454 1.11655915582627E+002 1.34150993386837E+002
4.6411954 1.06957768423845E+002 1.28086679587818E+002
4.7397961 1.02520432527306E+002 1.22386012637237E+002
4.8384450 9.83261570695654E+001 1.17022061866535E+002
4.9371399 9.43585860573728E+001 1.11970229504247E+002
5.0358779 9.06027057049475E+001 1.07208109235470E+002
5.1346571 8.70446164098684E+001 1.02715132097953E+002
5.2334756 8.36715060585251E+001 9.84724777386509E+001
5.3323316 8.04715372842502E+001 9.44628835687434E+001
5.4312238 7.74337490688495E+001 9.06704791003193E+001
5.5301496 7.45480376923305E+001 8.70807249752823E+001
5.6291079 7.18050009158722E+001 8.36801862534318E+001
5.7280973 6.91959341490395E+001 8.04564997043510E+001
5.8271164 6.67127589237619E+001 7.73982601279486E+001
5.9261644 6.43479604611850E+001 7.44949214359322E+001
6.0252392 6.20945854872629E+001 7.17367744320784E+001
6.1243401 5.99461321413586E+001 6.91147945871298E+001
6.2234659 5.78965569377977E+001 6.66206356531122E+001
6.3226158 5.59402279871571E+001 6.42465590620181E+001
6.4217891 5.40718841688586E+001 6.19853724053136E+001
6.5209840 5.22866410293559E+001 5.98304258496858E+001
6.6202001 5.05799105847169E+001 5.77755056406519E+001
6.7194366 4.89474128637843E+001 5.58148397508560E+001
6.8186927 4.73851443884213E+001 5.39430523281713E+001
6.9179682 4.58893506732241E+001 5.21551239776702E+001
7.0172613 4.44565356254928E+001 5.04463968836148E+001
7.1165720 4.30834015173620E+001 4.88124976413639E+001
7.2158999 4.17668558182335E+001 4.72493406725041E+001
7.3152432 4.05040200814377E+001 4.57531342489667E+001
7.4146030 3.92921494143499E+001 4.43202810447753E+001
7.5139770 3.81287099311550E+001 4.29474663141467E+001
7.6133666 3.70112748242878E+001 4.16315317824481E+001
7.7127702 3.59375927281100E+001 4.03695534765129E+001
7.8121865 3.49055428937408E+001 3.91587861239353E+001
7.9116168 3.39130986223556E+001 3.79966179636604E+001
8.0110589 3.29583869812371E+001 3.68806385898880E+001
8.1105143 3.20396053825788E+001 3.58085392912059E+001
8.2099815 3.11550791740733E+001 3.47781786349273E+001
8.3094593 3.03032263240948E+001 3.37875395030765E+001
8.4089492 2.94825284711285E+001 3.28346940156882E+001
8.5084489 2.86915814416486E+001 3.19178608932845E+001
8.6079599 2.79290273675191E+001 3.10353254061684E+001
8.7074812 2.71936033693538E+001 3.01854947187377E+001
8.8070112 2.64841132714253E+001 2.93668640285082E+001
8.9065517 2.57994042928827E+001 2.85779887838542E+001
9.0061006 2.51384099388895E+001 2.78175332837011E+001
9.1056593 2.45000940979132E+001 2.70842054753736E+001
9.2052267 2.38834923697799E+001 2.63768038040352E+001
9.3048016 2.32876890828857E+001 2.56941900704205E+001
9.4043856 2.27117982530571E+001 2.50352670440730E+001
9.5039766 2.21550001532530E+001 2.43990197778866E+001
9.6035763 2.16164947892515E+001 2.37844618545005E+001
9.7031836 2.10955371458050E+001 2.31906752053671E+001
9.8027972 2.05914182756895E+001 2.26167880338237E+001
9.9024188 2.01034495471312E+001 2.20619565078356E+001
10.0020464 1.96309939646682E+001 2.15254000249744E+001
10.1016817 1.91734270864712E+001 2.10063564258229E+001
10.2013235 1.87301672270568E+001 2.05041159903078E+001
10.3009707 1.83006597235125E+001 2.00180032513339E+001
10.4006251 1.78843637588859E+001 1.95473618317688E+001
10.5002846 1.74807793114801E+001 1.90915846791011E+001
10.5999509 1.70894140482605E+001 1.86500763995818E+001
10.6996230 1.67098093294382E+001 1.82222824196459E+001
10.7992996 1.63415269891679E+001 1.78076738370523E+001
10.8989827 1.59841382061743E+001 1.74057347223058E+001
10.9986702 1.56372467982534E+001 1.70159881586969E+001
11.0983637 1.53004609665399E+001 1.66379643001473E+001
11.1980623 1.49734157905784E+001 1.62712255034733E+001
11.2977649 1.46557620243205E+001 1.59153535854665E+001
11.3974732 1.43471566148272E+001 1.55699390846120E+001
11.4971853 1.40472829283045E+001 1.52346037905173E+001
11.5969029 1.37558264699588E+001 1.49089734524446E+001
11.6966250 1.34724944318554E+001 1.45926995398157E+001
11.7963505 1.31970061224911E+001 1.42854484294906E+001
11.8960812 1.29290848274900E+001 1.39868922471580E+001
11.9958151 1.26684754480157E+001 1.36967284464397E+001
12.0955540 1.24149235073316E+001 1.34146563329267E+001
12.1952970 1.21681922121421E+001 1.31403959904035E+001
12.2950428 1.19280542198204E+001 1.28736790343652E+001
12.3947934 1.16942846030696E+001 1.26142407410834E+001
12.4945468 1.14666762963852E+001 1.23618371363963E+001
12.5943047 1.12450218413496E+001 1.21162246774027E+001
12.6940662 1.10291283403918E+001 1.18771767852370E+001
12.7938302 1.08188103294233E+001 1.16444758824926E+001
12.8935986 1.06138836590020E+001 1.14179065827306E+001
12.9933693 1.04141790757025E+001 1.11972706678685E+001
13.0931443 1.02195262660416E+001 1.09823694037912E+001
13.1929224 1.00297670156798E+001 1.07730180426300E+001
13.2927027 9.84474900313665E+000 1.05690389223250E+001
13.3924871 9.66432044812719E+000 1.03702555374676E+001
13.4922734 9.48834209897616E+000 1.01765057185899E+001
13.5920637 9.31667321858691E+000 9.98762616065979E+000
13.6918568 9.14918320880731E+000 9.80346519495659E+000
13.7916517 8.98574617743571E+000 9.62387677460346E+000
13.8914504 8.82623623353953E+000 9.44871528393253E+000
13.9912508 8.67053810679774E+000 9.27784717979610E+000
14.0910548 8.51853478425873E+000 9.11113739148313E+000
14.1908615 8.37011781633748E+000 8.94846061140452E+000
14.2906697 8.22518253751822E+000 8.78969602521164E+000
14.3904813 8.08362391100718E+000 8.63472274462728E+000
14.4902944 7.94534596900730E+000 8.48343012766892E+000
14.5901109 7.81025086060675E+000 8.33570577082092E+000
14.6899298 7.67824802063187E+000 8.19144552640992E+000
14.7897500 7.54924994644404E+000 8.05054886278616E+000
14.8895734 7.42316851191463E+000 7.91291482704945E+000
14.9893980 7.29992338746084E+000 7.77845122581110E+000
15.0892259 7.17943230051100E+000 7.64706397969257E+000
15.1890558 7.06161921960205E+000 7.51866604156940E+000
15.2888878 6.94640952045650E+000 7.39317211004282E+000
15.3887200 6.83373319863418E+000 7.27050211808228E+000
15.4885562 6.72351622430543E+000 7.15057181146449E+000
15.5883943 6.61569334248930E+000 7.03330667399424E+000
15.6882343 6.51019934104346E+000 6.91863241020966E+000
15.7880763 6.40697113896635E+000 6.80647721042001E+000
15.8879183 6.30594961153036E+000 6.69677372336878E+000
15.9877640 6.20707184748177E+000 6.58945064073807E+000
16.0876115 6.11028263430055E+000 6.48444516151223E+000
16.1874608 6.01552663899578E+000 6.38169449234619E+000
16.2873119 5.92275028778943E+000 6.28113788227225E+000
16.3871628 5.83190341571737E+000 6.18271840254802E+000
16.4870172 5.74293230998356E+000 6.08637540457322E+000
16.5868734 5.65579004551631E+000 5.99205571078809E+000
16.6867312 5.57042946089498E+000 5.89970599847590E+000
16.7865905 5.48680485447204E+000 5.80927463222061E+000
16.8864496 5.40487347862948E+000 5.72071327339063E+000
16.9863121 5.32458927073725E+000 5.63397009951670E+000
17.0861762 5.24591217996857E+000 5.54899988100218E+000
17.1860417 5.16880183860916E+000 5.46575713505900E+000
17.2859087 5.09321909623700E+000 5.38419778010483E+000
17.3857753 5.01912737619879E+000 5.30428059439979E+000
17.4856452 4.94648701023910E+000 5.22596110191894E+000
17.5855166 4.87526367728589E+000 5.14920067082247E+000
17.6853893 4.80542268518398E+000 5.07396034140457E+000
17.7852633 4.73693036163158E+000 5.00020232331267E+000
17.8851368 4.66975528818300E+000 4.92789132032524E+000
17.9850136 4.60386316673978E+000 4.85698900177361E+000
18.0848916 4.53922447407317E+000 4.78746223927238E+000
18.1847709 4.47580928129570E+000 4.71927752674844E+000
18.2846515 4.41358851776791E+000 4.65240233855371E+000
18.3845314 4.35253509599039E+000 4.58680633519525E+000
18.4844144 4.29261924825820E+000 4.52245635100052E+000
18.5842986 4.23381548645016E+000 4.45932386932501E+000
18.6841841 4.17609789678811E+000 4.39737996451019E+000
18.7840706 4.11944129080808E+000 4.33659653656767E+000
18.8839565 4.06382223283100E+000 4.27694741079834E+000
18.9838453 4.00921479355526E+000 4.21840378210917E+000
19.0837353 3.95559689263054E+000 4.16094101522326E+000
19.1836263 3.90294601483460E+000 4.10453404825003E+000
19.2835185 3.85124026039196E+000 4.04915851757686E+000
19.3834098 3.80045928526998E+000 3.99479176269922E+000
19.4833041 3.75058042561905E+000 3.94140867574426E+000
19.5831994 3.70158449047504E+000 3.88898790164904E+000
19.6830957 3.65345185270822E+000 3.83750765127593E+000
19.7829930 3.60616340942218E+000 3.78694672840226E+000
19.8828894 3.55970144407596E+000 3.73728544969062E+000
19.9827887 3.51404608171630E+000 3.68850185484005E+000
20.0826889 3.46918059050247E+000 3.64057737190057E+000
20.1825901 3.42508780689371E+000 3.59349299481909E+000
20.2824922 3.38175101552940E+000 3.54723022292207E+000
20.3823934 3.33915474110116E+000 3.50177190475218E+000
20.4822973 3.29728149944677E+000 3.45709877007907E+000
20.5822022 3.25611665921063E+000 3.41319461718262E+000
20.6821079 3.21564516592663E+000 3.37004281559978E+000
20.7820145 3.17585234963513E+000 3.32762716721047E+000
20.8819201 3.13672465349579E+000 3.28593268162625E+000
20.9818284 3.09824665018347E+000 3.24494239623172E+000
21.0817375 3.06040550867784E+000 3.20464213515182E+000
21.1816475 3.02318798632482E+000 3.16501730297206E+000
21.2815583 2.98658117145790E+000 3.12605367543173E+000
21.3814680 2.95057315493226E+000 3.08773811314850E+000
21.4813803 2.91515028500425E+000 3.05005564007598E+000
21.5812935 2.88030127881447E+000 3.01299381777291E+000
21.6812074 2.84601445529957E+000 2.97653980013708E+000
21.7811221 2.81227841923058E+000 2.94068106075570E+000
21.8810357 2.77908268114464E+000 2.90540605096636E+000
21.9809519 2.74641512710374E+000 2.87070151072659E+000
22.0808688 2.71426580975590E+000 2.83655649656071E+000
22.1807864 2.68262439822379E+000 2.80295967100371E+000
22.2807048 2.65148080923198E+000 2.76989997283256E+000
22.3806219 2.62082578029852E+000 2.73736722478250E+000
22.4805416 2.59064853353883E+000 2.70534965392778E+000
22.5804621 2.56094027714475E+000 2.67383760716139E+000
22.6803832 2.53169185118124E+000 2.64282105218760E+000
22.7803050 2.50289431083060E+000 2.61229019614152E+000
22.8802255 2.47453945717006E+000 2.58223604768564E+000
22.9801486 2.44661767658277E+000 2.55264812667735E+000
23.0800723 2.41912117998654E+000 2.52351789712688E+000
23.1799967 2.39204182589573E+000 2.49483645928705E+000
23.2799217 2.36537166024976E+000 2.46659512154567E+000
23.3798454 2.33910340863337E+000 2.43878592110803E+000
23.4797716 2.31322847493536E+000 2.41139950504318E+000
23.5796984 2.28773994260867E+000 2.38442830727281E+000
23.6796259 2.26263055845878E+000 2.35786441365181E+000
23.7795539 2.23789323303392E+000 2.33170009147537E+000
23.8794806 2.21352149773335E+000 2.30592827249837E+000
23.9794098 2.18950764816285E+000 2.28054058946312E+000
24.0793395 2.16584552904845E+000 2.25553032072027E+000
24.1792698 2.14252866404305E+000 2.23089041222923E+000
24.2792007 2.11955072022733E+000 2.20661396854745E+000
24.3791302 2.09690593318964E+000 2.18269470153887E+000
24.4790621 2.07458738210544E+000 2.15912510823634E+000
24.5789946 2.05258957760175E+000 2.13589920412061E+000
24.6789277 2.03090672447107E+000 2.11301068774139E+000
24.7788612 2.00953315345588E+000 2.09045339664100E+000
24.8787934 1.98846371706528E+000 2.06822172475364E+000
24.9787279 1.96769218478649E+000 2.04630892898356E+000
25.0786630 1.94721365115909E+000 2.02470966991626E+000
25.1785986 1.92702291968268E+000 2.00341830630731E+000
25.2785347 1.90711490472733E+000 1.98242931902834E+000
25.3784693 1.88748500057107E+000 1.96173769984983E+000
25.4784064 1.86812758636303E+000 1.94133737545426E+000
25.5783439 1.84903826987588E+000 1.92122357237815E+000
25.6782819 1.83021238211928E+000 1.90139122996989E+000
25.7782204 1.81164535192755E+000 1.88183539512550E+000
25.8781574 1.79333305045367E+000 1.86255158487478E+000
25.9780968 1.77527039656894E+000 1.84353431772314E+000
26.0780366 1.75745345018502E+000 1.82477931788684E+000
26.1779769 1.73987800816314E+000 1.80628203650911E+000
26.2779176 1.72253995387312E+000 1.78803801967065E+000
26.3778568 1.70543557915932E+000 1.77004324695788E+000
26.4777984 1.68856028180120E+000 1.75229276106038E+000
26.5777404 1.67191052090412E+000 1.73478272483175E+000
26.6776829 1.65548250564442E+000 1.71750904159874E+000
26.7776257 1.63927252186631E+000 1.70046769868185E+000
26.8775671 1.62327723334017E+000 1.68365508391067E+000
26.9775108 1.60749246373822E+000 1.66706670531540E+000
27.0774549 1.59191502536165E+000 1.65069911319445E+000
27.1773994 1.57654149310109E+000 1.63454861127335E+000
27.2773442 1.56136850993650E+000 1.61861157774981E+000
27.3772876 1.54639306913423E+000 1.60288476153153E+000
27.4772333 1.53161137392727E+000 1.58736408466589E+000
27.5771793 1.51702054975437E+000 1.57204644039974E+000
27.6771257 1.50261749655878E+000 1.55692848775945E+000
27.7770725 1.48839917487708E+000 1.54200695193931E+000
27.8770178 1.47436287046683E+000 1.52727890186807E+000
27.9769653 1.46050512553333E+000 1.51274062873512E+000
28.0769132 1.44682334368615E+000 1.49838932996688E+000
28.1768615 1.43331471435887E+000 1.48422198052170E+000
28.2768101 1.41997648101334E+000 1.47023561426607E+000
28.3767572 1.40680618955169E+000 1.45642758432606E+000
28.4767065 1.39380068551187E+000 1.44279451170198E+000
28.5766562 1.38095762008345E+000 1.42933386414331E+000
28.6766062 1.36827444101769E+000 1.41604289809282E+000
28.7765565 1.35574864433173E+000 1.40291892254047E+000
28.8765053 1.34337800773522E+000 1.38995954348127E+000
28.9764563 1.33115964873416E+000 1.37716167717490E+000
29.0764077 1.31909143927750E+000 1.36452303206115E+000
29.1763593 1.30717105804975E+000 1.35204111585827E+000
29.2763113 1.29539622693260E+000 1.33971348324588E+000
29.3762617 1.28376493056601E+000 1.32753796563100E+000
29.4762144 1.27227453076154E+000 1.31551174411187E+000
29.5761673 1.26092309666319E+000 1.30363274182680E+000
29.6761206 1.24970851378136E+000 1.29189869122002E+000
29.7760741 1.23862870635584E+000 1.28030736678162E+000
29.8760261 1.22768184407216E+000 1.26885680121584E+000
29.9759803 1.21686550859875E+000 1.25754441361754E+000
30.0759347 1.20617794552921E+000 1.24636831897782E+000
30.1758895 1.19561722593397E+000 1.23532645108455E+000
30.2758445 1.18518145566691E+000 1.22441678143699E+000
30.3757980 1.17486897016853E+000 1.21363752281371E+000
30.4757536 1.16467754931177E+000 1.20298630857254E+000
30.5757095 1.15460559684017E+000 1.19246142543632E+000
30.6756657 1.14465135058781E+000 1.18206098790172E+000
30.7756221 1.13481307968037E+000 1.17178314434708E+000
30.8755770 1.12508926827671E+000 1.16162626891062E+000
30.9755340 1.11547787524039E+000 1.15158818818517E+000
31.0754913 1.10597744629203E+000 1.14166734286933E+000
31.1754469 1.09658654747095E+000 1.13186219585302E+000
31.2754067 1.08730306066362E+000 1.12217049679579E+000
31.3753629 1.07812613793462E+000 1.11259132245222E+000
31.4753231 1.06905354991509E+000 1.10312230849312E+000
31.5752798 1.06008448614265E+000 1.09376257257197E+000
31.6752368 1.05121712193322E+000 1.08451017473338E+000
31.7751978 1.04244967356767E+000 1.07536321888540E+000
31.8751552 1.03378138365190E+000 1.06632088057425E+000
31.9751168 1.02521018891718E+000 1.05738097391952E+000
32.0750747 1.01673536537316E+000 1.04854271089115E+000
32.1750329 1.00835522981615E+000 1.03980430380780E+000
32.2749952 1.00006813649085E+000 1.03116400503794E+000
32.3749539 9.91873408739204E-001 1.02262107814003E+000
32.4749166 9.83769134476137E-001 1.01417349945908E+000
32.5748758 9.75754666853417E-001 1.00582056502972E+000
32.6748352 9.67828451134727E-001 9.97560625273485E-001
32.7747986 9.59988966869376E-001 9.89392067236459E-001
32.8747585 9.52235609471623E-001 9.81314232976466E-001
32.9747223 9.44566604674017E-001 9.73325246546962E-001
33.0746827 9.36981374521797E-001 9.65424478994433E-001
33.1746432 9.29478481105235E-001 9.57610406183606E-001
33.2746078 9.22056517950718E-001 9.49881537521908E-001
33.3745687 9.14714944878482E-001 9.42237285158613E-001
33.4745337 9.07452113441242E-001 9.34675907842546E-001
33.5744951 9.00267507274429E-001 9.27196843625973E-001
33.6744568 8.93159794864068E-001 9.19798682487912E-001
33.7744224 8.86127673560751E-001 9.12480045172460E-001
33.8743844 8.79170660797152E-001 9.05240406478068E-001
33.9743505 8.72287223159214E-001 8.98078148164045E-001
34.0743130 8.65476899397143E-001 8.90992768197779E-001
34.1742756 8.58738455030776E-001 8.83982960517570E-001
34.2742423 8.52070682120053E-001 8.77047447319223E-001
34.3742054 8.45473149681694E-001 8.70185759453466E-001
34.4741725 8.38944429620530E-001 8.63396391180391E-001
34.5741359 8.32484110052359E-001 8.56678894093811E-001
34.6740996 8.26091045114867E-001 8.50032056973725E-001
34.7740673 8.19764113381405E-001 8.43454694590201E-001
34.8740313 8.13502930096200E-001 8.36946387990688E-001
34.9739994 8.07306163720763E-001 8.30505734468073E-001
35.0739638 8.01173446625374E-001 8.24132333657608E-001
35.1739284 7.95103713988283E-001 8.17825060981897E-001
35.2738971 7.89095923515257E-001 8.11582815800095E-001
35.3738621 7.83149731912336E-001 8.05405224151959E-001
35.4738310 7.77263896282179E-001 7.99290977820251E-001
35.5737964 7.71438088699945E-001 7.93239719515188E-001
35.6737620 7.65671318551985E-001 7.87250403917466E-001
35.7737315 7.59962616019413E-001 7.81322007781731E-001
35.8736974 7.54311675024829E-001 7.75454197508486E-001
35.9736673 7.48717334150668E-001 7.69645751650336E-001
36.0736335 7.43179301122247E-001 7.63896351570448E-001
36.1735999 7.37696653364122E-001 7.58205024546797E-001
36.2735704 7.32268487519847E-001 7.52570818239346E-001
36.3735371 7.26894530942423E-001 7.46993435282523E-001
36.4735079 7.21573697205553E-001 7.41471734011982E-001
36.5734750 7.16305726066803E-001 7.36005430501835E-001
36.6734423 7.11089757409388E-001 7.30593618610510E-001
36.7734135 7.05924948900505E-001 7.25235411039272E-001
36.8733811 7.00811057942949E-001 7.19930542975003E-001
36.9733527 6.95747067214511E-001 7.14677946204070E-001
37.0733206 6.90732745273176E-001 7.09477367993315E-001
37.1732887 6.85767289408118E-001 7.04327963338802E-001
37.2732608 6.80849913383858E-001 6.99228904677316E-001
37.3732292 6.75980401631153E-001 6.94179956460286E-001
37.4732015 6.71157800582908E-001 6.89180118177490E-001
37.5731702 6.66381904707435E-001 6.84229165144999E-001
37.6731391 6.61651964118059E-001 6.79326308566117E-001
37.7731119 6.56967244208470E-001 6.74470775805847E-001
37.8730811 6.52327553733364E-001 6.69662357640505E-001
37.9730543 6.47731998014257E-001 6.64900116039812E-001
38.0730237 6.43180394842576E-001 6.60183851557312E-001
38.1729934 6.38672042995500E-001 6.55512827131311E-001
38.2729669 6.34206255437954E-001 6.50886320693518E-001
38.3729369 6.29782862826452E-001 6.46304146714064E-001
38.4729107 6.25401024937756E-001 6.41765424888863E-001
38.5728809 6.21060580567994E-001 6.37269978491298E-001
38.6728513 6.16760873375764E-001 6.32817118132675E-001
38.7728256 6.12501260207119E-001 6.28406168349177E-001
38.8727962 6.08281591448638E-001 6.24036964947459E-001
38.9727708 6.04101077288383E-001 6.19708681017717E-001
39.0727417 5.99959575447622E-001 6.15421160296626E-001
39.1727127 5.95856471023153E-001 6.11173757374369E-001
39.2726877 5.91791161382329E-001 6.06965839787488E-001
39.3726590 5.87763514692685E-001 6.02797262565105E-001
39.4726343 5.83772787860246E-001 5.98667248239157E-001
39.5726059 5.79818855664354E-001 5.94575658985131E-001
39.6725776 5.75901141501737E-001 5.90521890008314E-001
39.7725533 5.72019080198208E-001 5.86505348563163E-001
39.8725252 5.68172555951358E-001 5.82525907003549E-001
39.9725012 5.64360869007950E-001 5.78582833692292E-001
40.0724734 5.60583909527610E-001 5.74676007425712E-001
40.1724458 5.56841136343242E-001 5.70804860957500E-001
40.2724221 5.53132018943677E-001 5.66968838266908E-001
40.3723947 5.49456455982347E-001 5.63167827327506E-001
40.4723712 5.45813787954905E-001 5.59401139030268E-001
40.5723441 5.42203918892264E-001 5.55668667158371E-001
40.6723171 5.38626340447194E-001 5.51969879214708E-001
40.7722940 5.35080554217187E-001 5.48304253170789E-001
40.8722673 5.31566471894965E-001 5.44671691086595E-001
40.9722444 5.28083471391205E-001 5.41071543356814E-001
41.0722179 5.24631469249798E-001 5.37503717281607E-001
41.1721915 5.21209987550406E-001 5.33967712555068E-001
41.2721690 5.17818557662460E-001 5.30463038643424E-001
41.3721428 5.14457103042268E-001 5.26989610313110E-001
41.4721206 5.11125036415182E-001 5.23546814689704E-001
41.5720946 5.07822285614436E-001 5.20134571267040E-001
41.6720688 5.04548400955433E-001 5.16752409590155E-001
41.7720469 5.01302941439547E-001 5.13399868334672E-001
41.8720213 4.98085841136923E-001 5.10076873730512E-001
41.9719996 4.94896545198870E-001 5.06782847089153E-001
42.0719743 4.91734991644821E-001 5.03517718905793E-001
42.1719490 4.88600757017387E-001 5.00281046432998E-001
42.2719276 4.85493425987916E-001 4.97072395462323E-001
42.3719026 4.82412942203402E-001 4.93891702566758E-001
42.4718815 4.79358781044435E-001 4.90738420905226E-001
42.5718566 4.76330889721402E-001 4.87612490899214E-001
42.6718319 4.73328869161032E-001 4.84513495543552E-001
42.7718111 4.70352327903983E-001 4.81441025825955E-001
42.8717866 4.67401218238157E-001 4.78395027651782E-001
42.9717660 4.64475043751213E-001 4.75374983876420E-001
43.0717417 4.61573759945987E-001 4.72380843877577E-001
43.1717175 4.58696990440275E-001 4.69412214588521E-001
43.2716972 4.55844365989721E-001 4.66468710430763E-001
43.3716732 4.53015846677831E-001 4.63550285729690E-001
43.4716531 4.50210962435800E-001 4.60656451056518E-001
43.5716293 4.47429676247218E-001 4.57787163869278E-001
43.6716056 4.44671632864143E-001 4.54942053382302E-001
43.7715858 4.41936483735777E-001 4.52120755831371E-001
43.8715623 4.39224195977300E-001 4.49323233137792E-001
43.9715428 4.36534324144422E-001 4.46549021762970E-001
44.0715195 4.33866837967743E-001 4.43798086453870E-001
44.1714963 4.31221401900642E-001 4.41070077181533E-001
44.2714770 4.28597686685278E-001 4.38364650506241E-001
44.3714539 4.25995665777712E-001 4.35681775200351E-001
44.4714348 4.23414916770871E-001 4.33021011930989E-001
44.5714120 4.20855415478713E-001 4.30382332018581E-001
44.6713893 4.18316844735711E-001 4.27765404787482E-001
44.7713704 4.15798893286369E-001 4.25169905750706E-001
44.8713479 4.13301540302602E-001 4.22595809858015E-001
44.9713293 4.10824384947485E-001 4.20042700426513E-001
45.0713069 4.08367408517746E-001 4.17510554702882E-001
45.1712846 4.05930311011408E-001 4.14999060071491E-001
45.2712662 4.03512797984925E-001 4.12507909733763E-001
45.3712441 4.01114853760259E-001 4.10037084207283E-001
45.4712259 3.98736097713393E-001 4.07586188020904E-001
45.5712040 3.96376516080021E-001 4.05155203761790E-001
45.6711822 3.94035824897836E-001 4.02743835681361E-001
45.7711643 3.91713745436255E-001 4.00351793503036E-001
45.8711426 3.89410266654826E-001 3.97979062760338E-001
45.9711248 3.87125026885656E-001 3.95625267863024E-001
46.0711034 3.84858016810785E-001 3.93290396208295E-001
46.1710820 3.82608967469190E-001 3.90974167813182E-001
46.2710644 3.80377614827737E-001 3.88676307846031E-001
46.3710432 3.78163952019203E-001 3.86396806356402E-001
46.4710259 3.75967635167001E-001 3.84135306402344E-001
46.5710048 3.73788658953056E-001 3.81891799710524E-001
46.6709838 3.71626768457384E-001 3.79666021045726E-001
46.7709667 3.69481713405076E-001 3.77457710025748E-001
46.8709459 3.67353490681195E-001 3.75266860763165E-001
46.9709290 3.65241773119912E-001 3.73093133821663E-001
47.0709083 3.63146558998257E-001 3.70936524821803E-001
47.1708877 3.61067606548513E-001 3.68796782334655E-001
47.2708710 3.59004678384579E-001 3.66673659506592E-001
47.3708506 3.56957774762053E-001 3.64567154102499E-001
47.4708341 3.54926584222642E-001 3.62476943131496E-001
47.5708138 3.52911108271330E-001 3.60403025713091E-001
47.6707936 3.50911117469355E-001 3.58345163353078E-001
47.7707773 3.48926386513925E-001 3.56303121873788E-001
47.8707573 3.46956918684856E-001 3.54276902319930E-001
47.9707411 3.45002417299153E-001 3.52266197161518E-001
48.0707212 3.43062886756636E-001 3.50271008658753E-001
48.1707014 3.41138109184175E-001 3.48291110444619E-001
48.2706855 3.39227870615387E-001 3.46326280227320E-001
48.3706658 3.37332177040028E-001 3.44376521993447E-001
48.4706500 3.35450745683407E-001 3.42441542758852E-001
48.5706305 3.33583583537848E-001 3.40521347599360E-001
48.6706110 3.31730483587558E-001 3.38615721526300E-001
48.7705955 3.29891242509436E-001 3.36724453401000E-001
48.8705762 3.28065868717890E-001 3.34847549845239E-001
48.9705608 3.26254092539564E-001 3.32984731569521E-001
49.0705416 3.24455923284819E-001 3.31136006170257E-001
49.1705225 3.22671164137442E-001 3.29301169342128E-001
49.2705073 3.20899621773857E-001 3.27480020419453E-001
49.3704883 3.19141306774100E-001 3.25672568380783E-001
49.4704733 3.17395961814446E-001 3.23878546838874E-001
49.5704545 3.15663598274062E-001 3.22097965642854E-001
49.6704357 3.13944028925006E-001 3.20330630525233E-001
49.7704208 3.12237069844862E-001 3.18576350661518E-001
49.8704022 3.10542733544052E-001 3.16835137134232E-001
49.9703875 3.08860774347720E-001 3.15106735720110E-001
50.0703690 3.07191205477485E-001 3.13391158277755E-001
50.1703506 3.05533848725089E-001 3.11688219977450E-001
50.2703361 3.03888529012661E-001 3.09997739248525E-001
50.3703178 3.02255260567353E-001 3.08319729047885E-001
50.4703034 3.00633808709387E-001 3.06653946627870E-001
50.5702853 2.99024188297227E-001 3.05000405635635E-001
50.6702672 2.97426229613049E-001 3.03358930121017E-001
50.7702530 2.95839765905367E-001 3.01729347220692E-001
50.8702350 2.94264812923962E-001 3.00111671557407E-001
50.9702209 2.92701146373729E-001 2.98505671216764E-001
51.0702031 2.91148782563196E-001 2.96911361433799E-001
51.1701853 2.89607559771962E-001 2.95328574618202E-001
51.2701714 2.88077319092198E-001 2.93757146105176E-001
51.3701538 2.86558077619987E-001 2.92197091993872E-001
51.4701400 2.85049620874561E-001 2.90648190603320E-001
51.5701225 2.83551966444821E-001 2.89110458574131E-001
51.6701050 2.82064960148209E-001 2.87583736191660E-001
51.7700914 2.80588450470505E-001 2.86067866515526E-001
51.8700741 2.79122455693898E-001 2.84562866949179E-001
51.9700606 2.77666770618681E-001 2.83068525484533E-001
52.0700434 2.76221413959962E-001 2.81584860002148E-001
52.1700263 2.74786238644303E-001 2.80111718211607E-001
52.2700130 2.73361100131207E-001 2.78648950454853E-001
52.3699959 2.71946017743433E-001 2.77196575283285E-001
52.4699827 2.70540795063359E-001 2.75754389837480E-001
52.5699658 2.69145451792250E-001 2.74322413087488E-001
52.6699489 2.67759847565549E-001 2.72900499745905E-001
52.7699359 2.66383844424474E-001 2.71488507024479E-001
52.8699192 2.65017462600146E-001 2.70086454480509E-001
52.9699063 2.63660513989815E-001 2.68694147912659E-001
53.0698897 2.62313019153684E-001 2.67311607243774E-001
53.1698731 2.60974844062187E-001 2.65938693796191E-001
53.2698603 2.59645856972011E-001 2.64575271266249E-001
53.3698439 2.58326078902552E-001 2.63221360088122E-001
53.4698313 2.57015329628169E-001 2.61876774259128E-001
53.5698149 2.55713630452450E-001 2.60541534530753E-001
53.6697986 2.54420853331308E-001 2.59215508467617E-001
53.7697861 2.53136872394490E-001 2.57898565890703E-001
53.8697699 2.51861709340609E-001 2.56590727993866E-001
53.9697576 2.50595191410687E-001 2.55291816542538E-001
54.0697415 2.49337340546770E-001 2.54001853004078E-001
54.1697254 2.48088034363295E-001 2.52720710841838E-001
54.2697133 2.46847152542738E-001 2.51448265664870E-001
54.3696973 2.45614717363915E-001 2.50184539320286E-001
54.4696852 2.44390563149420E-001 2.48929360937890E-001
54.5696694 2.43174712384498E-001 2.47682752598526E-001
54.6696536 2.41967048036067E-001 2.46444593342850E-001
54.7696417 2.40767455039459E-001 2.45214764253058E-001
54.8696260 2.39575956163815E-001 2.43993287732901E-001
54.9696142 2.38392392451768E-001 2.42779999897698E-001
55.0695986 2.37216786845320E-001 2.41574923348832E-001
55.1695831 2.36049027377209E-001 2.40377942403346E-001
55.2695714 2.34889003954710E-001 2.39188943321714E-001
55.3695560 2.33736739755749E-001 2.38007948976643E-001
55.4695444 2.32592082203371E-001 2.36834802113229E-001
55.5695291 2.31455054617910E-001 2.35669525769056E-001
55.6695138 2.30325549829249E-001 2.34512009255645E-001
55.7695023 2.29203462453304E-001 2.33362143735501E-001
55.8694872 2.28088816002834E-001 2.32219952470731E-001
55.9694758 2.26981463962040E-001 2.31085284501977E-001
56.0694607 2.25881429958481E-001 2.29958163226519E-001
56.1694457 2.24788611367217E-001 2.28838482686103E-001
56.2694345 2.23702907265843E-001 2.27726138686283E-001
56.3694196 2.22624341434919E-001 2.26621154806430E-001
56.4694085 2.21552773119519E-001 2.25523386068503E-001
56.5693936 2.20488226189990E-001 2.24432856160119E-001
56.6693788 2.19430602330118E-001 2.23349463605391E-001
56.7693678 2.18379804847402E-001 2.22273108609972E-001
56.8693531 2.17335857729485E-001 2.21203815005130E-001
56.9693423 2.16298625699706E-001 2.20141443498536E-001
57.0693276 2.15268132812842E-001 2.19086018005307E-001
57.1693130 2.14244284839380E-001 2.18037441299282E-001
57.2693023 2.13226989099084E-001 2.16995617758190E-001
57.3692878 2.12216269731709E-001 2.15960571405980E-001
57.4692772 2.11211996672725E-001 2.14932168357792E-001
57.5692628 2.10214194108537E-001 2.13910432699347E-001
57.6692484 2.09222771687735E-001 2.12895271235741E-001
57.7692379 2.08237640537841E-001 2.11886592302612E-001
57.8692236 2.07258824901010E-001 2.10884420063004E-001
57.9692132 2.06286199674085E-001 2.09888625777470E-001
58.0691990 2.05319789127349E-001 2.08899233650851E-001
58.1691849 2.04359506591400E-001 2.07916154314220E-001
58.2691746 2.03405266809254E-001 2.06939299859858E-001
58.3691605 2.02457094080544E-001 2.05968694541451E-001
58.4691503 2.01514868027070E-001 2.05004214518003E-001
58.5691363 2.00578612959872E-001 2.04045884066951E-001
58.6691224 1.99648245707099E-001 2.03093617452326E-001
58.7691123 1.98723684446404E-001 2.02147330333812E-001
58.8690985 1.97804953494347E-001 2.01207047011959E-001
58.9690885 1.96891936974677E-001 2.00272648311370E-001
59.0690747 1.95984659200280E-001 1.99344158540055E-001
59.1690610 1.95083040323264E-001 1.98421495413430E-001
59.2690511 1.94187001785686E-001 1.97504577980537E-001
59.3690374 1.93296567884476E-001 1.96593430549292E-001
59.4690277 1.92411627034853E-001 1.95687938390207E-001
59.5690141 1.91532203516485E-001 1.94788125803969E-001
59.6690006 1.90658220641976E-001 1.93893913786468E-001
59.7689909 1.89789602957472E-001 1.93005224608503E-001
59.8689774 1.88926374707360E-001 1.92122082549755E-001
59.9689678 1.88068428399564E-001 1.91244377119274E-001
60.0689545 1.87215788248994E-001 1.90372132576287E-001
60.1689411 1.86368380574727E-001 1.89505273036195E-001
60.2689316 1.85526132875947E-001 1.88643723833696E-001
60.3689184 1.84689069314916E-001 1.87787509188200E-001
60.4689090 1.83857086304461E-001 1.86936522651437E-001
60.5688958 1.83030207966397E-001 1.86090788410476E-001
60.6688827 1.82208363481088E-001 1.85250233548552E-001
60.7688734 1.81391483158351E-001 1.84414786315502E-001
60.8688603 1.80579591051774E-001 1.83584470841678E-001
60.9688511 1.79772587301553E-001 1.82759184536416E-001
61.0688381 1.78970495911008E-001 1.81938951487061E-001
61.1688251 1.78173248784850E-001 1.81123701601684E-001
61.2688160 1.77380778909201E-001 1.80313365904995E-001
61.3688031 1.76593110205210E-001 1.79507968412474E-001
61.4687941 1.75810146372528E-001 1.78707410216085E-001
61.5687813 1.75031911273246E-001 1.77911715278745E-001
61.6687685 1.74258339407202E-001 1.77120816198469E-001
61.7687596 1.73489366310058E-001 1.76334646642524E-001
61.8687469 1.72725015749285E-001 1.75553230488413E-001
61.9687381 1.71965194825094E-001 1.74776472345206E-001
62.0687254 1.71209927238061E-001 1.74004396029306E-001
62.1687128 1.70459149961146E-001 1.73236936701367E-001
62.2687041 1.69712800959857E-001 1.72474030546322E-001
62.3686916 1.68970903829062E-001 1.71715701283065E-001
62.4686829 1.68233368919097E-001 1.70961856881128E-001
62.5686704 1.67500219750969E-001 1.70212520990698E-001
62.6686580 1.66771395655511E-001 1.69467631214858E-001
62.7686494 1.66046836915003E-001 1.68727126138267E-001
62.8686371 1.65326566934899E-001 1.67991029302844E-001
62.9686286 1.64610499173164E-001 1.67259251890256E-001
63.0686163 1.63898656955217E-001 1.66531817366954E-001
63.1686040 1.63190981860845E-001 1.65808665664880E-001
63.2685918 1.62487443141999E-001 1.65089765000613E-001
63.3685872 1.61787957116812E-001 1.64375029508696E-001
63.4685751 1.61092600306285E-001 1.63664537022994E-001
63.5685630 1.60401289255184E-001 1.62958201917352E-001
63.6685509 1.59713994292975E-001 1.62255993528465E-001
63.7685388 1.59030686011544E-001 1.61557881465786E-001
63.8685344 1.58351283581586E-001 1.60863782810738E-001
63.9685224 1.57675861772138E-001 1.60173773612491E-001
64.0685105 1.57004339964466E-001 1.59487771174845E-001
64.1684986 1.56336689773307E-001 1.58805746170224E-001
64.2684867 1.55672883062559E-001 1.58127669529941E-001
64.3684824 1.55012841733480E-001 1.57453461155442E-001
64.4684706 1.54356638847047E-001 1.56783195355776E-001
64.5684588 1.53704196500120E-001 1.56116792238992E-001
64.6684470 1.53055487527939E-001 1.55454223745548E-001
64.7684353 1.52410485002403E-001 1.54795462061736E-001
64.8684312 1.51769113439569E-001 1.54140429788679E-001
64.9684195 1.51131444235324E-001 1.53489199538959E-001
65.0684079 1.50497402087367E-001 1.52841694105600E-001
65.1683963 1.49866960990389E-001 1.52197886633314E-001
65.2683847 1.49240095163946E-001 1.51557750500334E-001
65.3683808 1.48616731628997E-001 1.50921210893258E-001
65.4683692 1.47996940158357E-001 1.50288338770906E-001
65.5683578 1.47380647941611E-001 1.49659059498070E-001
65.6683463 1.46767830075315E-001 1.49033347363582E-001
65.7683349 1.46158461869781E-001 1.48411176878186E-001
65.8683311 1.45552472746484E-001 1.47792475705524E-001
65.9683197 1.44949930896244E-001 1.47177313192418E-001
66.0683084 1.44350765897024E-001 1.46565617167919E-001
66.1682971 1.43754953892928E-001 1.45957363008265E-001
66.2682858 1.43162471231320E-001 1.45352526300655E-001
66.3682821 1.42573249635017E-001 1.44751037082777E-001
66.4682709 1.41987355752967E-001 1.44152963130274E-001
66.5682597 1.41404721453145E-001 1.43558234634316E-001
66.6682485 1.40825323875930E-001 1.42966828005036E-001
66.7682374 1.40249140355049E-001 1.42378719853188E-001
66.8682339 1.39676104820385E-001 1.41793842492632E-001
66.9682228 1.39106282418189E-001 1.41212262167698E-001
67.0682118 1.38539607212930E-001 1.40633911334600E-001
67.1682007 1.37976057292841E-001 1.40058767386850E-001
67.2681897 1.37415610930152E-001 1.39486807908822E-001
67.3681864 1.36858204172146E-001 1.38917967397495E-001
67.4681754 1.36303900700621E-001 1.38352310604811E-001
67.5681645 1.35752636687582E-001 1.37789772159722E-001
67.6681536 1.35204391123382E-001 1.37230330391415E-001
67.7681428 1.34659143173530E-001 1.36673963810716E-001
67.8681396 1.34116830917409E-001 1.36120609009228E-001
67.9681288 1.33577516609670E-001 1.35570329284491E-001
68.0681180 1.33041138445208E-001 1.35023061350387E-001
68.1681072 1.32507676273273E-001 1.34478784426707E-001
68.2680965 1.31977110109913E-001 1.33937477906169E-001
68.3680934 1.31449379985421E-001 1.33399080390794E-001
68.4680827 1.30924546763685E-001 1.32863653760773E-001
68.5680721 1.30402550581915E-001 1.32331136731358E-001
68.6680615 1.29883372107389E-001 1.31801509370346E-001
68.7680509 1.29366992166282E-001 1.31274751910228E-001
68.8680479 1.28853352662496E-001 1.30750804883285E-001
68.9680374 1.28342513104624E-001 1.30229728788497E-001
69.0680269 1.27834415495454E-001 1.29711464262932E-001
69.1680164 1.27329041281644E-001 1.29195992182117E-001
69.2680059 1.26826372061270E-001 1.28683293578483E-001
69.3680031 1.26326351538204E-001 1.28173310838243E-001
69.4679927 1.25829037900317E-001 1.27666103114396E-001
69.5679823 1.25334374942869E-001 1.27161612890056E-001
69.6679719 1.24842344855326E-001 1.26659821810380E-001
69.7679615 1.24352929971494E-001 1.26160711670059E-001
69.8679589 1.23866075725045E-001 1.25664226636529E-001
69.9679486 1.23381839016812E-001 1.25170424551137E-001
70.0679383 1.22900165364855E-001 1.24679249670850E-001
70.1679281 1.22421037666826E-001 1.24190684374404E-001
70.2679178 1.21944438958024E-001 1.23704711183095E-001
70.3679153 1.21470316335026E-001 1.23221275976281E-001
70.4679051 1.20998725444445E-001 1.22740435317107E-001
70.5678949 1.20529613460703E-001 1.22262135167584E-001
70.6678848 1.20062963956866E-001 1.21786358605899E-001
70.7678747 1.19598760637296E-001 1.21313088846192E-001
70.8678723 1.19136952197681E-001 1.20842273413676E-001
70.9678622 1.18677593062375E-001 1.20373967625882E-001
71.0678522 1.18220631998802E-001 1.19908119084248E-001
71.1678422 1.17766053224384E-001 1.19444711534091E-001
71.2678322 1.17313841081832E-001 1.18983728850426E-001
71.3678299 1.16863945805086E-001 1.18525120141308E-001
71.4678200 1.16416420627359E-001 1.18068939510387E-001
71.5678100 1.15971215848619E-001 1.17615136135940E-001
71.6678002 1.15528316301221E-001 1.17163694399795E-001
71.7677903 1.15087706937110E-001 1.16714598807551E-001
71.8677881 1.14649339470394E-001 1.16267799989985E-001
71.9677783 1.14213265973448E-001 1.15823350867764E-001
72.0677685 1.13779438221072E-001 1.15381202136279E-001
72.1677587 1.13347841632661E-001 1.14941338784852E-001
72.2677489 1.12918461741794E-001 1.14503745920954E-001
72.3677468 1.12491251687296E-001 1.14068375640704E-001
72.4677371 1.12066262410192E-001 1.13635279711868E-001
72.5677275 1.11643447105014E-001 1.13204410289935E-001
72.6677178 1.11222791751742E-001 1.12775752944211E-001
72.7677082 1.10804282439418E-001 1.12349293356819E-001
72.8677062 1.10387873678616E-001 1.11924985034429E-001
72.9676966 1.09973615307722E-001 1.11502878621188E-001
73.0676870 1.09561461888363E-001 1.11082927678239E-001
73.1676774 1.09151399936010E-001 1.10665118328778E-001
73.2676679 1.08743416070333E-001 1.10249436803764E-001
73.3676660 1.08337466123056E-001 1.09835837968086E-001
73.4676565 1.07933598857862E-001 1.09424371370768E-001
73.5676471 1.07531770153177E-001 1.09014991926598E-001
73.6676376 1.07131967036148E-001 1.08607686287906E-001
73.7676282 1.06734176633505E-001 1.08202441209992E-001
73.8676264 1.06338356049762E-001 1.07799212865960E-001
73.9676171 1.05944553001081E-001 1.07398049737446E-001
74.0676077 1.05552724634614E-001 1.06998908043177E-001
74.1675984 1.05162858466574E-001 1.06601774941128E-001
74.2675890 1.04774942108373E-001 1.06206637687683E-001
74.3675874 1.04388933891084E-001 1.05813453716372E-001
74.4675781 1.04004880509792E-001 1.05422270468425E-001
74.5675688 1.03622740334406E-001 1.05033045418997E-001
74.6675596 1.03242501348736E-001 1.04645766209398E-001
74.7675504 1.02864151627628E-001 1.04260420575027E-001
74.8675488 1.02487650684489E-001 1.03876967164136E-001
74.9675396 1.02113044219062E-001 1.03495452403806E-001
75.0675305 1.01740291780040E-001 1.03115834980184E-001
75.1675213 1.01369381798434E-001 1.02738102996732E-001
75.2675122 1.01000302792335E-001 1.02362244646893E-001
75.3675108 1.00633015415180E-001 1.01988219749935E-001
75.4675017 1.00267564396398E-001 1.01616073744331E-001
75.5674926 9.99039104213976E-002 1.01245766483755E-001
75.6674836 9.95420423490061E-002 1.00877286513696E-001
75.7674746 9.91819491213726E-002 1.00510622465720E-001
75.8674732 9.88235924914753E-002 1.00145735288287E-001
75.9674642 9.84670162427809E-002 9.97826694561120E-002
76.0674553 9.81121821571413E-002 9.94213859488056E-002
76.1674463 9.77590795027763E-002 9.90618737347542E-002
76.2674374 9.74076976276524E-002 9.87041218647117E-002
76.3674361 9.70579993455286E-002 9.83480923763058E-002
76.4674273 9.67100275175933E-002 9.79938288046625E-002
76.5674184 9.63637449835850E-002 9.76412932155150E-002
76.6674096 9.60191414035952E-002 9.72904749819643E-002
76.7674007 9.56762065140616E-002 9.69413635559496E-002
76.8673996 9.53349041524046E-002 9.65939220259437E-002
76.9673908 9.49952762805713E-002 9.62481930109933E-002
77.0673820 9.46572867592588E-002 9.59041396248333E-002
77.1673732 9.43209256237635E-002 9.55617516279852E-002
77.2673645 9.39861829824933E-002 9.52210188564530E-002
77.3673634 9.36530236609711E-002 9.48819054128513E-002
77.4673547 9.33214887443096E-002 9.45444530230152E-002
77.5673461 9.29915430787845E-002 9.42086258121664E-002
77.6673374 9.26631770590383E-002 9.38744139117955E-002
77.7673288 9.23363811497470E-002 9.35418075256831E-002
77.8673278 9.20111211304617E-002 9.32107717354235E-002
77.9673192 9.16874372312535E-002 9.28813473958813E-002
78.0673106 9.13652952500696E-002 9.25534996087784E-002
78.1673020 9.10446859258044E-002 9.22272188609201E-002
78.2672935 9.07256000644548E-002 9.19024957083618E-002
78.3672925 9.04080043669379E-002 9.15792961779804E-002
78.4672840 9.00919382294794E-002 9.12576602753028E-002
78.5672755 8.97773683691926E-002 9.09375540450182E-002
78.6672671 8.94642858548517E-002 9.06189683143442E-002
78.7672586 8.91526818195421E-002 9.03018939768550E-002
78.8672578 8.88425238542296E-002 8.99862979724072E-002
78.9672493 8.85338505419090E-002 8.96722194782291E-002
79.0672409 8.82266294876886E-002 8.93596254498284E-002
79.1672325 8.79208520765344E-002 8.90485070406455E-002
79.2672242 8.76165097550648E-002 8.87388554677213E-002
79.3672234 8.73135709742563E-002 8.84306385529163E-002
79.4672151 8.70120735239221E-002 8.81238946656229E-002
79.5672068 8.67119858672654E-002 8.78185916413358E-002
79.6671985 8.64132996924031E-002 8.75147209462023E-002
79.7671902 8.61160067465712E-002 8.72122741073455E-002
79.8671895 8.58200763119382E-002 8.69112197989174E-002
79.9671813 8.55255454046356E-002 8.66115956023759E-002
80.0671730 8.52323833172715E-002 8.63133702036259E-002
80.1671648 8.49405820286863E-002 8.60165353686448E-002
80.2671566 8.46501335744243E-002 8.57210829218833E-002
80.3671560 8.43610080401889E-002 8.54269823612772E-002
80.4671478 8.40732416873954E-002 8.51342704997059E-002
80.5671397 8.37868046105200E-002 8.48429168451024E-002
80.6671315 8.35016890672796E-002 8.45529134510012E-002
80.7671234 8.32178873697926E-002 8.42642524270257E-002
80.8671229 8.29353703807475E-002 8.39769040675336E-002
80.9671148 8.26541736252885E-002 8.36909044356511E-002
81.0671067 8.23742679733233E-002 8.34062238340971E-002
81.1670987 8.20956459501486E-002 8.31228545922630E-002
81.2670906 8.18183001332671E-002 8.28407890933552E-002
81.3670902 8.15422021368572E-002 8.25599984018857E-002
81.4670822 8.12673867677336E-002 8.22805178495377E-002
81.5670742 8.09938256458460E-002 8.20023185076582E-002
81.6670662 8.07215115532963E-002 8.17253929703386E-002
81.7670583 8.04504373222976E-002 8.14497338833163E-002
81.8670579 8.01805752940306E-002 8.11753130560316E-002
81.9670500 7.99119595744298E-002 8.09021651065332E-002
82.0670421 7.96445625090988E-002 8.06302618496757E-002
82.1670342 7.93783771266643E-002 8.03595961336068E-002
82.2670263 7.91133965038651E-002 8.00901608560515E-002
82.3670260 7.88495936853569E-002 7.98219285471476E-002
82.4670182 7.85870020931671E-002 7.95549331286311E-002
82.5670103 7.83255947751184E-002 7.92891471347298E-002
82.6670025 7.80653649965515E-002 7.90245636574936E-002
82.7669947 7.78063060690108E-002 7.87611758365739E-002
82.8669945 7.75483917180154E-002 7.84989568995236E-002
82.9669867 7.72916546981959E-002 7.82379400886144E-002
83.0669790 7.70360687370703E-002 7.79780986342567E-002
83.1669712 7.67816273273270E-002 7.77194258627095E-002
83.2669635 7.65283240060365E-002 7.74619151459488E-002
83.3669634 7.62761331578455E-002 7.72055403865650E-002
83.4669556 7.60250868860473E-002 7.69503341637544E-002
83.5669479 7.57751595762007E-002 7.66962703818183E-002
83.6669403 7.55263449393983E-002 7.64433425919720E-002
83.7669326 7.52786367293758E-002 7.61915443893480E-002
83.8669326 7.50320099690063E-002 7.59408503300615E-002
83.9669249 7.47864961258685E-002 7.56912923461754E-002
84.0669173 7.45420702227378E-002 7.54428449944498E-002
84.1669097 7.42987261805695E-002 7.51955020422199E-002
84.2669021 7.40564579612991E-002 7.49492572990188E-002
84.3669022 7.38152412059241E-002 7.47040859537999E-002
84.4668946 7.35751067615063E-002 7.44600193070007E-002
84.5668870 7.33360302680075E-002 7.42170325472284E-002
84.6668795 7.30980058480836E-002 7.39751196494972E-002
84.7668720 7.28610276637831E-002 7.37342746293777E-002
84.8668721 7.26250719548876E-002 7.34944732887620E-002
84.9668646 7.23901689627278E-002 7.32557463115498E-002
85.0668571 7.21562949251788E-002 7.30180694983672E-002
85.1668496 7.19234441587982E-002 7.27814370238431E-002
85.2668422 7.16916110180180E-002 7.25458431015932E-002
85.3668424 7.14607723227932E-002 7.23112641273040E-002
85.4668349 7.12309577231079E-002 7.20777301830147E-002
85.5668275 7.10021440362028E-002 7.18452176622916E-002
85.6668201 7.07743257650818E-002 7.16137209316709E-002
85.7668127 7.05474974491715E-002 7.13832343951749E-002
85.8668130 7.03216364706862E-002 7.11537350238599E-002
85.9668056 7.00967719022592E-002 7.09252523121851E-002
86.0667983 6.98728811226419E-002 7.06977632282942E-002
86.1667909 6.96499588141557E-002 7.04712623232625E-002
86.2667836 6.94279996941572E-002 7.02457441842170E-002
86.3667839 6.92069816898716E-002 7.00211863398475E-002
86.4667766 6.89869333102000E-002 6.97976177109274E-002
86.5667694 6.87678324782123E-002 6.95750158225007E-002
86.6667621 6.85496740487296E-002 6.93533754031358E-002
86.7667548 6.83324529102806E-002 6.91326912160813E-002
86.8667552 6.81161475184918E-002 6.89129413305837E-002
86.9667480 6.79007858317833E-002 6.86941541072500E-002
87.0667408 6.76863463009851E-002 6.84763076110017E-002
87.1667336 6.74728239468962E-002 6.82593967411620E-002
87.2667264 6.72602138227527E-002 6.80434164304215E-002
87.3667268 6.70484948965820E-002 6.78283452721364E-002
87.4667197 6.68376945892184E-002 6.76142110799030E-002
87.5667125 6.66277918633011E-002 6.74009924421248E-002
87.6667054 6.64187818993656E-002 6.71886844224323E-002
87.7666983 6.62106599091694E-002 6.69772821165681E-002
87.8666988 6.60034053577244E-002 6.67667646261541E-002
87.9666917 6.57970451408288E-002 6.65571592305782E-002
88.0666846 6.55915587175601E-002 6.63484450259298E-002
88.1666775 6.53869414222175E-002 6.61406172339776E-002
88.2666705 6.51831886191583E-002 6.59336711074004E-002
88.3666710 6.49802802555223E-002 6.57275862408196E-002
88.4666640 6.47782427142843E-002 6.55223893918735E-002
88.5666570 6.45770559361468E-002 6.53180601491160E-002
88.6666500 6.43767154034538E-002 6.51145938865487E-002
88.7666429 6.41772166274934E-002 6.49119860079330E-002
88.8666436 6.39785400232114E-002 6.47102165861755E-002
88.9666366 6.37807114726473E-002 6.45093118692910E-002
89.0666296 6.35837113838465E-002 6.43092519236265E-002
89.1666227 6.33875353817223E-002 6.41100322697627E-002
89.2666157 6.31921791190646E-002 6.39116484569386E-002
89.3666164 6.29976234648167E-002 6.37140810221621E-002
89.4666095 6.28038938116533E-002 6.35173557156263E-002
89.5666026 6.26109710211922E-002 6.33214530673269E-002
89.6665957 6.24188508556706E-002 6.31263687390094E-002
89.7665889 6.22275291041806E-002 6.29320984200226E-002
89.8665896 6.20369870763456E-002 6.27386230977987E-002
89.9665828 6.18472496867388E-002 6.25459680361973E-002
90.0665759 6.16582982372687E-002 6.23541142152227E-002
90.1665691 6.14701286224717E-002 6.21630574325992E-002
90.2665622 6.12827367627598E-002 6.19727935126436E-002
90.3665631 6.10961043955904E-002 6.17833038800211E-002
90.4665563 6.09102559684004E-002 6.15946133234414E-002
90.5665495 6.07251732105757E-002 6.14067032597607E-002
90.6665427 6.05408521441371E-002 6.12195696177134E-002
90.7665359 6.03572888160420E-002 6.10332083516580E-002
90.8665368 6.01744653791875E-002 6.08476013107675E-002
90.9665301 5.99924058245490E-002 6.06627728194883E-002
91.0665233 5.98110922966266E-002 6.04787047188362E-002
91.1665166 5.96305209403102E-002 6.02953930637942E-002
91.2665099 5.94506879245262E-002 6.01128339340407E-002
91.3665108 5.92715758056503E-002 5.99310095909783E-002
91.4665041 5.90932081285897E-002 5.97499439053893E-002
91.5664975 5.89155674410267E-002 5.95696191302014E-002
91.6664908 5.87386500062957E-002 5.93900314420817E-002
91.7664842 5.85624521109046E-002 5.92111770415027E-002
91.8664851 5.83869567031616E-002 5.90330385902466E-002
91.9664785 5.82121868920260E-002 5.88556395157515E-002
92.0664719 5.80381256168438E-002 5.86789624710358E-002
92.1664653 5.78647692551508E-002 5.85030037500747E-002
92.2664587 5.76921142068293E-002 5.83277596697953E-002
92.3664597 5.75201438009725E-002 5.81532132809202E-002
92.4664531 5.73488807204466E-002 5.79793875775924E-002
92.5664466 5.71783082851398E-002 5.78062656015084E-002
92.6664400 5.70084229827199E-002 5.76338437597549E-002
92.7664335 5.68392213224074E-002 5.74621184815526E-002
92.8664346 5.66706870033162E-002 5.72910731955194E-002
92.9664281 5.65028422918164E-002 5.71207304722885E-002
93.0664215 5.63356708775973E-002 5.69510737312151E-002
93.1664150 5.61691693545551E-002 5.67820994884724E-002
93.2664086 5.60033343373765E-002 5.66138042815821E-002
93.3664097 5.58381498847984E-002 5.64461719063917E-002
93.4664032 5.56736378560417E-002 5.62792245195538E-002
93.5663968 5.55097823002220E-002 5.61129459074401E-002
93.6663903 5.53465799137172E-002 5.59473326914480E-002
93.7663839 5.51840274129653E-002 5.57823815135706E-002
93.8663851 5.50221092062811E-002 5.56180765265813E-002
93.9663787 5.48608467548402E-002 5.54544394824344E-002
94.0663723 5.47002244571599E-002 5.52914545242362E-002
94.1663659 5.45402391085051E-002 5.51291183749032E-002
94.2663595 5.43808875234986E-002 5.49674277772239E-002
94.3663607 5.42221544503270E-002 5.48063672309438E-002
94.4663544 5.40640609609877E-002 5.46459580923588E-002
94.5663480 5.39065917937138E-002 5.44861848513763E-002
94.6663417 5.37497438392054E-002 5.43270443288749E-002
94.7663353 5.35935140068464E-002 5.41685333649107E-002
94.8663366 5.34378873753145E-002 5.40106367965824E-002
94.9663303 5.32828846360669E-002 5.38533755933326E-002
95.0663240 5.31284908576903E-002 5.36967345822709E-002
95.1663177 5.29747030230052E-002 5.35407106788228E-002
95.2663114 5.28215181328702E-002 5.33853008169251E-002
95.3663128 5.26689215873851E-002 5.32304901617321E-002
95.4663065 5.25169337058826E-002 5.30762993044120E-002
95.5663002 5.23655398782514E-002 5.29227133999971E-002
95.6662940 5.22147371762504E-002 5.27697294551808E-002
95.7662878 5.20645226890551E-002 5.26173444945284E-002
95.8662892 5.19148821294196E-002 5.24655440022617E-002
95.9662829 5.17658354527513E-002 5.23143481996319E-002
96.0662767 5.16173683614889E-002 5.21637425606227E-002
96.1662705 5.14694780132724E-002 5.20137241800468E-002
96.2662643 5.13221615825613E-002 5.18642901699735E-002
96.3662658 5.11754050862849E-002 5.17154263250019E-002
96.4662596 5.10292281239141E-002 5.15671525046083E-002
96.5662535 5.08836167019736E-002 5.14194544930536E-002
96.6662473 5.07385680610470E-002 5.12723294702443E-002
96.7662412 5.05940794579640E-002 5.11257746327527E-002
96.8662427 5.04501372056272E-002 5.09797760771502E-002
96.9662365 5.03067605553560E-002 5.08343533090726E-002
97.0662304 5.01639358095735E-002 5.06894924146677E-002
97.1662243 5.00216602889843E-002 5.05451906560291E-002
97.2662182 4.98799313299876E-002 5.04014453113486E-002
97.3662198 4.97387355335252E-002 5.02582427710400E-002
97.4662137 4.95980918103510E-002 5.01156021946299E-002
97.5662076 4.94579867508656E-002 4.99735099620368E-002
97.6662016 4.93184177531812E-002 4.98319634147482E-002
97.7661955 4.91793822305749E-002 4.96909599098040E-002
97.8661971 4.90408670643496E-002 4.95504861235945E-002
97.9661911 4.89028908320880E-002 4.94105608770718E-002
98.0661851 4.87654404045024E-002 4.92711708360728E-002
98.1661791 4.86285132545044E-002 4.91323134187931E-002
98.2661730 4.84921068696613E-002 4.89939860584572E-002
98.3661747 4.83562084042067E-002 4.88561757098205E-002
98.4661687 4.82208361097584E-002 4.87189008626040E-002
98.5661627 4.80859771299213E-002 4.85821484609632E-002
98.6661568 4.79516290098988E-002 4.84459159972211E-002
98.7661508 4.78177893090597E-002 4.83102009782252E-002
98.8661525 4.76844454473754E-002 4.81749906297290E-002
98.9661465 4.75516153575238E-002 4.80403031173804E-002
99.0661406 4.74192864488205E-002 4.79061256562979E-002
99.1661347 4.72874563363481E-002 4.77724558104496E-002
99.2661288 4.71561226488841E-002 4.76392911578429E-002
99.3661305 4.70252730651740E-002 4.75066191880985E-002
99.4661246 4.68949252058034E-002 4.73744577497678E-002
99.5661187 4.67650667388447E-002 4.72427943218118E-002
99.6661128 4.66356953469402E-002 4.71116265374562E-002
99.7661070 4.65068087259732E-002 4.69809520434993E-002
99.8661087 4.63783948067203E-002 4.68507585865245E-002
99.9661029 4.62504709043506E-002 4.67210637047882E-002
100.0660970 4.61230249389598E-002 4.65918551341992E-002
100.1660912 4.59960546585172E-002 4.64631305749442E-002
100.2660854 4.58695578237971E-002 4.63348877403335E-002
100.3660872 4.57435226110758E-002 4.62071146272265E-002
100.4660814 4.56179660366155E-002 4.60798284702163E-002
100.5660756 4.54928762660125E-002 4.59530172554820E-002
100.6660698 4.53682511104151E-002 4.58266787479614E-002
100.7660640 4.52440883933569E-002 4.57008107252842E-002
100.8660658 4.51203765302875E-002 4.55754014281098E-002
100.9660601 4.49971322449089E-002 4.54504677938330E-002
101.0660543 4.48743439419996E-002 4.53259980524359E-002
101.1660486 4.47520094938195E-002 4.52019900314809E-002
101.2660428 4.46301267846096E-002 4.50784415708068E-002
101.3660447 4.45086844628635E-002 4.49553411485992E-002
101.4660390 4.43876989659117E-002 4.48327054113590E-002
101.5660333 4.42671589315931E-002 4.47105228266057E-002
101.6660275 4.41470622912889E-002 4.45887912824791E-002
101.7660218 4.40274069879725E-002 4.44675086789964E-002
101.8660238 4.39081818972413E-002 4.43466637257901E-002
101.9660181 4.37894031760907E-002 4.42262727846159E-002
102.0660124 4.36710596894868E-002 4.41063245544586E-002
102.1660067 4.35531494260160E-002 4.39868169820658E-002
102.2660011 4.34356703854820E-002 4.38677480256765E-002
102.3660031 4.33186116648297E-002 4.37491066204807E-002
102.4659974 4.32019891466057E-002 4.36309088494833E-002
102.5659918 4.30857919171531E-002 4.35131436372515E-002
102.6659861 4.29700180204183E-002 4.33958089872430E-002
102.7659805 4.28546655112036E-002 4.32789029140359E-002
102.8659825 4.27397237022207E-002 4.31624145726675E-002
102.9659769 4.26252082073096E-002 4.30463597732406E-002
103.0659713 4.25111083286161E-002 4.29307276602012E-002
103.1659657 4.23974221636686E-002 4.28155162918897E-002
103.2659601 4.22841478205044E-002 4.27007237374102E-002
103.3659622 4.21712748221913E-002 4.25863393661123E-002
103.4659566 4.20588185194638E-002 4.24723787209008E-002
103.5659511 4.19467684248653E-002 4.23588311605710E-002
103.6659455 4.18351226877942E-002 4.22456947965869E-002
103.7659400 4.17238794678230E-002 4.21329677508310E-002
103.8659421 4.16130284931292E-002 4.20206396015990E-002
103.9659365 4.15025848568059E-002 4.19087256301618E-002
104.0659310 4.13925382765528E-002 4.17972154043034E-002
104.1659255 4.12828869519885E-002 4.16861070869152E-002
104.2659200 4.11736290925828E-002 4.15753988509757E-002
104.3659221 4.10647546265350E-002 4.14650804785223E-002
104.4659166 4.09562783946272E-002 4.13551669946202E-002
104.5659112 4.08481903146321E-002 4.12456481708435E-002
104.6659057 4.07404886347985E-002 4.11365222198768E-002
104.7659002 4.06331716129157E-002 4.10277873641729E-002
104.8659024 4.05262293722681E-002 4.09194335844638E-002
104.9658969 4.04196765065291E-002 4.08114756549049E-002
105.0658915 4.03135031286127E-002 4.07039035458174E-002
105.1658860 4.02077075338655E-002 4.05967155181052E-002
105.2658806 4.01022880268745E-002 4.04899098421318E-002
105.3658828 3.99972349212215E-002 4.03834766924279E-002
105.4658774 3.98925625685462E-002 4.02774305974066E-002
105.5658720 3.97882612721194E-002 4.01717617212441E-002
105.6658666 3.96843293729081E-002 4.00664683715457E-002
105.7658612 3.95807652208308E-002 3.99615488650796E-002
105.8658634 3.94775593151200E-002 3.98569935654242E-002
105.9658580 3.93747257703345E-002 3.97528167602930E-002
106.0658527 3.92722550754593E-002 3.96490088029708E-002
106.1658473 3.91701456156574E-002 3.95455680463013E-002
106.2658419 3.90683957847646E-002 3.94424928520045E-002
106.3658442 3.89669962631548E-002 3.93397737680972E-002
106.4658389 3.88659609331398E-002 3.92374248465139E-002
106.5658335 3.87652804649130E-002 3.91354366250423E-002
106.6658282 3.86649532864596E-002 3.90338075003533E-002
106.7658229 3.85649778341689E-002 3.89325358777184E-002
106.8658252 3.84653449651793E-002 3.88316124851187E-002
106.9658199 3.83660683342735E-002 3.87310511435127E-002
107.0658146 3.82671387884795E-002 3.86308425707203E-002
107.1658093 3.81685547972800E-002 3.85309852058793E-002
107.2658040 3.80703148383022E-002 3.84314774964615E-002
107.3658063 3.79724099411999E-002 3.83323103460700E-002
107.4658011 3.78748535378322E-002 3.82334973493747E-002
107.5657958 3.77776366478152E-002 3.81350293998884E-002
107.6657905 3.76807577808510E-002 3.80369049779030E-002
107.7657853 3.75842154545358E-002 3.79391225717880E-002
107.8657877 3.74880008669134E-002 3.78416732565526E-002
107.9657824 3.73921272314143E-002 3.77445704051537E-002
108.0657772 3.72965857361203E-002 3.76478050825837E-002
108.1657720 3.72013749297192E-002 3.75513758090229E-002
108.2657667 3.71064933685523E-002 3.74552811124812E-002
108.3657692 3.70119324150468E-002 3.73595122352804E-002
108.4657639 3.69177050685936E-002 3.72640823331312E-002
108.5657587 3.68238026817359E-002 3.71689826384145E-002
108.6657536 3.67302238409579E-002 3.70742117099775E-002
108.7657484 3.66369671401635E-002 3.69797681142576E-002
108.8657508 3.65440241022730E-002 3.68856432569138E-002
108.9657456 3.64514075169221E-002 3.67918500807713E-002
109.0657405 3.63591088972271E-002 3.66983799816269E-002
