0.0053140 5.37088660126509E+000 2.25267734228285E+003
0.0210792 2.06928465116750E+001 2.20663994988401E+003
0.0467942 4.38263736243838E+001 2.13426494639584E+003
0.0817065 7.18658088676218E+001 2.04109727047495E+003
0.1249105 1.01810775333053E+002 1.93332702916862E+003
0.1754417 1.31088421822244E+002 1.81690326139919E+003
0.2323515 1.57821568343282E+002 1.69695039878475E+003
0.2947571 1.80866903781476E+002 1.57750618286424E+003
0.3618673 1.99708955495946E+002 1.46150646440030E+003
0.4329916 2.14296797650309E+002 1.35091324864350E+003
0.5075377 2.24881510320956E+002 1.24690336372969E+003
0.5850032 2.31883032697031E+002 1.15006126723944E+003
0.6649650 2.35793631392701E+002 1.06054922820184E+003
0.7470680 2.37114601724711E+002 9.78243864773373E+002
0.8310139 2.36318713488570E+002 9.02840715981535E+002
0.9165527 2.33830862204658E+002 8.33929230889791E+002
1.0034738 2.30020531943458E+002 7.71045612332998E+002
1.0915995 2.25201442136670E+002 7.13708467075584E+002
1.1807797 2.19635135158500E+002 6.61441634853184E+002
1.2708868 2.13536526225313E+002 6.13788853877996E+002
1.3618115 2.07080042918342E+002 5.70321683244320E+002
1.4534610 2.00405658554803E+002 5.30643363968945E+002
1.5457546 1.93624579931962E+002 4.94390689757771E+002
1.6386236 1.86824095349886E+002 4.61232923741720E+002
1.7320075 1.80071992585727E+002 4.30871071566514E+002
1.8258543 1.73420082687635E+002 4.03035303363477E+002
1.9201186 1.66907292878085E+002 3.77482930831050E+002
2.0147601 1.60562233719388E+002 3.53996189733939E+002
2.1097440 1.54405165418143E+002 3.32379489432469E+002
2.2050388 1.48449814731470E+002 3.12457636819244E+002
2.3006174 1.42704651846393E+002 2.94073388322458E+002
2.3964555 1.37174056377923E+002 2.77085714274239E+002
2.4925310 1.31859259768715E+002 2.61368170962844E+002
2.5888248 1.26758983676186E+002 2.46807061860284E+002
2.6853193 1.21870127509855E+002 2.33300337152033E+002
2.7819988 1.17188151681292E+002 2.20756091883203E+002
2.8788497 1.12707491402205E+002 2.09091565607821E+002
2.9758588 1.08421885042687E+002 1.98232224590427E+002
3.0730149 1.04324537107682E+002 1.88110692408312E+002
3.1703074 1.00408386646905E+002 1.78666177815818E+002
3.2677268 9.66661840127091E+001 1.69843609849802E+002
3.3652646 9.30906441579687E+001 1.61593122954898E+002
3.4629133 8.96745084117052E+001 1.53869452870162E+002
3.5606650 8.64106756083129E+001 1.46631599346166E+002
3.6585133 8.32921543649089E+001 1.39842177630214E+002
3.7564523 8.03121655236362E+001 1.33467188087500E+002
3.8544764 7.74641513870136E+001 1.27475640418757E+002
3.9525810 7.47417804675146E+001 1.21839227127826E+002
4.0507604 7.21390095752654E+001 1.16532161758388E+002
4.1490108 6.96500115040705E+001 1.11530779310664E+002
4.2473280 6.72692289748814E+001 1.06813432453284E+002
4.3457083 6.49913596717787E+001 1.02360273687186E+002
4.4441489 6.28113419928727E+001 9.81530657997794E+001
4.5426454 6.07243902919821E+001 9.41751086810248E+001
4.6411954 5.87259253656304E+001 9.04109826037205E+001
4.7397961 5.68116083720460E+001 8.68465070766506E+001
4.8384450 5.49773214874543E+001 8.34686101821072E+001
4.9371399 5.32191506011631E+001 8.02652147331313E+001
5.0358779 5.15334091993406E+001 7.72252094177765E+001
5.1346571 4.99165787638479E+001 7.43382768893809E+001
5.2334756 4.83653333949881E+001 7.15948831254931E+001
5.3323316 4.68765221554767E+001 6.89861962330588E+001
5.4312238 4.54471535219468E+001 6.65040156437466E+001
5.5301496 4.40744137639065E+001 6.41407651912027E+001
5.6291079 4.27556177751644E+001 6.18893735087511E+001
5.7280973 4.14882286361026E+001 5.97432777929861E+001
5.8271164 4.02698430302701E+001 5.76963715763336E+001
5.9261644 3.90981784831669E+001 5.57429591658264E+001
6.0252392 3.79710885504285E+001 5.38777592632328E+001
6.1243401 3.68865227201786E+001 5.20958188742255E+001
6.2234659 3.58425427168289E+001 5.03925233994546E+001
6.3226158 3.48373108788062E+001 4.87635619197757E+001
6.4217891 3.38690800196213E+001 4.72048969136576E+001
6.5209840 3.29362064166265E+001 4.57127726000172E+001
6.6202001 3.20371171143590E+001 4.42836511005672E+001
6.7194366 3.11703238327574E+001 4.29142248230118E+001
6.8186927 3.03344138050751E+001 4.16013926673342E+001
6.9179682 2.95280417976030E+001 4.03422392766159E+001
7.0172613 2.87499413864149E+001 3.91340451346317E+001
7.1165720 2.79988981632237E+001 3.79742379984975E+001
7.2158999 2.72737583352721E+001 3.68604003885397E+001
7.3152432 2.65734384878559E+001 3.57902788353991E+001
7.4146030 2.58968853177119E+001 3.47617172024494E+001
7.5139770 2.52431225285340E+001 3.37727237249061E+001
7.6133666 2.46111964053024E+001 3.28213840858739E+001
7.7127702 2.40002174015980E+001 3.19059206645040E+001
7.8121865 2.34093380842233E+001 3.10246555555052E+001
7.9116168 2.28377348187780E+001 3.01759802857039E+001
8.0110589 2.22846445832087E+001 2.93584077492937E+001
8.1105143 2.17493192757426E+001 2.85705017192154E+001
8.2099815 2.12310611529315E+001 2.78109269127987E+001
8.3094593 2.07292044549661E+001 2.70784195018300E+001
8.4089492 2.02431000672198E+001 2.63717628382690E+001
8.5084489 1.97721470341971E+001 2.56898315278671E+001
8.6079599 1.93157539235825E+001 2.50315335487630E+001
8.7074812 1.88733691941688E+001 2.43958527246590E+001
8.8070112 1.84444657665242E+001 2.37818248497467E+001
8.9065517 1.80285280762826E+001 2.31885179309137E+001
9.0061006 1.76250791935478E+001 2.26150697394832E+001
9.1056593 1.72336479304705E+001 2.20606397578632E+001
9.2052267 1.68537950002087E+001 2.15244453727879E+001
9.3048016 1.64850999628612E+001 2.10057422897737E+001
9.4043856 1.61271502161179E+001 2.05038082371256E+001
9.5039766 1.57795644479716E+001 2.00179751018855E+001
9.6035763 1.54419644546620E+001 1.95475886473409E+001
9.7031836 1.51139977844047E+001 1.90920394999562E+001
9.8027972 1.47953266143911E+001 1.86507468962559E+001
9.9024188 1.44856183235811E+001 1.82231450863871E+001
10.0020464 1.41845658688440E+001 1.78087109610688E+001
10.1016817 1.38918634943131E+001 1.74069299907798E+001
10.2013235 1.36072264229861E+001 1.70173228815192E+001
10.3009707 1.33303813162820E+001 1.66394319492564E+001
10.4006251 1.30610581493184E+001 1.62728096608560E+001
10.5002846 1.27990079921591E+001 1.59170424936750E+001
10.5999509 1.25439819565616E+001 1.55717219118552E+001
10.6996230 1.22957483954711E+001 1.52364674041250E+001
10.7992996 1.20540846695740E+001 1.49109149575024E+001
10.8989827 1.18187701031468E+001 1.45947073133185E+001
10.9986702 1.15896015658887E+001 1.42875146662692E+001
11.0983637 1.13663751308501E+001 1.39890097596093E+001
11.1980623 1.11489011598042E+001 1.36988878872853E+001
11.2977649 1.09369971571665E+001 1.34168570645982E+001
11.3974732 1.07304816288841E+001 1.31426296769396E+001
11.4971853 1.05291877913099E+001 1.28759405158105E+001
11.5969029 1.03329475138308E+001 1.26165252724425E+001
11.6966250 1.01416046023590E+001 1.23641379810940E+001
11.7963505 9.95500856416680E+000 1.21185425759537E+001
11.8960812 9.77300922664424E+000 1.18795056828278E+001
11.9958151 9.59546884405970E+000 1.16468124012951E+001
12.0955540 9.42224797680058E+000 1.14202476251789E+001
12.1952970 9.25321723222834E+000 1.11996113189399E+001
12.2950428 9.08825179757184E+000 1.09847112177367E+001
12.3947934 8.92722670218437E+000 1.07753565660083E+001
12.4945468 8.77002754798395E+000 1.05713719835286E+001
12.5943047 8.61653803929720E+000 1.03725811547442E+001
12.6940662 8.46665039736008E+000 1.01788202617554E+001
12.7938302 8.32026054475366E+000 9.98993163515022E+000
12.8935986 8.17726391587450E+000 9.80575828374854E+000
12.9933693 8.03756500015841E+000 9.62615612451661E+000
13.0931443 7.90106628603202E+000 9.45097967046448E+000
13.1929224 7.76767753033679E+000 9.28009388838769E+000
13.2927027 7.63731149860690E+000 9.11336864661039E+000
13.3924871 7.50988024517943E+000 8.95067391086115E+000
13.4922734 7.38530362828326E+000 8.79189057108412E+000
13.5920637 7.26349947137019E+000 8.63689782599920E+000
13.6918568 7.14439184007859E+000 8.48558368891290E+000
13.7916517 7.02790725922871E+000 8.33784010813151E+000
13.8914504 6.91397139735007E+000 8.19355872761624E+000
13.9912508 6.80251668803635E+000 8.05264050550872E+000
14.0910548 6.69347354407921E+000 7.91498454735407E+000
14.1908615 6.58677777101204E+000 7.78049744676339E+000
14.2906697 6.48236719499244E+000 7.64908897730398E+000
14.3904813 6.38017869726977E+000 7.52066833504865E+000
14.4902944 6.28015505582497E+000 7.39515271238843E+000
14.5901109 6.18223707389057E+000 7.27245737476474E+000
14.6899298 6.08637023963252E+000 7.15250399310581E+000
14.7897500 5.99250170982822E+000 7.03521682411181E+000
14.8895734 5.90057764850636E+000 6.92051936637257E+000
14.9893980 5.81054938598571E+000 6.80834202739148E+000
15.0892259 5.72236634477873E+000 6.69861327301708E+000
15.1890558 5.63598203879946E+000 6.59126708406039E+000
15.2888878 5.55135056758693E+000 6.48623856548530E+000
15.3887200 5.46842899771187E+000 6.38346688280145E+000
15.4885562 5.38717101931759E+000 6.28288738349910E+000
15.5883943 5.30753638699474E+000 6.18444327951677E+000
15.6882343 5.22948451591430E+000 6.08807769070519E+000
15.7880763 5.15297603567937E+000 5.99373555562382E+000
15.8879183 5.07797416458929E+000 5.90136530719651E+000
15.9877640 5.00443897565283E+000 5.81091179817295E+000
16.0876115 4.93233594000884E+000 5.72232680862727E+000
16.1874608 4.86163013936776E+000 5.63556190263847E+000
16.2873119 4.79228767485772E+000 5.55057015173393E+000
16.3871628 4.72427691719695E+000 5.46730765216730E+000
16.4870172 4.65756331003601E+000 5.38572715307307E+000
16.5868734 4.59211712041507E+000 5.30578753374374E+000
16.6867312 4.52790819448167E+000 5.22744737096398E+000
16.7865905 4.46490723772357E+000 5.15066649724614E+000
16.8864496 4.40308695458767E+000 5.07540737769142E+000
16.9863121 4.34241732708473E+000 5.00162935461951E+000
17.0861762 4.28287266251700E+000 4.92929721847691E+000
17.1860417 4.22442682964488E+000 4.85837539855537E+000
17.2859087 4.16705442455809E+000 4.78882937516467E+000
17.3857753 4.11073181158129E+000 4.72062693172509E+000
17.4856452 4.05543282353870E+000 4.65373294217612E+000
17.5855166 4.00113518494094E+000 4.58811714190262E+000
17.6853893 3.94781617434511E+000 4.52374886724187E+000
17.7852633 3.89545368828714E+000 4.46059833818631E+000
17.8851368 3.84402719385217E+000 4.39863779936452E+000
17.9850136 3.79351380413675E+000 4.33783678696310E+000
18.0848916 3.74389414486911E+000 4.27816919139467E+000
18.1847709 3.69514839593934E+000 4.21960848155682E+000
18.2846515 3.64725726424970E+000 4.16212887248201E+000
18.3845314 3.60020285706610E+000 4.10570636714949E+000
18.4844144 3.55396509226511E+000 4.05031444838679E+000
18.5842986 3.50852706766754E+000 3.99593051264298E+000
18.6841841 3.46387144084258E+000 3.94253152380422E+000
18.7840706 3.41998132038818E+000 3.89009507834977E+000
18.8839565 3.37684106808970E+000 3.83860035845950E+000
18.9838453 3.33443300868429E+000 3.78802420170673E+000
19.0837353 3.29274235376169E+000 3.73834697483915E+000
19.1836263 3.25175388415752E+000 3.68954860939424E+000
19.2835185 3.21145276801908E+000 3.64160957532927E+000
19.3834098 3.17182529885231E+000 3.59451175461365E+000
19.4833041 3.13285587392961E+000 3.54823484773167E+000
19.5831994 3.09453151824750E+000 3.50276174748649E+000
19.6830957 3.05683883827391E+000 3.45807491494439E+000
19.7829930 3.01976477415611E+000 3.41415727114192E+000
19.8828894 2.98329727991732E+000 3.37099299924918E+000
19.9827887 2.94742254339909E+000 3.32856425216873E+000
20.0826889 2.91212915029321E+000 3.28685607880023E+000
20.1825901 2.87740528182067E+000 3.24585310417686E+000
20.2824922 2.84323940757460E+000 3.20554034767874E+000
20.3823934 2.80962091341511E+000 3.16590396089827E+000
20.4822973 2.77653753907459E+000 3.12692820510947E+000
20.5822022 2.74397921756152E+000 3.08859997594702E+000
20.6821079 2.71193549262727E+000 3.05090575614341E+000
20.7820145 2.68039615798808E+000 3.01383236766526E+000
20.8819201 2.64935183784491E+000 2.97736765158336E+000
20.9818284 2.61879162107327E+000 2.94149768802540E+000
21.0817375 2.58870660721380E+000 2.90621095965638E+000
21.1816475 2.55908752241101E+000 2.87149554931272E+000
21.2815583 2.52992531010728E+000 2.83733983260301E+000
21.3814680 2.50121166857184E+000 2.80373310536477E+000
21.4813803 2.47293686301394E+000 2.77066302200903E+000
21.5812935 2.44509300583282E+000 2.73811943339455E+000
21.6812074 2.41767185215993E+000 2.70609180499175E+000
21.7811221 2.39066534655063E+000 2.67456985573147E+000
21.8810357 2.36406612143117E+000 2.64354413800269E+000
21.9809519 2.33786547057282E+000 2.61300367313613E+000
22.0808688 2.31205638819161E+000 2.58293949512213E+000
22.1807864 2.28663152735020E+000 2.55334226781165E+000
22.2807048 2.26158370667740E+000 2.52420287513783E+000
22.3806219 2.23690637322526E+000 2.49551295806106E+000
22.4805416 2.21259172256881E+000 2.46726272839227E+000
22.5804621 2.18863351865751E+000 2.43944424621421E+000
22.6803832 2.16502520018211E+000 2.41204921711083E+000
22.7803050 2.14176035091851E+000 2.38506953831297E+000
22.8802255 2.11883313012066E+000 2.35849779651775E+000
22.9801486 2.09623652610573E+000 2.33232524337933E+000
23.0800723 2.07396497640765E+000 2.30654483137339E+000
23.1799967 2.05201260882888E+000 2.28114917419961E+000
23.2799217 2.03037367862425E+000 2.25613105290227E+000
23.3798454 2.00904296923295E+000 2.23148387807062E+000
23.4797716 1.98801416760526E+000 2.20719981217474E+000
23.5796984 1.96728230214675E+000 2.18327258589399E+000
23.6796259 1.94684210658780E+000 2.15969560670966E+000
23.7795539 1.92668842688850E+000 2.13646242861334E+000
23.8794806 1.90681659482830E+000 2.11356718182591E+000
23.9794098 1.88722091455590E+000 2.09100282876919E+000
24.0793395 1.86789693400038E+000 2.06876378050337E+000
24.1792698 1.84883992093138E+000 2.04684414015940E+000
24.2792007 1.83004524217126E+000 2.02523813946437E+000
24.3791302 1.81150871230899E+000 2.00394053879150E+000
24.4790621 1.79322518203325E+000 1.98294500496926E+000
24.5789946 1.77519065709015E+000 1.96224654539120E+000
24.6789277 1.75740087699766E+000 1.94183987436552E+000
24.7788612 1.73985166889084E+000 1.92171981934914E+000
24.8787934 1.72253927340355E+000 1.90188169385444E+000
24.9787279 1.70545902629575E+000 1.88231978653482E+000
25.0786630 1.68860733762745E+000 1.86302962870199E+000
25.1785986 1.67198036455316E+000 1.84400647292213E+000
25.2785347 1.65557434189531E+000 1.82524567155304E+000
25.3784693 1.63938588703952E+000 1.80674302478018E+000
25.4784064 1.62341076720741E+000 1.78849337150493E+000
25.5783439 1.60764575026925E+000 1.77049270439540E+000
25.6782819 1.59208736389386E+000 1.75273675115849E+000
25.7782204 1.57673220474136E+000 1.73522132771245E+000
25.8781574 1.56157722404141E+000 1.71794266340039E+000
25.9780968 1.54661857360775E+000 1.70089608516590E+000
26.0780366 1.53185333860534E+000 1.68407799284321E+000
26.1779769 1.51727837608452E+000 1.66748453450411E+000
26.2779176 1.50289060450240E+000 1.65111193636624E+000
26.3778568 1.48868727149682E+000 1.63495680703316E+000
26.4777984 1.47466487239973E+000 1.61901490728850E+000
26.5777404 1.46082077429174E+000 1.60328299707563E+000
26.6776829 1.44715212761756E+000 1.58775759717442E+000
26.7776257 1.43365613758384E+000 1.57243529774005E+000
26.8775671 1.42033031550172E+000 1.55731304324198E+000
26.9775108 1.40717146414406E+000 1.54238698095698E+000
27.0774549 1.39417720154513E+000 1.52765418997574E+000
27.1773994 1.38134493998887E+000 1.51311152222206E+000
27.2773442 1.36867214068700E+000 1.49875589133484E+000
27.3772876 1.35615654993764E+000 1.48458453982030E+000
27.4772333 1.34379524619585E+000 1.47059395998956E+000
27.5771793 1.33158607129532E+000 1.45678151434085E+000
27.6771257 1.31952667163078E+000 1.44314434960640E+000
27.7770725 1.30761473739151E+000 1.42967966752743E+000
27.8770178 1.29584822467163E+000 1.41638497559396E+000
27.9769653 1.28422445959125E+000 1.40325707476338E+000
28.0769132 1.27274148391947E+000 1.39029357968754E+000
28.1768615 1.26139715374528E+000 1.37749190007009E+000
28.2768101 1.25018936442650E+000 1.36484949473994E+000
28.3767572 1.23911625968674E+000 1.35236410722698E+000
28.4767065 1.22817538854350E+000 1.34003281512496E+000
28.5766562 1.21736497168676E+000 1.32785345784854E+000
28.6766062 1.20668305335622E+000 1.31582368011611E+000
28.7765565 1.19612771306245E+000 1.30394117059794E+000
28.8765053 1.18569726261508E+000 1.29220388346388E+000
28.9764563 1.17538945198971E+000 1.28060914472379E+000
29.0764077 1.16520266225612E+000 1.26915499449921E+000
29.1763593 1.15513510675895E+000 1.25783928792176E+000
29.2763113 1.14518503057508E+000 1.24665991951665E+000
29.3762617 1.13535089633670E+000 1.23561503175769E+000
29.4762144 1.12563063550551E+000 1.22470217413884E+000
29.5761673 1.11602277314163E+000 1.21391956631825E+000
29.6761206 1.10652567482506E+000 1.20326525214718E+000
29.7760741 1.09713773473027E+000 1.19273731084613E+000
29.8760261 1.08785755103425E+000 1.18233405351174E+000
29.9759803 1.07868321936995E+000 1.17205323104989E+000
30.0759347 1.06961339427381E+000 1.16189322398770E+000
30.1758895 1.06064657859176E+000 1.15185224572866E+000
30.2758445 1.05178130097678E+000 1.14192854148548E+000
30.3757980 1.04301628160608E+000 1.13212057360224E+000
30.4757536 1.03434976485883E+000 1.12242627481741E+000
30.5757095 1.02578052187188E+000 1.11284417003476E+000
30.6756657 1.01730717945005E+000 1.10337262524179E+000
30.7756221 1.00892838772466E+000 1.09401003508007E+000
30.8755770 1.00064297684429E+000 1.08475499777249E+000
30.9755340 9.92449326168172E-001 1.07560561048853E+000
31.0754913 9.84346311991412E-001 1.06656052791109E+000
31.1754469 9.76332825230908E-001 1.05761842315092E+000
31.2754067 9.68407169906811E-001 1.04877731681669E+000
31.3753629 9.60568731447401E-001 1.04003643815777E+000
31.4753231 9.52815712818182E-001 1.03139369977776E+000
31.5752798 9.45147526478778E-001 1.02284836493459E+000
31.6752368 9.37562715573999E-001 1.01439872983589E+000
31.7751978 9.30059855112396E-001 1.00604312865325E+000
31.8751552 9.22638395898263E-001 9.97780872828886E-001
31.9751168 9.15296668459802E-001 9.89610028343157E-001
32.0750747 9.08034147776752E-001 9.81529936981657E-001
32.1750329 9.00849484881499E-001 9.73539025335017E-001
32.2749952 8.93741360062548E-001 9.65635754742555E-001
32.3749539 8.86709282609612E-001 9.57819510004580E-001
32.4749166 8.79751699674700E-001 9.50088496881525E-001
32.5748758 8.72868142189380E-001 9.42442127276067E-001
32.6748352 8.66057359579180E-001 9.34878946316798E-001
32.7747986 8.59318128168590E-001 9.27397530985075E-001
32.8747585 8.52650009617431E-001 9.19997331623662E-001
32.9747223 8.46051557849829E-001 9.12676681572390E-001
33.0746827 8.39522353916829E-001 9.05435055406313E-001
33.1746432 8.33061237101523E-001 8.98271106181313E-001
33.2746078 8.26667071451886E-001 8.91183516193370E-001
33.3745687 8.20339465563433E-001 8.84171794403693E-001
33.4745337 8.14077071245958E-001 8.77234390765073E-001
33.5744951 8.07879514484349E-001 8.70370835925841E-001
33.6744568 8.01745716733914E-001 8.63579881348581E-001
33.7744224 7.95674622279782E-001 8.56860305375011E-001
33.8743844 7.89665881817692E-001 8.50211669442165E-001
33.9743505 7.83718237015072E-001 8.43632530242628E-001
34.0743130 7.77831354174247E-001 8.37122468640449E-001
34.1742756 7.72004229992569E-001 8.30680325948744E-001
34.2742423 7.66235882240006E-001 8.24304968222872E-001
34.3742054 7.60525999404690E-001 8.17996003918964E-001
34.4741725 7.54873405748369E-001 8.11752087566396E-001
34.5741359 7.49277803776164E-001 8.05572845038727E-001
34.6740996 7.43738259169158E-001 7.99457199798182E-001
34.7740673 7.38253857083056E-001 7.93404098112158E-001
34.8740313 7.32824319956068E-001 7.87413190602199E-001
34.9739994 7.27448548063307E-001 7.81483221593898E-001
35.0739638 7.22126276441000E-001 7.75613857337136E-001
35.1739284 7.16856634094344E-001 7.69804096500676E-001
35.2738971 7.11638768047908E-001 7.64052958799891E-001
35.3738621 7.06472431258958E-001 7.58360132699067E-001
35.4738310 7.01356594044874E-001 7.52724445047402E-001
35.5737964 6.96291020692869E-001 7.47145598342797E-001
35.6737620 6.91274898406970E-001 7.41622660192832E-001
35.7737315 6.86307431083516E-001 7.36154717652864E-001
35.8736974 6.81388399131707E-001 7.30741493175540E-001
35.9736673 6.76516837485978E-001 7.25381889546042E-001
36.0736335 6.71692536751038E-001 7.20075641827501E-001
36.1735999 6.66914737682094E-001 7.14821880899712E-001
36.2735704 6.62182696514883E-001 7.09619755634578E-001
36.3735371 6.57496218365808E-001 7.04469019032304E-001
36.4735079 6.52854397850527E-001 6.99368643838402E-001
36.5734750 6.48257049265014E-001 6.94318394392117E-001
36.6734423 6.43703462695583E-001 6.89317459715169E-001
36.7734135 6.39192942601114E-001 6.84365045494219E-001
36.8733811 6.34725316346475E-001 6.79460932201998E-001
36.9733527 6.30299733732090E-001 6.74604157116286E-001
37.0733206 6.25916030391682E-001 6.69794510911697E-001
37.1732887 6.21573541905902E-001 6.65031236100790E-001
37.2732608 6.17271617213671E-001 6.60313590649443E-001
37.3732292 6.13010103723610E-001 6.55641379751817E-001
37.4732015 6.08788202319492E-001 6.51013700280630E-001
37.5731702 6.04605767861619E-001 6.46430366613814E-001
37.6731391 6.00462177932352E-001 6.41890670532529E-001
37.7731119 5.96356822542612E-001 6.37393918163662E-001
37.8730811 5.92289567165978E-001 6.32939936958971E-001
37.9730543 5.88259660023839E-001 6.28527878889238E-001
38.0730237 5.84266973307540E-001 6.24157579677542E-001
38.1729934 5.80310923417899E-001 6.19828376535742E-001
38.2729669 5.76390938331101E-001 6.15539620007645E-001
38.3729369 5.72506899808037E-001 6.11291157593840E-001
38.4729107 5.68658099982669E-001 6.07082192262198E-001
38.5728809 5.64844426673929E-001 6.02912578966078E-001
38.6728513 5.61065332196356E-001 5.98781696855085E-001
38.7728256 5.57320279655963E-001 5.94688937481701E-001
38.8727962 5.53609165502612E-001 5.90634166413351E-001
38.9727708 5.49931322647317E-001 5.86616633870359E-001
39.0727417 5.46286653004458E-001 5.82636212137932E-001
39.1727127 5.42674642148606E-001 5.78692319120482E-001
39.2726877 5.39094785724766E-001 5.74784384272831E-001
39.3726590 5.35546993433456E-001 5.70912289449093E-001
39.4726343 5.32030636088959E-001 5.67075328698622E-001
39.5726059 5.28545628321892E-001 5.63273389932758E-001
39.6725776 5.25091486539781E-001 5.59505926906803E-001
39.7725533 5.21667736556603E-001 5.55772404143356E-001
39.8725252 5.18274300028174E-001 5.52072718182954E-001
39.9725012 5.14910583035167E-001 5.48406203770470E-001
40.0724734 5.11576511681941E-001 5.44772762909507E-001
40.1724458 5.08271630986664E-001 5.41171882553769E-001
40.2724221 5.04995494761869E-001 5.37603059704043E-001
40.3723947 5.01748035451166E-001 5.34066204147516E-001
40.4723712 4.98528691979458E-001 5.30560688453084E-001
40.5723441 4.95337400804641E-001 5.27086427336112E-001
40.6723171 4.92173733518515E-001 5.23642938523120E-001
40.7722940 4.89037269942383E-001 5.20229749124587E-001
40.8722673 4.85927952254610E-001 5.16846780877912E-001
40.9722444 4.82845249996997E-001 5.13493441541639E-001
41.0722179 4.79789108970322E-001 5.10169657299445E-001
41.1721915 4.76759125470852E-001 5.06874974430073E-001
41.2721690 4.73754903502549E-001 5.03608947984997E-001
41.3721428 4.70776394028077E-001 5.00371510483557E-001
41.4721206 4.67823095155798E-001 4.97162102454422E-001
41.5720946 4.64894961116918E-001 4.93980660428720E-001
41.6720688 4.61991611195258E-001 4.90826757202268E-001
41.7720469 4.59112671899797E-001 4.87699973779619E-001
41.8720213 4.56258102119054E-001 4.84600252408500E-001
41.9719996 4.53427426638609E-001 4.81527064163093E-001
42.0719743 4.50620607295768E-001 4.78480354910885E-001
42.1719490 4.47837284783229E-001 4.75459722097582E-001
42.2719276 4.45077106572191E-001 4.72464770856672E-001
42.3719026 4.42340038701197E-001 4.69495452213483E-001
42.4718815 4.39625630890306E-001 4.66551265740151E-001
42.5718566 4.36933851837743E-001 4.63632165727816E-001
42.6718319 4.34264362192074E-001 4.60737772557192E-001
42.7718111 4.31616828966515E-001 4.57867713815088E-001
42.8717866 4.28991224648057E-001 4.55021948445832E-001
42.9717660 4.26387122282132E-001 4.52200002632947E-001
43.0717417 4.23804496753864E-001 4.49401838266792E-001
43.1717175 4.21243027329037E-001 4.46627097086482E-001
43.2716972 4.18702399254277E-001 4.43875427591400E-001
43.3716732 4.16182590830225E-001 4.41146795869018E-001
43.4716531 4.13683196940533E-001 4.38440752974257E-001
43.5716293 4.11204198047241E-001 4.35757267651527E-001
43.6716056 4.08745290798888E-001 4.33096001547415E-001
43.7715858 4.06306177468573E-001 4.30456622655732E-001
43.8715623 4.03886841595911E-001 4.27839103505576E-001
43.9715428 4.01486898527053E-001 4.25243018416886E-001
44.0715195 3.99106333748620E-001 4.22668342314204E-001
44.1714963 3.96744860152459E-001 4.20114755414999E-001
44.2714770 3.94402195923954E-001 4.17581943900942E-001
44.3714539 3.92078329321186E-001 4.15069886108102E-001
44.4714348 3.89772894878975E-001 4.12578178136955E-001
44.5714120 3.87485882608161E-001 4.10106800482352E-001
44.6713893 3.85217020591198E-001 4.07655450700217E-001
44.7713704 3.82966041896242E-001 4.05223831955153E-001
44.8713479 3.80732939028181E-001 4.02811927815729E-001
44.9713293 3.78517364529959E-001 4.00419354789825E-001
45.0713069 3.76319312483147E-001 3.98046098390494E-001
45.1712846 3.74138525187373E-001 3.95691872374659E-001
45.2712662 3.71974749641456E-001 3.93356395777631E-001
45.3712441 3.69827982169500E-001 3.91039656880214E-001
45.4712259 3.67697892227522E-001 3.88741291326386E-001
45.5712040 3.65584477556645E-001 3.86461289147298E-001
45.6711822 3.63487493772753E-001 3.84199379250110E-001
45.7711643 3.61406700924026E-001 3.81955295513242E-001
45.8711426 3.59342098766007E-001 3.79729030458349E-001
45.9711248 3.57293372651143E-001 3.77520237687402E-001
46.0711034 3.55260523607161E-001 3.75328911296442E-001
46.1710820 3.53243319731676E-001 3.73154794371323E-001
46.2710644 3.51241533305772E-001 3.70997634683312E-001
46.3710432 3.49255167164631E-001 3.68857428567628E-001
46.4710259 3.47283921612489E-001 3.66733846491530E-001
46.5710048 3.45327800625276E-001 3.64626886205077E-001
46.6709838 3.43386584008670E-001 3.62536304073713E-001
46.7709667 3.41460055519648E-001 3.60461860882049E-001
46.8709459 3.39548220753758E-001 3.58403556391396E-001
46.9709290 3.37650794088559E-001 3.56361076919918E-001
47.0709083 3.35767782141046E-001 3.54334423499059E-001
47.1708877 3.33898975707114E-001 3.52323364941081E-001
47.2708710 3.32044169317156E-001 3.50327674229210E-001
47.3708506 3.30203371037259E-001 3.48347354199361E-001
47.4708341 3.28376308500713E-001 3.46382106078137E-001
47.5708138 3.26562990686731E-001 3.44431933840280E-001
47.6707936 3.24763218714838E-001 3.42496617972891E-001
47.7707773 3.22976797236452E-001 3.40575942902452E-001
47.8707573 3.21203736525037E-001 3.38669914220535E-001
47.9707411 3.19443776708063E-001 3.36778247185789E-001
48.0707212 3.17696928873751E-001 3.34900948409433E-001
48.1707014 3.15963003845773E-001 3.33037809337178E-001
48.2706855 3.14241815790218E-001 3.31188625137878E-001
48.3706658 3.12533376948923E-001 3.29353403869248E-001
48.4706500 3.10837439233639E-001 3.27531874006376E-001
48.5706305 3.09154015611613E-001 3.25724044518431E-001
48.6706110 3.07482926034518E-001 3.23929717144690E-001
48.7705955 3.05823993619106E-001 3.22148697145512E-001
48.8705762 3.04177232358487E-001 3.20380994781899E-001
48.9705608 3.02542405286441E-001 3.18626350985729E-001
49.0705416 3.00919527040321E-001 3.16884776831215E-001
49.1705225 2.99308426163551E-001 3.15156083733199E-001
49.2705073 2.97708934198525E-001 3.13440086438640E-001
49.3704883 2.96121066692412E-001 3.11736797173130E-001
49.4704733 2.94544597182734E-001 3.10045968617248E-001
49.5704545 2.92979541787159E-001 3.08367613720564E-001
49.6704357 2.91425737141358E-001 3.06701552998754E-001
49.7704208 2.89883022724293E-001 3.05047610122753E-001
49.8704022 2.88351415458003E-001 3.03405799065939E-001
49.9703875 2.86830698806111E-001 3.01775883597060E-001
50.0703690 2.85320890194158E-001 3.00157878332418E-001
50.1703506 2.83821833884462E-001 2.98551612353610E-001
50.2703361 2.82333376836609E-001 2.96956917731858E-001
50.3703178 2.80855537184713E-001 2.95373809991383E-001
50.4703034 2.79388107778424E-001 2.93802063372467E-001
50.5702853 2.77931107194483E-001 2.92241693968622E-001
50.6702672 2.76484386887536E-001 2.90692538929151E-001
50.7702530 2.75047800872447E-001 2.89154438237740E-001
50.8702350 2.73621368347491E-001 2.87627408790541E-001
50.9702209 2.72204891043041E-001 2.86111234723284E-001
51.0702031 2.70798388544698E-001 2.84605933434519E-001
51.1701853 2.69401719094014E-001 2.83111349676870E-001
51.2701714 2.68014743364038E-001 2.81627330891745E-001
51.3701538 2.66637481482830E-001 2.80153895184687E-001
51.4701400 2.65269743588387E-001 2.78690836048284E-001
51.5701225 2.63911550145859E-001 2.77238172029706E-001
51.6701050 2.62562765804992E-001 2.75795755051739E-001
51.7700914 2.61223257526050E-001 2.74363439589300E-001
51.8700741 2.59893046244816E-001 2.72941244809656E-001
51.9700606 2.58571950063658E-001 2.71528973058366E-001
52.0700434 2.57259990209816E-001 2.70126643889111E-001
52.1700263 2.55957037387228E-001 2.68734115990522E-001
52.2700130 2.54662964496577E-001 2.67351250475014E-001
52.3699959 2.53377793170508E-001 2.65978067437434E-001
52.4699827 2.52101349060190E-001 2.64614377604551E-001
52.5699658 2.50833654048289E-001 2.63260201407477E-001
52.6699489 2.49574584561806E-001 2.61915403923015E-001
52.7699359 2.48324019117427E-001 2.60579852531142E-001
52.8699192 2.47081979943988E-001 2.59253568132436E-001
52.9699063 2.45848299851603E-001 2.57936369392899E-001
53.0698897 2.44623001281510E-001 2.56628277503829E-001
53.1698731 2.43405966073847E-001 2.55329163577196E-001
53.2698603 2.42197078057618E-001 2.54038900914710E-001
53.3698439 2.40996359966472E-001 2.52757511112025E-001
53.4698313 2.39803651403479E-001 2.51484820360023E-001
53.5698149 2.38618975280549E-001 2.50220850503715E-001
53.6697986 2.37442218560676E-001 2.48965478360055E-001
53.7697861 2.36273270100729E-001 2.47718582828997E-001
53.8697699 2.35112153056250E-001 2.46480186100793E-001
53.9697576 2.33958713479473E-001 2.45250121502492E-001
54.0697415 2.32812974673231E-001 2.44028411436160E-001
54.1697254 2.31674828451324E-001 2.42814938114696E-001
54.2697133 2.30544168431876E-001 2.41609585733492E-001
54.3696973 2.29421018117112E-001 2.40412376986202E-001
54.4696852 2.28305229685286E-001 2.39223151971143E-001
54.5696694 2.27196826757836E-001 2.38041933559711E-001
54.6696536 2.26095705744246E-001 2.36868609071316E-001
54.7696417 2.25001764773853E-001 2.35703067713168E-001
54.8696260 2.23915027627381E-001 2.34545332599571E-001
54.9696142 2.22835352305188E-001 2.33395250257351E-001
55.0695986 2.21762762681765E-001 2.32252843947652E-001
55.1695831 2.20697159522893E-001 2.31118005825149E-001
55.2695714 2.19638445234470E-001 2.29990629843047E-001
55.3695560 2.18586643813952E-001 2.28870739461247E-001
55.4695444 2.17541618797782E-001 2.27758187312927E-001
55.5695291 2.16503394254139E-001 2.26652996976805E-001
55.6695138 2.15471875080333E-001 2.25555065188467E-001
55.7695023 2.14446967738491E-001 2.24464290397816E-001
55.8694872 2.13428696386868E-001 2.23380696342317E-001
55.9694758 2.12416929828681E-001 2.22304141458507E-001
56.0694607 2.11411692272061E-001 2.21234649577280E-001
56.1694457 2.10412892534685E-001 2.20172121776461E-001
56.2694345 2.09420440927891E-001 2.19116460768710E-001
56.3694196 2.08434361720147E-001 2.18067690507421E-001
56.4694085 2.07454528727694E-001 2.17025674947362E-001
56.5693936 2.06480966250021E-001 2.15990438112365E-001
56.6693788 2.05513586826681E-001 2.14961885198411E-001
56.7693678 2.04552304423610E-001 2.13939922961258E-001
56.8693531 2.03597143373762E-001 2.12924575514424E-001
56.9693423 2.02647982267193E-001 2.11915712062435E-001
57.0693276 2.01704845450852E-001 2.10913356768444E-001
57.1693130 2.00767648999469E-001 2.09917418736079E-001
57.2693023 1.99836310350524E-001 2.08927808557815E-001
57.3692878 1.98910853860170E-001 2.07944550456823E-001
57.4692772 1.97991162666648E-001 2.06967518634431E-001
57.5692628 1.97077261124751E-001 2.05996737344640E-001
57.6692484 1.96169068668690E-001 2.05032119400843E-001
57.7692379 1.95266506035202E-001 2.04073579038223E-001
57.8692236 1.94369597566413E-001 2.03121140543987E-001
57.9692132 1.93478230735803E-001 2.02174682877810E-001
58.0691990 1.92592429870305E-001 2.01234230340747E-001
58.1691849 1.91712117598178E-001 2.00299699269843E-001
58.2691746 1.90837217793176E-001 1.99371007360504E-001
58.3691605 1.89967754749873E-001 1.98448178922788E-001
58.4691503 1.89103620075915E-001 1.97531097449805E-001
58.5691363 1.88244838038234E-001 1.96619787250142E-001
58.6691224 1.87391334303282E-001 1.95714168009353E-001
58.7691123 1.86543035728971E-001 1.94814160711324E-001
58.8690985 1.85699966532178E-001 1.93919789651828E-001
58.9690885 1.84862022264744E-001 1.93030942645148E-001
59.0690747 1.84029227104727E-001 1.92147643971785E-001
59.1690610 1.83201509609855E-001 1.91269816500895E-001
59.2690511 1.82378799478100E-001 1.90397384343115E-001
59.3690374 1.81561120821584E-001 1.89530371746496E-001
59.4690277 1.80748372956772E-001 1.88668670646061E-001
59.5690141 1.79940579946948E-001 1.87812305262175E-001
59.6690006 1.79137673102558E-001 1.86961201492230E-001
59.7689909 1.78339584825725E-001 1.86115286421247E-001
59.8689774 1.77546339099578E-001 1.85274584219487E-001
59.9689678 1.76757838835371E-001 1.84438990753355E-001
60.0689545 1.75974107958436E-001 1.83608530154279E-001
60.1689411 1.75195080401197E-001 1.82783131201446E-001
60.2689316 1.74420691141666E-001 1.81962723810621E-001
60.3689184 1.73650964012319E-001 1.81147332047291E-001
60.4689090 1.72885805358500E-001 1.80336855530253E-001
60.5688958 1.72125238946890E-001 1.79531318276168E-001
60.6688827 1.71369201208457E-001 1.78730651807907E-001
60.7688734 1.70617629576014E-001 1.77934788736505E-001
60.8688603 1.69870547712066E-001 1.77143752998504E-001
60.9688511 1.69127865243916E-001 1.76357447795813E-001
61.0688381 1.68389605761161E-001 1.75575897007209E-001
61.1688251 1.67655708076728E-001 1.74799034768927E-001
61.2688160 1.66926111963839E-001 1.74026796259434E-001
61.3688031 1.66200840897864E-001 1.73259205264720E-001
61.4687941 1.65479807643967E-001 1.72496168409634E-001
61.5687813 1.64763035598302E-001 1.71737709414428E-001
61.6687685 1.64050465845574E-001 1.70983764905672E-001
61.7687596 1.63342040391309E-001 1.70234272508563E-001
61.8687469 1.62637782508535E-001 1.69489255839284E-001
61.9687381 1.61937607963729E-001 1.68748624793985E-001
62.0687254 1.61241539945129E-001 1.68012402916016E-001
62.1687128 1.60549521705050E-001 1.67280529206075E-001
62.2687041 1.59861497379097E-001 1.66552943622077E-001
62.3686916 1.59177490024539E-001 1.65829669593276E-001
62.4686829 1.58497418279710E-001 1.65110620143505E-001
62.5686704 1.57821305112189E-001 1.64395818622900E-001
62.6686580 1.57149095843353E-001 1.63685206296466E-001
62.7686494 1.56480736642192E-001 1.62978725347082E-001
62.8686371 1.55816250338428E-001 1.62276399001918E-001
62.9686286 1.55155558319463E-001 1.61578143276388E-001
63.0686163 1.54498683321041E-001 1.60883981312985E-001
63.1686040 1.53845572640349E-001 1.60193856537195E-001
63.2685918 1.53196199089308E-001 1.59507739352601E-001
63.3685872 1.52550486596539E-001 1.58825548531623E-001
63.4685751 1.51908506965340E-001 1.58147359084342E-001
63.5685630 1.51270184308678E-001 1.57473089996038E-001
63.6685509 1.50635492371298E-001 1.56802712700874E-001
63.7685388 1.50004405125251E-001 1.56136198884045E-001
63.8685344 1.49376849027661E-001 1.55473470065684E-001
63.9685224 1.48752894248312E-001 1.54814599541792E-001
64.0685105 1.48132467415479E-001 1.54159509030238E-001
64.1684986 1.47515543387699E-001 1.53508171194840E-001
64.2684867 1.46902097239566E-001 1.52860558937836E-001
64.3684824 1.46292057851194E-001 1.52216596410432E-001
64.4684706 1.45685493800192E-001 1.51576355237638E-001
64.5684588 1.45082334125516E-001 1.50939759754290E-001
64.6684470 1.44482554744528E-001 1.50306783792276E-001
64.7684353 1.43886131780029E-001 1.49677401410022E-001
64.8684312 1.43292996434874E-001 1.49051539279067E-001
64.9684195 1.42703215734881E-001 1.48429267395586E-001
65.0684079 1.42116721030266E-001 1.47810512601601E-001
65.1683963 1.41533489245333E-001 1.47195249839002E-001
65.2683847 1.40953497499804E-001 1.46583454264998E-001
65.3683808 1.40376679223987E-001 1.45975054966310E-001
65.4683692 1.39803099931340E-001 1.45370120351473E-001
65.5683578 1.39232693188818E-001 1.44768579665422E-001
65.6683463 1.38665436878681E-001 1.44170408905261E-001
65.7683349 1.38101309069142E-001 1.43575584272834E-001
65.8683311 1.37540245327346E-001 1.42984037170124E-001
65.9683197 1.36982309692883E-001 1.42395834458283E-001
66.0683084 1.36427437859548E-001 1.41810907686066E-001
66.1682971 1.35875608621281E-001 1.41229233854083E-001
66.2682858 1.35326800949035E-001 1.40650790157701E-001
66.3682821 1.34780952460587E-001 1.40075510219192E-001
66.4682709 1.34238125759213E-001 1.39503459391631E-001
66.5682597 1.33698258580006E-001 1.38934571433387E-001
66.6682485 1.33161330584861E-001 1.38368824299758E-001
66.7682374 1.32627321604228E-001 1.37806196131361E-001
66.8682339 1.32096171224476E-001 1.37246622680450E-001
66.9682228 1.31567940649191E-001 1.36690167830389E-001
67.0682118 1.31042569573339E-001 1.36136767459559E-001
67.1682007 1.30520038485430E-001 1.35586400431830E-001
67.2681897 1.30000328034532E-001 1.35039045787474E-001
67.3681864 1.29483379697490E-001 1.34494641322810E-001
67.4681754 1.28969253313907E-001 1.33953249488920E-001
67.5681645 1.28457890461087E-001 1.33414808198950E-001
67.6681536 1.27949272415054E-001 1.32879297181757E-001
67.7681428 1.27443380604829E-001 1.32346696334176E-001
67.8681396 1.26940158323329E-001 1.31816945414823E-001
67.9681288 1.26439664080978E-001 1.31290105479009E-001
68.0681180 1.25941841263552E-001 1.30766116393490E-001
68.1681072 1.25446671897596E-001 1.30244958710912E-001
68.2680965 1.24954138155499E-001 1.29726613143933E-001
68.3680934 1.24464185075350E-001 1.29211021335609E-001
68.4680827 1.23976869872309E-001 1.28698242981078E-001
68.5680721 1.23492137670228E-001 1.28188219823427E-001
68.6680615 1.23009971211162E-001 1.27680933200128E-001
68.7680509 1.22530353376230E-001 1.27176364601124E-001
68.8680479 1.22053230881116E-001 1.26674457479760E-001
68.9680374 1.21578659678752E-001 1.26175270205693E-001
69.0680269 1.21106586563950E-001 1.25678746324725E-001
69.1680164 1.20636994961123E-001 1.25184867922285E-001
69.2680059 1.20169868427327E-001 1.24693617229142E-001
69.3680031 1.19705155291391E-001 1.24204939438268E-001
69.4679927 1.19242910276198E-001 1.23718891627648E-001
69.5679823 1.18783081783512E-001 1.23235419075638E-001
69.6679719 1.18325653888695E-001 1.22754504580730E-001
69.7679615 1.17870610793676E-001 1.22276131080007E-001
69.8679589 1.17417902378951E-001 1.21800245438713E-001
69.9679486 1.16967582168685E-001 1.21326903476092E-001
70.0679383 1.16519600110521E-001 1.20856052136168E-001
70.1679281 1.16073940901015E-001 1.20387674897457E-001
70.2679178 1.15630589357527E-001 1.19921755370670E-001
70.3679153 1.15189496853548E-001 1.19458242029094E-001
70.4679051 1.14750715745030E-001 1.18997189465312E-001
70.5678949 1.14314197467206E-001 1.18538546225217E-001
70.6678848 1.13879927309617E-001 1.18082296436054E-001
70.7678747 1.13447890677144E-001 1.17628424351203E-001
70.8678723 1.13018040380262E-001 1.17176879990720E-001
70.9678622 1.12590427636408E-001 1.16727716751762E-001
71.0678522 1.12165005312743E-001 1.16280884721225E-001
71.1678422 1.11741759265046E-001 1.15836368645426E-001
71.2678322 1.11320675459252E-001 1.15394153391078E-001
71.3678299 1.10901708089328E-001 1.14954190466528E-001
71.4678200 1.10484907263095E-001 1.14516532103921E-001
71.5678100 1.10070227226488E-001 1.14081129873058E-001
71.6678002 1.09657654376146E-001 1.13647969111221E-001
71.7677903 1.09247175213948E-001 1.13217035270636E-001
71.8677881 1.08838745266250E-001 1.12788281292124E-001
71.9677783 1.08432413559386E-001 1.12361758272418E-001
72.0677685 1.08028135667268E-001 1.11937419208757E-001
72.1677587 1.07625898503316E-001 1.11515250002726E-001
72.2677489 1.07225689081526E-001 1.11095236665693E-001
72.3677468 1.06827464211804E-001 1.10677333517637E-001
72.4677371 1.06431271866362E-001 1.10261590548695E-001
72.5677275 1.06037068898545E-001 1.09847962130559E-001
72.6677178 1.05644842715694E-001 1.09436434703834E-001
72.7677082 1.05254580821298E-001 1.09026994814005E-001
72.8677062 1.04866241262123E-001 1.08619598109276E-001
72.9676966 1.04479870982893E-001 1.08214293501229E-001
73.0676870 1.04095428069959E-001 1.07811036685389E-001
73.1676774 1.03712900402881E-001 1.07409814617380E-001
73.2676679 1.03332275953155E-001 1.07010614353060E-001
73.3676660 1.02953513959757E-001 1.06613392820182E-001
73.4676565 1.02576660365827E-001 1.06218197879060E-001
73.5676471 1.02201674446326E-001 1.05824986500662E-001
73.6676376 1.01828544532411E-001 1.05433746132855E-001
73.7676282 1.01457259043179E-001 1.05044464319325E-001
73.8676264 1.01087778367096E-001 1.04657099220839E-001
73.9676171 1.00720147470921E-001 1.04271697672993E-001
74.0676077 1.00354326775745E-001 1.03888217875932E-001
74.1675984 9.99903050447311E-002 1.03506647748136E-001
74.2675890 9.96280711251765E-002 1.03126975299708E-001
74.3675874 9.92675865141605E-002 1.02749159879927E-001
74.4675781 9.89088952265796E-002 1.02373247325499E-001
74.5675688 9.85519587889939E-002 1.01999197021496E-001
74.6675596 9.81967663779462E-002 1.01626997336462E-001
74.7675504 9.78433072505002E-002 1.01256636726581E-001
74.8675488 9.74915439732129E-002 1.00888075687066E-001
74.9675396 9.71415196329645E-002 1.00521359080863E-001
75.0675305 9.67931968228596E-002 1.00156447435631E-001
75.1675213 9.64465651151099E-002 9.97933295504526E-002
75.2675122 9.61016141590116E-002 9.94319943082615E-002
75.3675108 9.57583075531261E-002 9.90724033094673E-002
75.4675017 9.54166874795122E-002 9.87146004676945E-002
75.5674926 9.50767175605382E-002 9.83585474126669E-002
75.6674836 9.47383877472395E-002 9.80042333554467E-002
75.7674746 9.44016880644664E-002 9.76516475873440E-002
75.8674732 9.40665831068879E-002 9.73007527749590E-002
75.9674642 9.37331141743020E-002 9.69515919063732E-002
76.0674553 9.34012458826248E-002 9.66041276745777E-002
76.1674463 9.30709685456876E-002 9.62583496849645E-002
76.2674374 9.27422725480244E-002 9.59142476197489E-002
76.3674361 9.24151234460153E-002 9.55717851743715E-002
76.4674273 9.20895616791400E-002 9.52310044344971E-002
76.5674184 9.17655528226358E-002 9.48918691192275E-002
76.6674096 9.14430875378739E-002 9.45543692114974E-002
76.7674007 9.11221565539667E-002 9.42184947678069E-002
76.8673996 9.08027263560361E-002 9.38842104766592E-002
76.9673908 9.04848365445845E-002 9.35515575437961E-002
77.0673820 9.01684536213600E-002 9.32205006788330E-002
77.1673732 8.98535685807496E-002 9.28910302262746E-002
77.2673645 8.95401724820610E-002 9.25631366010908E-002
77.3673634 8.92282327075477E-002 9.22367854505654E-002
77.4673547 8.89177880394902E-002 9.19120171223942E-002
77.5673461 8.86088058746859E-002 9.15887972825927E-002
77.6673374 8.83012775267048E-002 9.12671166220335E-002
77.7673288 8.79951943713514E-002 9.09469658991029E-002
77.8673278 8.76905246576936E-002 9.06283116870049E-002
77.9673192 8.73873063699767E-002 9.03111934966679E-002
78.0673106 8.70855077698691E-002 8.99955779178050E-002
78.1673020 8.67851204769468E-002 8.96814559731836E-002
78.2672935 8.64861361704596E-002 8.93688187502730E-002
78.3672925 8.61885239372051E-002 8.90576337166917E-002
78.4672840 8.58923209830260E-002 8.87479395672950E-002
78.5672755 8.55974964055070E-002 8.84397037841361E-002
78.6672671 8.53040421176724E-002 8.81329177080921E-002
78.7672586 8.50119500897801E-002 8.78275727420650E-002
78.8672578 8.47211902184454E-002 8.75236372178698E-002
78.9672493 8.44317989502032E-002 8.72211490344168E-002
79.0672409 8.41437461907655E-002 8.69200765360206E-002
79.1672325 8.38570241346343E-002 8.66204113685362E-002
79.2672242 8.35716250312193E-002 8.63221452372924E-002
79.3672234 8.32875195601606E-002 8.60252473093119E-002
79.4672151 8.30047434272566E-002 8.57297547071349E-002
79.5672068 8.27232673196679E-002 8.54356366084779E-002
79.6671985 8.24430837019609E-002 8.51428849516602E-002
79.7671902 8.21641850913910E-002 8.48514917320431E-002
79.8671895 8.18865429248969E-002 8.45614269240368E-002
79.9671813 8.16101921856028E-002 8.42727268928507E-002
80.0671730 8.13351043164989E-002 8.39853616219050E-002
80.1671648 8.10612720413298E-002 8.36993233300545E-002
80.2671566 8.07886881344130E-002 8.34146042908778E-002
80.3671560 8.05173247652757E-002 8.31311752594675E-002
80.4671478 8.02472162119368E-002 8.28490718622196E-002
80.5671397 7.99783346486071E-002 8.25682648616670E-002
80.6671315 7.97106730478234E-002 8.22887467458260E-002
80.7671234 7.94442244306761E-002 8.20105100552260E-002
80.8671229 7.91789616755422E-002 8.17335262999996E-002
80.9671148 7.89149183724230E-002 8.14578303857395E-002
81.0671067 7.86520674031048E-002 8.11833938285562E-002
81.1670987 7.83904019790054E-002 8.09102093747790E-002
81.2670906 7.81299153581685E-002 8.06382698211415E-002
81.3670902 7.78705811050074E-002 8.03675474081877E-002
81.4670822 7.76124321381274E-002 8.00980763382247E-002
81.5670742 7.73554420241650E-002 7.98298288564116E-002
81.6670662 7.70996042039577E-002 7.95627979570412E-002
81.7670583 7.68449121631289E-002 7.92969766827982E-002
81.8670579 7.65913401301980E-002 7.90323379809756E-002
81.9670500 7.63389203685428E-002 7.87689153676342E-002
82.0670421 7.60876271078031E-002 7.85066817934133E-002
82.1670342 7.58374540092020E-002 7.82456304906923E-002
82.2670263 7.55883947769912E-002 7.79857547383214E-002
82.3670260 7.53404242827108E-002 7.77270281676036E-002
82.4670182 7.50935741502387E-002 7.74694836249269E-002
82.5670103 7.48478192512099E-002 7.72130947437597E-002
82.6670025 7.46031534586049E-002 7.69578549851395E-002
82.7669947 7.43595706867536E-002 7.67037578547404E-002
82.8669945 7.41170464299371E-002 7.64507776460169E-002
82.9669867 7.38756116878337E-002 7.61989465518060E-002
83.0669790 7.36352419538667E-002 7.59482388666293E-002
83.1669712 7.33959313045305E-002 7.56986482711794E-002
83.2669635 7.31576738560649E-002 7.54501684890345E-002
83.3669634 7.29204457059825E-002 7.52027744547827E-002
83.4669556 7.26842772446466E-002 7.49564977233931E-002
83.5669479 7.24491445678278E-002 7.47113132295004E-002
83.6669403 7.22150419476568E-002 7.44672148648536E-002
83.7669326 7.19819636944769E-002 7.42241965624147E-002
83.8669326 7.17498864902589E-002 7.39822338776915E-002
83.9669249 7.15188401305324E-002 7.37413577430417E-002
84.0669173 7.12888012947055E-002 7.35015437130711E-002
84.1669097 7.10597644430163E-002 7.32627858823708E-002
84.2669021 7.08317240724488E-002 7.30250783851460E-002
84.3669022 7.06046574313625E-002 7.27883973783777E-002
84.4668946 7.03785937345426E-002 7.25527731866544E-002
84.5668870 7.01535102270259E-002 7.23181819651748E-002
84.6668795 6.99294015499576E-002 7.20846180035216E-002
84.7668720 6.97062623798279E-002 7.18520756293639E-002
84.8668721 6.94840705139882E-002 7.16205315824429E-002
84.9668646 6.92628546001884E-002 7.13900155940181E-002
85.0668571 6.90425924317537E-002 7.11605044012320E-002
85.1668496 6.88232788238513E-002 7.09319924811550E-002
85.2668422 6.86049086256534E-002 7.07044743474837E-002
85.3668424 6.83874601667506E-002 7.04779273047078E-002
85.4668349 6.81709615411974E-002 7.02523805048076E-002
85.5668275 6.79553910739066E-002 7.00278112489174E-002
85.6668201 6.77407437474821E-002 6.98042141944211E-002
85.7668127 6.75270145772491E-002 6.95815840339319E-002
85.8668130 6.73141824089011E-002 6.93598986193475E-002
85.9668056 6.71022747957776E-002 6.91391865370390E-002
86.0667983 6.68912705782923E-002 6.89194256348478E-002
86.1667909 6.66811649001831E-002 6.87006107436102E-002
86.2667836 6.64719529366821E-002 6.84827367280552E-002
86.3667839 6.62636140340381E-002 6.82657819707890E-002
86.4667766 6.60561752175080E-002 6.80497745058759E-002
86.5667694 6.58496158275062E-002 6.78346927112178E-002
86.6667621 6.56439311628728E-002 6.76205315845393E-002
86.7667548 6.54391165527675E-002 6.74072861561797E-002
86.8667552 6.52351518290123E-002 6.71949353233686E-002
86.9667480 6.50320635010757E-002 6.69835065808077E-002
87.0667408 6.48298313944331E-002 6.67729788204230E-002
87.1667336 6.46284509572534E-002 6.65633472005475E-002
87.2667264 6.44279176668996E-002 6.63546069109053E-002
87.3667268 6.42282118263249E-002 6.61467373478518E-002
87.4667197 6.40293594411751E-002 6.59397654793228E-002
87.5667125 6.38313408075856E-002 6.57336706958176E-002
87.6667054 6.36341515175250E-002 6.55284483102663E-002
87.7666983 6.34377871910787E-002 6.53240936658197E-002
87.8666988 6.32422285884063E-002 6.51205866430234E-002
87.9666917 6.30475012229784E-002 6.49179536953078E-002
88.0666846 6.28535858477041E-002 6.47161746968531E-002
88.1666775 6.26604781930565E-002 6.45152451094329E-002
88.2666705 6.24681740165931E-002 6.43151604239197E-002
88.3666710 6.22766545222522E-002 6.41159009906533E-002
88.4666640 6.20859447426662E-002 6.39174927604910E-002
88.5666570 6.18960258741262E-002 6.37199160769386E-002
88.6666500 6.17068937805362E-002 6.35231665451025E-002
88.7666429 6.15185443518964E-002 6.33272397981152E-002
88.8666436 6.13309592229713E-002 6.31321166422302E-002
88.9666366 6.11441629565915E-002 6.29378225373459E-002
89.0666296 6.09581371795112E-002 6.27443382824516E-002
89.1666227 6.07728778842049E-002 6.25516596207099E-002
89.2666157 6.05883810882950E-002 6.23597823222805E-002
89.3666164 6.04046288448759E-002 6.21686876359449E-002
89.4666095 6.02216452577209E-002 6.19784005419488E-002
89.5666026 6.00394123715826E-002 6.17889022814149E-002
89.6665957 5.98579263028465E-002 6.16001887305060E-002
89.7665889 5.96771831921376E-002 6.14122557913964E-002
89.8665896 5.94971654988209E-002 6.12250851424846E-002
89.9665828 5.93178968780736E-002 6.10387012953686E-002
90.0665759 5.91393597806168E-002 6.08530859204270E-002
90.1665691 5.89615504422803E-002 6.06682350219779E-002
90.2665622 5.87844651222631E-002 6.04841446294072E-002
90.3665631 5.86080866745603E-002 6.03007968382721E-002
90.4665563 5.84324383159393E-002 6.01182157022392E-002
90.5665495 5.82575028914770E-002 5.99363833085158E-002
90.6665427 5.80832767521651E-002 5.97552957849329E-002
90.7665359 5.79097562715290E-002 5.95749492834834E-002
90.8665368 5.77369246869566E-002 5.93953263048621E-002
90.9665301 5.75648047867237E-002 5.92164504552357E-002
91.0665233 5.73933797990514E-002 5.90383042266488E-002
91.1665166 5.72226461859856E-002 5.88608838659934E-002
91.2665099 5.70526004313047E-002 5.86841856434559E-002
91.3665108 5.68832261449375E-002 5.85081924532645E-002
91.4665041 5.67145456963273E-002 5.83329274642444E-002
91.5664975 5.65465426860122E-002 5.81583735617008E-002
91.6664908 5.63792136831518E-002 5.79845271073189E-002
91.7664842 5.62125552778691E-002 5.78113844852455E-002
91.8664851 5.60465514421531E-002 5.76389289720396E-002
91.9664785 5.58812241360214E-002 5.74671833090762E-002
92.0664719 5.57165573218709E-002 5.72961307637443E-002
92.1664653 5.55525476721936E-002 5.71257678084284E-002
92.2664587 5.53891918797076E-002 5.69560909371761E-002
92.3664597 5.52264742683364E-002 5.67870837980592E-002
92.4664531 5.50644163978343E-002 5.66187687146348E-002
92.5664466 5.49030025823530E-002 5.64511293255822E-002
92.6664400 5.47422295940882E-002 5.62841622100580E-002
92.7664335 5.45820942247538E-002 5.61178639681157E-002
92.8664346 5.44225811404246E-002 5.59522186088911E-002
92.9664281 5.42637115095155E-002 5.57872480475052E-002
93.0664215 5.41054699881698E-002 5.56229362835012E-002
93.1664150 5.39478534448034E-002 5.54592799990395E-002
93.2664086 5.37908587666709E-002 5.52962758964425E-002
93.3664097 5.36344709525431E-002 5.51339083358160E-002
93.4664032 5.34787107881891E-002 5.49721988329817E-002
93.5663968 5.33235632623068E-002 5.48111317382743E-002
93.6663903 5.31690253361882E-002 5.46507038332414E-002
93.7663839 5.30150939893108E-002 5.44909119188872E-002
93.8663851 5.28617545440018E-002 5.43317406965342E-002
93.9663787 5.27090274118533E-002 5.41732112916048E-002
94.0663723 5.25568979049957E-002 5.40153083954916E-002
94.1663659 5.24053630743851E-002 5.38580288856582E-002
94.2663595 5.22544199885358E-002 5.37013696583466E-002
94.3663607 5.21040542844943E-002 5.35453157466699E-002
94.4663544 5.19542860079275E-002 5.33898878943213E-002
94.5663480 5.18051007855773E-002 5.32350711243434E-002
94.6663417 5.16564957549790E-002 5.30808624067825E-002
94.7663353 5.15084680706233E-002 5.29272587298122E-002
94.8663366 5.13610036757307E-002 5.27742454492243E-002
94.9663303 5.12141222580819E-002 5.26218429354288E-002
95.0663240 5.10678097505010E-002 5.24700365340241E-002
95.1663177 5.09220633741376E-002 5.23188233044377E-002
95.2663114 5.07768803665188E-002 5.21682003235999E-002
95.3663128 5.06322469687737E-002 5.20181532611709E-002
95.4663065 5.04881825186309E-002 5.18687021225068E-002
95.5663002 5.03446732467455E-002 5.17198325669681E-002
95.6662940 5.02017164550335E-002 5.15715417402887E-002
95.7662878 5.00593094612325E-002 5.14238268051054E-002
95.8662892 4.99174387963840E-002 5.12766737364275E-002
95.9662829 4.97761234557991E-002 5.11301021825749E-002
96.0662767 4.96353499599812E-002 5.09840981081662E-002
96.1662705 4.94951156888753E-002 5.08386587422875E-002
96.2662643 4.93554180377132E-002 5.06937813303516E-002
96.3662658 4.92162438197128E-002 5.05494521444765E-002
96.4662596 4.90776116952071E-002 5.04056904837590E-002
96.5662535 4.89395084668238E-002 5.02624826098496E-002
96.6662473 4.88019315899054E-002 5.01198258323484E-002
96.7662412 4.86648785345667E-002 4.99777174766272E-002
96.8662427 4.85283363887142E-002 4.98361441039415E-002
96.9662365 4.83923234849553E-002 4.96951246717787E-002
97.0662304 4.82568269005657E-002 4.95546457308628E-002
97.1662243 4.81218441637550E-002 4.94147046685794E-002
97.2662182 4.79873728170105E-002 4.92752988875526E-002
97.3662198 4.78534002156799E-002 4.91364152304617E-002
97.4662137 4.77199443717130E-002 4.89980723206053E-002
97.5662076 4.75869926297975E-002 4.88602569900799E-002
97.6662016 4.74545425885763E-002 4.87229667014334E-002
97.7661955 4.73225918604947E-002 4.85861989319401E-002
97.8661971 4.71911280613249E-002 4.84499407982382E-002
97.9661911 4.70601688892498E-002 4.83142105966697E-002
98.0661851 4.69297019493626E-002 4.81789954332505E-002
98.1661791 4.67997249083986E-002 4.80442928431690E-002
98.2661730 4.66702354464386E-002 4.79101003758469E-002
98.3661747 4.65412214328852E-002 4.77764054146558E-002
98.4661687 4.64127002588718E-002 4.76432259360309E-002
98.5661627 4.62846597831123E-002 4.75105493126924E-002
98.6661568 4.61570977381827E-002 4.73783731500437E-002
98.7661508 4.60300118695643E-002 4.72466950672479E-002
98.8661525 4.59033902937102E-002 4.71155027074139E-002
98.9661465 4.57772501012536E-002 4.69848137339424E-002
99.0661406 4.56515793979580E-002 4.68546157792726E-002
99.1661347 4.55263759800729E-002 4.67249065166899E-002
99.2661288 4.54016376563299E-002 4.65956836327835E-002
99.3661305 4.52773527838586E-002 4.64669350236262E-002
99.4661246 4.51535381591780E-002 4.63386780462836E-002
99.5661187 4.50301821287356E-002 4.62109005861497E-002
99.6661128 4.49072825503689E-002 4.60836003821470E-002
99.7661070 4.47848372939899E-002 4.59567751860638E-002
99.8661087 4.46628349512298E-002 4.58304131403760E-002
99.9661029 4.45412920307204E-002 4.57045313023466E-002
100.0660970 4.44201971134255E-002 4.55791178037721E-002
100.1660912 4.42995481167634E-002 4.54541704470531E-002
100.2660854 4.41793429698338E-002 4.53296870470331E-002
100.3660872 4.40595704927855E-002 4.52056559862363E-002
100.4660814 4.39402469124365E-002 4.50820940284923E-002
100.5660756 4.38213610382900E-002 4.49589895456535E-002
100.6660698 4.37029108454119E-002 4.48363404015194E-002
100.7660640 4.35848943201716E-002 4.47141444719262E-002
100.8660658 4.34673005054361E-002 4.45923903732895E-002
100.9660601 4.33501453521322E-002 4.44710945822162E-002
101.0660543 4.32334178925101E-002 4.43502457044654E-002
101.1660486 4.31171161574218E-002 4.42298416632344E-002
101.2660428 4.30012381886589E-002 4.41098803933664E-002
101.3660447 4.28857732461855E-002 4.39903507392019E-002
101.4660390 4.27707370108138E-002 4.38712688961824E-002
101.5660333 4.26561187319258E-002 4.37526236980146E-002
101.6660275 4.25419164943668E-002 4.36344131253669E-002
101.7660218 4.24281283935714E-002 4.35166351701774E-002
101.8660238 4.23147439011504E-002 4.33992788989295E-002
101.9660181 4.22017784334368E-002 4.32823602318064E-002
102.0660124 4.20892214515000E-002 4.31658682246866E-002
102.1660067 4.19770710924517E-002 4.30498009138549E-002
102.2660011 4.18653255036550E-002 4.29341563465024E-002
102.3660031 4.17539743630832E-002 4.28189238056507E-002
102.4659974 4.16430328280871E-002 4.27041189419866E-002
102.5659918 4.15324905661441E-002 4.25897310279616E-002
102.6659861 4.14223457649682E-002 4.24757581536896E-002
102.7659805 4.13125966221996E-002 4.23621984198415E-002
102.8659825 4.12032330170485E-002 4.22490413205429E-002
102.9659769 4.10942698532472E-002 4.21363022426046E-002
103.0659713 4.09856969995604E-002 4.20239706696228E-002
103.1659657 4.08775126927011E-002 4.19120447438191E-002
103.2659601 4.07697151789947E-002 4.18005226176357E-002
103.3659622 4.06622945339173E-002 4.16893939910328E-002
103.4659566 4.05552654128149E-002 4.15786739924284E-002
103.5659511 4.04486178807731E-002 4.14683523112990E-002
103.6659455 4.03423502219582E-002 4.13584271403157E-002
103.7659400 4.02364607298468E-002 4.12488966820455E-002
103.8659421 4.01309396713578E-002 4.11397508371730E-002
103.9659365 4.00258014585570E-002 4.10310044810727E-002
104.0659310 3.99210363480320E-002 4.09226475039960E-002
104.1659255 3.98166426699127E-002 4.08146781474651E-002
104.2659200 3.97126187633476E-002 4.07070946625854E-002
104.3659221 3.96089550820193E-002 4.05998871458089E-002
104.4659166 3.95056657996955E-002 4.04930702246857E-002
104.5659112 3.94027413597902E-002 4.03866339852899E-002
104.6659057 3.93001801369603E-002 4.02805767164542E-002
104.7659002 3.91979805146005E-002 4.01748967162930E-002
104.8659024 3.90961331286151E-002 4.00695842722170E-002
104.9658969 3.89946519193371E-002 3.99646537690447E-002
105.0658915 3.88935275124684E-002 3.98600954838680E-002
105.1658860 3.87927583258082E-002 3.97559077513449E-002
105.2658806 3.86923427856217E-002 3.96520889151250E-002
105.3658828 3.85922717056276E-002 3.95486294489112E-002
105.4658774 3.84925587974696E-002 3.94455434997603E-002
105.5658720 3.83931948647334E-002 3.93428215311196E-002
105.6658666 3.82941783670239E-002 3.92404619220408E-002
105.7658612 3.81955077721508E-002 3.91384630602870E-002
105.8658634 3.80971740673679E-002 3.90368156013251E-002
105.9658580 3.79991907402624E-002 3.89355334593004E-002
106.0658527 3.79015487680275E-002 3.88346072794906E-002
106.1658473 3.78042466507852E-002 3.87340354839606E-002
106.2658419 3.77072828966100E-002 3.86338165032160E-002
106.3658442 3.76106486621365E-002 3.85339411700927E-002
106.4658389 3.75143572154172E-002 3.84344231705582E-002
106.5658335 3.74183997031012E-002 3.83352533273289E-002
106.6658282 3.73227746645840E-002 3.82364301041505E-002
106.7658229 3.72274806469706E-002 3.81379519729494E-002
106.8658252 3.71325089722417E-002 3.80398099396636E-002
106.9658199 3.70378726933301E-002 3.79420174667037E-002
107.0658146 3.69435631223089E-002 3.78445655499605E-002
107.1658093 3.68495788366473E-002 3.77474526935765E-002
107.2658040 3.67559184212891E-002 3.76506774096231E-002
107.3658063 3.66625733596435E-002 3.75542308729975E-002
107.4658011 3.65695564938335E-002 3.74581263270643E-002
107.5657958 3.64768592974401E-002 3.73623549367486E-002
107.6657905 3.63844803848484E-002 3.72669152453501E-002
107.7657853 3.62924183776913E-002 3.71718058038548E-002
107.8657877 3.62006649170007E-002 3.70770179520965E-002
107.9657824 3.61092326382977E-002 3.69825647187967E-002
108.0657772 3.60181131728678E-002 3.68884374338948E-002
108.1657720 3.59273051708942E-002 3.67946346786517E-002
108.2657667 3.58368072895886E-002 3.67011550417801E-002
108.3657692 3.57466113239084E-002 3.66079900241437E-002
108.4657639 3.56567297068826E-002 3.65151524441202E-002
108.5657587 3.55671542238053E-002 3.64226337927584E-002
108.6657536 3.54778835595786E-002 3.63304326881258E-002
108.7657484 3.53889164059217E-002 3.62385477555162E-002
108.8657508 3.53002447081247E-002 3.61469706530276E-002
108.9657456 3.52118807007376E-002 3.60557139928919E-002
109.0657405 3.51238163194724E-002 3.59647694234741E-002
