0.0053140 6.90174293391364E+000 2.58473363525171E+003
0.0210792 2.65319098476169E+001 2.52922331680313E+003
0.0467942 5.59950588530822E+001 2.44212039171344E+003
0.0817065 9.13960936494316E+001 2.33029485518345E+003
0.1249105 1.28772646637916E+002 2.20137582114429E+003
0.1754417 1.64800817435677E+002 2.06264316544115E+003
0.2323515 1.97134852631493E+002 1.92030985924823E+003
0.2947571 2.24427165311419E+002 1.77921315061220E+003
0.3618673 2.46157781863328E+002 1.64281469915739E+003
0.4329916 2.62397168547945E+002 1.51337573784965E+003
0.5075377 2.73581094765664E+002 1.39220217276759E+003
0.5850032 2.80333130452364E+002 1.27988954903225E+003
0.6649650 2.83340937241784E+002 1.17653570143667E+003
0.7470680 2.83278883176944E+002 1.08190891456332E+003
0.8310139 2.80765123631053E+002 9.95574781170569E+002
0.9165527 2.76342041975605E+002 9.16985814508332E+002
1.0034738 2.70471192606844E+002 8.45543488866759E+002
1.0915995 2.63536550174284E+002 7.80639228137144E+002
1.1807797 2.55851903722088E+002 7.21679952246429E+002
1.2708868 2.47669986501918E+002 6.68103890332880E+002
1.3618115 2.39191715932373E+002 6.19388544946060E+002
1.4534610 2.30574814279360E+002 5.75054013904755E+002
1.5457546 2.21941629607773E+002 5.34664092449685E+002
1.6386236 2.13385624516699E+002 4.97824139835856E+002
1.7320075 2.04977140058127E+002 4.64179436179668E+002
1.8258543 1.96767902356503E+002 4.33411579214825E+002
1.9201186 1.88794903211907E+002 4.05235599057550E+002
2.0147601 1.81083562608997E+002 3.79396947146615E+002
2.1097440 1.73650110523196E+002 3.55667983199006E+002
2.2050388 1.66503755987560E+002 3.33845609877170E+002
2.3006174 1.59648181358518E+002 3.13748233772139E+002
2.3964555 1.53082891402923E+002 2.95213565402349E+002
2.4925310 1.46804285272524E+002 2.78096583695896E+002
2.5888248 1.40806363422993E+002 2.62267312751140E+002
2.6853193 1.35081490824643E+002 2.47609438496633E+002
2.7819988 1.29620801193874E+002 2.34018518260909E+002
2.8788497 1.24414638841074E+002 2.21400761216474E+002
2.9758588 1.19452901458460E+002 2.09671918867305E+002
3.0730149 1.14725193140987E+002 1.98756030288622E+002
3.1703074 1.10221101973260E+002 1.88584720251432E+002
3.2677268 1.05930258388887E+002 1.79096194347330E+002
3.3652646 1.01842484456281E+002 1.70234622841700E+002
3.4629133 9.79478402229290E+001 1.61949437793093E+002
3.5606650 9.42367513046878E+001 1.54194924692010E+002
3.6585133 9.06999346660130E+001 1.46929487231093E+002
3.7564523 8.73284975563016E+001 1.40115366489322E+002
3.8544764 8.41139319053627E+001 1.33718209018993E+002
3.9525810 8.10481054778735E+001 1.27706692151363E+002
4.0507604 7.81233189701778E+001 1.22052328741710E+002
4.1490108 7.53322130938434E+001 1.16729021500265E+002
4.2473280 7.26678190559457E+001 1.11712935543467E+002
4.3457083 7.01235324696446E+001 1.06982251585643E+002
4.4441489 6.76930891842783E+001 1.02516951412863E+002
4.5426454 6.53705971136283E+001 9.82987286156888E+001
4.6411954 6.31504520746245E+001 9.43107060878168E+001
4.7397961 6.10273696495802E+001 9.05373836551736E+001
4.8384450 5.89963582609645E+001 8.69644918073282E+001
4.9371399 5.70526951736540E+001 8.35788643424952E+001
5.0358779 5.51919485086020E+001 8.03684017040683E+001
5.1346571 5.34099074301417E+001 7.73218839117583E+001
5.2334756 5.17026058559885E+001 7.44289546122919E+001
5.3323316 5.00662997680410E+001 7.16800311248346E+001
5.4312238 4.84974472413040E+001 6.90662260270266E+001
5.5301496 4.69927259871303E+001 6.65793364576991E+001
5.6291079 4.55489770313701E+001 6.42117151777083E+001
5.7280973 4.41632240727498E+001 6.19562718960348E+001
5.8271164 4.28326555599841E+001 5.98064159312225E+001
5.9261644 4.15546090037497E+001 5.77560061999489E+001
6.0252392 4.03265859368875E+001 5.57993530673535E+001
6.1243401 3.91462067324449E+001 5.39311262567871E+001
6.2234659 3.80112270887387E+001 5.21463639134032E+001
6.3226158 3.69195241678933E+001 5.04404347976264E+001
6.4217891 3.58690844978538E+001 4.88090053066454E+001
6.5209840 3.48580170611311E+001 4.72480470556343E+001
6.6202001 3.38845169184293E+001 4.57537690357984E+001
6.7194366 3.29468794821276E+001 4.43226296626899E+001
6.8186927 3.20434898291551E+001 4.29513110486548E+001
6.9179682 3.11728133883701E+001 4.16366965661924E+001
7.0172613 3.03334074779224E+001 4.03758806910408E+001
7.1165720 2.95238917973069E+001 3.91661176703142E+001
7.2158999 2.87429572016044E+001 3.80048287907239E+001
7.3152432 2.79893757061771E+001 3.68896114807310E+001
7.4146030 2.72619566985476E+001 3.58181693388275E+001
7.5139770 2.65595969855770E+001 3.47883815638369E+001
7.6133666 2.58812218973754E+001 3.37982120132197E+001
7.7127702 2.52258296339770E+001 3.28457705483159E+001
7.8121865 2.45924672335227E+001 3.19292741884852E+001
7.9116168 2.39802106687061E+001 3.10470153330031E+001
8.0110589 2.33882040262870E+001 3.01974154904497E+001
8.1105143 2.28156103142611E+001 2.93789517482262E+001
8.2099815 2.22616491737608E+001 2.85902085773990E+001
8.3094593 2.17255769846018E+001 2.78298469660681E+001
8.4089492 2.12066703006759E+001 2.70965790395941E+001
8.5084489 2.07042593227246E+001 2.63892136254907E+001
8.6079599 2.02176864858408E+001 2.57065960270463E+001
8.7074812 1.97463387082190E+001 2.50476519355875E+001
8.8070112 1.92896307757677E+001 2.44113625176322E+001
8.9065517 1.88469914347983E+001 2.37967438213622E+001
9.0061006 1.84178921392050E+001 2.32028855665113E+001
9.1056593 1.80018119303634E+001 2.26289012546543E+001
9.2052267 1.75982651584717E+001 2.20739655541564E+001
9.3048016 1.72067874903243E+001 2.15372939176820E+001
9.4043856 1.68269241369657E+001 2.10181256421855E+001
9.5039766 1.64582546647407E+001 2.05157570342639E+001
9.6035763 1.61003630071745E+001 2.00294996696743E+001
9.7031836 1.57528614125073E+001 1.95587123696691E+001
9.8027972 1.54153785695171E+001 1.91027843257960E+001
9.9024188 1.50875495667067E+001 1.86611209987834E+001
10.0020464 1.47690374069930E+001 1.82331726037748E+001
10.1016817 1.44595072388815E+001 1.78183988777835E+001
10.2013235 1.41586471412404E+001 1.74162965598716E+001
10.3009707 1.38661579747239E+001 1.70263852729584E+001
10.4006251 1.35817447580447E+001 1.66481956633894E+001
10.5002846 1.33051354079082E+001 1.62812939787789E+001
10.5999509 1.30360584654670E+001 1.59252520923991E+001
10.6996230 1.27742612167521E+001 1.55796712308100E+001
10.7992996 1.25195009619535E+001 1.52441700524100E+001
10.8989827 1.22715375613584E+001 1.49183745800965E+001
10.9986702 1.20301498281312E+001 1.46019395038684E+001
11.0983637 1.17951161708868E+001 1.42945224951904E+001
11.1980623 1.15662304585640E+001 1.39958047889298E+001
11.2977649 1.13432944640193E+001 1.37054810334348E+001
11.3974732 1.11261113831198E+001 1.34232506757295E+001
11.4971853 1.09145002327123E+001 1.31488365069271E+001
11.5969029 1.07082789423010E+001 1.28819625097467E+001
11.6966250 1.05072783003856E+001 1.26223717913820E+001
11.7963505 1.03113353779062E+001 1.23698178776554E+001
11.8960812 1.01202878629996E+001 1.21240572877087E+001
11.9958151 9.93398675592042E+000 1.18848657480022E+001
12.0955540 9.75228153037012E+000 1.16520189739253E+001
12.1952970 9.57503244054148E+000 1.14253083614804E+001
12.2950428 9.40210476782778E+000 1.12045334700131E+001
12.3947934 9.23336384393160E+000 1.09894955804772E+001
12.4945468 9.06868628548828E+000 1.07800119292203E+001
12.5943047 8.90794691452016E+000 1.05758989446569E+001
12.6940662 8.75102965867267E+000 1.03769860341303E+001
12.7938302 8.59782249408239E+000 1.01831090534906E+001
12.8935986 8.44821305309094E+000 9.99410468576168E+000
12.9933693 8.30209860147599E+000 9.80982298556158E+000
13.0931443 8.15937446219023E+000 9.63011268423112E+000
13.1929224 8.01994370325076E+000 9.45483335046362E+000
13.2927027 7.88371267281178E+000 9.28384968573768E+000
13.3924871 7.75058710629641E+000 9.11702659267040E+000
13.4922734 7.62048101659334E+000 8.95424027195812E+000
13.5920637 7.49330640895804E+000 8.79536528130436E+000
13.6918568 7.36898191994492E+000 8.64028530158664E+000
13.7916517 7.24742885906321E+000 8.48888812840247E+000
13.8914504 7.12856774488251E+000 8.34106132435417E+000
13.9912508 7.01232625184810E+000 8.19670207054682E+000
14.0910548 6.89863003941903E+000 8.05570572123147E+000
14.1908615 6.78741047992470E+000 7.91797536919067E+000
14.2906697 6.67860113581406E+000 7.78341742790968E+000
14.3904813 6.57213466609662E+000 7.65193778146215E+000
14.4902944 6.46794995141905E+000 7.52345056004831E+000
14.5901109 6.36598388904452E+000 7.39786797716092E+000
14.6899298 6.26617832647967E+000 7.27510885676050E+000
14.7897500 6.16847691509266E+000 7.15509471960354E+000
14.8895734 6.07282233777781E+000 7.03774635967790E+000
14.9893980 5.97916271571576E+000 6.92299168656459E+000
15.0892259 5.88744424407120E+000 6.81075666785567E+000
15.1890558 5.79761743081209E+000 6.70097295517136E+000
15.2888878 5.70963344655835E+000 6.59357339015906E+000
15.3887200 5.62344659784912E+000 6.48849500521858E+000
15.4885562 5.53900773174410E+000 6.38567096638405E+000
15.5883943 5.45627404603270E+000 6.28504251610786E+000
15.6882343 5.37520243056493E+000 6.18655083612271E+000
15.7880763 5.29575108031917E+000 6.09013899957544E+000
15.8879183 5.21788091997037E+000 5.99575368149897E+000
15.9877640 5.14154964895538E+000 5.90333792861969E+000
16.0876115 5.06672060970580E+000 5.81284189459764E+000
16.1874608 4.99335677665840E+000 5.72421553927994E+000
16.2873119 4.92142221743442E+000 5.63741038853569E+000
16.3871628 4.85088338769303E+000 5.55238108236042E+000
16.4870172 4.78170374000969E+000 5.46907886679936E+000
16.5868734 4.71385176091377E+000 5.38746127116492E+000
16.6867312 4.64729552998348E+000 5.30748553760260E+000
16.7865905 4.58200404644945E+000 5.22911021144852E+000
16.8864496 4.51794840858891E+000 5.15229654544418E+000
16.9863121 4.45509692059625E+000 5.07700262468851E+000
17.0861762 4.39342239393876E+000 5.00319211366416E+000
17.1860417 4.33289720990770E+000 4.93082832594325E+000
17.2859087 4.27349452668131E+000 4.85987566478748E+000
17.3857753 4.21518935571782E+000 4.79030089956666E+000
17.4856452 4.15795410987242E+000 4.72206784766176E+000
17.5855166 4.10176525170981E+000 4.65514530101805E+000
17.6853893 4.04659880207348E+000 4.58950165898430E+000
17.7852633 3.99243144070026E+000 4.52510623623779E+000
17.8851368 3.93924149052210E+000 4.46193042544692E+000
17.9850136 3.88700485792392E+000 4.39994287087220E+000
18.0848916 3.83570109975205E+000 4.33911666897086E+000
18.1847709 3.78530932820149E+000 4.27942449832083E+000
18.2846515 3.73580921641136E+000 4.22083980970539E+000
18.3845314 3.68718190025094E+000 4.16333788729255E+000
18.4844144 3.63940626807215E+000 4.10689145773365E+000
18.5842986 3.59246450889166E+000 4.05147724654725E+000
18.6841841 3.54633837043811E+000 3.99707154824515E+000
18.7840706 3.50101007973190E+000 3.94365131149238E+000
18.8839565 3.45646317077800E+000 3.89119510955286E+000
18.9838453 3.41267908665100E+000 3.83967913629294E+000
19.0837353 3.36964226343054E+000 3.78908318925106E+000
19.1836263 3.32733670380480E+000 3.73938663078659E+000
19.2835185 3.28574682141212E+000 3.69056937958930E+000
19.3834098 3.24485820186532E+000 3.64261279982616E+000
19.4833041 3.20465448468115E+000 3.59549604188002E+000
19.5831994 3.16512203079047E+000 3.54920151382500E+000
19.6830957 3.12624677882821E+000 3.50371119092366E+000
19.7829930 3.08801502095750E+000 3.45900752335156E+000
19.8828894 3.05041410378474E+000 3.41507425234422E+000
19.9827887 3.01342956164436E+000 3.37189305894697E+000
20.0826889 2.97704940970235E+000 3.32944857778912E+000
20.1825901 2.94126125411275E+000 3.28772501776989E+000
20.2824922 2.90605300613168E+000 3.24670699465315E+000
20.3823934 2.87141352873053E+000 3.20638028153021E+000
20.4822973 2.83732999617987E+000 3.16672873349317E+000
20.5822022 2.80379184976748E+000 3.12773889090845E+000
20.6821079 2.77078813647772E+000 3.08939687882718E+000
20.7820145 2.73830816741215E+000 3.05168917206210E+000
20.8819201 2.70634211525312E+000 3.01460328642872E+000
20.9818284 2.67487857804820E+000 2.97812495121697E+000
21.0817375 2.64390823024614E+000 2.94224234342299E+000
21.1816475 2.61342136755033E+000 2.90694323743252E+000
21.2815583 2.58340851497559E+000 2.87221570929037E+000
21.3814680 2.55386097974297E+000 2.83804877444133E+000
21.4813803 2.52476859972229E+000 2.80442978327407E+000
21.5812935 2.49612311874794E+000 2.77134832282779E+000
21.6812074 2.46791591788586E+000 2.73879359173902E+000
21.7811221 2.44013857785788E+000 2.70675504963363E+000
21.8810357 2.41278339144890E+000 2.67522300644325E+000
21.9809519 2.38584127928102E+000 2.64418621922135E+000
22.0808688 2.35930491512019E+000 2.61363549357387E+000
22.1807864 2.33316662603919E+000 2.58356126182277E+000
22.2807048 2.30741891341964E+000 2.55395418277262E+000
22.3806219 2.28205492851428E+000 2.52480568711505E+000
22.4805416 2.25706654015328E+000 2.49610575624400E+000
22.5804621 2.23244723291973E+000 2.46784625196384E+000
22.6803832 2.20819016064188E+000 2.44001867838139E+000
22.7803050 2.18428862972622E+000 2.41261473670942E+000
22.8802255 2.16073654113324E+000 2.38562683077902E+000
22.9801486 2.13752659629655E+000 2.35904601077082E+000
23.0800723 2.11465298857046E+000 2.33286505654371E+000
23.1799967 2.09210959618509E+000 2.30707640598393E+000
23.2799217 2.06989043126417E+000 2.28167266899326E+000
23.3798454 2.04799005113394E+000 2.25664709669747E+000
23.4797716 2.02640189020514E+000 2.23199167491331E+000
23.5796984 2.00512076292782E+000 2.20769998364496E+000
23.6796259 1.98414118383008E+000 2.18376527654507E+000
23.7795539 1.96345778522260E+000 2.16018095778543E+000
23.8794806 1.94306570046200E+000 2.13694101817071E+000
23.9794098 1.92295901083353E+000 2.11403826481957E+000
24.0793395 1.90313307634520E+000 2.09146697693421E+000
24.1792698 1.88358297177383E+000 2.06922112270686E+000
24.2792007 1.86430387574921E+000 2.04729480237654E+000
24.3791302 1.84529142832926E+000 2.02568265412362E+000
24.4790621 1.82654028305351E+000 2.00437820789341E+000
24.5789946 1.80804628023316E+000 1.98337635540572E+000
24.6789277 1.78980498907367E+000 1.96267169230765E+000
24.7788612 1.77181207055815E+000 1.94225893037356E+000
24.8787934 1.75406361145849E+000 1.92213327576202E+000
24.9787279 1.73655477272687E+000 1.90228889618069E+000
25.0786630 1.71928181846060E+000 1.88272122122596E+000
25.1785986 1.70224075517934E+000 1.86342539886851E+000
25.2785347 1.68542767068602E+000 1.84439667944865E+000
25.3784693 1.66883904643092E+000 1.82563076861754E+000
25.4784064 1.65247049428932E+000 1.80712239815831E+000
25.5783439 1.63631865307334E+000 1.78886747109466E+000
25.6782819 1.62037991693259E+000 1.77086162272474E+000
25.7782204 1.60465075215728E+000 1.75310057879528E+000
25.8781574 1.58912798962819E+000 1.73558048521882E+000
25.9780968 1.57380764280783E+000 1.71829657384958E+000
26.0780366 1.55868668251421E+000 1.70124516534288E+000
26.1779769 1.54376184720190E+000 1.68442232594796E+000
26.2779176 1.52902993948213E+000 1.66782420200627E+000
26.3778568 1.51448810022770E+000 1.65144732833268E+000
26.4777984 1.50013270129681E+000 1.63528738111251E+000
26.5777404 1.48596100825545E+000 1.61934105020640E+000
26.6776829 1.47197006599521E+000 1.60360478379039E+000
26.7776257 1.45815697657632E+000 1.58807510111337E+000
26.8775671 1.44451915641060E+000 1.57274888124890E+000
26.9775108 1.43105329785133E+000 1.55762219604801E+000
27.0774549 1.41775692863695E+000 1.54269206244355E+000
27.1773994 1.40462736692311E+000 1.52795526780282E+000
27.2773442 1.39166198190425E+000 1.51340866269209E+000
27.3772876 1.37885843536708E+000 1.49904943154441E+000
27.4772333 1.36621370682737E+000 1.48487399928411E+000
27.5771793 1.35372555765258E+000 1.47087967317204E+000
27.6771257 1.34139155013880E+000 1.45706354242492E+000
27.7770725 1.32920929223239E+000 1.44342275256863E+000
27.8770178 1.31717666462966E+000 1.42995475942350E+000
27.9769653 1.30529090462980E+000 1.41665630362188E+000
28.0769132 1.29354998216621E+000 1.40352495063509E+000
28.1768615 1.28195167805294E+000 1.39055805882566E+000
28.2768101 1.27049381400746E+000 1.37775303682305E+000
28.3767572 1.25917446636784E+000 1.36510758209944E+000
28.4767065 1.24799110426749E+000 1.35261871814075E+000
28.5766562 1.23694188415407E+000 1.34028424049353E+000
28.6766062 1.22602478277098E+000 1.32810174796128E+000
28.7765565 1.21523781357524E+000 1.31606888430395E+000
28.8765053 1.20457922804905E+000 1.30418356256237E+000
28.9764563 1.19404670419351E+000 1.29244306012414E+000
29.0764077 1.18363856553011E+000 1.28084537791191E+000
29.1763593 1.17335296477823E+000 1.26938832992109E+000
29.2763113 1.16318808766547E+000 1.25806977042654E+000
29.3762617 1.15314234272623E+000 1.24688780511044E+000
29.4762144 1.14321359646209E+000 1.23583993969467E+000
29.5761673 1.13340032229737E+000 1.22492435875064E+000
29.6761206 1.12370083126794E+000 1.21413906921049E+000
29.7760741 1.11411346413472E+000 1.20348211415820E+000
29.8760261 1.10463677048567E+000 1.19295177172343E+000
29.9759803 1.09526878722617E+000 1.18254575333706E+000
30.0759347 1.08600812248876E+000 1.17226240806819E+000
30.1758895 1.07685322996733E+000 1.16209991612984E+000
30.2758445 1.06780259016641E+000 1.15205649023711E+000
30.3757980 1.05885487955439E+000 1.14213056314611E+000
30.4757536 1.05000828933106E+000 1.13232003193484E+000
30.5757095 1.04126154886739E+000 1.12262339325714E+000
30.6756657 1.03261324060598E+000 1.11303898321329E+000
30.7756221 1.02406197120837E+000 1.10356516717207E+000
30.8755770 1.01560653144535E+000 1.09420051675923E+000
30.9755340 1.00724525244474E+000 1.08494309687646E+000
31.0754913 9.98976972854511E-001 1.07579153679817E+000
31.1754469 9.90800546577609E-001 1.06674448466693E+000
31.2754067 9.82714229071363E-001 1.05779992871985E+000
31.3753629 9.74717379494384E-001 1.04895708022308E+000
31.4753231 9.66808150956737E-001 1.04021381864457E+000
31.5752798 9.58985930810430E-001 1.03156939006580E+000
31.6752368 9.51249219901180E-001 1.02302206248483E+000
31.7751978 9.43596551973452E-001 1.01457014256348E+000
31.8751552 9.36027354363987E-001 1.00621292570487E+000
31.9751168 9.28539912108908E-001 9.97948447719665E-001
32.0750747 9.21133677749259E-001 9.89776035067075E-001
32.1750329 9.13807263814269E-001 9.81694088714777E-001
32.2749952 9.06559313022799E-001 9.73701045008740E-001
32.3749539 8.99389313678976E-001 9.65796274428385E-001
32.4749166 8.92295671363670E-001 9.57977955223135E-001
32.5748758 8.85277896935084E-001 9.50245485605345E-001
32.6748352 8.78334704720681E-001 9.42597387395292E-001
32.7747986 8.71464836790256E-001 9.35032214833451E-001
32.8747585 8.64667836019501E-001 9.27549405462532E-001
32.9747223 8.57942218290556E-001 9.20147267498586E-001
33.0746827 8.51287546680239E-001 9.12825263275311E-001
33.1746432 8.44702628432990E-001 9.05582024615007E-001
33.2746078 8.38186296321258E-001 8.98416213092321E-001
33.3745687 8.31738142111718E-001 8.91327326216457E-001
33.4745337 8.25356782753738E-001 8.84313790963497E-001
33.5744951 8.19041828123360E-001 8.77375127025471E-001
33.6744568 8.12792170390348E-001 8.70510066494103E-001
33.7744224 8.06606725245876E-001 8.63717368803437E-001
33.8743844 8.00485128295734E-001 8.56996585135028E-001
33.9743505 7.94426089219569E-001 8.50346251138949E-001
34.0743130 7.88429259870640E-001 8.43765937864176E-001
34.1742756 7.82493610141986E-001 8.37254468927995E-001
34.2742423 7.76618131626965E-001 8.30810693109411E-001
34.3742054 7.70802499272139E-001 8.24434209672519E-001
34.4741725 7.65045507949112E-001 8.18123653849356E-001
34.5741359 7.59346847192598E-001 8.11878642713223E-001
34.6740996 7.53705558118878E-001 8.05698083539088E-001
34.7740673 7.48120701889403E-001 7.99580906787559E-001
34.8740313 7.42591988781218E-001 7.93526754834515E-001
34.9739994 7.37118292031697E-001 7.87534354285232E-001
35.0739638 7.31699335025526E-001 7.81603363492879E-001
35.1739284 7.26334224227348E-001 7.75732766299656E-001
35.2738971 7.21022084640516E-001 7.69921567939972E-001
35.3738621 7.15762658293215E-001 7.64169449475669E-001
35.4738310 7.10554890598454E-001 7.58475221462831E-001
35.5737964 7.05398535369589E-001 7.52838579308091E-001
35.6737620 7.00292759102346E-001 7.47258577021574E-001
35.7737315 6.95236745458126E-001 7.41734288375557E-001
35.8736974 6.90230265017983E-001 7.36265429172444E-001
35.9736673 6.85272329749396E-001 7.30850887197791E-001
36.0736335 6.80362720836005E-001 7.25490391142298E-001
36.1735999 6.75500659985434E-001 7.20183059400126E-001
36.2735704 6.70685384817894E-001 7.14928028643922E-001
36.3735371 6.65916691606440E-001 7.09725045895423E-001
36.4735079 6.61193653761626E-001 7.04573070074466E-001
36.5734750 6.56516077100495E-001 6.99471859790134E-001
36.6734423 6.51883234169027E-001 6.94420592585631E-001
36.7734135 6.47294412280649E-001 6.89418462930340E-001
36.8733811 6.42749430838721E-001 6.84465245919132E-001
36.9733527 6.38247420042874E-001 6.79559966071039E-001
37.0733206 6.33788207891871E-001 6.74702408904987E-001
37.1732887 6.29371113795786E-001 6.69891806368535E-001
37.2732608 6.24995470884309E-001 6.65127406101172E-001
37.3732292 6.20661119394987E-001 6.60409008456754E-001
37.4732015 6.16367242073544E-001 6.55735698520210E-001
37.5731702 6.12113686902106E-001 6.51107286028158E-001
37.6731391 6.07899816538827E-001 6.46523053026454E-001
37.7731119 6.03725006401499E-001 6.41982296124914E-001
37.8730811 5.99589115501807E-001 6.37484838416597E-001
37.9730543 5.95491375258438E-001 6.33029820969279E-001
38.0730237 5.91431651663805E-001 6.28617075325741E-001
38.1729934 5.87409347330022E-001 6.24245929717082E-001
38.2729669 5.83423876748288E-001 6.19915725906188E-001
38.3729369 5.79475115854466E-001 6.15626307466855E-001
38.4729107 5.75562341200355E-001 6.11376867271223E-001
38.5728809 5.71685435016162E-001 6.07167256505958E-001
38.6728513 5.67843836863471E-001 6.02996846026952E-001
38.7728256 5.64036997374279E-001 5.98865019276204E-001
38.8727962 5.60264807745863E-001 5.94771638282040E-001
38.9727708 5.56526586424013E-001 5.90715943906538E-001
39.0727417 5.52822230283043E-001 5.86697805039611E-001
39.1727127 5.49151213090438E-001 5.82716631918319E-001
39.2726877 5.45513018940603E-001 5.78771846498331E-001
39.3726590 5.41907552796430E-001 5.74863327442995E-001
39.4726343 5.38334172030306E-001 5.70990360117946E-001
39.5726059 5.34792786726525E-001 5.67152829373046E-001
39.6725776 5.31282902350304E-001 5.63350181867952E-001
39.7725533 5.27804034009420E-001 5.59581875184206E-001
39.8725252 5.24356099085708E-001 5.55847802984819E-001
39.9725012 5.20938491156572E-001 5.52147291948625E-001
40.0724734 5.17551132224714E-001 5.48480241318026E-001
40.1724458 5.14193557157533E-001 5.44846131473525E-001
40.2724221 5.10865309834374E-001 5.41244452984939E-001
40.3723947 5.07566318842622E-001 5.37675113043838E-001
40.4723712 5.04296011465812E-001 5.34137476719362E-001
40.5723441 5.01054320460970E-001 5.30631456236010E-001
40.6723171 4.97840807994414E-001 5.27156563225062E-001
40.7722940 4.94655044662696E-001 5.23712318832762E-001
40.8722673 4.91496969164649E-001 5.20298642454809E-001
40.9722444 4.88366040193014E-001 5.16914934869740E-001
41.0722179 4.85262200209194E-001 5.13561120013934E-001
41.1721915 4.82185036749278E-001 5.10236738508640E-001
41.2721690 4.79134145242419E-001 5.06941339868646E-001
41.3721428 4.76109473511660E-001 5.03674854500472E-001
41.4721206 4.73110509545413E-001 5.00436716430335E-001
41.5720946 4.70137204561795E-001 4.97226860161684E-001
41.6720688 4.67189169695361E-001 4.94044853234199E-001
41.7720469 4.64266023477189E-001 4.90890271507815E-001
41.8720213 4.61367721963105E-001 4.87763055323900E-001
41.9719996 4.58493780490388E-001 4.84662669693451E-001
42.0719743 4.55644158177954E-001 4.81589058654437E-001
42.1719490 4.52818488130783E-001 4.78541814764810E-001
42.2719276 4.50016410390933E-001 4.75520538373350E-001
42.3719026 4.47237888441579E-001 4.72525178785400E-001
42.4718815 4.44482463173818E-001 4.69555229914378E-001
42.5718566 4.41750100833832E-001 4.66610644400831E-001
42.6718319 4.39040454999155E-001 4.63691038076184E-001
42.7718111 4.36353185758864E-001 4.60796034073277E-001
42.8717866 4.33688263295306E-001 4.57925589784796E-001
42.9717660 4.31045252396631E-001 4.55079226108356E-001
43.0717417 4.28424125736777E-001 4.52256903445383E-001
43.1717175 4.25824555986379E-001 4.49458259297001E-001
43.2716972 4.23246221933103E-001 4.46682938012856E-001
43.3716732 4.20689099799759E-001 4.43930904280931E-001
43.4716531 4.18152776740918E-001 4.41201704214220E-001
43.5716293 4.15637231225364E-001 4.38495305214350E-001
43.6716056 4.13142153745201E-001 4.35811364976503E-001
43.7715858 4.10667240543487E-001 4.33149547624887E-001
43.8715623 4.08212473287294E-001 4.30509824426717E-001
43.9715428 4.05777460082180E-001 4.27891765077689E-001
44.0715195 4.03362184618801E-001 4.25295343291764E-001
44.1714963 4.00966354037407E-001 4.22720235599113E-001
44.2714770 3.98589680889187E-001 4.20166124569986E-001
44.3714539 3.96232151745580E-001 4.17632987403089E-001
44.4714348 3.93893394353003E-001 4.15120415868336E-001
44.5714120 3.91573397105020E-001 4.12628389369655E-001
44.6713893 3.89271882706408E-001 4.10156602019279E-001
44.7713704 3.86988578956788E-001 4.07704753608578E-001
44.8713479 3.84723476842833E-001 4.05272826681489E-001
44.9713293 3.82476222538045E-001 4.02860433687085E-001
45.0713069 3.80246808668647E-001 4.00467559155842E-001
45.1712846 3.78034972502255E-001 3.98093913625915E-001
45.2712662 3.75840456107238E-001 3.95739212979316E-001
45.3712441 3.73663254442147E-001 3.93403444574332E-001
45.4712259 3.71503030982077E-001 3.91086240247823E-001
45.5712040 3.69359782159599E-001 3.88787589146526E-001
45.6711822 3.67233258878422E-001 3.86507217166678E-001
45.7711643 3.65123216569133E-001 3.84244855236678E-001
45.8711426 3.63029653760151E-001 3.82000495048195E-001
45.9711248 3.60952250183613E-001 3.79773786629403E-001
46.0711034 3.58891005691819E-001 3.77564723280900E-001
46.1710820 3.56845683966400E-001 3.75373045269857E-001
46.2710644 3.54816052960614E-001 3.73198497605565E-001
46.3710432 3.52802114408087E-001 3.71041075877146E-001
46.4710259 3.50803563327736E-001 3.68900447194538E-001
46.5710048 3.48820402640840E-001 3.66776608593032E-001
46.6709838 3.46852408011617E-001 3.64669313797358E-001
46.7709667 3.44899359137825E-001 3.62578321004245E-001
46.8709459 3.42961260627395E-001 3.60503629304992E-001
46.9709290 3.41037821884018E-001 3.58444921861474E-001
47.0709083 3.39129048579644E-001 3.56402199063536E-001
47.1708877 3.37234727623364E-001 3.54375227247621E-001
47.2708710 3.35354649735548E-001 3.52363776970402E-001
47.3708506 3.33488822098085E-001 3.50367850466807E-001
47.4708341 3.31636967660201E-001 3.48387145993986E-001
47.5708138 3.29799094555559E-001 3.46421666951483E-001
47.6707936 3.27975000253299E-001 3.44471191503483E-001
47.7707773 3.26164485826192E-001 3.42535501799534E-001
47.8707573 3.24367560757398E-001 3.40614602892865E-001
47.9707411 3.22583960760199E-001 3.38708207246465E-001
48.0707212 3.20813696167607E-001 3.36816320956621E-001
48.1707014 3.19056574372572E-001 3.34938733288033E-001
48.2706855 3.17312406177535E-001 3.33075237271495E-001
48.3706658 3.15581203119295E-001 3.31225840483245E-001
48.4706500 3.13862712946935E-001 3.29390268764504E-001
48.5706305 3.12156947954535E-001 3.27568530624218E-001
48.6706110 3.10463724867301E-001 3.25760425752461E-001
48.7705955 3.08782863638273E-001 3.23965757400532E-001
48.8705762 3.07114377632972E-001 3.22184535399596E-001
48.9705608 3.05458025957095E-001 3.20416498198397E-001
49.0705416 3.03813822649356E-001 3.18661656460606E-001
49.1705225 3.02181593216773E-001 3.16919819674385E-001
49.2705073 3.00561166224115E-001 3.15190800697562E-001
49.3704883 2.98952556661303E-001 3.13474611372782E-001
49.4704733 2.97355534356748E-001 3.11771002038038E-001
49.5704545 2.95770114897173E-001 3.10079985277486E-001
49.6704357 2.94196132058851E-001 3.08401379794091E-001
49.7704208 2.92633422516420E-001 3.06735007481240E-001
49.8704022 2.91082002698585E-001 3.05080881971959E-001
49.9703875 2.89541652564391E-001 3.03438764823555E-001
50.0703690 2.88012389069938E-001 3.01808670327902E-001
50.1703506 2.86494053783103E-001 3.00190425859998E-001
50.2703361 2.84986491020682E-001 2.98583861817405E-001
50.3703178 2.83489718481514E-001 2.96988993422687E-001
50.4703034 2.82003525701867E-001 2.95405592827147E-001
50.5702853 2.80527930844916E-001 2.93833675837107E-001
50.6702672 2.79062782824712E-001 2.92273077994131E-001
50.7702530 2.77607933163991E-001 2.90723637705042E-001
50.8702350 2.76163400678507E-001 2.89185371599489E-001
50.9702209 2.74728983964097E-001 2.87658061838667E-001
51.0702031 2.73304702243564E-001 2.86141725567765E-001
51.1701853 2.71890411361444E-001 2.84636206023838E-001
51.2701714 2.70485969639286E-001 2.83141349161694E-001
51.3701538 2.69091396870551E-001 2.81657172852306E-001
51.4701400 2.67706500226121E-001 2.80183468720755E-001
51.5701225 2.66331299854464E-001 2.78720255091579E-001
51.6701050 2.64965658142407E-001 2.77267382457993E-001
51.7700914 2.63609439830063E-001 2.75824703892542E-001
51.8700741 2.62262665562150E-001 2.74392238356932E-001
51.9700606 2.60925150630750E-001 2.72969786429372E-001
52.0700434 2.59596915988309E-001 2.71557367468833E-001
52.1700263 2.58277830201170E-001 2.70154838814668E-001
52.2700130 2.56967764072637E-001 2.68762060255563E-001
52.3699959 2.55666738983821E-001 2.67379051707162E-001
52.4699827 2.54374577922620E-001 2.66005622222680E-001
52.5699658 2.53091302534941E-001 2.64641792063876E-001
52.6699489 2.51816787227398E-001 2.63287425033298E-001
52.7699359 2.50550908534124E-001 2.61942387260682E-001
52.8699192 2.49293688468322E-001 2.60606699491339E-001
52.9699063 2.48044957314726E-001 2.59280178805616E-001
53.0698897 2.46804737312356E-001 2.57962846248488E-001
53.1698731 2.45572908390644E-001 2.56654571727812E-001
53.2698603 2.44349352503509E-001 2.55355227363775E-001
53.3698439 2.43134092201562E-001 2.54064834618497E-001
53.4698313 2.41926964691913E-001 2.52783218179632E-001
53.5698149 2.40727992715606E-001 2.51510399766783E-001
53.6697986 2.39537061427639E-001 2.50246255058411E-001
53.7697861 2.38354057910445E-001 2.48990661837242E-001
53.8697699 2.37179005166101E-001 2.47743642179731E-001
53.9697576 2.36011746972436E-001 2.46505027987040E-001
54.0697415 2.34852306489863E-001 2.45274841554813E-001
54.1697254 2.33700573820430E-001 2.44052964018890E-001
54.2697133 2.32556440902143E-001 2.42839278517634E-001
54.3696973 2.31419931110587E-001 2.41633807648814E-001
54.4696852 2.30290894463849E-001 2.40436390157480E-001
54.5696694 2.29169354466743E-001 2.39247048825835E-001
54.6696536 2.28055205907241E-001 2.38065669953782E-001
54.7696417 2.26948345323005E-001 2.36892141747901E-001
54.8696260 2.25848796392441E-001 2.35726487242858E-001
54.9696142 2.24756415063164E-001 2.34568551680448E-001
55.0695986 2.23671225116422E-001 2.33418358248244E-001
55.1695831 2.22593125781151E-001 2.32275798135366E-001
55.2695714 2.21522017954555E-001 2.31140764347260E-001
55.3695560 2.20457925553809E-001 2.30013280278923E-001
55.4695444 2.19400710163693E-001 2.28893197342649E-001
55.5695291 2.18350395780327E-001 2.27780539057754E-001
55.6695138 2.17306885843651E-001 2.26675201244870E-001
55.7695023 2.16270085385008E-001 2.25577081455738E-001
55.8694872 2.15240018502330E-001 2.24486203376271E-001
55.9694758 2.14216552142333E-001 2.23402424282470E-001
56.0694607 2.13199710460263E-001 2.22325767958660E-001
56.1694457 2.12189400891082E-001 2.21256134615204E-001
56.2694345 2.11185532388537E-001 2.20193426113155E-001
56.3694196 2.10188129178823E-001 2.19137666366446E-001
56.4694085 2.09197063311331E-001 2.18088718226114E-001
56.5693936 2.08212359050008E-001 2.17046605681041E-001
56.6693788 2.07233927621858E-001 2.16011233104349E-001
56.7693678 2.06261681704019E-001 2.14982506443906E-001
56.8693531 2.05295645603494E-001 2.13960449784720E-001
56.9693423 2.04335696227990E-001 2.12944931281078E-001
57.0693276 2.03381857904584E-001 2.11935975071700E-001
57.1693130 2.02434045461444E-001 2.10933489479263E-001
57.2693023 2.01492175111951E-001 2.09937384329440E-001
57.3692878 2.00556271201047E-001 2.08947683826789E-001
57.4692772 1.99626215264316E-001 2.07964261172813E-001
57.5692628 1.98702031650824E-001 2.06987140606584E-001
57.6692484 1.97783638610311E-001 2.06016234199945E-001
57.7692379 1.96870955716299E-001 2.05051455459914E-001
57.8692236 1.95964007312996E-001 2.04092828664022E-001
57.9692132 1.95062679346427E-001 2.03140231819657E-001
58.0691990 1.94166996150550E-001 2.02193689221527E-001
58.1691849 1.93276879227607E-001 2.01253116502195E-001
58.2691746 1.92392251345463E-001 2.00318430665246E-001
58.3691605 1.91513136812749E-001 1.99389656019135E-001
58.4691503 1.90639425780657E-001 1.98466675149527E-001
58.5691363 1.89771142534626E-001 1.97549512366404E-001
58.6691224 1.88908211670154E-001 1.96638086685730E-001
58.7691123 1.88050558993267E-001 1.95732318433783E-001
58.8690985 1.87198208745671E-001 1.94832231912005E-001
58.9690885 1.86351055089825E-001 1.93937714069564E-001
59.0690747 1.85509122232609E-001 1.93048789195333E-001
59.1690610 1.84672337712699E-001 1.92165379521733E-001
59.2690511 1.83840630227081E-001 1.91287408534020E-001
59.3690374 1.83014023922380E-001 1.90414900492458E-001
59.4690277 1.82192416789066E-001 1.89547746506938E-001
59.5690141 1.81375832928508E-001 1.88685970812464E-001
59.6690006 1.80564202681038E-001 1.87829498700658E-001
59.7689909 1.79757457495796E-001 1.86978256661528E-001
59.8689774 1.78955621399080E-001 1.86132268883428E-001
59.9689678 1.78158596036099E-001 1.85291430445410E-001
60.0689545 1.77366405378557E-001 1.84455765499174E-001
60.1689411 1.76578982434938E-001 1.83625202247327E-001
60.2689316 1.75796261275566E-001 1.82799670039253E-001
60.3689184 1.75018265783836E-001 1.81979192963807E-001
60.4689090 1.74244901095762E-001 1.81163669888151E-001
60.5688958 1.73476191031804E-001 1.80353124854263E-001
60.6688827 1.72712071142577E-001 1.79547488835972E-001
60.7688734 1.71952477995962E-001 1.78746693904944E-001
60.8688603 1.71197435312300E-001 1.77950764025806E-001
60.9688511 1.70446851563246E-001 1.77159601682621E-001
61.0688381 1.69700750398781E-001 1.76373230783994E-001
61.1688251 1.68959069792637E-001 1.75591584943107E-001
61.2688160 1.68221748693495E-001 1.74814598824552E-001
61.3688031 1.67488810640707E-001 1.74042296246618E-001
61.4687941 1.66760167294635E-001 1.73274583148282E-001
61.5687813 1.66035842117678E-001 1.72511483283653E-001
61.6687685 1.65315775394244E-001 1.71752932780784E-001
61.7687596 1.64599908343479E-001 1.70998868775072E-001
61.8687469 1.63888264307848E-001 1.70249314918752E-001
61.9687381 1.63180757997198E-001 1.69504180452381E-001
62.0687254 1.62477412671203E-001 1.68763488956744E-001
62.1687128 1.61778170818651E-001 1.68027178957204E-001
62.2687041 1.61082975824850E-001 1.67295189944621E-001
62.3686916 1.60391850821320E-001 1.66567545387636E-001
62.4686829 1.59704713435434E-001 1.65844157683168E-001
62.5686704 1.59021586710780E-001 1.65125050221960E-001
62.6686580 1.58342415239989E-001 1.64410163815598E-001
62.7686494 1.57667144475883E-001 1.63699440201406E-001
62.8686371 1.56995797326669E-001 1.62992902648883E-001
62.9686286 1.56328294212096E-001 1.62290466573718E-001
63.0686163 1.55664657947936E-001 1.61592155161813E-001
63.1686040 1.55004835135539E-001 1.60897911405954E-001
63.2685918 1.54348798156226E-001 1.60207705439907E-001
63.3685872 1.53696470009559E-001 1.59521455460538E-001
63.4685751 1.53047923086398E-001 1.58839236832994E-001
63.5685630 1.52403080575663E-001 1.58160967970220E-001
63.6685509 1.51761915808853E-001 1.57486620047551E-001
63.7685388 1.51124402348991E-001 1.56816164494019E-001
63.8685344 1.50490465763321E-001 1.56149522278769E-001
63.9685224 1.49860176794375E-001 1.55486767043960E-001
64.0685105 1.49233461185222E-001 1.54827819959473E-001
64.1684986 1.48610293401735E-001 1.54172653443317E-001
64.2684867 1.47990648129815E-001 1.53521240154438E-001
64.3684824 1.47374453396903E-001 1.52873503716359E-001
64.4684706 1.46761778338874E-001 1.52229516091540E-001
64.5684588 1.46152551146371E-001 1.51589201089934E-001
64.6684470 1.45546747363501E-001 1.50952532309898E-001
64.7684353 1.44944342743562E-001 1.50319483578693E-001
64.8684312 1.44345267672082E-001 1.49689981062315E-001
64.9684195 1.43749589718994E-001 1.49064095085861E-001
65.0684079 1.43157239421253E-001 1.48441751988417E-001
65.1683963 1.42568193348230E-001 1.47822926489918E-001
65.2683847 1.41982428268252E-001 1.47207593527855E-001
65.3683808 1.41399876827893E-001 1.46595681704422E-001
65.4683692 1.40820605070911E-001 1.45987259748756E-001
65.5683578 1.40244545784320E-001 1.45382256423699E-001
65.6683463 1.39671676512743E-001 1.44780647515325E-001
65.7683349 1.39101974990096E-001 1.44182409016558E-001
65.8683311 1.38535376031733E-001 1.43587471864834E-001
65.9683197 1.37971944194055E-001 1.42995903233768E-001
66.0683084 1.37411614422604E-001 1.42407634209840E-001
66.1682971 1.36854365190020E-001 1.41822641592942E-001
66.2682858 1.36300175149113E-001 1.41240902379711E-001
66.3682821 1.35748981196251E-001 1.40662349746870E-001
66.4682709 1.35200846438361E-001 1.40087049352012E-001
66.5682597 1.34655707892431E-001 1.39514934510072E-001
66.6682485 1.34113544914493E-001 1.38945982985368E-001
66.7682374 1.33574337032116E-001 1.38380172729418E-001
66.8682339 1.33038023139177E-001 1.37817439066985E-001
66.9682228 1.32504664930073E-001 1.37257846178203E-001
67.0682118 1.31974201410363E-001 1.36701329515944E-001
67.1682007 1.31446612777284E-001 1.36147867762294E-001
67.2681897 1.30921879391454E-001 1.35597439777523E-001
67.3681864 1.30399942064753E-001 1.35049982947648E-001
67.4681754 1.29880861115078E-001 1.34505560012961E-001
67.5681645 1.29364577457648E-001 1.33964108478152E-001
67.6681536 1.28851072091016E-001 1.33425607898991E-001
67.7681428 1.28340326169398E-001 1.32890038000910E-001
67.8681396 1.27832282346962E-001 1.32357338148582E-001
67.9681288 1.27326999600228E-001 1.31827569679154E-001
68.0681180 1.26824420678912E-001 1.31300672067164E-001
68.1681072 1.26324527345143E-001 1.30776625700394E-001
68.2680965 1.25827301509416E-001 1.30255411128229E-001
68.3680934 1.25332687596052E-001 1.29736969615361E-001
68.4680827 1.24840743274417E-001 1.29221361131577E-001
68.5680721 1.24351413057104E-001 1.28708527043209E-001
68.6680615 1.23864679434107E-001 1.28198448530644E-001
68.7680509 1.23380525036874E-001 1.27691106928241E-001
68.8680479 1.22898895991129E-001 1.27186445325826E-001
68.9680374 1.22419848692424E-001 1.26684522360695E-001
69.0680269 1.21943329347962E-001 1.26185281216634E-001
69.1680164 1.21469321141787E-001 1.25688703829343E-001
69.2680059 1.20997807392856E-001 1.25194772281288E-001
69.3680031 1.20528735862743E-001 1.24703431416065E-001
69.4679927 1.20062161705667E-001 1.24214738572473E-001
69.5679823 1.19598032758331E-001 1.23728638680897E-001
69.6679719 1.19136332866810E-001 1.23245114397067E-001
69.7679615 1.18677046005893E-001 1.22764148516652E-001
69.8679589 1.18220121510475E-001 1.22285687569005E-001
69.9679486 1.17765613325072E-001 1.21809787627537E-001
70.0679383 1.17313470853777E-001 1.21336395301690E-001
70.1679281 1.16863678574356E-001 1.20865493933819E-001
70.2679178 1.16416221087415E-001 1.20397066999745E-001
70.3679153 1.15971049241511E-001 1.19931062649726E-001
70.4679051 1.15528215802248E-001 1.19467535724035E-001
70.5678949 1.15087671681838E-001 1.19006434446761E-001
70.6678848 1.14649401960984E-001 1.18547742815234E-001
70.7678747 1.14213391837656E-001 1.18091444954130E-001
70.8678723 1.13779593617123E-001 1.17637490572746E-001
70.9678622 1.13348058916059E-001 1.17185933309624E-001
71.0678522 1.12918740098206E-001 1.16736722942045E-001
71.1678422 1.12491622819941E-001 1.16289844092336E-001
71.2678322 1.12066692849621E-001 1.15845281504365E-001
71.3678299 1.11643903894845E-001 1.15402986387431E-001
71.4678200 1.11223306452535E-001 1.14963011208929E-001
71.5678100 1.10804854283928E-001 1.14525307240680E-001
71.6678002 1.10388533595208E-001 1.14089859701590E-001
71.7677903 1.09974330699533E-001 1.13656653926599E-001
71.8677881 1.09562200654887E-001 1.13225642568660E-001
71.9677783 1.09152192866839E-001 1.12796876953782E-001
72.0677685 1.08744262442489E-001 1.12370309792337E-001
72.1677587 1.08338396113294E-001 1.11945926872860E-001
72.2677489 1.07934580712932E-001 1.11523714094704E-001
72.3677468 1.07532772600132E-001 1.11103625500658E-001
72.4677371 1.07133020116745E-001 1.10685711304322E-001
72.5677275 1.06735279666393E-001 1.10269925601136E-001
72.6677178 1.06339538482519E-001 1.09856254723707E-001
72.7677082 1.05945783896268E-001 1.09444685110505E-001
72.8677062 1.05553973519669E-001 1.09035172142752E-001
72.9676966 1.05164154657744E-001 1.08627764949833E-001
73.0676870 1.04776284963465E-001 1.08222418961163E-001
73.1676774 1.04390352150147E-001 1.07819121029167E-001
73.2676679 1.04006344024519E-001 1.07417858107431E-001
73.3676660 1.03624219406536E-001 1.07018586866483E-001
73.4676565 1.03244024590551E-001 1.06621355378931E-001
73.5676471 1.02865718433777E-001 1.06226120359333E-001
73.6676376 1.02489289108395E-001 1.05832869156909E-001
73.7676282 1.02114724875929E-001 1.05441589217579E-001
73.8676264 1.01741985720863E-001 1.05052238454212E-001
73.9676171 1.01371116952329E-001 1.04664863909340E-001
74.0676077 1.01002078588625E-001 1.04279423535972E-001
74.1675984 1.00634859240841E-001 1.03895905158265E-001
74.2675890 1.00269447605544E-001 1.03514296692835E-001
74.3675874 9.99058047902185E-002 1.03134557249985E-001
74.4675781 9.95439751435341E-002 1.02756732868146E-001
74.5675688 9.91839198035690E-002 1.02380782694123E-001
74.6675596 9.88256278013599E-002 1.02006695006245E-001
74.7675504 9.84690882497375E-002 1.01634458171276E-001
74.8675488 9.81142633394402E-002 1.01264032453989E-001
74.9675396 9.77611964827548E-002 1.00895462913984E-001
75.0675305 9.74098498980055E-002 1.00528709849141E-001
75.1675213 9.70602130181399E-002 1.00163761972233E-001
75.2675122 9.67122753544019E-002 9.98006080806391E-002
75.3675108 9.63660001427224E-002 9.94392095524961E-002
75.4675017 9.60214298824313E-002 9.90796104931510E-002
75.5674926 9.56785278342366E-002 9.87217723106766E-002
75.6674836 9.53372838158468E-002 9.83656841335347E-002
75.7674746 9.49976877199384E-002 9.80113351711557E-002
75.8674732 9.46597037911827E-002 9.76586878756886E-002
75.9674642 9.43233736387351E-002 9.73077854221401E-002
76.0674553 9.39886615294201E-002 9.69585902896307E-002
76.1674463 9.36555576493910E-002 9.66110920044820E-002
76.2674374 9.33240522566011E-002 9.62652801705240E-002
76.3674361 9.29941105695367E-002 9.59211182762368E-002
76.4674273 9.26657733293381E-002 9.55786485895444E-002
76.5674184 9.23390057741948E-002 9.52378346231304E-002
76.6674096 9.20137984431764E-002 9.48986662842168E-002
76.7674007 9.16901419441375E-002 9.45611335542432E-002
76.8673996 9.13680024359075E-002 9.42252009219289E-002
76.9673908 9.10474198131632E-002 9.38909097707360E-002
77.0673820 9.07283602521498E-002 9.35582246110023E-002
77.1673732 9.04108146300706E-002 9.32271357147156E-002
77.2673645 9.00947738900439E-002 9.28976334249486E-002
77.3673634 8.97802050991526E-002 9.25696831960788E-002
77.4673547 8.94671473265710E-002 9.22433255491083E-002
77.5673461 8.91555676546629E-002 9.19185259576183E-002
77.6673374 8.88454572846889E-002 9.15952750430065E-002
77.7673288 8.85368074810906E-002 9.12735634947739E-002
77.8673278 8.82295861884318E-002 9.09533576998107E-002
77.9673192 8.79238316707703E-002 9.06346973380585E-002
78.0673106 8.76195118859582E-002 9.03175488133579E-002
78.1673020 8.73166183459048E-002 9.00019030818969E-002
78.2672935 8.70151426230954E-002 8.96877511651280E-002
78.3672925 8.67150535100556E-002 8.93750603506777E-002
78.4672840 8.64163884855537E-002 8.90638694982390E-002
78.5672755 8.61191163535443E-002 8.87541459102850E-002
78.6672671 8.58232289238090E-002 8.84458808638720E-002
78.7672586 8.55287180642230E-002 8.81390656986173E-002
78.8672578 8.52355533869486E-002 8.78336685724077E-002
78.9672493 8.49437716047478E-002 8.75297275449303E-002
79.0672409 8.46533423394781E-002 8.72272107869558E-002
79.1672325 8.43642576866160E-002 8.69261098831469E-002
79.2672242 8.40765097973649E-002 8.66264164781507E-002
79.3672234 8.37900690763368E-002 8.63280995708800E-002
79.4672151 8.35049714890425E-002 8.60311964407022E-002
79.5672068 8.32211874481724E-002 8.57356760975822E-002
79.6671985 8.29387093232878E-002 8.54415304211518E-002
79.7671902 8.26575295374205E-002 8.51487513485718E-002
79.8671895 8.23776192615300E-002 8.48573086917267E-002
79.9671813 8.20990137321167E-002 8.45672389688114E-002
80.0671730 8.18216841267118E-002 8.42785120010547E-002
80.1671648 8.15456230778891E-002 8.39911199510119E-002
80.2671566 8.12708232695410E-002 8.37050550364266E-002
80.3671560 8.09972566139063E-002 8.34202878552264E-002
80.4671478 8.07249576362173E-002 8.31368541830567E-002
80.5671397 8.04538982538809E-002 8.28547246255974E-002
80.6671315 8.01840713519212E-002 8.25738916168424E-002
80.7671234 7.99154698646274E-002 8.22943476437419E-002
80.8671229 7.96480664214371E-002 8.20160640644119E-002
80.9671148 7.93818948535707E-002 8.17390759300605E-002
81.0671067 7.91169277943263E-002 8.14633546050719E-002
81.1670987 7.88531583710996E-002 8.11888927839256E-002
81.2670906 7.85905797585917E-002 8.09156832119278E-002
81.3670902 7.83291652802991E-002 8.06436979825510E-002
81.4670822 7.80689480902159E-002 8.03729714401835E-002
81.5670742 7.78099015144817E-002 8.01034756831831E-002
81.6670662 7.75520189132443E-002 7.98352036560654E-002
81.7670583 7.72952936920854E-002 7.95681483521414E-002
81.8670579 7.70396998463194E-002 7.93022825763840E-002
81.9670500 7.67852698690412E-002 7.90376399834970E-002
82.0670421 7.65319777570763E-002 7.87741933820520E-002
82.1670342 7.62798170941394E-002 7.85119359566289E-002
82.2670263 7.60287815075926E-002 7.82508609386642E-002
82.3670260 7.57788456431855E-002 7.79909418217077E-002
82.4670182 7.55300413489959E-002 7.77322115874463E-002
82.5670103 7.52823432712317E-002 7.74746437318296E-002
82.6670025 7.50357452084030E-002 7.72182316699847E-002
82.7669947 7.47902410009609E-002 7.69629688620428E-002
82.8669945 7.45458059245267E-002 7.67088294680958E-002
82.9669867 7.43024711976116E-002 7.64558458130265E-002
83.0669790 7.40602120953165E-002 7.62039920582118E-002
83.1669712 7.38190226225682E-002 7.59532618402371E-002
83.2669635 7.35788968246037E-002 7.57036488389250E-002
83.3669634 7.33398105871353E-002 7.54551278597229E-002
83.4669556 7.31017945141377E-002 7.52077305864810E-002
83.5669479 7.28648244898946E-002 7.49614318248956E-002
83.6669403 7.26288947177426E-002 7.47162254243318E-002
83.7669326 7.23939994397708E-002 7.44721052757028E-002
83.8669326 7.21601151327498E-002 7.42290468094363E-002
83.9669249 7.19272718007409E-002 7.39870810836930E-002
84.0669173 7.16954459182433E-002 7.37461835281867E-002
84.1669097 7.14646318793515E-002 7.35063481967705E-002
84.2669021 7.12348241154225E-002 7.32675691832319E-002
84.3669022 7.10059996759683E-002 7.30298225233791E-002
84.4668946 7.07781879793637E-002 7.27931386646084E-002
84.5668870 7.05513660720673E-002 7.25574936411202E-002
84.6668795 7.03255285316157E-002 7.23228817033323E-002
84.7668720 7.01006699713838E-002 7.20892971400550E-002
84.8668721 6.98767679959911E-002 7.18567165736169E-002
84.9668646 6.96538514519684E-002 7.16251698551713E-002
85.0668571 6.94318979401580E-002 7.13946336046098E-002
85.1668496 6.92109022145428E-002 7.11651022613419E-002
85.2668422 6.89908590635815E-002 7.09365703016954E-002
85.3668424 6.87717466300221E-002 7.07090149163674E-002
85.4668349 6.85535932020203E-002 7.04824653743966E-002
85.5668275 6.83363769178771E-002 7.02568988632741E-002
85.6668201 6.81200927013298E-002 7.00323100041608E-002
85.7668127 6.79047355092884E-002 6.98086934537265E-002
85.8668130 6.76902840062758E-002 6.95860269535611E-002
85.9668056 6.74767659351795E-002 6.93643392043357E-002
86.0667983 6.72641599554561E-002 6.91436079437224E-002
86.1667909 6.70524611541949E-002 6.89238279677095E-002
86.2667836 6.68416646504117E-002 6.87049941064462E-002
86.3667839 6.66317496146493E-002 6.84870846355874E-002
86.4667766 6.64227432572818E-002 6.82701277008128E-002
86.5667694 6.62146247432141E-002 6.80541015732009E-002
86.6667621 6.60073893167611E-002 6.78390012169443E-002
86.7667548 6.58010322529705E-002 6.76248216291068E-002
86.8667552 6.55955332132240E-002 6.74115416032000E-002
86.9667480 6.53909188877951E-002 6.71991887429284E-002
87.0667408 6.51871689319002E-002 6.69877418366187E-002
87.1667336 6.49842787412152E-002 6.67771960103308E-002
87.2667264 6.47822437410057E-002 6.65675464217614E-002
87.3667268 6.45810440688600E-002 6.63587723666633E-002
87.4667197 6.43807059070321E-002 6.61509009194333E-002
87.5667125 6.41812093864596E-002 6.59439113700772E-002
87.6667054 6.39825500485637E-002 6.57377990004578E-002
87.7666983 6.37847234632614E-002 6.55325591228926E-002
87.8666988 6.35877102302412E-002 6.53281715203279E-002
87.9666917 6.33915360354962E-002 6.51246627501803E-002
88.0666846 6.31961814716179E-002 6.49220125891311E-002
88.1666775 6.30016422203954E-002 6.47202164690400E-002
88.2666705 6.28079139910654E-002 6.45192698510906E-002
88.3666710 6.26149778318141E-002 6.43191529909180E-002
88.4666640 6.24228589438194E-002 6.41198919409570E-002
88.5666570 6.22315383677613E-002 6.39214669501014E-002
88.6666500 6.20410119206449E-002 6.37238735946489E-002
88.7666429 6.18512754459195E-002 6.35271074791382E-002
88.8666436 6.16623104271489E-002 6.33311493179094E-002
88.9666366 6.14741415918383E-002 6.31360246700944E-002
89.0666296 6.12867504156704E-002 6.29417142428541E-002
89.1666227 6.11001328459311E-002 6.27482137516003E-002
89.2666157 6.09142848553881E-002 6.25555189389489E-002
89.3666164 6.07291883503261E-002 6.23636109644598E-002
89.4666095 6.05448675954245E-002 6.21725149053303E-002
89.5666026 6.03613044887441E-002 6.19822119135393E-002
89.6665957 6.01784951031213E-002 6.17926978385132E-002
89.7665889 5.99964355359520E-002 6.16039685558880E-002
89.8665896 5.98151081040284E-002 6.14160056574370E-002
89.9665828 5.96345366197651E-002 6.12288337494889E-002
90.0665759 5.94547033914180E-002 6.10424344158683E-002
90.1665691 5.92756046128394E-002 6.08568036351290E-002
90.2665622 5.90972365015573E-002 6.06719374110819E-002
90.3665631 5.89195817730841E-002 6.04878177551651E-002
90.4665563 5.87426637978517E-002 6.03044688136126E-002
90.5665495 5.85664652825518E-002 6.01218725895776E-002
90.6665427 5.83909825377057E-002 5.99400251860582E-002
90.7665359 5.82162118966618E-002 5.97589227303959E-002
90.8665368 5.80421364622735E-002 5.95785476415847E-002
90.9665301 5.78687791730024E-002 5.93989236162531E-002
91.0665233 5.76961231226237E-002 5.92200330648037E-002
91.1665166 5.75241647341576E-002 5.90418722101888E-002
91.2665099 5.73529004526387E-002 5.88644372988292E-002
91.3665108 5.71823137572739E-002 5.86877111455866E-002
91.4665041 5.70124271643045E-002 5.85117170076974E-002
91.5664975 5.68432241436265E-002 5.83364376911540E-002
91.6664908 5.66747012267601E-002 5.81618695345581E-002
91.7664842 5.65068549664593E-002 5.79880088991404E-002
91.8664851 5.63396692076731E-002 5.78148389843472E-002
91.9664785 5.61731660539182E-002 5.76423826179681E-002
92.0664719 5.60073293406231E-002 5.74706229903280E-002
92.1664653 5.58421557039706E-002 5.72995565515495E-002
92.2664587 5.56776418006289E-002 5.71291797735787E-002
92.3664597 5.55137718310386E-002 5.69594762295514E-002
92.4664531 5.53505674952393E-002 5.67904683274949E-002
92.5664466 5.51880129839642E-002 5.66221396311962E-002
92.6664400 5.50261050343760E-002 5.64544866983380E-002
92.7664335 5.48648404034047E-002 5.62875061076541E-002
92.8664346 5.47042036370788E-002 5.61211817954471E-002
92.9664281 5.45442160409691E-002 5.59555357594139E-002
93.0664215 5.43848621512294E-002 5.57905519263036E-002
93.1664150 5.42261388024684E-002 5.56262269575592E-002
93.2664086 5.40680428483717E-002 5.54625575349333E-002
93.3664097 5.39105591709854E-002 5.52995279477299E-002
93.4664032 5.37537086901853E-002 5.51371597925020E-002
93.5663968 5.35974762779949E-002 5.49754373488172E-002
93.6663903 5.34418588630749E-002 5.48143573782320E-002
93.7663839 5.32868533925012E-002 5.46539166619004E-002
93.8663851 5.31324450750859E-002 5.44940998323061E-002
93.9663787 5.29786544535584E-002 5.43349280938063E-002
94.0663723 5.28254667265784E-002 5.41763860689853E-002
94.1663659 5.26728789136005E-002 5.40184706160123E-002
94.2663595 5.25208880518579E-002 5.38611786119708E-002
94.3663607 5.23694796679861E-002 5.37044950230321E-002
94.4663544 5.22186739358951E-002 5.35484406700739E-002
94.5663480 5.20684563719546E-002 5.33930005092240E-002
94.6663417 5.19188240832831E-002 5.32381714919035E-002
94.7663353 5.17697741941665E-002 5.30839505877914E-002
94.8663366 5.16212925404158E-002 5.29303230875717E-002
94.9663303 5.14733989352354E-002 5.27773094371336E-002
95.0663240 5.13260792040729E-002 5.26248949169916E-002
95.1663177 5.11793305387037E-002 5.24730765685904E-002
95.2663114 5.10331501474843E-002 5.23218514510035E-002
95.3663128 5.08875241670367E-002 5.21712051705567E-002
95.4663065 5.07424720577662E-002 5.20211578064237E-002
95.5663002 5.05979799458490E-002 5.18716949546515E-002
95.6662940 5.04540451048288E-002 5.17228137436087E-002
95.7662878 5.03106648242658E-002 5.15745113186874E-002
95.8662892 5.01678255335031E-002 5.14267735932779E-002
95.9662829 5.00255463478509E-002 5.12796202878989E-002
96.0662767 4.98838136861373E-002 5.11330373055673E-002
96.1662705 4.97426249008973E-002 5.09870218585974E-002
96.2662643 4.96019773601408E-002 5.08415711757456E-002
96.3662658 4.94618577781037E-002 5.06966714691701E-002
96.4662596 4.93222849325097E-002 5.05523421085888E-002
96.5662535 4.91832455270232E-002 5.04085692957068E-002
96.6662473 4.90447369905023E-002 5.02653503239225E-002
96.7662412 4.89067567667581E-002 5.01226825025169E-002
96.8662427 4.87692918473445E-002 4.99805523343908E-002
96.9662365 4.86323606797161E-002 4.98389788461152E-002
97.0662304 4.84959502448110E-002 4.96979485300714E-002
97.1662243 4.83600580452440E-002 4.95574587579909E-002
97.2662182 4.82246815980814E-002 4.94175069169509E-002
97.3662198 4.80898081648634E-002 4.92780797928294E-002
97.4662137 4.79554558699083E-002 4.91391960765098E-002
97.5662076 4.78216119641073E-002 4.90008425432970E-002
97.6662016 4.76882740213640E-002 4.88630166406116E-002
97.7661955 4.75554396295517E-002 4.87257158307036E-002
97.8661971 4.74230963130990E-002 4.85889271749132E-002
97.9661911 4.72912618801410E-002 4.84526690357068E-002
98.0661851 4.71599238444345E-002 4.83169284638095E-002
98.1661791 4.70290798487987E-002 4.81817029797890E-002
98.2661730 4.68987275495589E-002 4.80469901185457E-002
98.3661747 4.67688547271597E-002 4.79127772096081E-002
98.4661687 4.66394788803311E-002 4.77790822941123E-002
98.5661627 4.65105877788329E-002 4.76458926909407E-002
98.6661568 4.63821791321169E-002 4.75132059913634E-002
98.7661508 4.62542506626944E-002 4.73810198005054E-002
98.8661525 4.61267904003706E-002 4.72493217090416E-002
98.9661465 4.59998155410793E-002 4.71181294436859E-002
99.0661406 4.58733141039367E-002 4.69874305844467E-002
99.1661347 4.57472838628300E-002 4.68572227909446E-002
99.2661288 4.56217226042769E-002 4.67275037361958E-002
99.3661305 4.54966186009970E-002 4.65982612652036E-002
99.4661246 4.53719887525705E-002 4.64695127969938E-002
99.5661187 4.52478213210327E-002 4.63412461658919E-002
99.6661128 4.51241141425919E-002 4.62134590976069E-002
99.7661070 4.50008650656738E-002 4.60861493308015E-002
99.8661087 4.48780625996676E-002 4.59593049582037E-002
99.9661029 4.47557233540828E-002 4.58329430977173E-002
100.0660970 4.46338358276365E-002 4.57070518313903E-002
100.1660912 4.45123979168233E-002 4.55816289488435E-002
100.2660854 4.43914075299571E-002 4.54566722522256E-002
100.3660872 4.42708534070456E-002 4.53321700755934E-002
100.4660814 4.41507518736548E-002 4.52081392421305E-002
100.5660756 4.40310916591398E-002 4.50845680752197E-002
100.6660698 4.39118707183219E-002 4.49614544262982E-002
100.7660640 4.37930870174594E-002 4.48387961589223E-002
100.8660658 4.36747295213139E-002 4.47165818422801E-002
100.9660601 4.35568142774836E-002 4.45948280110783E-002
101.0660543 4.34393302401040E-002 4.44735232238453E-002
101.1660486 4.33222754204371E-002 4.43526653918186E-002
101.2660428 4.32056478408125E-002 4.42322524379598E-002
101.3660447 4.30894366850623E-002 4.41122731605847E-002
101.4660390 4.29736577286447E-002 4.39927438120109E-002
101.5660333 4.28583001447982E-002 4.38736531799150E-002
101.6660275 4.27433619994082E-002 4.37549992333928E-002
101.7660218 4.26288413690726E-002 4.36367799528853E-002
101.8660238 4.25147276511838E-002 4.35189843600161E-002
101.9660181 4.24010363547447E-002 4.34016284306513E-002
102.0660124 4.22877568665924E-002 4.32847011758033E-002
102.1660067 4.21748873054857E-002 4.31682006205568E-002
102.2660011 4.20624258005536E-002 4.30521248009763E-002
102.3660031 4.19503619574059E-002 4.29364629563527E-002
102.4659974 4.18387110241360E-002 4.28212307918921E-002
102.5659918 4.17274625958421E-002 4.27064175363079E-002
102.6659861 4.16166148424703E-002 4.25920212688734E-002
102.7659805 4.15061659440070E-002 4.24780400794891E-002
102.8659825 4.13961057090982E-002 4.23644634196452E-002
102.9659769 4.12864491303380E-002 4.22513067295364E-002
103.0659713 4.11771860059096E-002 4.21385594501145E-002
103.1659657 4.10683145553214E-002 4.20262197131069E-002
103.2659601 4.09598330078047E-002 4.19142856605287E-002
103.3659622 4.08517313700160E-002 4.18027469507666E-002
103.4659566 4.07440243843289E-002 4.16916187645148E-002
103.5659511 4.06367020469904E-002 4.15808907496668E-002
103.6659455 4.05297626255057E-002 4.14705610887323E-002
103.7659400 4.04232043967963E-002 4.13606279741825E-002
103.8659421 4.03170175606544E-002 4.12510812661585E-002
103.9659365 4.02112166143832E-002 4.11419358912302E-002
104.0659310 4.01057917474230E-002 4.10331816990951E-002
104.1659255 4.00007412737663E-002 4.09248169214353E-002
104.2659200 3.98960635165262E-002 4.08168397995793E-002
104.3659221 3.97917488639010E-002 4.07092403904349E-002
104.4659166 3.96878115731490E-002 4.06020333716931E-002
104.5659112 3.95842420221781E-002 4.04952087898723E-002
104.6659057 3.94810385700125E-002 4.03887649242749E-002
104.7659002 3.93781995845126E-002 4.02827000635460E-002
104.8659024 3.92757156376923E-002 4.01770044565211E-002
104.9658969 3.91736007516705E-002 4.00716925371310E-002
105.0658915 3.90718454882357E-002 3.99667545438804E-002
105.1658860 3.89704482500409E-002 3.98621888021956E-002
105.2658806 3.88694074483004E-002 3.97579936465531E-002
105.3658828 3.87687138343896E-002 3.96541595130217E-002
105.4658774 3.86683812000741E-002 3.95507005967661E-002
105.5658720 3.85684002865720E-002 3.94476073235862E-002
105.6658666 3.84687695388116E-002 3.93448780635902E-002
105.7658612 3.83694874100179E-002 3.92425111956537E-002
105.8658634 3.82705448266028E-002 3.91404973385225E-002
105.9658580 3.81719553546516E-002 3.90388504534700E-002
106.0658527 3.80737099104904E-002 3.89375611490386E-002
106.1658473 3.79758069800176E-002 3.88366278386273E-002
106.2658419 3.78782450571726E-002 3.87360489441300E-002
106.3658442 3.77810152392059E-002 3.86358152625475E-002
106.4658389 3.76841308710828E-002 3.85359405260190E-002
106.5658335 3.75875830400426E-002 3.84364155214110E-002
106.6658282 3.74913702716939E-002 3.83372387040714E-002
106.7658229 3.73954910994402E-002 3.82384085375807E-002
106.8658252 3.72999367872943E-002 3.81399159929019E-002
106.9658199 3.72047204635540E-002 3.80417745776838E-002
107.0658146 3.71098333822972E-002 3.79439752528270E-002
107.1658093 3.70152741076280E-002 3.78465165143345E-002
107.2658040 3.69210412112073E-002 3.77493968661884E-002
107.3658063 3.68271261198513E-002 3.76526074491464E-002
107.4658011 3.67335417495369E-002 3.75561615508995E-002
107.5657958 3.66402795172243E-002 3.74600503022179E-002
107.6657905 3.65473380243403E-002 3.73642722385106E-002
107.7657853 3.64547158796387E-002 3.72688259029221E-002
107.8657877 3.63624046688938E-002 3.71737026019577E-002
107.9657824 3.62704171000058E-002 3.70789154077758E-002
108.0657772 3.61787447489739E-002 3.69844556169713E-002
108.1657720 3.60873862534155E-002 3.68903218031551E-002
108.2657667 3.59963402580538E-002 3.67965125474376E-002
108.3657692 3.59055985038854E-002 3.67030193181414E-002
108.4657639 3.58151734948779E-002 3.66098549762125E-002
108.5657587 3.57250569623361E-002 3.65170109801428E-002
108.6657536 3.56352475789753E-002 3.64244859405820E-002
108.7657484 3.55457440244024E-002 3.63322784754518E-002
108.8657508 3.54565381912079E-002 3.62403802110750E-002
108.9657456 3.53676423834732E-002 3.61488038014031E-002
109.0657405 3.52790484841809E-002 3.60575408630094E-002
