0.0053140 8.58102599869776E+001 9.39937381431752E+003
0.0210792 3.18631631107863E+002 9.08048975927133E+003
0.0467942 6.37041149383901E+002 8.59084467880844E+003
0.0817065 9.70409726854902E+002 7.98138294678338E+003
0.1249105 1.26313053346131E+003 7.30536714118163E+003
0.1754417 1.48474256617395E+003 6.60949710697232E+003
0.2323515 1.62749706643579E+003 5.92930211451545E+003
0.2947571 1.69836463235327E+003 5.28838052003676E+003
0.3618673 1.71113416940651E+003 4.70002385181411E+003
0.4329916 1.68096605998400E+003 4.16976220707423E+003
0.5075377 1.62149391895525E+003 3.69789058868096E+003
0.5850032 1.54372184234646E+003 3.28152661906143E+003
0.6649650 1.45592807770954E+003 2.91610498340104E+003
0.7470680 1.36401970971706E+003 2.59636919291364E+003
0.8310139 1.27202263009046E+003 2.31698595940654E+003
0.9165527 1.18255193826978E+003 2.07288922156367E+003
1.0034738 1.09720617341894E+003 1.85945298175723E+003
1.0915995 1.01687381912350E+003 1.67255702986780E+003
1.1807797 9.41960563802225E+002 1.50858958986368E+003
1.2708868 8.72553873916650E+002 1.36441889290513E+003
1.3618115 8.08538172339558E+002 1.23734704159904E+003
1.4534610 7.49674405904448E+002 1.12505895862353E+003
1.5457546 6.95655076924191E+002 1.02557391079392E+003
1.6386236 6.46139381042765E+002 9.37197053139243E+002
1.7320075 6.00777845130591E+002 8.58479700757317E+002
1.8258543 5.59226422436011E+002 7.88181314404294E+002
1.9201186 5.21155944169085E+002 7.25238755937885E+002
2.0147601 4.86257444347268E+002 6.68739762265403E+002
2.1097440 4.54244009954057E+002 6.17899109404344E+002
2.2050388 4.24852209009527E+002 5.72040401135899E+002
2.3006174 3.97841218262422E+002 5.30578907727755E+002
2.3964555 3.72992102801481E+002 4.93008261631592E+002
2.4925310 3.50106623968862E+002 4.58889125235570E+002
2.5888248 3.29005311620770E+002 4.27838847477439E+002
2.6853193 3.09526320170713E+002 3.99523905206962E+002
2.7819988 2.91523502917290E+002 3.73652428249957E+002
2.8788497 2.74865083063606E+002 3.49968578025887E+002
2.9758588 2.59432354665923E+002 3.28247715491844E+002
3.0730149 2.45118116076402E+002 3.08291792386202E+002
3.1703074 2.31825780416568E+002 2.89926172030038E+002
3.2677268 2.19468054197514E+002 2.72996218897536E+002
3.3652646 2.07966105166732E+002 2.57364871481619E+002
3.4629133 1.97248604486612E+002 2.42910281003489E+002
3.5606650 1.87251144710861E+002 2.29524153633829E+002
3.6585133 1.77915233437360E+002 2.17109678837911E+002
3.7564523 1.69187875609235E+002 2.05580379402711E+002
3.8544764 1.61020962360036E+002 1.94858803264997E+002
3.9525810 1.53370737746264E+002 1.84875406466606E+002
4.0507604 1.46197498083381E+002 1.75567810225430E+002
4.1490108 1.39464977272750E+002 1.66879706904702E+002
4.2473280 1.33140141597353E+002 1.58760348482488E+002
4.3457083 1.27192836680716E+002 1.51163881324570E+002
4.4441489 1.21595479973172E+002 1.44048774253567E+002
4.5426454 1.16322914180937E+002 1.37377479169901E+002
4.6411954 1.11352022263497E+002 1.31115812341611E+002
4.7397961 1.06661634303749E+002 1.25232726489270E+002
4.8384450 1.02232319581686E+002 1.19699953216508E+002
4.9371399 9.80462053965013E+001 1.14491693949707E+002
5.0358779 9.40869105561832E+001 1.09584465503939E+002
5.1346571 9.03392953000711E+001 1.04956727628621E+002
5.2334756 8.67894249157825E+001 1.00588785168712E+002
5.3323316 8.34244436290789E+001 9.64625858234134E+001
5.4312238 8.02324646363730E+001 9.25615446657018E+001
5.5301496 7.72025443339910E+001 8.88704770175384E+001
5.6291079 7.43245135788452E+001 8.53753614269024E+001
5.7280973 7.15889692836400E+001 8.20633027101127E+001
5.8271164 6.89871954108866E+001 7.89224121216678E+001
5.9261644 6.65110940441536E+001 7.59417031114437E+001
6.0252392 6.41531799598603E+001 7.31110661533511E+001
6.1243401 6.19064625963286E+001 7.04211104024655E+001
6.2234659 5.97644509165023E+001 6.78631553348076E+001
6.3226158 5.77211022749671E+001 6.54291566729106E+001
6.4217891 5.57707778000337E+001 6.31116418482752E+001
6.5209840 5.39082467709016E+001 6.09037050130592E+001
6.6202001 5.21286013279531E+001 5.87988967335394E+001
6.7194366 5.04272671288315E+001 5.67912287584415E+001
6.8186927 4.87999691994024E+001 5.48751264240866E+001
6.9179682 4.72427021410703E+001 5.30453871574781E+001
7.0172613 4.57517388744128E+001 5.12971849590105E+001
7.1165720 4.43235672171697E+001 4.96259907572827E+001
7.2158999 4.29548961821125E+001 4.80275753140693E+001
7.3152432 4.16426644309424E+001 4.64980148187040E+001
7.4146030 4.03839558923849E+001 4.50335887175290E+001
7.5139770 3.91760796185493E+001 4.36308694085298E+001
7.6133666 3.80164612740676E+001 4.22865929484069E+001
7.7127702 3.69027136132745E+001 4.09977382217941E+001
7.8121865 3.58325894636485E+001 3.97614697891166E+001
7.9116168 3.48039434055305E+001 3.85750914558996E+001
8.0110589 3.38147932968044E+001 3.74361152660921E+001
8.1105143 3.28632334562948E+001 3.63421595154010E+001
8.2099815 3.19474940216968E+001 3.52910154672731E+001
8.3094593 3.10659040572238E+001 3.42806032902524E+001
8.4089492 3.02168613390445E+001 3.33089361016297E+001
8.5084489 2.93988843852545E+001 3.23741782985062E+001
8.6079599 2.86105420039067E+001 3.14745637680732E+001
8.7074812 2.78505034424279E+001 3.06084521751086E+001
8.8070112 2.71175089389788E+001 2.97742943020054E+001
8.9065517 2.64103454793891E+001 2.89706036257101E+001
9.0061006 2.57278909453282E+001 2.81960057253130E+001
9.1056593 2.50690562317013E+001 2.74491717534229E+001
9.2052267 2.44328277878725E+001 2.67288660672964E+001
9.3048016 2.38182437582278E+001 2.60339184918247E+001
9.4043856 2.32243742351042E+001 2.53632014546029E+001
9.5039766 2.26503588722013E+001 2.47156719718213E+001
9.6035763 2.20953588103553E+001 2.40903168652880E+001
9.7031836 2.15585929283129E+001 2.34861932286476E+001
9.8027972 2.10393182588591E+001 2.29024058986682E+001
9.9024188 2.05368136924935E+001 2.23380887836125E+001
10.0020464 2.00504121660208E+001 2.17924406860317E+001
10.1016817 1.95794603496796E+001 2.12646797053001E+001
10.2013235 1.91233496838911E+001 2.07540777705240E+001
10.3009707 1.86815001204037E+001 2.02599421048353E+001
10.4006251 1.82533465197394E+001 1.97815997795925E+001
10.5002846 1.78383663239320E+001 1.93184284134329E+001
10.5999509 1.74360454615348E+001 1.88698178592194E+001
10.6996230 1.70459050471097E+001 1.84351998116951E+001
10.7992996 1.66674877462343E+001 1.80140323842437E+001
10.8989827 1.63003463074971E+001 1.76057871873069E+001
10.9986702 1.59440674623552E+001 1.72099757562737E+001
11.0983637 1.55982428666243E+001 1.68261170867375E+001
11.1980623 1.52624921769554E+001 1.64537631392904E+001
11.2977649 1.49364515134955E+001 1.60924858781108E+001
11.3974732 1.46197637058396E+001 1.57418663543291E+001
11.4971853 1.43120990277094E+001 1.54015175606341E+001
11.5969029 1.40131302584396E+001 1.50710567134472E+001
11.6966250 1.37225527194640E+001 1.47501273257735E+001
11.7963505 1.34400744335202E+001 1.44383882183503E+001
11.8960812 1.31654077631087E+001 1.41355042166164E+001
11.9958151 1.28982874781560E+001 1.38411660036089E+001
12.0955540 1.26384492179038E+001 1.35550662929112E+001
12.1952970 1.23856469647934E+001 1.32769190179500E+001
12.2950428 1.21396445901507E+001 1.30064499419783E+001
12.3947934 1.19002086358979E+001 1.27433886689035E+001
12.4945468 1.16671241248850E+001 1.24874859636221E+001
12.5943047 1.14401758519942E+001 1.22384931421787E+001
12.6940662 1.12191636878148E+001 1.19961788271360E+001
12.7938302 1.10038952680671E+001 1.17603208668786E+001
12.8935986 1.07941797227717E+001 1.15306994273690E+001
12.9933693 1.05898415674362E+001 1.13071121662252E+001
13.0931443 1.03907043655026E+001 1.10893563044024E+001
13.1929224 1.01966041856912E+001 1.08772433176799E+001
13.2927027 1.00073832429415E+001 1.06705919381612E+001
13.3924871 9.82288441942475E+000 1.04692221435884E+001
13.4922734 9.64296351690548E+000 1.02729685044488E+001
13.5920637 9.46747492018243E+000 1.00816645069536E+001
13.6918568 9.29628347661028E+000 9.89515548646513E+000
13.7916517 9.12925893474963E+000 9.71329253096839E+000
13.8914504 8.96627113222949E+000 9.53592722190071E+000
13.9912508 8.80720084263216E+000 9.36292341926623E+000
14.0910548 8.65192713790324E+000 9.19414348729540E+000
14.1908615 8.50033791365441E+000 9.02945972367054E+000
14.2906697 8.35232500128219E+000 8.86874902047587E+000
14.3904813 8.20777992131633E+000 8.71188823900232E+000
14.4902944 8.06660351991987E+000 8.55876465371410E+000
14.5901109 7.92869478210021E+000 8.40926379580034E+000
14.6899298 7.79396018983564E+000 8.26327958985981E+000
14.7897500 7.66230940643508E+000 8.12070965539423E+000
14.8895734 7.53365151245220E+000 7.98145122008547E+000
14.9893980 7.40790359561339E+000 7.84541040747173E+000
15.0892259 7.28498080949351E+000 7.71249146400189E+000
15.1890558 7.16480472161837E+000 7.58260578044530E+000
15.2888878 7.04729837880043E+000 7.45566654167945E+000
15.3887200 6.93238958163156E+000 7.33159225407310E+000
15.4885562 6.82000206602045E+000 7.21029721479427E+000
15.5883943 6.71006855493082E+000 7.09170559506897E+000
15.6882343 6.60252185113817E+000 6.97574181249635E+000
15.7880763 6.49729696517246E+000 6.86233282088538E+000
15.8879183 6.39433297362597E+000 6.75141010359798E+000
15.9877640 6.29356512598706E+000 6.64290116355369E+000
16.0876115 6.19493654910358E+000 6.53674212505878E+000
16.1874608 6.09839027588627E+000 6.43286913858751E+000
16.2873119 6.00387115979618E+000 6.33122043723212E+000
16.3871628 5.91132755375484E+000 6.23173813480202E+000
16.4870172 5.82070422242865E+000 6.13436060155019E+000
16.5868734 5.73195286954281E+000 6.03903377509476E+000
16.6867312 5.64502498124484E+000 5.94570346109095E+000
16.7865905 5.55987355286421E+000 5.85431718480286E+000
16.8864496 5.47645460911800E+000 5.76482581672827E+000
16.9863121 5.39472082036461E+000 5.67717672019730E+000
17.0861762 5.31463099775506E+000 5.59132393325383E+000
17.1860417 5.23614364854303E+000 5.50722124999806E+000
17.2859087 5.15921853730615E+000 5.42482389183106E+000
17.3857753 5.08381806544706E+000 5.34408998039705E+000
17.4856452 5.00990150506423E+000 5.26497436052659E+000
17.5855166 4.93743358600548E+000 5.18743779117932E+000
17.6853893 4.86637867571872E+000 5.11144070975707E+000
17.7852633 4.79670219411822E+000 5.03694474421165E+000
17.8851368 4.72837186806248E+000 4.96391405052928E+000
17.9850136 4.66135250902556E+000 4.89230972878129E+000
18.0848916 4.59561379862742E+000 4.82209814142685E+000
18.1847709 4.53112501830700E+000 4.75324527735663E+000
18.2846515 4.46785633445951E+000 4.68571812319688E+000
18.3845314 4.40577994157674E+000 4.61948588035121E+000
18.4844144 4.34486532034546E+000 4.55451490377784E+000
18.5842986 4.28508631354446E+000 4.49077624937812E+000
18.6841841 4.22641634139396E+000 4.42824056653118E+000
18.7840706 4.16882957140971E+000 4.36687934449556E+000
18.8839565 4.11230196217343E+000 4.30666602212053E+000
18.9838453 4.05680694722817E+000 4.24757138885879E+000
19.0837353 4.00232188085263E+000 4.18957044903699E+000
19.1836263 3.94882368379402E+000 4.13263778165432E+000
19.2835185 3.89628991042303E+000 4.07674867570831E+000
19.3834098 3.84469970362082E+000 4.02188014404883E+000
19.4833041 3.79402985719753E+000 3.96800673442614E+000
19.5831994 3.74426070057620E+000 3.91510678668368E+000
19.6830957 3.69537212706554E+000 3.86315820698857E+000
19.7829930 3.64734456930590E+000 3.81213950413508E+000
19.8828894 3.60015987448083E+000 3.76203071760117E+000
19.9827887 3.55379770420148E+000 3.71280959341469E+000
20.0826889 3.50824091823037E+000 3.66445730034890E+000
20.1825901 3.46347194374602E+000 3.61695457282431E+000
20.2824922 3.41947366870238E+000 3.57028265872459E+000
20.3823934 3.37623024546795E+000 3.52442417049464E+000
20.4822973 3.33372379239463E+000 3.47935958651611E+000
20.5822022 3.29193932912079E+000 3.43507248391543E+000
20.6821079 3.25086145062267E+000 3.39154601035958E+000
20.7820145 3.21047514693343E+000 3.34876375261502E+000
20.8819201 3.17076654235575E+000 3.30671051847058E+000
20.9818284 3.13171986742943E+000 3.26536912933275E+000
21.0817375 3.09332199185750E+000 3.22472522002648E+000
21.1816475 3.05555937169249E+000 3.18476400479083E+000
21.2815583 3.01841880284661E+000 3.14547107468862E+000
21.3814680 2.98188810219353E+000 3.10683311722285E+000
21.4813803 2.94595332249438E+000 3.06883497014374E+000
21.5812935 2.91060292341406E+000 3.03146403243029E+000
21.6812074 2.87582496408424E+000 2.99470729412773E+000
21.7811221 2.84160779695990E+000 2.95855206974720E+000
21.8810357 2.80794069640373E+000 2.92298666164976E+000
21.9809519 2.77481129243159E+000 2.88799764872330E+000
22.0808688 2.74220941548238E+000 2.85357394741179E+000
22.1807864 2.71012450994295E+000 2.81970407874865E+000
22.2807048 2.67854627414610E+000 2.78637684404794E+000
22.3806219 2.64746524140221E+000 2.75358193743902E+000
22.4805416 2.61687041126925E+000 2.72130744622184E+000
22.5804621 2.58675279958905E+000 2.68954359622300E+000
22.6803832 2.55710305143872E+000 2.65828023256952E+000
22.7803050 2.52791203240553E+000 2.62750744324608E+000
22.8802255 2.49917136648112E+000 2.59721612556127E+000
22.9801486 2.47087124601928E+000 2.56739567770581E+000
23.0800723 2.44300371495442E+000 2.53803745874788E+000
23.1799967 2.41556046213298E+000 2.50913246244167E+000
23.2799217 2.38853336842580E+000 2.48067189359392E+000
23.3798454 2.36191500541991E+000 2.45264769271629E+000
23.4797716 2.33569660735846E+000 2.42505040066101E+000
23.5796984 2.30987111233132E+000 2.39787236012719E+000
23.6796259 2.28443111909724E+000 2.37110556417744E+000
23.7795539 2.25936939409273E+000 2.34474218980672E+000
23.8794806 2.23467933443558E+000 2.31877508457471E+000
23.9794098 2.21035308699449E+000 2.29319578823248E+000
24.0793395 2.18638436961730E+000 2.26799749961867E+000
24.1792698 2.16276657643068E+000 2.24317308362191E+000
24.2792007 2.13949324836610E+000 2.21871556586401E+000
24.3791302 2.11655850361873E+000 2.19461858470245E+000
24.4790621 2.09395529061113E+000 2.17087455553606E+000
24.5789946 2.07167800894380E+000 2.14747742436017E+000
24.6789277 2.04972074979527E+000 2.12442081870854E+000
24.7788612 2.02807773320061E+000 2.10169850694245E+000
24.8787934 2.00674370878424E+000 2.07930481865792E+000
24.9787279 1.98571233079536E+000 2.05723293890785E+000
25.0786630 1.96497859637988E+000 2.03547746740232E+000
25.1785986 1.94453720913424E+000 2.01403270053158E+000
25.2785347 1.92438298603413E+000 1.99289305838344E+000
25.3784693 1.90451123097210E+000 1.97205347627707E+000
25.4784064 1.88491622128229E+000 1.95150781749456E+000
25.5783439 1.86559347910082E+000 1.93125125511160E+000
25.6782819 1.84653824738112E+000 1.91127867357498E+000
25.7782204 1.82774586907254E+000 1.89158506624596E+000
25.8781574 1.80921213574001E+000 1.87216590050645E+000
25.9780968 1.79093187608510E+000 1.85301563878256E+000
26.0780366 1.77290107454963E+000 1.83412995823229E+000
26.1779769 1.75511545020241E+000 1.81550426155461E+000
26.2779176 1.73757081050495E+000 1.79713404757034E+000
26.3778568 1.72026337706533E+000 1.77901525210245E+000
26.4777984 1.70318846762317E+000 1.76114286812077E+000
26.5777404 1.68634247462804E+000 1.74351301696390E+000
26.6776829 1.66972153837911E+000 1.72612155911563E+000
26.7776257 1.65332187748256E+000 1.70896444008248E+000
26.8775671 1.63714009359258E+000 1.69203800903330E+000
26.9775108 1.62117193917587E+000 1.67533772981726E+000
27.0774549 1.60541416753820E+000 1.65886011602924E+000
27.1773994 1.58986329245627E+000 1.64260143342293E+000
27.2773442 1.57451589722558E+000 1.62655802312042E+000
27.3772876 1.55936892006405E+000 1.61072659980444E+000
27.4772333 1.54441850072281E+000 1.59510304617747E+000
27.5771793 1.52966171231877E+000 1.57968422296922E+000
27.6771257 1.51509540045766E+000 1.56446675548081E+000
27.7770725 1.50071647258804E+000 1.54944733596366E+000
27.8770178 1.48652216558531E+000 1.53462300298684E+000
27.9769653 1.47250896494163E+000 1.51999001262770E+000
28.0769132 1.45867422777220E+000 1.50554553344677E+000
28.1768615 1.44501509510177E+000 1.49128651038793E+000
28.2768101 1.43152876307808E+000 1.47720994798795E+000
28.3767572 1.41821273411311E+000 1.46331317238908E+000
28.4767065 1.40506380297725E+000 1.44959277319325E+000
28.5766562 1.39207957946569E+000 1.43604619247571E+000
28.6766062 1.37925746811957E+000 1.42267065991492E+000
28.7765565 1.36659492270714E+000 1.40946345833701E+000
28.8765053 1.35408968217317E+000 1.39642216970825E+000
28.9764563 1.34173881849036E+000 1.38354368215550E+000
29.0764077 1.32954016668623E+000 1.37082568124042E+000
29.1763593 1.31749136680374E+000 1.35826565076984E+000
29.2763113 1.30559010292877E+000 1.34586112203978E+000
29.3762617 1.29383432508609E+000 1.33360990502079E+000
29.4762144 1.28222135417208E+000 1.32150915555614E+000
29.5761673 1.27074922634049E+000 1.30955677636079E+000
29.6761206 1.25941579248334E+000 1.29775047847714E+000
29.7760741 1.24821894296779E+000 1.28608801545837E+000
29.8760261 1.23715681651590E+000 1.27456740085098E+000
29.9759803 1.22622695796389E+000 1.26318603103649E+000
30.0759347 1.21542758337715E+000 1.25194200274219E+000
30.1758895 1.20475673275786E+000 1.24083323056628E+000
30.2758445 1.19421248155055E+000 1.22985766722873E+000
30.3757980 1.18379313745215E+000 1.21901350835754E+000
30.4757536 1.17349644712055E+000 1.20829836684650E+000
30.5757095 1.16332078782596E+000 1.19771051305823E+000
30.6756657 1.15326436947310E+000 1.18724804425367E+000
30.7756221 1.14332543384155E+000 1.17690909193826E+000
30.8755770 1.13350244019119E+000 1.16669201487117E+000
30.9755340 1.12379331738137E+000 1.15659462117575E+000
31.0754913 1.11419658736004E+000 1.14661533687159E+000
31.1754469 1.10471079281457E+000 1.13675261043220E+000
31.2754067 1.09533378560954E+000 1.12700417306154E+000
31.3753629 1.08606470081860E+000 1.11736909097198E+000
31.4753231 1.07690127840758E+000 1.10784498100366E+000
31.5752798 1.06784269169317E+000 1.09843095074818E+000
31.6752368 1.05888708982136E+000 1.08912504416039E+000
31.7751978 1.05003266355882E+000 1.07992534946380E+000
31.8751552 1.04127864037520E+000 1.07083103281911E+000
31.9751168 1.03262292912620E+000 1.06183989124264E+000
32.0750747 1.02406479136442E+000 1.05295112774214E+000
32.1750329 1.01560252015326E+000 1.04416294005683E+000
32.2749952 1.00723444659343E+000 1.03547356633930E+000
32.3749539 9.98959880527265E-001 1.02688226178235E+000
32.4749166 9.90776884490291E-001 1.01838698717191E+000
32.5748758 9.82684798734673E-001 1.00998703055063E+000
32.6748352 9.74682046968148E-001 1.00168072910844E+000
32.7747986 9.66767087713862E-001 9.93466456986685E-001
32.8747585 9.58939304332961E-001 9.85343548778133E-001
32.9747223 9.51196899415952E-001 9.77310114360008E-001
33.0746827 9.43539283485779E-001 9.69365517644084E-001
33.1746432 9.35964999024722E-001 9.61508222468539E-001
33.2746078 9.28472620428634E-001 9.53736726508507E-001
33.3745687 9.21061596744892E-001 9.46050435244752E-001
33.4745337 9.13730258393049E-001 9.38447594490360E-001
33.5744951 9.06478078705988E-001 9.30927635921536E-001
33.6744568 8.99303708307725E-001 9.23489138569886E-001
33.7744224 8.92205827117860E-001 9.16130712497507E-001
33.8743844 8.85183942930975E-001 9.08851826539815E-001
33.9743505 8.78236503006563E-001 9.01650850635086E-001
34.0743130 8.71363036874011E-001 8.94527277046958E-001
34.1742756 8.64562293758661E-001 8.87479789734332E-001
34.2742423 8.57833049815666E-001 8.80507101153387E-001
34.3742054 8.51174865430849E-001 8.73608736817543E-001
34.4741725 8.44586294810109E-001 8.66783180169154E-001
34.5741359 8.38066917809052E-001 8.60029977694912E-001
34.6740996 8.31615573680380E-001 8.53347909065141E-001
34.7740673 8.25231126465382E-001 8.46735780157193E-001
34.8740313 8.18913183672519E-001 8.40193167236928E-001
34.9739994 8.12660397532789E-001 8.33718657683981E-001
35.0739638 8.06472393010468E-001 8.27311846556645E-001
35.1739284 8.00348091668220E-001 8.20971600950485E-001
35.2738971 7.94286437916312E-001 8.14696812094239E-001
35.3738621 7.88287081521584E-001 8.08487101740279E-001
35.4738310 7.82348764683065E-001 8.02341152574767E-001
35.5737964 7.76471152830422E-001 7.96258603202672E-001
35.6737620 7.70653242879342E-001 7.90238400682997E-001
35.7737315 7.64894052831009E-001 7.84279514327150E-001
35.8736974 7.59193270378553E-001 7.78381606688293E-001
35.9736673 7.53549720401555E-001 7.72543447960902E-001
36.0736335 7.47963104657770E-001 7.66764715823116E-001
36.1735999 7.42432489135248E-001 7.61044430567845E-001
36.2735704 7.36956959305501E-001 7.55381633032195E-001
36.3735371 7.31536236925158E-001 7.49776022395541E-001
36.4735079 7.26169222953312E-001 7.44226449304167E-001
36.5734750 7.20855651784977E-001 7.38732626521956E-001
36.6734423 7.15594652802307E-001 7.33293641497701E-001
36.7734135 7.10385373412348E-001 7.27908600670690E-001
36.8733811 7.05227565986912E-001 7.22577236122881E-001
36.9733527 7.00120201576822E-001 7.17298472557761E-001
37.0733206 6.95063043918059E-001 7.12072054266611E-001
37.1732887 6.90055280646067E-001 7.06897130356718E-001
37.2732608 6.85096116091383E-001 7.01772867510675E-001
37.3732292 6.80185330159262E-001 6.96699027387838E-001
37.4732015 6.75321958553216E-001 6.91674602945898E-001
37.5731702 6.70505791403032E-001 6.86699366824529E-001
37.6731391 6.65736069936854E-001 6.81772524810357E-001
37.7731119 6.61012050863900E-001 6.76893298974545E-001
37.8730811 6.56333538865767E-001 6.72061477581182E-001
37.9730543 6.51699629351388E-001 6.67276116568783E-001
38.0730237 6.47110136206556E-001 6.62537014082216E-001
38.1729934 6.42564350021278E-001 6.57843428071579E-001
38.2729669 6.38061575756869E-001 6.53194631592648E-001
38.3729369 6.33601640402051E-001 6.48590436853907E-001
38.4729107 6.29183694565294E-001 6.44029957976167E-001
38.5728809 6.24807573525071E-001 6.39513016063951E-001
38.6728513 6.20472613387570E-001 6.35038917129751E-001
38.7728256 6.16178163614523E-001 6.30606981213676E-001
38.8727962 6.11924071288192E-001 6.26217042085335E-001
38.9727708 6.07709538107414E-001 6.21868267675683E-001
39.0727417 6.03534418623873E-001 6.17560499767576E-001
39.1727127 5.99398090959921E-001 6.13293088706701E-001
39.2726877 5.95299945662579E-001 6.09065397879244E-001
39.3726590 5.91239847921328E-001 6.04877280478788E-001
39.4726343 5.87217046773309E-001 6.00727954257686E-001
39.5726059 5.83231414140824E-001 5.96617279630601E-001
39.6725776 5.79282366973056E-001 5.92544647881135E-001
39.7725533 5.75369333789736E-001 5.88509462428419E-001
39.8725252 5.71492196103529E-001 5.84511593971745E-001
39.9725012 5.67650246859686E-001 5.80550306441364E-001
40.0724734 5.63843373641700E-001 5.76625477046158E-001
40.1724458 5.60071029315843E-001 5.72736534912584E-001
40.2724221 5.56332677534320E-001 5.68882920471982E-001
40.3723947 5.52628214529230E-001 5.65064520205991E-001
40.4723712 5.48956974014251E-001 5.61280640890588E-001
40.5723441 5.45318857696849E-001 5.57531174877401E-001
40.6723171 5.41713351702614E-001 5.53815586311001E-001
40.7722940 5.38139952221477E-001 5.50133349877505E-001
40.8722673 5.34598568762047E-001 5.46484366291286E-001
40.9722444 5.31088572929322E-001 5.42867982122988E-001
41.0722179 5.27609879171228E-001 5.39284103381516E-001
41.1721915 5.24162004442273E-001 5.35732226648496E-001
41.2721690 5.20744475096915E-001 5.32211858344832E-001
41.3721428 5.17357212621014E-001 5.28722912023081E-001
41.4721206 5.13999623871381E-001 5.25264771251665E-001
41.5720946 5.10671634790241E-001 5.21837354359502E-001
41.6720688 5.07372790936039E-001 5.18440188004203E-001
41.7720469 5.04102646654784E-001 5.15072808035841E-001
41.8720213 5.00861134238770E-001 5.11735139589155E-001
41.9719996 4.97647693372410E-001 5.08426600663542E-001
42.0719743 4.94462260368923E-001 5.05147120703158E-001
42.1719490 4.91304407351539E-001 5.01896254279350E-001
42.2719276 4.88173714666005E-001 4.98673564559548E-001
42.3719026 4.85070124355189E-001 4.95478987128583E-001
42.4718815 4.81993106702213E-001 4.92311972058591E-001
42.5718566 4.78942607377996E-001 4.89172458822724E-001
42.6718319 4.75918223199716E-001 4.86060027923755E-001
42.7718111 4.72919558685140E-001 4.82974267910067E-001
42.8717866 4.69946564674861E-001 4.79915123795436E-001
42.9717660 4.66998739999227E-001 4.76882075555789E-001
43.0717417 4.64076038772158E-001 4.73875071713203E-001
43.1717175 4.61178080786564E-001 4.70893716882591E-001
43.2716972 4.58304493053360E-001 4.67937623215850E-001
43.3716732 4.55455234350392E-001 4.65006744233987E-001
43.4716531 4.52629830165069E-001 4.62100587819752E-001
43.5716293 4.49828242228085E-001 4.59219110659275E-001
43.6716056 4.47050111728421E-001 4.56361939808201E-001
43.7715858 4.44295086626415E-001 4.53528709388730E-001
43.8715623 4.41563132859613E-001 4.50719380596581E-001
43.9715428 4.38853800829206E-001 4.47933487380820E-001
44.0715195 4.36167059135869E-001 4.45170993792178E-001
44.1714963 4.33502568910930E-001 4.42431547789933E-001
44.2714770 4.30859997643269E-001 4.39714803964375E-001
44.3714539 4.28239317727095E-001 4.37020730433511E-001
44.4714348 4.25640102867968E-001 4.34348885514702E-001
44.5714120 4.23062327861158E-001 4.31699239900573E-001
44.6713893 4.20505672441188E-001 4.29071461039030E-001
44.7713704 4.17969822316417E-001 4.26465222605377E-001
44.8713479 4.15454755701671E-001 4.23880498959459E-001
44.9713293 4.12960068119622E-001 4.21316871218835E-001
45.0713069 4.10485739948983E-001 4.18774316064301E-001
45.1712846 4.08031468292696E-001 4.16252519128531E-001
45.2712662 4.05596955871374E-001 4.13751171897205E-001
45.3712441 4.03182186144739E-001 4.11270254356315E-001
45.4712259 4.00786775076886E-001 4.08809368974099E-001
45.5712040 3.98410708076658E-001 4.06368497827881E-001
45.6711822 3.96053698475809E-001 4.03947343532513E-001
45.7711643 3.93715464892868E-001 4.01545614208238E-001
45.8711426 3.91395995511059E-001 3.99163294909803E-001
45.9711248 3.89094925462241E-001 3.96800008114954E-001
46.0711034 3.86812244684191E-001 3.94455740761820E-001
46.1710820 3.84547681684728E-001 3.92130211337198E-001
46.2710644 3.82300969950772E-001 3.89823143510247E-001
46.3710432 3.80072101916629E-001 3.87534526899597E-001
46.4710259 3.77860730701650E-001 3.85264002750451E-001
46.5710048 3.75666850318353E-001 3.83011562376407E-001
46.6709838 3.73490203477255E-001 3.80776939110316E-001
46.7709667 3.71330537581624E-001 3.78559871166937E-001
46.8709459 3.69187848888632E-001 3.76360352271287E-001
46.9709290 3.67061807410414E-001 3.74178041284712E-001
47.0709083 3.64952410822463E-001 3.72012933456409E-001
47.1708877 3.62859415137215E-001 3.69864776016476E-001
47.2708710 3.60782580793141E-001 3.67733320797222E-001
47.3708506 3.58721907481960E-001 3.65618565215300E-001
47.4708341 3.56677081092371E-001 3.63520184680065E-001
47.5708138 3.54648102589386E-001 3.61438177977477E-001
47.6707936 3.52634740453049E-001 3.59372305356600E-001
47.7707773 3.50636767340795E-001 3.57322331408113E-001
47.8707573 3.48654186026636E-001 3.55288256864163E-001
47.9707411 3.46686697331658E-001 3.53269772690290E-001
48.0707212 3.44734305171576E-001 3.51266880847456E-001
48.1707014 3.42796789720633E-001 3.49279353789993E-001
48.2706855 3.40873935098481E-001 3.47306968070852E-001
48.3706658 3.38965746841774E-001 3.45349727396430E-001
48.4706500 3.37071939826027E-001 3.43407337366699E-001
48.5706305 3.35192520610159E-001 3.41479802789384E-001
48.6706110 3.33327280345072E-001 3.39566907569592E-001
48.7705955 3.31476013910465E-001 3.37668439484275E-001
48.8705762 3.29638729315492E-001 3.35784404904396E-001
48.9705608 3.27815154673028E-001 3.33914523207024E-001
49.0705416 3.26005298906059E-001 3.32058801748731E-001
49.1705225 3.24208963475891E-001 3.30217035185222E-001
49.2705073 3.22425953370218E-001 3.28389021832254E-001
49.3704883 3.20656278807259E-001 3.26574770444232E-001
49.4704733 3.18899680376255E-001 3.24774013377253E-001
49.5704545 3.17156169110797E-001 3.22986760266271E-001
49.6704357 3.15425556163474E-001 3.21212815867299E-001
49.7704208 3.13707656023975E-001 3.19451988398440E-001
49.8704022 3.12002480880362E-001 3.17704288742291E-001
49.9703875 3.10309783088902E-001 3.15969461490483E-001
50.0703690 3.08629575563602E-001 3.14247518310751E-001
50.1703506 3.06961678572566E-001 3.12538273454983E-001
50.2703361 3.05305915543840E-001 3.10841544451977E-001
50.3703178 3.03662300418050E-001 3.09157344080713E-001
50.4703034 3.02030596656799E-001 3.07485428475165E-001
50.5702853 3.00410818845422E-001 3.05825811112793E-001
50.6702672 2.98802795831671E-001 3.04178315179103E-001
50.7702530 2.97206359457321E-001 3.02542766963174E-001
50.8702350 2.95621525218182E-001 3.00919180929810E-001
50.9702209 2.94048067063486E-001 2.99307324108548E-001
51.0702031 2.92486001059958E-001 2.97707211583954E-001
51.1701853 2.90935164135890E-001 2.96118674951746E-001
51.2701714 2.89395396058098E-001 2.94541548748827E-001
51.3701538 2.87866713698267E-001 2.92975848934558E-001
51.4701400 2.86348900916177E-001 2.91421352830103E-001
51.5701225 2.84841975087388E-001 2.89878076943069E-001
51.6701050 2.83345780755524E-001 2.88345860791768E-001
51.7700914 2.81860165156897E-001 2.86824546683472E-001
51.8700741 2.80385146376167E-001 2.85314151898335E-001
51.9700606 2.78920517644144E-001 2.83814463484803E-001
52.0700434 2.77466297488453E-001 2.82325499206306E-001
52.1700263 2.76022337634137E-001 2.80847106049148E-001
52.2700130 2.74588492362039E-001 2.79379133645793E-001
52.3699959 2.73164780821799E-001 2.77921600439322E-001
52.4699827 2.71751005110508E-001 2.76474302677738E-001
52.5699658 2.70347184765438E-001 2.75037259228378E-001
52.6699489 2.68953178288014E-001 2.73610324121410E-001
52.7699359 2.67568846606916E-001 2.72193353899108E-001
52.8699192 2.66194209802314E-001 2.70786368024071E-001
52.9699063 2.64829078365023E-001 2.69389171450023E-001
53.0698897 2.63473472712585E-001 2.68001784010196E-001
53.1698731 2.62127257744490E-001 2.66624066382651E-001
53.2698603 2.60790300666662E-001 2.65255881631626E-001
53.3698439 2.59462622367687E-001 2.63897250108955E-001
53.4698313 2.58144041289379E-001 2.62547985011648E-001
53.5698149 2.56834578612042E-001 2.61208107013471E-001
53.6697986 2.55534105279608E-001 2.59877483070429E-001
53.7697861 2.54242494428831E-001 2.58555982406333E-001
53.8697699 2.52959767645802E-001 2.57243626143927E-001
53.9697576 2.51685750908283E-001 2.55940235290169E-001
54.0697415 2.50420466052632E-001 2.54645831245503E-001
54.1697254 2.49163789736471E-001 2.53360286898013E-001
54.2697133 2.47915600703335E-001 2.52083477292253E-001
54.3696973 2.46675921136118E-001 2.50815424214418E-001
54.4696852 2.45444584159170E-001 2.49555956075080E-001
54.5696694 2.44221612168022E-001 2.48305094897977E-001
54.6696536 2.43006887224421E-001 2.47062719179706E-001
54.7696417 2.41800293375361E-001 2.45828709468545E-001
54.8696260 2.40601853309133E-001 2.44603088116582E-001
54.9696142 2.39411406931171E-001 2.43385690556741E-001
55.0695986 2.38228977108256E-001 2.42176539342198E-001
55.1695831 2.37054451016334E-001 2.40975518275164E-001
55.2695714 2.35887717721754E-001 2.39782513110837E-001
55.3695560 2.34728800335263E-001 2.38597546678656E-001
55.4695444 2.33577545200061E-001 2.37420461075919E-001
55.5695291 2.32433975574406E-001 2.36251279300079E-001
55.6695138 2.31297983476742E-001 2.35089890175215E-001
55.7695023 2.30169462726504E-001 2.33936184385391E-001
55.8694872 2.29048436781667E-001 2.32790185157067E-001
55.9694758 2.27934758100508E-001 2.31651740915600E-001
56.0694607 2.26828450260428E-001 2.30520875025462E-001
56.1694457 2.25729409867587E-001 2.29397481066639E-001
56.2694345 2.24637535244787E-001 2.28281454391410E-001
56.3694196 2.23552850129041E-001 2.27172818550407E-001
56.4694085 2.22475212790221E-001 2.26071427980878E-001
56.5693936 2.21404647059317E-001 2.24977306344273E-001
56.6693788 2.20341053891133E-001 2.23890351727033E-001
56.7693678 2.19284335877511E-001 2.22810463905161E-001
56.8693531 2.18234516972720E-001 2.21737666687436E-001
56.9693423 2.17191460972640E-001 2.20671820225588E-001
57.0693276 2.16155191902470E-001 2.19612948414584E-001
57.1693130 2.15125614841207E-001 2.18560953613210E-001
57.2693023 2.14102636429706E-001 2.17515739791714E-001
57.3692878 2.13086280783559E-001 2.16477330957223E-001
57.4692772 2.12076416955743E-001 2.15445592696027E-001
57.5692628 2.11073069111930E-001 2.14420549079135E-001
57.6692484 2.10076146244448E-001 2.13402106517842E-001
57.7692379 2.09085558836447E-001 2.12390172961132E-001
57.8692236 2.08101331114246E-001 2.11384772560352E-001
57.9692132 2.07123337134568E-001 2.10385776072723E-001
58.0691990 2.06151601154962E-001 2.09393207693300E-001
58.1691849 2.05186035882880E-001 2.08406977679322E-001
58.2691746 2.04226555449441E-001 2.07426997755998E-001
58.3691605 2.03273184145968E-001 2.06453292169948E-001
58.4691503 2.02325800794091E-001 2.05485736600901E-001
58.5691363 2.01384429699338E-001 2.04524355320952E-001
58.6691224 2.00448987097872E-001 2.03569062239081E-001
58.7691123 1.99519390585997E-001 2.02619772666316E-001
58.8690985 1.98595664478751E-001 2.01676510900324E-001
58.9690885 1.97677692137407E-001 2.00739157309117E-001
59.0690747 1.96765497875853E-001 1.99807736199380E-001
59.1690610 1.95859001283537E-001 1.98882164949149E-001
59.2690511 1.94958123249924E-001 1.97962362276140E-001
59.3690374 1.94062888076543E-001 1.97048352489158E-001
59.4690277 1.93173183451713E-001 1.96140020423535E-001
59.5690141 1.92289033661977E-001 1.95237390382250E-001
59.6690006 1.91410361484890E-001 1.94340383040451E-001
59.7689909 1.90537090941097E-001 1.93448920353929E-001
59.8689774 1.89669246285091E-001 1.92563026606652E-001
59.9689678 1.88806719331497E-001 1.91682590892703E-001
60.0689545 1.87949534307375E-001 1.90807637476858E-001
60.1689411 1.87097617022783E-001 1.89938090169452E-001
60.2689316 1.86250894476924E-001 1.89073874005546E-001
60.3689184 1.85409390847115E-001 1.88215013211892E-001
60.4689090 1.84573001884635E-001 1.87361400944349E-001
60.5688958 1.83741751728191E-001 1.86513061398463E-001
60.6688827 1.82915569073660E-001 1.85669921367176E-001
60.7688734 1.82094383754945E-001 1.84831908815176E-001
60.8688603 1.81278219845127E-001 1.83999047882902E-001
60.9688511 1.80466976852877E-001 1.83171235601869E-001
61.0688381 1.79660678802647E-001 1.82348496070522E-001
61.1688251 1.78859257137809E-001 1.81530758920571E-001
61.2688160 1.78062644391272E-001 1.80717954905246E-001
61.3688031 1.77270864507652E-001 1.79910108052569E-001
61.4687941 1.76483820583467E-001 1.79107119093749E-001
61.5687813 1.75701536505741E-001 1.78309012005158E-001
61.6687685 1.74923946334814E-001 1.77515719121593E-001
61.7687596 1.74150985174563E-001 1.76727173851735E-001
61.8687469 1.73382676819470E-001 1.75943400087826E-001
61.9687381 1.72618927793489E-001 1.75164302094333E-001
62.0687254 1.71859761825516E-001 1.74389903703210E-001
62.1687128 1.71105115469637E-001 1.73620139824304E-001
62.2687041 1.70354926279809E-001 1.72854946396134E-001
62.3686916 1.69609217881070E-001 1.72094347154292E-001
62.4686829 1.68867900072944E-001 1.71338249738995E-001
62.5686704 1.68130996407771E-001 1.70586677817853E-001
62.6686580 1.67398445816993E-001 1.69839568754857E-001
62.7686494 1.66670188190456E-001 1.69096860899753E-001
62.8686371 1.65946246966590E-001 1.68358577812902E-001
62.9686286 1.65226535076650E-001 1.67624630361131E-001
63.0686163 1.64511075880060E-001 1.66895042029977E-001
63.1686040 1.63799810575632E-001 1.66169752523365E-001
63.2685918 1.63092708176396E-001 1.65448729914470E-001
63.3685872 1.62389684495169E-001 1.64731888035834E-001
63.4685751 1.61690816358748E-001 1.64019304902290E-001
63.5685630 1.60996019809488E-001 1.63310894587441E-001
63.6685509 1.60305264947739E-001 1.62606626290488E-001
63.7685388 1.59618522138649E-001 1.61906469484816E-001
63.8685344 1.58935710069360E-001 1.61210340962918E-001
63.9685224 1.58256903807067E-001 1.60518316950418E-001
64.0685105 1.57582022252188E-001 1.59830314463824E-001
64.1684986 1.56911036801961E-001 1.59146304045058E-001
64.2684867 1.56243919105020E-001 1.58466256496284E-001
64.3684824 1.55580590599712E-001 1.57790091442403E-001
64.4684706 1.54921124637695E-001 1.57117883364505E-001
64.5684588 1.54265442855442E-001 1.56449552095622E-001
64.6684470 1.53613517881634E-001 1.55785069452307E-001
64.7684353 1.52965322583723E-001 1.55124407498213E-001
64.8684312 1.52320781034446E-001 1.54467488569674E-001
64.9684195 1.51679964913052E-001 1.53814385446991E-001
65.0684079 1.51042798476273E-001 1.53165020659822E-001
65.1683963 1.50409255522557E-001 1.52519367235186E-001
65.2683847 1.49779310077211E-001 1.51877398434818E-001
65.3683808 1.49152888736472E-001 1.51239039191685E-001
65.4683692 1.48530061549363E-001 1.50604360628099E-001
65.5683578 1.47910755282940E-001 1.49973287856546E-001
65.6683463 1.47294944847250E-001 1.49345795054024E-001
65.7683349 1.46682605367971E-001 1.48721856620568E-001
65.8683311 1.46073665859522E-001 1.48101399976785E-001
65.9683197 1.45468194781941E-001 1.47484494628856E-001
66.0683084 1.44866121308178E-001 1.46871068164034E-001
66.1682971 1.44267421405010E-001 1.46261095852248E-001
66.2682858 1.43672071244243E-001 1.45654553175450E-001
66.3682821 1.43080002158426E-001 1.45051369938361E-001
66.4682709 1.42491281058892E-001 1.44451614071943E-001
66.5682597 1.41905839425258E-001 1.43855215535553E-001
66.6682485 1.41323654229237E-001 1.43262150638229E-001
66.7682374 1.40744702637571E-001 1.42672395890634E-001
66.8682339 1.40168918205830E-001 1.42085883383230E-001
66.9682228 1.39596366335985E-001 1.41502679511721E-001
67.0682118 1.39026980719975E-001 1.40922716510000E-001
67.1682007 1.38460739285556E-001 1.40345971675406E-001
67.2681897 1.37897620146061E-001 1.39772422497091E-001
67.3681864 1.37337558989641E-001 1.39202003257735E-001
67.4681754 1.36780619747303E-001 1.38634778856803E-001
67.5681645 1.36226738233585E-001 1.38070683709953E-001
67.6681536 1.35675893286093E-001 1.37509696054849E-001
67.7681428 1.35128063919084E-001 1.36951794311694E-001
67.8681396 1.34583187867253E-001 1.36396914866448E-001
67.9681288 1.34041327628110E-001 1.35845121160414E-001
68.0681180 1.33502421053415E-001 1.35296349702770E-001
68.1681072 1.32966447846978E-001 1.34750579626180E-001
68.2680965 1.32433387880822E-001 1.34207790237084E-001
68.3680934 1.31903180854300E-001 1.33667919940093E-001
68.4680827 1.31375887867965E-001 1.33131030755501E-001
68.5680721 1.30851448729537E-001 1.32597061202031E-001
68.6680615 1.30329843967766E-001 1.32065991264504E-001
68.7680509 1.29811054271632E-001 1.31537801093242E-001
68.8680479 1.29295021227190E-001 1.31012431030959E-001
68.9680374 1.28781804573660E-001 1.30489941713166E-001
69.0680269 1.28271345997336E-001 1.29970273588182E-001
69.1680164 1.27763626812883E-001 1.29453407452491E-001
69.2680059 1.27258628487647E-001 1.28939324260236E-001
69.3680031 1.26756294420122E-001 1.28427966215538E-001
69.4679927 1.26256683022926E-001 1.27919392604438E-001
69.5679823 1.25759737787204E-001 1.27413545728719E-001
69.6679719 1.25265440776613E-001 1.26910407158211E-001
69.7679615 1.24773774200348E-001 1.26409958612997E-001
69.8679589 1.24284683198586E-001 1.25912144085530E-001
69.9679486 1.23798224891177E-001 1.25417021546811E-001
70.0679383 1.23314344503865E-001 1.24924535079540E-001
70.1679281 1.22833024814350E-001 1.24434666990645E-001
70.2679178 1.22354248739109E-001 1.23947399730292E-001
70.3679153 1.21877963092556E-001 1.23462679009639E-001
70.4679051 1.21404223734735E-001 1.22980561518181E-001
70.5678949 1.20932977559009E-001 1.22500993050398E-001
70.6678848 1.20464208024031E-001 1.22023956615997E-001
70.7678747 1.19997898720829E-001 1.21549435361284E-001
70.8678723 1.19533998073734E-001 1.21077376649743E-001
70.9678622 1.19072560715092E-001 1.20607835922031E-001
71.0678522 1.18613535142002E-001 1.20140760618480E-001
71.1678422 1.18156905462728E-001 1.19676134419083E-001
71.2678322 1.17702655911841E-001 1.19213941134142E-001
71.3678299 1.17250736462232E-001 1.18754129716151E-001
71.4678200 1.16801200549815E-001 1.18296754388753E-001
71.5678100 1.16353998214473E-001 1.17841764175245E-001
71.6678002 1.15909114184382E-001 1.17389143395124E-001
71.7677903 1.15466533308271E-001 1.16938876492228E-001
71.8677881 1.15026207049041E-001 1.16490913947666E-001
71.9677783 1.14588187676612E-001 1.16045308799043E-001
72.0677685 1.14152426715476E-001 1.15602011592620E-001
72.1677587 1.13718909485567E-001 1.15161007258219E-001
72.2677489 1.13287621421922E-001 1.14722280844358E-001
72.3677468 1.12858515421549E-001 1.14285784303104E-001
72.4677371 1.12431642618004E-001 1.13851569516190E-001
72.5677275 1.12006955964847E-001 1.13419588495562E-001
72.6677178 1.11584441347074E-001 1.12989826753710E-001
72.7677082 1.11164084759609E-001 1.12562269916465E-001
72.8677062 1.10745840480188E-001 1.12136871351811E-001
72.9676966 1.10329758534843E-001 1.11713681814969E-001
73.0676870 1.09915793253148E-001 1.11292654728874E-001
73.1676774 1.09503931059835E-001 1.10873776162455E-001
73.2676679 1.09094158484658E-001 1.10457032292898E-001
73.3676660 1.08686431135080E-001 1.10042377851536E-001
73.4676565 1.08280797957676E-001 1.09629862495653E-001
73.5676471 1.07877214607342E-001 1.09219441006921E-001
73.6676376 1.07475668024517E-001 1.08811099985826E-001
73.7676282 1.07076145250002E-001 1.08404826136285E-001
73.8676264 1.06678603172247E-001 1.08000575502748E-001
73.9676171 1.06283089685679E-001 1.07598396672368E-001
74.0676077 1.05889561722071E-001 1.07198245735633E-001
74.1675984 1.05498006714751E-001 1.06800109800962E-001
74.2675890 1.05108412192993E-001 1.06403976075635E-001
74.3675874 1.04720736279637E-001 1.06009801869207E-001
74.4675781 1.04335025843538E-001 1.05617634725763E-001
74.5675688 1.03951239047014E-001 1.05227431996874E-001
74.6675596 1.03569363794627E-001 1.04839181276475E-001
74.7675504 1.03189388082678E-001 1.04452870253017E-001
74.8675488 1.02811271223838E-001 1.04068457455257E-001
74.9675396 1.02435059087243E-001 1.03685989410539E-001
75.0675305 1.02060711021448E-001 1.03305424685878E-001
75.1675213 1.01688215381668E-001 1.02926751339433E-001
75.2675122 1.01317560610866E-001 1.02549957519748E-001
75.3675108 1.00948707168914E-001 1.02175002930881E-001
75.4675017 1.00581699950376E-001 1.01801933109045E-001
75.5674926 1.00216499447655E-001 1.01430707793045E-001
75.6674836 9.98530944470614E-002 1.01061315485033E-001
75.7674746 9.94914738188656E-002 1.00693744773622E-001
75.8674732 9.91315991293440E-002 1.00327956496166E-001
75.9674642 9.87735143229563E-002 9.99639952226637E-002
76.0674553 9.84171809953747E-002 9.96018218219344E-002
76.1674463 9.80625883454224E-002 9.92414252208996E-002
76.2674374 9.77097256522742E-002 9.88827944292106E-002
76.3674361 9.73585555495582E-002 9.85258913773139E-002
76.4674273 9.70091210554272E-002 9.81707596932319E-002
76.5674184 9.66613848299770E-002 9.78173613358123E-002
76.6674096 9.63153364668682E-002 9.74656856384683E-002
76.7674007 9.59709656366835E-002 9.71157220137971E-002
76.8673996 9.56282360030054E-002 9.67674334468488E-002
76.9673908 9.52871896808274E-002 9.64208626472449E-002
77.0673820 9.49477903574645E-002 9.60759726255737E-002
77.1673732 9.46100280046037E-002 9.57327531043605E-002
77.2673645 9.42738926675917E-002 9.53911938819410E-002
77.3673634 9.39393490041430E-002 9.50512589611083E-002
77.4673547 9.36064382486046E-002 9.47129901560133E-002
77.5673461 9.32751250798694E-002 9.43763514923135E-002
77.6673374 9.29453998316558E-002 9.40413330651123E-002
77.7673288 9.26172529082367E-002 9.37079250421151E-002
77.8673278 9.22906499271326E-002 9.33760924085443E-002
77.9673192 9.19656312639423E-002 9.30458761053840E-002
78.0673106 9.16421625549795E-002 9.27172411382245E-002
78.1673020 9.13202344807705E-002 9.23901779590152E-002
78.2672935 9.09998377894397E-002 9.20646770892527E-002
78.3672925 9.06809390254125E-002 9.17407044627486E-002
78.4672840 9.03635777268368E-002 9.14183001690127E-002
78.5672755 9.00477204547047E-002 9.10974301598932E-002
78.6672671 8.97333582218558E-002 9.07780852292097E-002
78.7672586 8.94204821059133E-002 9.04602562374214E-002
78.8672578 8.91090595466619E-002 9.01439100344894E-002
78.9672493 8.87991292655124E-002 8.98290858795472E-002
79.0672409 8.84906587167381E-002 8.95157506384169E-002
79.1672325 8.81836392316884E-002 8.92038954325289E-002
79.2672242 8.78780622038150E-002 8.88935114471844E-002
79.3672234 8.75738959380076E-002 8.85845664173885E-002
79.4672151 8.72711783590851E-002 8.82770987924179E-002
79.5672068 8.69698777844869E-002 8.79710763211079E-002
79.6671985 8.66699858509216E-002 8.76664904389188E-002
79.7671902 8.63714942546459E-002 8.73633326425433E-002
79.8671895 8.60743721366294E-002 8.70615715221950E-002
79.9671813 8.57786566446925E-002 8.67612447372509E-002
80.0671730 8.54843169305453E-002 8.64623208898594E-002
80.1671648 8.51913449237248E-002 8.61647917165713E-002
80.2671566 8.48997326108809E-002 8.58686490126555E-002
80.3671560 8.46094499412091E-002 8.55738621949081E-002
80.4671478 8.43205333045874E-002 8.52804681522157E-002
80.5671397 8.40329526592654E-002 8.49884363115418E-002
80.6671315 8.37467002156627E-002 8.46977586981955E-002
80.7671234 8.34617682389910E-002 8.44084273938081E-002
80.8671229 8.31781274599343E-002 8.41204126142841E-002
80.9671148 8.28958135289622E-002 8.38337504968980E-002
81.0671067 8.26147971842402E-002 8.35484112660740E-002
81.1670987 8.23350709056811E-002 8.32643872241235E-002
81.2670906 8.20566272257763E-002 8.29816707273956E-002
81.3670902 8.17794376310249E-002 8.27002327645285E-002
81.4670822 8.15035370505149E-002 8.24201087395452E-002
81.5670742 8.12288969767608E-002 8.21412696480672E-002
81.6670662 8.09555101483062E-002 8.18637080581980E-002
81.7670583 8.06833693541607E-002 8.15874165898997E-002
81.8670579 8.04124468119799E-002 8.13123669792167E-002
81.9670500 8.01427767470036E-002 8.10385939147783E-002
82.0670421 7.98743313815378E-002 8.07660691381810E-002
82.1670342 7.96071037023922E-002 8.04947854726271E-002
82.2670263 7.93410867448277E-002 8.02247357910984E-002
82.3670260 7.90762534339661E-002 7.99558925527170E-002
82.4670182 7.88126373082534E-002 7.96882897480889E-002
82.5670103 7.85502112961906E-002 7.94218998405544E-002
82.6670025 7.82889686229631E-002 7.91567158982121E-002
82.7669947 7.80289025602844E-002 7.88927310369561E-002
82.8669945 7.77699867179764E-002 7.86299184156106E-002
82.9669867 7.75122539642796E-002 7.83683113436531E-002
83.0669790 7.72556779112118E-002 7.81078829828848E-002
83.1669712 7.70002520128933E-002 7.78486266365630E-002
83.2669635 7.67459697681357E-002 7.75905356538467E-002
83.3669634 7.64928054495766E-002 7.73335838707964E-002
83.4669556 7.62407912713873E-002 7.70778039321952E-002
83.5669479 7.59899015073008E-002 7.68231696759257E-002
83.6669403 7.57401298313573E-002 7.65696746311079E-002
83.7669326 7.54914699605344E-002 7.63173123709551E-002
83.8669326 7.52438968092431E-002 7.60660573871666E-002
83.9669249 7.49974419532825E-002 7.58159416758178E-002
84.0669173 7.47520803071359E-002 7.55669397293557E-002
84.1669097 7.45078057561534E-002 7.53190452938861E-002
84.2669021 7.42646122269468E-002 7.50722521578809E-002
84.3669022 7.40224752554630E-002 7.48265354479102E-002
84.4668946 7.37814257943987E-002 7.45819265268924E-002
84.5668870 7.35414393788227E-002 7.43384005211473E-002
84.6668795 7.33025100971689E-002 7.40959513852868E-002
84.7668720 7.30646320775326E-002 7.38545731146394E-002
84.8668721 7.28277814579266E-002 7.36142414506701E-002
84.9668646 7.25919885828016E-002 7.33749871382692E-002
85.0668571 7.23572295884105E-002 7.31367859177240E-002
85.1668496 7.21234987584103E-002 7.28996319440515E-002
85.2668422 7.18907904145898E-002 7.26635194114086E-002
85.3668424 7.16590812782939E-002 7.24284246569365E-002
85.4668349 7.14284011001794E-002 7.21943778222150E-002
85.5668275 7.11987265990129E-002 7.19613552423473E-002
85.6668201 7.09700522461610E-002 7.17293512650128E-002
85.7668127 7.07423725496596E-002 7.14983602755239E-002
85.8668130 7.05156647961530E-002 7.12683591882025E-002
85.9668056 7.02899581565667E-002 7.10393775556381E-002
86.0667983 7.00652299142082E-002 7.08113922893166E-002
86.1667909 6.98414747209701E-002 7.05843979221786E-002
86.2667836 6.96186872640151E-002 7.03583890233566E-002
86.3667839 6.93968453779264E-002 7.01333430665502E-002
86.4667766 6.91759776675805E-002 6.99092890292905E-002
86.5667694 6.89560619635216E-002 6.96862043817016E-002
86.6667621 6.87370930912975E-002 6.94640838349081E-002
86.7667548 6.85190659103885E-002 6.92429221348486E-002
86.8667552 6.83019587865983E-002 6.90226972974585E-002
86.9667480 6.80857997720682E-002 6.88034377387669E-002
87.0667408 6.78705672279131E-002 6.85851214704495E-002
87.1667336 6.76562561467643E-002 6.83677433750459E-002
87.2667264 6.74428615539052E-002 6.81512983685922E-002
87.3667268 6.72303623302564E-002 6.79357649927503E-002
87.4667197 6.70187859881799E-002 6.77211711152394E-002
87.5667125 6.68081114033073E-002 6.75074952728293E-002
87.6667054 6.65983337290645E-002 6.72947325129993E-002
87.7666983 6.63894481503047E-002 6.70828779154637E-002
87.8666988 6.61814340475506E-002 6.68719105317088E-002
87.9666917 6.59743184059924E-002 6.66618576939804E-002
88.0666846 6.57680806003100E-002 6.64526984482879E-002
88.1666775 6.55627159387050E-002 6.62444280008535E-002
88.2666705 6.53582197596347E-002 6.60370415889278E-002
88.3666710 6.51545719282713E-002 6.58305187584979E-002
88.4666640 6.49517989149046E-002 6.56248863188292E-002
88.5666570 6.47498805783539E-002 6.54201238098930E-002
88.6666500 6.45488123758352E-002 6.52162265907235E-002
88.7666429 6.43485897936978E-002 6.50131900502279E-002
88.8666436 6.41491931673513E-002 6.48109942141259E-002
88.9666366 6.39506484641276E-002 6.46096653808615E-002
89.0666296 6.37529360126138E-002 6.44091835696423E-002
89.1666227 6.35560514135237E-002 6.42095442866363E-002
89.2666157 6.33599902956285E-002 6.40107430667778E-002
89.3666164 6.31647334506800E-002 6.38127604012833E-002
89.4666095 6.29703063546766E-002 6.36156220896094E-002
89.5666026 6.27766897921161E-002 6.34193086160036E-002
89.6665957 6.25838795019254E-002 6.32238156283299E-002
89.7665889 6.23918712500594E-002 6.30291388021591E-002
89.8665896 6.22006462712113E-002 6.28352590804776E-002
89.9665828 6.20102295613618E-002 6.26422017752734E-002
90.0665759 6.18206023475545E-002 6.24499478221447E-002
90.1665691 6.16317605018674E-002 6.22584930054432E-002
90.2665622 6.14436999224202E-002 6.20678331362119E-002
90.3665631 6.12564022739213E-002 6.18779495959686E-002
90.4665563 6.10698920833496E-002 6.16888672204459E-002
90.5665495 6.08841510074017E-002 6.15005673833890E-002
90.6665427 6.06991750464566E-002 6.13130460006471E-002
90.7665359 6.05149602259888E-002 6.11262990137880E-002
90.8665368 6.03314886282512E-002 6.09403082300898E-002
90.9665301 6.01487843219449E-002 6.07550980199461E-002
91.0665233 5.99668293809803E-002 6.05706501825109E-002
91.1665166 5.97856199293880E-002 6.03869607603490E-002
91.2665099 5.96051521153875E-002 6.02040258208117E-002
91.3665108 5.94254084267415E-002 6.00218275846148E-002
91.4665041 5.92464124843147E-002 5.98403899674406E-002
91.5664975 5.90681467672258E-002 5.96596951815606E-002
91.6664908 5.88906075187004E-002 5.94797393916715E-002
91.7664842 5.87137910052834E-002 5.93005187863629E-002
91.8664851 5.85376801086309E-002 5.91220159878965E-002
91.9664785 5.83622980119377E-002 5.89442544675909E-002
92.0664719 5.81876275879427E-002 5.87672168389716E-002
92.1664653 5.80136651947920E-002 5.85908993844729E-002
92.2664587 5.78404072131186E-002 5.84152984095650E-002
92.3664597 5.76678369072569E-002 5.82403969265761E-002
92.4664531 5.74959770326317E-002 5.80662179725365E-002
92.5664466 5.73248108444129E-002 5.78927445507735E-002
92.6664400 5.71543348115688E-002 5.77199730572448E-002
92.7664335 5.69845454247553E-002 5.75478999101224E-002
92.8664346 5.68154263201555E-002 5.73765085007174E-002
92.9664281 5.66469998350652E-002 5.72058214415832E-002
93.0664215 5.64792495962798E-002 5.70358221147906E-002
93.1664150 5.63121721796580E-002 5.68665070257792E-002
93.2664086 5.61457641819786E-002 5.66978727014137E-002
93.3664097 5.59800096008137E-002 5.65299029012847E-002
93.4664032 5.58149303647197E-002 5.63626198230239E-002
93.5663968 5.56505104616803E-002 5.61960072167659E-002
93.6663903 5.54867465706714E-002 5.60300616935538E-002
93.7663839 5.53236353908532E-002 5.58647798850998E-002
93.8663851 5.51611612710820E-002 5.57001459089351E-002
93.9663787 5.49993457403196E-002 5.55361815570753E-002
94.0663723 5.48381731376544E-002 5.53728709374025E-002
94.1663659 5.46776402415591E-002 5.52102107628424E-002
94.2663595 5.45177438499834E-002 5.50481977662636E-002
94.3663607 5.43584686533042E-002 5.48868164131496E-002
94.4663544 5.41998357897964E-002 5.47260880989642E-002
94.5663480 5.40418299399093E-002 5.45659972793689E-002
94.6663417 5.38844479781364E-002 5.44065407656008E-002
94.7663353 5.37276867977695E-002 5.42477153881424E-002
94.8663366 5.35715314212698E-002 5.40895059507776E-002
94.9663303 5.34160026049023E-002 5.39319334612469E-002
95.0663240 5.32610853610602E-002 5.37749827133593E-002
95.1663177 5.31067766569198E-002 5.36186506132340E-002
95.2663114 5.29530734778049E-002 5.34629340855672E-002
95.3663128 5.27999611691397E-002 5.33078182631137E-002
95.4663065 5.26474601136325E-002 5.31533237744921E-002
95.5663002 5.24955556465163E-002 5.29994357423477E-002
95.6662940 5.23442448244455E-002 5.28461511643900E-002
95.7662878 5.21935247215965E-002 5.26934670562627E-002
95.8662892 5.20433809975373E-002 5.25413688706739E-002
95.9662829 5.18938336696557E-002 5.23898768654986E-002
96.0662767 5.17448683872217E-002 5.22389764832179E-002
96.1662705 5.15964822932892E-002 5.20886648099693E-002
96.2662643 5.14486725478334E-002 5.19389389492077E-002
96.3662658 5.13014251160380E-002 5.17897846648745E-002
96.4662596 5.11547596579946E-002 5.16412218522650E-002
96.5662535 5.10086621284973E-002 5.14932362649919E-002
96.6662473 5.08631297540423E-002 5.13458250745838E-002
96.7662412 5.07181597774689E-002 5.11989854692933E-002
96.8662427 5.05737384613277E-002 5.10527035158623E-002
96.9662365 5.04298851162342E-002 5.09069987549614E-002
97.0662304 5.02865859942721E-002 5.07618572429166E-002
97.1662243 5.01438384025371E-002 5.06172762337293E-002
97.2662182 5.00016396639134E-002 5.04732529975548E-002
97.3662198 4.98599763303388E-002 5.03297738957783E-002
97.4662137 4.97188673705725E-002 5.01868581221970E-002
97.5662076 4.95782993260212E-002 5.00444920277076E-002
97.6662016 4.94382695816488E-002 4.99026729459794E-002
97.7661955 4.92987755376742E-002 4.97613982262884E-002
97.8661971 4.91598040277008E-002 4.96206545167712E-002
97.9661911 4.90213736860583E-002 4.94804606719058E-002
98.0661851 4.88834713357675E-002 4.93408033292808E-002
98.1661791 4.87460944370345E-002 4.92016798995379E-002
98.2661730 4.86092404648072E-002 4.90630878083990E-002
98.3661747 4.84728965268826E-002 4.89250139831161E-002
98.4661687 4.83370809303988E-002 4.87874769462101E-002
98.5661627 4.82017807725302E-002 4.86504636143371E-002
98.6661568 4.80669935861998E-002 4.85139714725198E-002
98.7661508 4.79327169185797E-002 4.83779980203548E-002
98.8661525 4.77989381444267E-002 4.82425304568185E-002
98.9661465 4.76656752507436E-002 4.81075869796506E-002
99.0661406 4.75329156016358E-002 4.79731547771955E-002
99.1661347 4.74006568003152E-002 4.78392314063648E-002
99.2661288 4.72688964637682E-002 4.77058144381569E-002
99.3661305 4.71376222267094E-002 4.75728913361184E-002
99.4661246 4.70068517628837E-002 4.74404799802028E-002
99.5661187 4.68765726963353E-002 4.73085678232988E-002
99.6661128 4.67467826982292E-002 4.71771524918100E-002
99.7661070 4.66174794530485E-002 4.70462316257591E-002
99.8661087 4.64886508486848E-002 4.69157929463353E-002
99.9661029 4.63603142523304E-002 4.67858540225252E-002
100.0660970 4.62324575411969E-002 4.66564025648445E-002
100.1660912 4.61050784521555E-002 4.65274362668839E-002
100.2660854 4.59781747349558E-002 4.63989528354018E-002
100.3660872 4.58517345240995E-002 4.62709402425227E-002
100.4660814 4.57257748867639E-002 4.61434157529140E-002
100.5660756 4.56002839467697E-002 4.60163673280203E-002
100.6660698 4.54752595045317E-002 4.58897927264004E-002
100.7660640 4.53506993729208E-002 4.57636897193478E-002
100.8660658 4.52265919266868E-002 4.56380465234252E-002
100.9660601 4.51029539393668E-002 4.55128801054627E-002
101.0660543 4.49797737750376E-002 4.53881786713453E-002
101.1660486 4.48570492955764E-002 4.52639400424657E-002
101.2660428 4.47347783749097E-002 4.51401620525335E-002
101.3660447 4.46129496218732E-002 4.50168331562566E-002
101.4660390 4.44915795225792E-002 4.48939700289477E-002
101.5660333 4.43706566752053E-002 4.47715611146469E-002
101.6660275 4.42501790010877E-002 4.46496042955257E-002
101.7660218 4.41301444332207E-002 4.45280974656715E-002
101.8660238 4.40105418085534E-002 4.44070293118388E-002
101.9660181 4.38913873318354E-002 4.42864162239869E-002
102.0660124 4.37726698293802E-002 4.41662468782200E-002
102.1660067 4.36543872800544E-002 4.40465192155109E-002
102.2660011 4.35365376740053E-002 4.39272311883616E-002
102.3660031 4.34191100705080E-002 4.38083717096644E-002
102.4659974 4.33021203988614E-002 4.36899568900353E-002
102.5659918 4.31855577077336E-002 4.35719756317409E-002
102.6659861 4.30694200316640E-002 4.34544259326506E-002
102.7659805 4.29537054161098E-002 4.33373058017909E-002
102.8659825 4.28384031370613E-002 4.32206043724642E-002
102.9659769 4.27235288541337E-002 4.31043374818063E-002
103.0659713 4.26090718327448E-002 4.29884942525249E-002
103.1659657 4.24950301613183E-002 4.28730727375520E-002
103.2659601 4.23814019388456E-002 4.27580710006181E-002
103.3659622 4.22681766525928E-002 4.26434783898841E-002
103.4659566 4.21553696981161E-002 4.25293104747233E-002
103.5659511 4.20429705521501E-002 4.24155565927386E-002
103.6659455 4.19309773552789E-002 4.23022148501580E-002
103.7659400 4.18193882583175E-002 4.21892833636627E-002
103.8659421 4.17081929545338E-002 4.20767516908889E-002
103.9659365 4.15974065809123E-002 4.19646351390255E-002
104.0659310 4.14870188202351E-002 4.18529232551931E-002
104.1659255 4.13770278635864E-002 4.17416141972139E-002
104.2659200 4.12674319119567E-002 4.16307061330302E-002
104.3659221 4.11582208595004E-002 4.15201888245337E-002
104.4659166 4.10494095899841E-002 4.14100773221707E-002
104.5659112 4.09409879871267E-002 4.13003613773643E-002
104.6659057 4.08329542909127E-002 4.11910391978912E-002
104.7659002 4.07253067509197E-002 4.10821090013272E-002
104.8659024 4.06180354572269E-002 4.09735607487563E-002
104.9658969 4.05111550456062E-002 4.08654092391916E-002
105.0658915 4.04046555957565E-002 4.07576444233006E-002
105.1658860 4.02985353950200E-002 4.06502645572338E-002
105.2658806 4.01927927400309E-002 4.05432679066321E-002
105.3658828 4.00874179119792E-002 4.04366446268609E-002
105.4658774 3.99824253037395E-002 4.03304092706798E-002
105.5658720 3.98778051861808E-002 4.02245519830940E-002
105.6658666 3.97735558925167E-002 4.01190710671050E-002
105.7658612 3.96696757649616E-002 4.00139648349062E-002
105.8658634 3.95661552711463E-002 3.99092236313795E-002
105.9658580 3.94630085660215E-002 3.98048617680861E-002
106.0658527 3.93602261069596E-002 3.97008695796083E-002
106.1658473 3.92578062716123E-002 3.95972454143298E-002
106.2658419 3.91557474463511E-002 3.94939876295386E-002
106.3658442 3.90540402807150E-002 3.93910867550099E-002
106.4658389 3.89526986965848E-002 3.92885568660393E-002
106.5658335 3.88517133333074E-002 3.91863884821663E-002
106.6658282 3.87510826115899E-002 3.90845799957406E-002
106.7658229 3.86508049605890E-002 3.89831298077396E-002
106.8658252 3.85508712073524E-002 3.88820286283443E-002
106.9658199 3.84512950454286E-002 3.87812903013991E-002
107.0658146 3.83520672917428E-002 3.86809055269168E-002
107.1658093 3.82531864087244E-002 3.85808727398479E-002
107.2658040 3.81546508669915E-002 3.84811903835031E-002
107.3658063 3.80564516668297E-002 3.83818493441139E-002
107.4658011 3.79586022780798E-002 3.82828632387724E-002
107.5657958 3.78610936909773E-002 3.81842229436125E-002
107.6657905 3.77639244083879E-002 3.80859269348679E-002
107.7657853 3.76670929411142E-002 3.79879736968754E-002
107.8657877 3.75705904585334E-002 3.78903542876885E-002
107.9657824 3.74744302112923E-002 3.77930821022336E-002
108.0657772 3.73786033587930E-002 3.76961481885401E-002
108.1657720 3.72831084430968E-002 3.75995510628548E-002
108.2657667 3.71879440139588E-002 3.75032892492783E-002
108.3657692 3.70931014058210E-002 3.74073539735809E-002
108.4657639 3.69985936545435E-002 3.73117584130009E-002
108.5657587 3.69044120846709E-002 3.72164937833601E-002
108.6657536 3.68105552762624E-002 3.71215586396921E-002
108.7657484 3.67170218168370E-002 3.70269515446447E-002
108.8657508 3.66238032019909E-002 3.69326638877175E-002
108.9657456 3.65309122571001E-002 3.68387086328321E-002
109.0657405 3.64383404679430E-002 3.67450771596181E-002
