0.0053140 1.21047007886935E+001 3.50254602465881E+003
0.0210792 4.62750653031047E+001 3.41862027595932E+003
0.0467942 9.68048823521771E+001 3.28752025544226E+003
0.0817065 1.56200476933953E+002 3.12028396233895E+003
0.1249105 2.17124209056641E+002 2.92901477236519E+003
0.1754417 2.73762936174133E+002 2.72506460330490E+003
0.2323515 3.22370745417752E+002 2.51790595831652E+003
0.2947571 3.61153271091922E+002 2.31470009803792E+003
0.3618673 3.89811652382299E+002 2.12037069676461E+003
0.4329916 4.09014568916399E+002 1.93794664553874E+003
0.5075377 4.19946972567569E+002 1.76899577700698E+003
0.5850032 4.23986028727095E+002 1.61403771904887E+003
0.6649650 4.22497634343634E+002 1.47288883092889E+003
0.7470680 4.16725633278844E+002 1.34492574065975E+003
0.8310139 4.07743565134269E+002 1.22927704097698E+003
0.9165527 3.96444370774488E+002 1.12495368804785E+003
1.0034738 3.83550770261773E+002 1.03093528771368E+003
1.0915995 3.69635240711586E+002 9.46223988036546E+002
1.1807797 3.55142932187207E+002 8.69875526153073E+002
1.2708868 3.40414217090152E+002 8.01016296323723E+002
1.3618115 3.25704853620473E+002 7.38849754985294E+002
1.4534610 3.11203261877045E+002 6.82656847545033E+002
1.5457546 2.97045151457477E+002 6.31793825242203E+002
1.6386236 2.83325027727180E+002 5.85686313799732E+002
1.7320075 2.70105903936559E+002 5.43824404862233E+002
1.8258543 2.57426566344317E+002 5.05755683020975E+002
1.9201186 2.45307578700305E+002 4.71079529361956E+002
2.0147601 2.33755975899270E+002 4.39441594730956E+002
2.1097440 2.22768650024229E+002 4.10527954142351E+002
2.2050388 2.12335342238690E+002 3.84060924303339E+002
2.3006174 2.02440587715449E+002 3.59794274672440E+002
2.3964555 1.93065430634837E+002 3.37509647308085E+002
2.4925310 1.84188725351211E+002 3.17013327196672E+002
2.5888248 1.75787918936499E+002 2.98132920927229E+002
2.6853193 1.67839921270257E+002 2.80715153295958E+002
2.7819988 1.60321480429944E+002 2.64623269327544E+002
2.8788497 1.53209625485551E+002 2.49735195682499E+002
2.9758588 1.46481983032527E+002 2.35941895224329E+002
3.0730149 1.40116848533697E+002 2.23145606249336E+002
3.1703074 1.34093439784708E+002 2.11258778787849E+002
3.2677268 1.28391865810439E+002 2.00202693398720E+002
3.3652646 1.22993229903164E+002 1.89906568432919E+002
3.4629133 1.17879605187894E+002 1.80306593114030E+002
3.5606650 1.13034126104860E+002 1.71345325686320E+002
3.6585133 1.08440823401094E+002 1.62970732760046E+002
3.7564523 1.04084694122558E+002 1.55135771847438E+002
3.8544764 9.99516409715564E+001 1.47797812591961E+002
3.9525810 9.60284141207296E+001 1.40918136524411E+002
4.0507604 9.23026425406233E+001 1.34461652496629E+002
4.1490108 8.87626781868441E+001 1.28396334471404E+002
4.2473280 8.53976279527968E+001 1.22693031023760E+002
4.3457083 8.21972912591282E+001 1.17325144495722E+002
4.4441489 7.91521037971274E+001 1.12268352805965E+002
4.5426454 7.62531542622844E+001 1.07500477884152E+002
4.6411954 7.34920584221560E+001 1.03001139477408E+002
4.7397961 7.08609808930023E+001 9.87516731471769E+001
4.8384450 6.83525852193558E+001 9.47349449029682E+001
4.9371399 6.59599896746217E+001 9.09351900616460E+001
5.0358779 6.36767812501416E+001 8.73379562013983E+001
5.1346571 6.14969180827974E+001 8.39298793851268E+001
5.2334756 5.94147483009035E+001 8.06986542120539E+001
5.3323316 5.74249728265516E+001 7.76329222885435E+001
5.4312238 5.55226126892350E+001 7.47221750988829E+001
5.5301496 5.37030226875228E+001 7.19567334516241E+001
5.6291079 5.19618163144036E+001 6.93275963186863E+001
5.7280973 5.02948831816207E+001 6.68264356607391E+001
5.8271164 4.86983618353859E+001 6.44455266866701E+001
5.9261644 4.71686159619117E+001 6.21776870537652E+001
6.0252392 4.57022477617667E+001 6.00162740406657E+001
6.1243401 4.42960398168502E+001 5.79550783905892E+001
6.2234659 4.29469711912904E+001 5.59883305325766E+001
6.3226158 4.16521975496563E+001 5.41106553713456E+001
6.4217891 4.04090337943166E+001 5.23170328565987E+001
6.5209840 3.92149667896229E+001 5.06028034763476E+001
6.6202001 3.80676098287480E+001 4.89635911471585E+001
6.7194366 3.69647172930696E+001 4.73953142154658E+001
6.8186927 3.59041699691823E+001 4.58941551535967E+001
6.9179682 3.48839622451305E+001 4.44565341307896E+001
7.0172613 3.39022139013804E+001 4.30791180701058E+001
7.1165720 3.29571339786998E+001 4.17587629895644E+001
7.2158999 3.20470296814046E+001 4.04925206073912E+001
7.3152432 3.11703166781571E+001 3.92776469607946E+001
7.4146030 3.03254669357164E+001 3.81115250093718E+001
7.5139770 2.95110658408567E+001 3.69917392211043E+001
7.6133666 2.87257427926300E+001 3.59159756438463E+001
7.7127702 2.79682217420612E+001 3.48820877749849E+001
7.8121865 2.72372924429369E+001 3.38880535048069E+001
7.9116168 2.65317867610128E+001 3.29319399660707E+001
8.0110589 2.58506231548437E+001 3.20119611337428E+001
8.1105143 2.51927493344279E+001 3.11263975351009E+001
8.2099815 2.45571850776693E+001 3.02736518145996E+001
8.3094593 2.39429987530637E+001 2.94522147833753E+001
8.4089492 2.33492878698510E+001 2.86606375649857E+001
8.5084489 2.27752169390009E+001 2.78975803818319E+001
8.6079599 2.22199696537329E+001 2.71617471472449E+001
8.7074812 2.16827853562557E+001 2.64519324905152E+001
8.8070112 2.11629396556356E+001 2.57669945348572E+001
8.9065517 2.06597282844661E+001 2.51058324460585E+001
9.0061006 2.01724994882380E+001 2.44674278975397E+001
9.1056593 1.97006138031925E+001 2.38507911427165E+001
9.2052267 1.92434752754381E+001 2.32550009766524E+001
9.3048016 1.88005153000864E+001 2.26791825905316E+001
9.4043856 1.83711790892893E+001 2.21224892085566E+001
9.5039766 1.79549535171370E+001 2.15841374762531E+001
9.6035763 1.75513330221091E+001 2.10633625276798E+001
9.7031836 1.71598464672386E+001 2.05594520991493E+001
9.8027972 1.67800435432007E+001 2.00717282848094E+001
9.9024188 1.64114833237243E+001 1.95995323261406E+001
10.0020464 1.60537583177961E+001 1.91422549488440E+001
10.1016817 1.57064653568081E+001 1.86992985743710E+001
10.2013235 1.53692288156448E+001 1.82701065789712E+001
10.3009707 1.50416890790435E+001 1.78541480960246E+001
10.4006251 1.47234927842129E+001 1.74509052773589E+001
10.5002846 1.44143136924877E+001 1.70598994187817E+001
10.5999509 1.41138276692752E+001 1.66806589149674E+001
10.6996230 1.38217328518945E+001 1.63127444735537E+001
10.7992996 1.35377397931670E+001 1.59557363312505E+001
10.8989827 1.32615630817885E+001 1.56092234817443E+001
10.9986702 1.29929395340269E+001 1.52728262771289E+001
11.0983637 1.27316065614968E+001 1.49461690497413E+001
11.1980623 1.24773197647140E+001 1.46289019417099E+001
11.2977649 1.22298444528254E+001 1.43206900577944E+001
11.3974732 1.19889483995820E+001 1.40212042782335E+001
11.4971853 1.17544177662737E+001 1.37301408988519E+001
11.5969029 1.15260382948058E+001 1.34471980818289E+001
11.6966250 1.13036107204102E+001 1.31720948405020E+001
11.7963505 1.10869434301395E+001 1.29045617638570E+001
11.8960812 1.08758461628562E+001 1.26443331214324E+001
11.9958151 1.06701440026879E+001 1.23911640040650E+001
12.0955540 1.04696609445803E+001 1.21448099434137E+001
12.1952970 1.02742334508884E+001 1.19050434946875E+001
12.2950428 1.00837040596058E+001 1.16716462495107E+001
12.3947934 9.89791587523784E+000 1.14444020049070E+001
12.4945468 9.71672491400496E+000 1.12231117851478E+001
12.5943047 9.53998567436265E+000 1.10075761043862E+001
12.6940662 9.36756310674546E+000 1.07976095117288E+001
12.7938302 9.19932701959714E+000 1.05930336699357E+001
12.8935986 9.03514723757374E+000 1.03936714087574E+001
12.9933693 8.87490453265365E+000 1.01993599424364E+001
13.0931443 8.71847789909256E+000 1.00099353528652E+001
13.1929224 8.56575516064855E+000 9.82524539827932E+000
13.2927027 8.41662805124099E+000 9.64514348099086E+000
13.3924871 8.27098793992085E+000 9.46948344175876E+000
13.4922734 8.12873554373325E+000 9.29813123407816E+000
13.5920637 7.98976965960585E+000 9.13095128513521E+000
13.6918568 7.85399659679577E+000 8.96781781829508E+000
13.7916517 7.72132583152266E+000 8.80860956797015E+000
13.8914504 7.59166621619979E+000 8.65320519955248E+000
13.9912508 7.46493463856818E+000 8.50149365820847E+000
14.0910548 7.34104600535100E+000 8.35336212742972E+000
14.1908615 7.21992165774232E+000 8.20870607398579E+000
14.2906697 7.10148551715111E+000 8.06742459498231E+000
14.3904813 6.98566071049805E+000 7.92941636944531E+000
14.4902944 6.87237731441793E+000 7.79458886392819E+000
14.5901109 6.76156341956213E+000 7.66284765788175E+000
14.6899298 6.65315266237147E+000 7.53410538589860E+000
14.7897500 6.54708079324550E+000 7.40827762306094E+000
14.8895734 6.44328266115209E+000 7.28527929115002E+000
14.9893980 6.34169916048238E+000 7.16503287437768E+000
15.0892259 6.24226923246397E+000 7.04745892020831E+000
15.1890558 6.14493662618207E+000 6.93248402601150E+000
15.2888878 6.04964593268127E+000 6.82003612483761E+000
15.3887200 5.95634525781560E+000 6.71004762281178E+000
15.4885562 5.86497907740363E+000 6.60244696166616E+000
15.5883943 5.77549885149304E+000 6.49717111535700E+000
15.6882343 5.68785580997559E+000 6.39415706820488E+000
15.7880763 5.60200269417587E+000 6.29334385478341E+000
15.8879183 5.51789529028694E+000 6.19467434416223E+000
15.9877640 5.43548599354749E+000 6.09808767857457E+000
16.0876115 5.35473338234782E+000 6.00353049263809E+000
16.1874608 5.27559572091812E+000 5.91094927768694E+000
16.2873119 5.19803253393721E+000 5.82029221879855E+000
16.3871628 5.12200599797443E+000 5.73151080817132E+000
16.4870172 5.04747512792008E+000 5.64455304758167E+000
16.5868734 4.97440443576116E+000 5.55937355004330E+000
16.6867312 4.90275806250926E+000 5.47592667663052E+000
16.7865905 4.83250120517585E+000 5.39416819491537E+000
16.8864496 4.76360138205249E+000 5.31405674106254E+000
16.9863121 4.69602316717224E+000 5.23554769077998E+000
17.0861762 4.62973604103079E+000 5.15860227983244E+000
17.1860417 4.56470907662095E+000 5.08318141690183E+000
17.2859087 4.50091223554122E+000 5.00924718438766E+000
17.3857753 4.43831752092880E+000 4.93676416626354E+000
17.4856452 4.37689419619300E+000 4.86569390629924E+000
17.5855166 4.31661592021145E+000 4.79600316432363E+000
17.6853893 4.25745592293265E+000 4.72765832290879E+000
17.7852633 4.19938818518635E+000 4.66062674866546E+000
17.8851368 4.14238849134778E+000 4.59487800072029E+000
17.9850136 4.08643007735410E+000 4.53037880667025E+000
18.0848916 4.03149013046598E+000 4.46710055514600E+000
18.1847709 3.97754539878044E+000 4.40501422593229E+000
18.2846515 3.92457326743471E+000 4.34409162748765E+000
18.3845314 3.87255272158412E+000 4.28430649902028E+000
18.4844144 3.82146037609734E+000 4.22562994438565E+000
18.5842986 3.77127640943935E+000 4.16803724775928E+000
18.6841841 3.72198055891538E+000 4.11150326667674E+000
18.7840706 3.67355310435286E+000 4.05600355945761E+000
18.8839565 3.62597575068530E+000 4.00151539223743E+000
18.9838453 3.57922799796719E+000 3.94801357919634E+000
19.0837353 3.53329256997991E+000 3.89547669654864E+000
19.1836263 3.48815175335273E+000 3.84388288626575E+000
19.2835185 3.44378829842876E+000 3.79321088533262E+000
19.3834098 3.40018622963178E+000 3.74344094769553E+000
19.4833041 3.35732751974526E+000 3.69455104609993E+000
19.5831994 3.31519706620425E+000 3.64652254977150E+000
19.6830957 3.27377933761066E+000 3.59933639356284E+000
19.7829930 3.23305920030331E+000 3.55297401946967E+000
19.8828894 3.19302266371876E+000 3.50741822224726E+000
19.9827887 3.15365382740103E+000 3.46264967396736E+000
20.0826889 3.11493945140328E+000 3.41865212240042E+000
20.1825901 3.07686587829437E+000 3.37540888623291E+000
20.2824922 3.03941979293032E+000 3.33290371798138E+000
20.3823934 3.00258890918225E+000 3.29112158098628E+000
20.4822973 2.96635916201338E+000 3.25004546275413E+000
20.5822022 2.93071891279793E+000 3.20966114390902E+000
20.6821079 2.89565611883513E+000 3.16995398514671E+000
20.7820145 2.86115903293510E+000 3.13090971957500E+000
20.8819201 2.82721683715897E+000 3.09251516788861E+000
20.9818284 2.79381705562276E+000 3.05475531079232E+000
21.0817375 2.76094943070254E+000 3.01761767227082E+000
21.1816475 2.72860331543715E+000 2.98108936822898E+000
21.2815583 2.69676831877588E+000 2.94515783532909E+000
21.3814680 2.66543489134057E+000 2.90981149036477E+000
21.4813803 2.63459193748102E+000 2.87503703568302E+000
21.5812935 2.60423039415240E+000 2.84082349526218E+000
21.6812074 2.57434082448881E+000 2.80715949865575E+000
21.7811221 2.54491401389409E+000 2.77403395256861E+000
21.8810357 2.51594151228211E+000 2.74143664976403E+000
21.9809519 2.48741342638415E+000 2.70935578451643E+000
22.0808688 2.45932172945996E+000 2.67778167545164E+000
22.1807864 2.43165803683099E+000 2.64670426156459E+000
22.2807048 2.40441415741643E+000 2.61611372205777E+000
22.3806219 2.37758259642277E+000 2.58600103951952E+000
22.4805416 2.35115451105189E+000 2.55635570512469E+000
22.5804621 2.32512277605512E+000 2.52716915826835E+000
22.6803832 2.29947992418965E+000 2.49843247414686E+000
22.7803050 2.27421865729573E+000 2.47013693675686E+000
22.8802255 2.24933231298180E+000 2.44227456056233E+000
22.9801486 2.22481296875004E+000 2.41483596748403E+000
23.0800723 2.20065428565595E+000 2.38781356995453E+000
23.1799967 2.17684959854230E+000 2.36119943190467E+000
23.2799217 2.15339239031090E+000 2.33498579927704E+000
23.3798454 2.13027672577628E+000 2.30916558394297E+000
23.4797716 2.10749549085503E+000 2.28373039653903E+000
23.5796984 2.08504303419265E+000 2.25867349661010E+000
23.6796259 2.06291339367881E+000 2.23398781088511E+000
23.7795539 2.04110073717894E+000 2.20966642518326E+000
23.8794806 2.01959976640072E+000 2.18570303394213E+000
23.9794098 1.99840407921916E+000 2.16209011471535E+000
24.0793395 1.97750862702875E+000 2.13882166648744E+000
24.1792698 1.95690806548639E+000 2.11589137090017E+000
24.2792007 1.93659716462688E+000 2.09329304901305E+000
24.3791302 1.91657118529661E+000 2.07102107945221E+000
24.4790621 1.89682435393664E+000 2.04906870191626E+000
24.5789946 1.87735215157016E+000 2.02743056248742E+000
24.6789277 1.85814977798461E+000 2.00610100502122E+000
24.7788612 1.83921253385465E+000 1.98507449585736E+000
24.8787934 1.82053617204118E+000 1.96434601328906E+000
24.9787279 1.80211547525387E+000 1.94390946876634E+000
25.0786630 1.78394639095718E+000 1.92376007604664E+000
25.1785986 1.76602459931497E+000 1.90389276131855E+000
25.2785347 1.74834586967960E+000 1.88430255863785E+000
25.3784693 1.73090638882746E+000 1.86498497314340E+000
25.4784064 1.71370143289104E+000 1.84593450982494E+000
25.5783439 1.69672736103113E+000 1.82714688161496E+000
25.6782819 1.67998027844732E+000 1.80861752800892E+000
25.7782204 1.66345636935714E+000 1.79034198371778E+000
25.8781574 1.64715220403801E+000 1.77231621781479E+000
25.9780968 1.63106349727486E+000 1.75453526097127E+000
26.0780366 1.61518697237633E+000 1.73699526605693E+000
26.1779769 1.59951911141999E+000 1.71969212606759E+000
26.2779176 1.58405646663779E+000 1.70262181823529E+000
26.3778568 1.56879594795523E+000 1.68578072107590E+000
26.4777984 1.55373366095844E+000 1.66916433191049E+000
26.5777404 1.53886665170646E+000 1.65276919218619E+000
26.6776829 1.52419173714671E+000 1.63659159644710E+000
26.7776257 1.50970579663806E+000 1.62062791392146E+000
26.8775671 1.49540604151900E+000 1.60487488524976E+000
26.9775108 1.48128892626998E+000 1.58932842291747E+000
27.0774549 1.46735178357490E+000 1.57398541230918E+000
27.1773994 1.45359172852157E+000 1.55884250427553E+000
27.2773442 1.44000593182998E+000 1.54389641602072E+000
27.3772876 1.42659187283872E+000 1.52914420912143E+000
27.4772333 1.41334631813655E+000 1.51458216621266E+000
27.5771793 1.40026685543633E+000 1.50020747772410E+000
27.6771257 1.38735086577989E+000 1.48601711132014E+000
27.7770725 1.37459577989246E+000 1.47200809373630E+000
27.8770178 1.36199931584986E+000 1.45817777154841E+000
27.9769653 1.34955851998552E+000 1.44452275808925E+000
28.0769132 1.33727120734721E+000 1.43104051487056E+000
28.1768615 1.32513499666398E+000 1.41772829181591E+000
28.2768101 1.31314755111715E+000 1.40458339153944E+000
28.3767572 1.30130680183687E+000 1.39160341419001E+000
28.4767065 1.28961004636643E+000 1.37878526914195E+000
28.5766562 1.27805530276356E+000 1.36612665926432E+000
28.6766062 1.26664040256755E+000 1.35362508643823E+000
28.7765565 1.25536321716045E+000 1.34127809963264E+000
28.8765053 1.24422186813952E+000 1.32908352502787E+000
28.9764563 1.23321387904594E+000 1.31703853752813E+000
29.0764077 1.22233744953828E+000 1.30514105528826E+000
29.1763593 1.21159060202772E+000 1.29338880551707E+000
29.2763113 1.20097139469819E+000 1.28177955758097E+000
29.3762617 1.19047811970996E+000 1.27031133950357E+000
29.4762144 1.18010850428041E+000 1.25898156479793E+000
29.5761673 1.16986091078920E+000 1.24778834398968E+000
29.6761206 1.15973353313418E+000 1.23672960616316E+000
29.7760741 1.14972459738536E+000 1.22580331821295E+000
29.8760261 1.13983254869235E+000 1.21500768871924E+000
29.9759803 1.13005529814702E+000 1.20434034600129E+000
30.0759347 1.12039135416911E+000 1.19379957277428E+000
30.1758895 1.11083906498108E+000 1.18338347930233E+000
30.2758445 1.10139680778623E+000 1.17309020981884E+000
30.3757980 1.09206316517849E+000 1.16291813469036E+000
30.4757536 1.08283621452418E+000 1.15286507595403E+000
30.5757095 1.07371459551767E+000 1.14292947070615E+000
30.6756657 1.06469679548387E+000 1.13310959209148E+000
30.7756221 1.05578132789478E+000 1.12340374382382E+000
30.8755770 1.04696689901325E+000 1.11381044147310E+000
30.9755340 1.03825173680769E+000 1.10432768207409E+000
31.0754913 1.02963459915391E+000 1.09495404135985E+000
31.1754469 1.02111426055549E+000 1.08568811486532E+000
31.2754067 1.01268887273383E+000 1.07652782279656E+000
31.3753629 1.00435773819838E+000 1.06747233841070E+000
31.4753231 9.96118903671855E-001 1.05851947158370E+000
31.5752798 9.87971702375103E-001 1.04966843209836E+000
31.6752368 9.79914544781824E-001 1.04091742866271E+000
31.7751978 9.71945876486294E-001 1.03226471012373E+000
31.8751552 9.64065074246536E-001 1.02370953799653E+000
31.9751168 9.56270326095827E-001 1.01524988475975E+000
32.0750747 9.48561036224200E-001 1.00688504449483E+000
32.1750329 9.40935734960061E-001 9.98613364341474E-001
32.2749952 9.33392984823714E-001 9.90433228144207E-001
32.3749539 9.25932228913421E-001 9.82343976134947E-001
32.4749166 9.18551784232937E-001 9.74343728839287E-001
32.5748758 9.11251118408308E-001 9.66431855557668E-001
32.6748352 9.04028870889885E-001 9.58606829167509E-001
32.7747986 8.96883710677737E-001 9.50867156161355E-001
32.8747585 8.89815140203892E-001 9.43212247055256E-001
32.9747223 8.82821594350844E-001 9.35640357374411E-001
33.0746827 8.75902597502838E-001 9.28150923608692E-001
33.1746432 8.69056888602010E-001 9.20742533014075E-001
33.2746078 8.62283233752624E-001 9.13413803677055E-001
33.3745687 8.55581188504420E-001 9.06164208933820E-001
33.4745337 8.48949295632741E-001 8.98992127593938E-001
33.5744951 8.42387130352372E-001 8.91897056225456E-001
33.6744568 8.35893522442610E-001 8.84877686281104E-001
33.7744224 8.29467326683938E-001 8.77932737530340E-001
33.8743844 8.23108146221655E-001 8.71061739513536E-001
33.9743505 8.16814622719431E-001 8.64263183787985E-001
34.0743130 8.10586376953865E-001 8.57536620693087E-001
34.1742756 8.04422321751454E-001 8.50880836737015E-001
34.2742423 7.98321392981055E-001 8.44294644471672E-001
34.3742054 7.92283236471475E-001 8.37777623769282E-001
34.4741725 7.86306584642592E-001 8.31328369442921E-001
34.5741359 7.80391099143876E-001 8.24946480002433E-001
34.6740996 7.74535768826715E-001 8.18630828791240E-001
34.7740673 7.68739603806611E-001 8.12380313138028E-001
34.8740313 7.63002288221107E-001 8.06194558027693E-001
34.9739994 7.57322637891056E-001 8.00072252964841E-001
35.0739638 7.51700351160688E-001 7.94013039649233E-001
35.1739284 7.46134486566700E-001 7.88015870856286E-001
35.2738971 7.40624122293229E-001 7.82079721479636E-001
35.3738621 7.35168976885620E-001 7.76204256972262E-001
35.4738310 7.29767942903413E-001 7.70388253791237E-001
35.5737964 7.24420751658296E-001 7.64631392391831E-001
35.6737620 7.19126525640827E-001 7.58932698303933E-001
35.7737315 7.13884405517154E-001 7.53291217479720E-001
35.8736974 7.08694140757984E-001 7.47706651701913E-001
35.9736673 7.03554694618353E-001 7.42177857376264E-001
36.0736335 6.98465828048471E-001 7.36704549760588E-001
36.1735999 6.93426722303890E-001 7.31285821107517E-001
36.2735704 6.88436575473893E-001 7.25920782549253E-001
36.3735371 6.83495164842258E-001 7.20609168506615E-001
36.4735079 6.78601518870289E-001 7.15349908986478E-001
36.5734750 6.73755425170322E-001 7.10142750521294E-001
36.6734423 6.68956119058854E-001 7.04986846630303E-001
36.7734135 6.64202851461128E-001 6.99881368306994E-001
36.8733811 6.59495424689520E-001 6.94826079313353E-001
36.9733527 6.54832927418827E-001 6.89819977496454E-001
37.0733206 6.50215171259507E-001 6.84862837511280E-001
37.1732887 6.45641441318823E-001 6.79953869201372E-001
37.2732608 6.41111037193028E-001 6.75092298602603E-001
37.3732292 6.36623783729339E-001 6.70277915870473E-001
37.4732015 6.32178825268854E-001 6.65509781456543E-001
37.5731702 6.27775995033326E-001 6.60787695318955E-001
37.6731391 6.23414624039444E-001 6.56110919142626E-001
37.7731119 6.19094056768021E-001 6.51478729633909E-001
37.8730811 6.14814138365498E-001 6.46890940703640E-001
37.9730543 6.10574064692579E-001 6.42346670643123E-001
38.0730237 6.06373688441741E-001 6.37845742189249E-001
38.1729934 6.02212383006733E-001 6.33387464796723E-001
38.2729669 5.98089534306256E-001 6.28971161870815E-001
38.3729369 5.94005005779863E-001 6.24596668714091E-001
38.4729107 5.89958041021674E-001 6.20263157115793E-001
38.5728809 5.85948510273338E-001 6.15970470328980E-001
38.6728513 5.81975826086957E-001 6.11717961875415E-001
38.7728256 5.78039412677885E-001 6.07504998246779E-001
38.8727962 5.74139149976973E-001 6.03331434017690E-001
38.9727708 5.70274325850482E-001 5.99196490513865E-001
39.0727417 5.66444826362764E-001 5.95100029474688E-001
39.1727127 5.62650100287831E-001 5.91041445117451E-001
39.2726877 5.58889607271406E-001 5.87020143730254E-001
39.3726590 5.55163242115884E-001 5.83035997257038E-001
39.4726343 5.51470333791676E-001 5.79088272941091E-001
39.5726059 5.47810782633272E-001 5.75176849185352E-001
39.6725776 5.44184070954531E-001 5.71301157828964E-001
39.7725533 5.40589691213093E-001 5.67460641956517E-001
39.8725252 5.37027551625572E-001 5.63655189171752E-001
39.9725012 5.33497019363586E-001 5.59884109325532E-001
40.0724734 5.29998007634441E-001 5.56147295846100E-001
40.1724458 5.26530029839313E-001 5.52444215388943E-001
40.2724221 5.23092608852973E-001 5.48774345096467E-001
40.3723947 5.19685664994016E-001 5.45137586694940E-001
40.4723712 5.16308600972175E-001 5.41533289611762E-001
40.5723441 5.12961341608960E-001 5.37961360826804E-001
40.6723171 5.09643429147719E-001 5.34421299248197E-001
40.7722940 5.06354414687687E-001 5.30912613573078E-001
40.8722673 5.03094229466927E-001 5.27435218266707E-001
40.9722444 4.99862309287514E-001 5.23988499554246E-001
41.0722179 4.96658589450637E-001 5.20572376640459E-001
41.1721915 4.93482638984257E-001 5.17186378340721E-001
41.2721690 4.90334035202295E-001 5.13830042616554E-001
41.3721428 4.87212719195865E-001 5.10503295426050E-001
41.4721206 4.84118157610777E-001 5.07205557241738E-001
41.5720946 4.81050295204464E-001 5.03936758297905E-001
41.6720688 4.78008725901860E-001 5.00696455169093E-001
41.7720469 4.74993051387443E-001 4.97484212983203E-001
41.8720213 4.72003221643005E-001 4.94299968067877E-001
41.9719996 4.69038732088539E-001 4.91143172799642E-001
42.0719743 4.66099536013884E-001 4.88013767364497E-001
42.1719490 4.63185250507360E-001 4.84911334126658E-001
42.2719276 4.60295499930131E-001 4.81835463456510E-001
42.3719026 4.57430242285577E-001 4.78786101037980E-001
42.4718815 4.54588999861170E-001 4.75762728996144E-001
42.5718566 4.51771733644652E-001 4.72765296496189E-001
42.6718319 4.48978082294014E-001 4.69793409884343E-001
42.7718111 4.46207691289647E-001 4.66846683007366E-001
42.8717866 4.43460525871189E-001 4.63925069990823E-001
42.9717660 4.40736133435125E-001 4.61028080723649E-001
43.0717417 4.38034481912833E-001 4.58155672472104E-001
43.1717175 4.35355230065371E-001 4.55307473903570E-001
43.2716972 4.32698043058911E-001 4.52483120718257E-001
43.3716732 4.30062892659265E-001 4.49682574657191E-001
43.4716531 4.27449349748579E-001 4.46905371543815E-001
43.5716293 4.24857388519714E-001 4.44151475952097E-001
43.6716056 4.22286686485851E-001 4.41420537343045E-001
43.7715858 4.19736927178341E-001 4.38712211777454E-001
43.8715623 4.17208088246760E-001 4.36026467865079E-001
43.9715428 4.14699762558843E-001 4.33362865676028E-001
44.0715195 4.12211929951660E-001 4.30721376374715E-001
44.1714963 4.09744285444910E-001 4.28101668809491E-001
44.2714770 4.07296529717326E-001 4.25503418027153E-001
44.3714539 4.04868645720752E-001 4.22926598830860E-001
44.4714348 4.02460246921045E-001 4.20370793978559E-001
44.5714120 4.00071318240617E-001 4.17835980576297E-001
44.6713893 3.97701571056138E-001 4.15321845563838E-001
44.7713704 3.95350722069682E-001 4.12828081707084E-001
44.8713479 3.93018759008729E-001 4.10354669391508E-001
44.9713293 3.90705314652751E-001 4.07901212621849E-001
45.0713069 3.88410378503281E-001 4.05467693858565E-001
45.1712846 3.86133677232081E-001 4.03053816937463E-001
45.2712662 3.83874942526110E-001 4.00659291174795E-001
45.3712441 3.81634166411324E-001 3.98284101985105E-001
45.4712259 3.79410999790547E-001 3.95927873286492E-001
45.5712040 3.77205436285677E-001 3.93590592362078E-001
45.6711822 3.75017216881798E-001 3.91271978840078E-001
45.7711643 3.72846087290508E-001 3.88971757507884E-001
45.8711426 3.70692043403715E-001 3.86689918307977E-001
45.9711248 3.68554753143675E-001 3.84426103836845E-001
46.0711034 3.66434213836741E-001 3.82180305718523E-001
46.1710820 3.64330179872816E-001 3.79952258353770E-001
46.2710644 3.62242410099430E-001 3.77741701003680E-001
46.3710432 3.60170903882221E-001 3.75548627684543E-001
46.4710259 3.58115345138154E-001 3.73372698526415E-001
46.5710048 3.56075734520820E-001 3.71213909057604E-001
46.6709838 3.54051838983509E-001 3.69072007508113E-001
46.7709667 3.52043429686484E-001 3.66946746690065E-001
46.8709459 3.50050509113309E-001 3.64838124281854E-001
46.9709290 3.48072776223629E-001 3.62745816884909E-001
47.0709083 3.46110234656043E-001 3.60669823535904E-001
47.1708877 3.44162663147253E-001 3.58609905420839E-001
47.2708710 3.42229844407092E-001 3.56565828048609E-001
47.3708506 3.40311783714174E-001 3.54537592386318E-001
47.4708341 3.38408194185607E-001 3.52524890520402E-001
47.5708138 3.36519082134396E-001 3.50527724636776E-001
47.6707936 3.34644237357058E-001 3.48545868068358E-001
47.7707773 3.32783453404905E-001 3.46579098229225E-001
47.8707573 3.30936738058526E-001 3.44627419036429E-001
47.9707411 3.29103817768712E-001 3.42690537144675E-001
48.0707212 3.27284701240913E-001 3.40768457563266E-001
48.1707014 3.25479188659615E-001 3.38860965021776E-001
48.2706855 3.23687083760089E-001 3.36967848105328E-001
48.3706658 3.21908396558798E-001 3.35089113373487E-001
48.4706500 3.20142866073005E-001 3.33224481196498E-001
48.5706305 3.18390503144578E-001 3.31373959111295E-001
48.6706110 3.16651117721685E-001 3.29537342547819E-001
48.7705955 3.14924523112500E-001 3.27714430580833E-001
48.8705762 3.13210731327713E-001 3.25905232133327E-001
48.9705608 3.11509493235966E-001 3.24109480497259E-001
49.0705416 3.09820821583014E-001 3.22327185468683E-001
49.1705225 3.08144535500162E-001 3.20558152531183E-001
49.2705073 3.06480457300181E-001 3.18802190616193E-001
49.3704883 3.04828600768496E-001 3.17059310756719E-001
49.4704733 3.03188727958100E-001 3.15329258426843E-001
49.5704545 3.01560853307424E-001 3.13612045437911E-001
49.6704357 2.99944804590619E-001 3.11907486725996E-001
49.7704208 2.98340412596102E-001 3.10215400490761E-001
49.8704022 2.96747692684642E-001 3.08535799645082E-001
49.9703875 2.95166417470924E-001 3.06868441155583E-001
50.0703690 2.93596602894177E-001 3.05213338627447E-001
50.1703506 2.92038084868201E-001 3.03570315890000E-001
50.2703361 2.90490702164361E-001 3.01939199863665E-001
50.3703178 2.88954471537633E-001 3.00320005132151E-001
50.4703034 2.87429175582715E-001 2.98712499511161E-001
50.5702853 2.85914831565310E-001 2.97116698198557E-001
50.6702672 2.84411283069871E-001 2.95532433396287E-001
50.7702530 2.82918376391454E-001 2.93959540235801E-001
50.8702350 2.81436129514665E-001 2.92398034781743E-001
50.9702209 2.79964334470434E-001 2.90847695098028E-001
51.0702031 2.78503009692560E-001 2.89308537792455E-001
51.1701853 2.77052005998708E-001 2.87780402954540E-001
51.2701714 2.75611176779227E-001 2.86263133451809E-001
51.3701538 2.74180541098836E-001 2.84756746657323E-001
51.4701400 2.72759899915973E-001 2.83261030321704E-001
51.5701225 2.71349272688645E-001 2.81776002296667E-001
51.6701050 2.69948517059438E-001 2.80301510107062E-001
51.7700914 2.68557493114098E-001 2.78837403913619E-001
51.8700741 2.67176220861619E-001 2.77383702241088E-001
51.9700606 2.65804509711699E-001 2.75940202001698E-001
52.0700434 2.64442380015838E-001 2.74506922140250E-001
52.1700263 2.63089695860189E-001 2.73083717194985E-001
52.2700130 2.61746323652345E-001 2.71670444206590E-001
52.3699959 2.60412284222190E-001 2.70267122709125E-001
52.4699827 2.59087394984516E-001 2.68873558285015E-001
52.5699658 2.57771677065589E-001 2.67489770835135E-001
52.6699489 2.56465000638691E-001 2.66115621517153E-001
52.7699359 2.55167238084088E-001 2.64750973865847E-001
52.8699192 2.53878410940488E-001 2.63395848295236E-001
52.9699063 2.52598344209528E-001 2.62050058597758E-001
53.0698897 2.51327059684410E-001 2.60713625505901E-001
53.1698731 2.50064433292183E-001 2.59386416428681E-001
53.2698603 2.48810343059167E-001 2.58068301034393E-001
53.3698439 2.47564811131141E-001 2.56759300499547E-001
53.4698313 2.46327669704237E-001 2.55459236395343E-001
53.5698149 2.45098941140700E-001 2.54168130172843E-001
53.6697986 2.43878506809337E-001 2.52885855148272E-001
53.7697861 2.42666250076825E-001 2.51612286786305E-001
53.8697699 2.41462193603638E-001 2.50347446919253E-001
53.9697576 2.40266176412117E-001 2.49091164492686E-001
54.0697415 2.39078221344694E-001 2.47843461573598E-001
54.1697254 2.37898214919746E-001 2.46604217063461E-001
54.2697133 2.36726045557978E-001 2.45373311907868E-001
54.3696973 2.35561736350742E-001 2.44150768498085E-001
54.4696852 2.34405132800667E-001 2.42936422774581E-001
54.5696694 2.33256258149755E-001 2.41730297327116E-001
54.6696536 2.32115003792135E-001 2.40532276340981E-001
54.7696417 2.30981262934204E-001 2.39342245947340E-001
54.8696260 2.29855059022160E-001 2.38160229008511E-001
54.9696142 2.28736243713806E-001 2.36986068103559E-001
55.0695986 2.27624840577605E-001 2.35819786260462E-001
55.1695831 2.26520745626683E-001 2.34661272665962E-001
55.2695714 2.25423856601486E-001 2.33510418360087E-001
55.3695560 2.24334197234132E-001 2.32367246596459E-001
55.4695444 2.23251625031848E-001 2.31231606257977E-001
55.5695291 2.22176163823291E-001 2.30103520734147E-001
55.6695138 2.21107713999684E-001 2.28982883948478E-001
55.7695023 2.20046177599394E-001 2.27869591590452E-001
55.8694872 2.18991578578002E-001 2.26763667232683E-001
55.9694758 2.17943780004456E-001 2.25664965747186E-001
56.0694607 2.16902805907579E-001 2.24573510815465E-001
56.1694457 2.15868560830524E-001 2.23489200849529E-001
56.2694345 2.14840950887872E-001 2.22411935944980E-001
56.3694196 2.13820000202129E-001 2.21341739927891E-001
56.4694085 2.12805577133060E-001 2.20278473363328E-001
56.5693936 2.11797705855331E-001 2.19222160161799E-001
56.6693788 2.10796294851562E-001 2.18172702990805E-001
56.7693678 2.09801254104264E-001 2.17130006123672E-001
56.8693531 2.08812607851709E-001 2.16094093580571E-001
56.9693423 2.07830229489272E-001 2.15064831340953E-001
57.0693276 2.06854143288324E-001 2.14042243487285E-001
57.1693130 2.05884261471254E-001 2.13026236723745E-001
57.2693023 2.04920497692710E-001 2.12016719286879E-001
57.3692878 2.03962876260491E-001 2.11013715337231E-001
57.4692772 2.03011275365011E-001 2.10017096006181E-001
57.5692628 2.02065719329951E-001 2.09026885496548E-001
57.6692484 2.01126123929654E-001 2.08042994343577E-001
57.7692379 2.00192406306755E-001 2.07065334545452E-001
57.8692236 1.99264590796827E-001 2.06093930354515E-001
57.9692132 1.98342560158421E-001 2.05128657806742E-001
58.0691990 1.97426338727462E-001 2.04169541178656E-001
58.1691849 1.96515845653514E-001 2.03216494643254E-001
58.2691746 1.95611001393893E-001 2.02269433770820E-001
58.3691605 1.94711830274295E-001 2.01328382861605E-001
58.4691503 1.93818219407282E-001 2.00393222622978E-001
58.5691363 1.92930193104903E-001 1.99463977363040E-001
58.6691224 1.92047673725546E-001 1.98540564710680E-001
58.7691123 1.91170584878025E-001 1.97622903629965E-001
58.8690985 1.90298950844239E-001 1.96711018429451E-001
58.9690885 1.89432662888591E-001 1.95804794267890E-001
59.0690747 1.88571745266740E-001 1.94904255446961E-001
59.1690610 1.87716123389141E-001 1.94009322880276E-001
59.2690511 1.86865723862368E-001 1.93119918757822E-001
59.3690374 1.86020570894027E-001 1.92236067360769E-001
59.4690277 1.85180559709357E-001 1.91357658091574E-001
59.5690141 1.84345714478416E-001 1.90484715211271E-001
59.6690006 1.83515963515972E-001 1.89617162756981E-001
59.7689909 1.82691236281442E-001 1.88754925986518E-001
59.8689774 1.81871556880756E-001 1.87898029121543E-001
59.9689678 1.81056824319464E-001 1.87046365612077E-001
60.0689545 1.80247062655804E-001 1.86199959647721E-001
60.1689411 1.79442202969524E-001 1.85358738237208E-001
60.2689316 1.78642177436213E-001 1.84522629557191E-001
60.3689184 1.77847010035589E-001 1.83691657740956E-001
60.4689090 1.77056603382784E-001 1.82865720100747E-001
60.5688958 1.76270981400753E-001 1.82044840727094E-001
60.6688827 1.75490077802757E-001 1.81228949457127E-001
60.7688734 1.74713827351587E-001 1.80417977245864E-001
60.8688603 1.73942253878817E-001 1.79611948112329E-001
60.9688511 1.73175263447624E-001 1.78810763055762E-001
61.0688381 1.72412879824724E-001 1.78014446042850E-001
61.1688251 1.71655039232781E-001 1.77222929604027E-001
61.2688160 1.70901678900030E-001 1.76436147340164E-001
61.3688031 1.70152822490343E-001 1.75654123132852E-001
61.4687941 1.69408379362029E-001 1.74876761502573E-001
61.5687813 1.68668373106890E-001 1.74104086270022E-001
61.6687685 1.67932742339777E-001 1.73336032531442E-001
61.7687596 1.67201426639364E-001 1.72572536408482E-001
61.8687469 1.66474449484426E-001 1.71813621624613E-001
61.9687381 1.65751723383575E-001 1.71059196064692E-001
62.0687254 1.65033271737128E-001 1.70309283383661E-001
62.1687128 1.64319035441346E-001 1.69563821123189E-001
62.2687041 1.63608956316663E-001 1.68822747807593E-001
62.3686916 1.62903057641343E-001 1.68086086983803E-001
62.4686829 1.62201254937071E-001 1.67353749752512E-001
62.5686704 1.61503571398001E-001 1.66625759585345E-001
62.6686580 1.60809950097092E-001 1.65902056355659E-001
62.7686494 1.60120334993769E-001 1.65182580878853E-001
62.8686371 1.59434749152183E-001 1.64467356508958E-001
62.9686286 1.58753110976992E-001 1.63756297421802E-001
63.0686163 1.58075443443264E-001 1.63049426890107E-001
63.1686040 1.57401691701595E-001 1.62346687011426E-001
63.2685918 1.56731827233104E-001 1.61648047360327E-001
63.3685872 1.56065771102934E-001 1.60953424943900E-001
63.4685751 1.55403596914708E-001 1.60262895857066E-001
63.5685630 1.54745225933496E-001 1.59576377329707E-001
63.6685509 1.54090630627015E-001 1.58893840000785E-001
63.7685388 1.53439783703341E-001 1.58215254768497E-001
63.8685344 1.52792608877220E-001 1.57540541463130E-001
63.9685224 1.52149178073426E-001 1.56869774438334E-001
64.0685105 1.51509415192386E-001 1.56202873731387E-001
64.1684986 1.50873293879358E-001 1.55539811250972E-001
64.2684867 1.50240788007964E-001 1.54880559151925E-001
64.3684824 1.49611823830923E-001 1.54225039967227E-001
64.4684706 1.48986471636502E-001 1.53573326352932E-001
64.5684588 1.48364657849814E-001 1.52925341034285E-001
64.6684470 1.47746357235066E-001 1.52281057125806E-001
64.7684353 1.47131544773518E-001 1.51640447975844E-001
64.8684312 1.46520149149849E-001 1.51003438705713E-001
64.9684195 1.45912239057213E-001 1.50370100316610E-001
65.0684079 1.45307743340290E-001 1.49740358108381E-001
65.1683963 1.44706637826964E-001 1.49114186341165E-001
65.2683847 1.44108898551498E-001 1.48491559497301E-001
65.3683808 1.43514456529814E-001 1.47872405177863E-001
65.4683692 1.42923378900391E-001 1.47256792770979E-001
65.5683578 1.42335596827594E-001 1.46644650043445E-001
65.6683463 1.41751087150817E-001 1.46035952344222E-001
65.7683349 1.41169826905758E-001 1.45430675233498E-001
65.8683311 1.40591749343853E-001 1.44828748688977E-001
65.9683197 1.40016920088400E-001 1.44230240526556E-001
66.0683084 1.39445272528488E-001 1.43635080877716E-001
66.1682971 1.38876784465773E-001 1.43043246126641E-001
66.2682858 1.38311433888694E-001 1.42454712858396E-001
66.3682821 1.37749156193171E-001 1.41869413329311E-001
66.4682709 1.37190015525873E-001 1.41287413822945E-001
66.5682597 1.36633947410302E-001 1.40708646738259E-001
66.6682485 1.36080930563853E-001 1.40133089444075E-001
66.7682374 1.35530943881713E-001 1.39560719500322E-001
66.8682339 1.34983924817690E-001 1.38991471348785E-001
66.9682228 1.34439936079434E-001 1.38425409779635E-001
67.0682118 1.33898915238938E-001 1.37862469366888E-001
67.1682007 1.33360841885377E-001 1.37302628416229E-001
67.2681897 1.32825695777214E-001 1.36745865415218E-001
67.3681864 1.32293416343736E-001 1.36192116902484E-001
67.4681754 1.31764064890261E-001 1.35641446212821E-001
67.5681645 1.31237580955487E-001 1.35093790007377E-001
67.6681536 1.30713944958807E-001 1.34549127483570E-001
67.7681428 1.30193137480868E-001 1.34007438011961E-001
67.8681396 1.29675099847978E-001 1.33468660143712E-001
67.9681288 1.29159891998887E-001 1.32932855795317E-001
68.0681180 1.28647455361120E-001 1.32399963631394E-001
68.1681072 1.28137771144989E-001 1.31869963698428E-001
68.2680965 1.27630820714456E-001 1.31342836207806E-001
68.3680934 1.27126547218119E-001 1.30818521642963E-001
68.4680827 1.26625009263028E-001 1.30297080538256E-001
68.5680721 1.26126150091345E-001 1.29778453482116E-001
68.6680615 1.25629951667117E-001 1.29262621329765E-001
68.7680509 1.25136396100849E-001 1.28749565093522E-001
68.8680479 1.24645428292223E-001 1.28239227112677E-001
68.9680374 1.24157105550561E-001 1.27731666574698E-001
69.0680269 1.23671372861966E-001 1.27226825915968E-001
69.1680164 1.23188212909027E-001 1.26724686762291E-001
69.2680059 1.22707608513981E-001 1.26225230889189E-001
69.3680031 1.22229506259726E-001 1.25728402419000E-001
69.4679927 1.21753962190952E-001 1.25234259226660E-001
69.5679823 1.21280922970302E-001 1.24742745524221E-001
69.6679719 1.20810371965587E-001 1.24253843671968E-001
69.7679615 1.20342292677816E-001 1.23767536172917E-001
69.8679589 1.19876633308380E-001 1.23283768863069E-001
69.9679486 1.19413448669578E-001 1.22802598338306E-001
70.0679383 1.18952687036310E-001 1.22323970517453E-001
70.1679281 1.18494332430049E-001 1.21847868461095E-001
70.2679178 1.18038368999354E-001 1.21374275365940E-001
70.3679153 1.17584746502374E-001 1.20903138715506E-001
70.4679051 1.17133518550403E-001 1.20434513859225E-001
70.5678949 1.16684634969277E-001 1.19968348356998E-001
70.6678848 1.16238080404221E-001 1.19504625937352E-001
70.7678747 1.15793839621759E-001 1.19043330458666E-001
70.8678723 1.15351863877885E-001 1.18584410988889E-001
70.9678622 1.14912205613452E-001 1.18127921662756E-001
71.0678522 1.14474816146697E-001 1.17673811618584E-001
71.1678422 1.14039680718252E-001 1.17222065222177E-001
71.2678322 1.13606784684561E-001 1.16772666963255E-001
71.3678299 1.13176080743220E-001 1.16325567434002E-001
71.4678200 1.12747620194393E-001 1.15880819585380E-001
71.5678100 1.12321355792833E-001 1.15438374074323E-001
71.6678002 1.11897273347704E-001 1.14998215874855E-001
71.7677903 1.11475358778768E-001 1.14560330079288E-001
71.8677881 1.11055566171518E-001 1.14124668746590E-001
71.9677783 1.10637945714384E-001 1.13691283674054E-001
72.0677685 1.10222451545265E-001 1.13260126980148E-001
72.1677587 1.09809070016354E-001 1.12831184219566E-001
72.2677489 1.09397787585506E-001 1.12404441059956E-001
72.3677468 1.08988559674797E-001 1.11979850972218E-001
72.4677371 1.08581435389111E-001 1.11557464629273E-001
72.5677275 1.08176370198490E-001 1.11137235556616E-001
72.6677178 1.07773350973965E-001 1.10719149863486E-001
72.7677082 1.07372364687540E-001 1.10303193767012E-001
72.8677062 1.06973368048842E-001 1.09889322097631E-001
72.9676966 1.06576409106630E-001 1.09477584432415E-001
73.0676870 1.06181444614350E-001 1.09067935651810E-001
73.1676774 1.05788461938903E-001 1.08660362394812E-001
73.2676679 1.05397448543713E-001 1.08254851403504E-001
73.3676660 1.05008362379085E-001 1.07851358817798E-001
73.4676565 1.04621250464333E-001 1.07449933146667E-001
73.5676471 1.04236070789705E-001 1.07050530575753E-001
73.6676376 1.03852811196166E-001 1.06653138250280E-001
73.7676282 1.03471459616974E-001 1.06257743414003E-001
73.8676264 1.03091975198285E-001 1.05864303468461E-001
73.9676171 1.02714403955930E-001 1.05472865881533E-001
74.0676077 1.02338705072385E-001 1.05083388096485E-001
74.1675984 1.01964866841964E-001 1.04695857742439E-001
74.2675890 1.01592877647254E-001 1.04310262542713E-001
74.3675874 1.01222697787383E-001 1.03926561114724E-001
74.4675781 1.00854372299949E-001 1.03544799911530E-001
74.5675688 1.00487861517016E-001 1.03164937588533E-001
74.6675596 1.00123154166561E-001 1.02786962237540E-001
74.7675504 9.97602390610147E-002 1.02410862040439E-001
74.8675488 9.93990776114418E-002 1.02036596786765E-001
74.9675396 9.90397139017746E-002 1.01664211940313E-001
75.0675305 9.86821093728499E-002 1.01293667325112E-001
75.1675213 9.83262531675979E-002 1.00924951475498E-001
75.2675122 9.79721345097747E-002 1.00558053011982E-001
75.3675108 9.76197158830965E-002 1.00192932854348E-001
75.4675017 9.72690404417267E-002 9.98296355019966E-002
75.5674926 9.69200706962018E-002 9.94681219059417E-002
75.6674836 9.65727961866154E-002 9.91083810238976E-002
75.7674746 9.62272065304347E-002 9.87504018960385E-002
75.8674732 9.58832652464143E-002 9.83941465323262E-002
75.9674642 9.55410145821909E-002 9.80396584919536E-002
76.0674553 9.52004180805811E-002 9.76868998130631E-002
76.1674463 9.48614656619204E-002 9.73358598585394E-002
76.2674374 9.45241473206343E-002 9.69865280701942E-002
76.3674361 9.41884275744859E-002 9.66388675098017E-002
76.4674273 9.38543477871917E-002 9.62929208198741E-002
76.5674184 9.35218724980008E-002 9.59486510875184E-002
76.6674096 9.31909919913912E-002 9.56060480634737E-002
76.7674007 9.28616966228059E-002 9.52651015740463E-002
76.8673996 9.25339518744938E-002 9.49257756960794E-002
76.9673908 9.22077982482386E-002 9.45881121782886E-002
77.0673820 9.18832012453694E-002 9.42520751201897E-002
77.1673732 9.15601514991845E-002 9.39176546439047E-002
77.2673645 9.12386397109718E-002 9.35848409439250E-002
77.3673634 9.09186322943766E-002 9.32535990769617E-002
77.4673547 9.06001689106353E-002 9.29239699201916E-002
77.5673461 9.02832159902274E-002 9.25959185505141E-002
77.6673374 8.99677645006835E-002 9.22694354457592E-002
77.7673288 8.96538054746911E-002 9.19445111530828E-002
77.8673278 8.93413062255672E-002 9.16211116753302E-002
77.9673192 8.90303055947992E-002 9.12992770397865E-002
78.0673106 8.87207709104425E-002 9.09789732671666E-002
78.1673020 8.84126934603675E-002 9.06601911760868E-002
78.2672935 8.81060645949028E-002 9.03429216515929E-002
78.3672925 8.78008524966123E-002 9.00271316103261E-002
78.4672840 8.74970952074624E-002 8.97128602507350E-002
78.5672755 8.71947609227993E-002 8.94000745051656E-002
78.6672671 8.68938412375983E-002 8.90887655188135E-002
78.7672586 8.65943278067228E-002 8.87789245005447E-002
78.8672578 8.62961896527950E-002 8.84705192497872E-002
78.9672493 8.59994640379342E-002 8.81635881566305E-002
79.0672409 8.57041199957200E-002 8.78580990341870E-002
79.1672325 8.54101494156223E-002 8.75540433406993E-002
79.2672242 8.51175442445478E-002 8.72514125954517E-002
79.3672234 8.48262743171684E-002 8.69501754509155E-002
79.4672151 8.45363761348898E-002 8.66503695087364E-002
79.5672068 8.42478195416392E-002 8.63519634331852E-002
79.6671985 8.39605967093596E-002 8.60549489826583E-002
79.7671902 8.36746998650952E-002 8.57593179740887E-002
79.8671895 8.33900996286808E-002 8.54650398844523E-002
79.9671813 8.31068317594189E-002 8.51721515463213E-002
80.0671730 8.28248668848130E-002 8.48806224467126E-002
80.1671648 8.25441974478182E-002 8.45904446318886E-002
80.2671566 8.22648159442624E-002 8.43016102042603E-002
80.3671560 8.19866937533285E-002 8.40140894379182E-002
80.4671478 8.17098659103160E-002 8.37279184152001E-002
80.5671397 8.14343038005977E-002 8.34430674185976E-002
80.6671315 8.11600001272088E-002 8.31595287705245E-002
80.7671234 8.08869476439328E-002 8.28772948472667E-002
80.8671229 8.06151184645065E-002 8.25963366937335E-002
80.9671148 8.03445469178312E-002 8.23166896603512E-002
81.0671067 8.00752051224567E-002 8.20383247989023E-002
81.1670987 7.98070860310693E-002 8.17612346967807E-002
81.2670906 7.95401826450767E-002 8.14854119930817E-002
81.3670902 7.92744677889501E-002 8.12108284782816E-002
81.4670822 7.90099751023165E-002 8.09375187887166E-002
81.5670742 7.87466774131770E-002 8.06654547203125E-002
81.6670662 7.84845679139179E-002 8.03946291147880E-002
81.7670583 7.82236398437111E-002 8.01250348634911E-002
81.8670579 7.79638667148721E-002 7.98566444782091E-002
81.9670500 7.77052814944097E-002 7.95894918985225E-002
82.0670421 7.74478576969754E-002 7.93235496403416E-002
82.1670342 7.71915887451556E-002 7.90588107895426E-002
82.2670263 7.69364681064742E-002 7.87952684796538E-002
82.3670260 7.66824699590889E-002 7.85328959204669E-002
82.4670182 7.64296266135916E-002 7.82717263716673E-002
82.5670103 7.61779122493652E-002 7.80117330459350E-002
82.6670025 7.59273205101255E-002 7.77529092635999E-002
82.7669947 7.56778450827613E-002 7.74952483907561E-002
82.8669945 7.54294607901169E-002 7.72387243128003E-002
82.9669867 7.51821993021284E-002 7.69833696259230E-002
83.0669790 7.49360354418326E-002 7.67291582172600E-002
83.1669712 7.46909630654118E-002 7.64760836323304E-002
83.2669635 7.44469760705360E-002 7.62241394606160E-002
83.3669634 7.42040499043899E-002 7.59733002415833E-002
83.4669556 7.39622156115854E-002 7.57235979238815E-002
83.5669479 7.37214486385409E-002 7.54750070476485E-002
83.6669403 7.34817430456291E-002 7.52275213747457E-002
83.7669326 7.32430929330999E-002 7.49811347092764E-002
83.8669326 7.30054743529064E-002 7.47358222240693E-002
83.9669249 7.27689177392515E-002 7.44916152357519E-002
84.0669173 7.25333991424310E-002 7.42484889168311E-002
84.1669097 7.22989128191001E-002 7.40064372370608E-002
84.2669021 7.20654530642511E-002 7.37654542067917E-002
84.3669022 7.18329965157717E-002 7.35255156122963E-002
84.4668946 7.16015730119673E-002 7.32866521532782E-002
84.5668870 7.13711591882422E-002 7.30488396147657E-002
84.6668795 7.11417494899741E-002 7.28120721663307E-002
84.7668720 7.09133383994069E-002 7.25763440165708E-002
84.8668721 7.06859031222358E-002 7.23416315460380E-002
84.9668646 7.04594729149870E-002 7.21079648521999E-002
85.0668571 7.02340249801065E-002 7.18753203135091E-002
85.1668496 7.00095539444677E-002 7.16436922916389E-002
85.2668422 6.97860544704030E-002 7.14130751857863E-002
85.3668424 6.95635043139634E-002 7.11834459523400E-002
85.4668349 6.93419321636337E-002 7.09548341008226E-002
85.5668275 6.91213157715067E-002 7.07272165847300E-002
85.6668201 6.89016499390394E-002 7.05005879504599E-002
85.7668127 6.86829295018028E-002 7.02749427804984E-002
85.8668130 6.84651327493985E-002 7.00502585893178E-002
85.9668056 6.82482878156366E-002 6.98265643123992E-002
86.0667983 6.80323729855045E-002 6.96038374605871E-002
86.1667909 6.78173832284320E-002 6.93820727579505E-002
86.2667836 6.76033135466748E-002 6.91612649632730E-002
86.3667839 6.73901427471985E-002 6.89413921320167E-002
86.4667766 6.71778984221461E-002 6.87224826391508E-002
86.5667694 6.69665593732627E-002 6.85045145358290E-002
86.6667621 6.67561207316245E-002 6.82874827170449E-002
86.7667548 6.65465776599019E-002 6.80713821111931E-002
86.8667552 6.63379094668295E-002 6.78561912982625E-002
86.9667480 6.61301432155410E-002 6.76419381058751E-002
87.0667408 6.59232582089912E-002 6.74286011090825E-002
87.1667336 6.57172497338488E-002 6.72161753673486E-002
87.2667264 6.55121131071969E-002 6.70046559722810E-002
87.3667268 6.53078281245108E-002 6.67940220125366E-002
87.4667197 6.51044213322348E-002 6.65843007812015E-002
87.5667125 6.49018725195484E-002 6.63754713614140E-002
87.6667054 6.47001771229171E-002 6.61675289709320E-002
87.7666983 6.44993306080915E-002 6.59604688584537E-002
87.8666988 6.42993132428018E-002 6.57542706060231E-002
87.9666917 6.41001510687929E-002 6.55489609846576E-002
88.0666846 6.39018243470246E-002 6.53445195703469E-002
88.1666775 6.37043286582096E-002 6.51409417332307E-002
88.2666705 6.35076596112644E-002 6.49382228732375E-002
88.3666710 6.33117979322082E-002 6.47363430510702E-002
88.4666640 6.31167691697571E-002 6.45353285278126E-002
88.5666570 6.29225540427234E-002 6.43351593576197E-002
88.6666500 6.27291482707523E-002 6.41358310573532E-002
88.7666429 6.25365476006570E-002 6.39373391725610E-002
88.8666436 6.23447332032774E-002 6.37396642284071E-002
88.9666366 6.21537301456609E-002 6.35428319878519E-002
89.0666296 6.19635195910409E-002 6.33468229690582E-002
89.1666227 6.17740973929033E-002 6.31516328301895E-002
89.2666157 6.15854594309097E-002 6.29572572570387E-002
89.3666164 6.13975873077300E-002 6.27636772255418E-002
89.4666095 6.12105056198022E-002 6.25709180120317E-002
89.5666026 6.10241959618233E-002 6.23789605850261E-002
89.6665957 6.08386543162416E-002 6.21878007387983E-002
89.7665889 6.06538766907294E-002 6.19974342942394E-002
89.8665896 6.04698451072539E-002 6.18078426648534E-002
89.9665828 6.02865837024095E-002 6.16190506515370E-002
90.0665759 6.01040744898560E-002 6.14310396599942E-002
90.1665691 5.99223135763273E-002 6.12438056156339E-002
90.2665622 5.97412970928709E-002 6.10573444695133E-002
90.3665631 5.95610074686560E-002 6.08716380599676E-002
90.4665563 5.93814683909162E-002 6.06867107233516E-002
90.5665495 5.92026622802089E-002 6.05025442898516E-002
90.6665427 5.90245853630719E-002 6.03191348112451E-002
90.7665359 5.88472338894822E-002 6.01364783640289E-002
90.8665368 5.86705906841378E-002 5.99545571990795E-002
90.9665301 5.84946789951178E-002 5.97733951988166E-002
91.0665233 5.83194816382314E-002 5.95929746056495E-002
91.1665166 5.81449949555221E-002 5.94132915931554E-002
91.2665099 5.79712153116342E-002 5.92343423587395E-002
91.3665108 5.77981259155247E-002 5.90561095539591E-002
91.4665041 5.76257495860566E-002 5.88786166176255E-002
91.5664975 5.74540695230469E-002 5.87018461925394E-002
91.6664908 5.72830821799230E-002 5.85257945696964E-002
91.7664842 5.71127840319084E-002 5.83504580630664E-002
91.8664851 5.69431586613365E-002 5.81758197134377E-002
91.9664785 5.67742284675323E-002 5.80019025260693E-002
92.0664719 5.66059770234632E-002 5.78286895327301E-002
92.1664653 5.64384008899853E-002 5.76561771376339E-002
92.2664587 5.62714966489803E-002 5.74843617671485E-002
92.3664597 5.61052482456472E-002 5.73132268402390E-002
92.4664531 5.59396776691986E-002 5.71427949384039E-002
92.5664466 5.57747688552644E-002 5.69730494713512E-002
92.6664400 5.56105184683357E-002 5.68039869524826E-002
92.7664335 5.54469231931888E-002 5.66356039165684E-002
92.8664346 5.52839673277349E-002 5.64678841500740E-002
92.9664281 5.51216724602546E-002 5.63008498202740E-002
93.0664215 5.49600228789082E-002 5.61344847041630E-002
93.1664150 5.47990153481803E-002 5.59687854204650E-002
93.2664086 5.46386466521303E-002 5.58037486085183E-002
93.3664097 5.44789014315711E-002 5.56393584119766E-002
93.4664032 5.43198008827931E-002 5.54756365931783E-002
93.5663968 5.41613296366962E-002 5.53125672861143E-002
93.6663903 5.40034845542636E-002 5.51501472111212E-002
93.7663839 5.38462625153706E-002 5.49883731084261E-002
93.8663851 5.36896484942502E-002 5.48272294689079E-002
93.9663787 5.35336633039136E-002 5.46667376590148E-002
94.0663723 5.33782919085377E-002 5.45068821597921E-002
94.1663659 5.32235312622479E-002 5.43476597896282E-002
94.2663595 5.30693783374071E-002 5.41890673861072E-002
94.3663607 5.29158184325035E-002 5.40310897777056E-002
94.4663544 5.27628719857543E-002 5.38737479437936E-002
94.5663480 5.26105242854664E-002 5.37170267028621E-002
94.6663417 5.24587723756849E-002 5.35609229679335E-002
94.7663353 5.23076133180629E-002 5.34054336705579E-002
94.8663366 5.21570327264833E-002 5.32505439675044E-002
94.9663303 5.20070506726367E-002 5.30962744596488E-002
95.0663240 5.18576527601158E-002 5.29426102936411E-002
95.1663177 5.17088361197894E-002 5.27895484738545E-002
95.2663114 5.15605978995305E-002 5.26370860225500E-002
95.3663128 5.14129240200478E-002 5.24852084157928E-002
95.4663065 5.12658341945610E-002 5.23339358843278E-002
95.5663002 5.11193143333950E-002 5.21832538939850E-002
95.6662940 5.09733616512687E-002 5.20331595373362E-002
95.7662878 5.08279733793246E-002 5.18836499242259E-002
95.8662892 5.06831357368099E-002 5.17347108413175E-002
95.9662829 5.05388680863223E-002 5.15863621573729E-002
96.0662767 5.03951566366463E-002 5.14385896487197E-002
96.1662705 5.02519986834930E-002 5.12913904931004E-002
96.2662643 5.01093915384392E-002 5.11447618849384E-002
96.3662658 4.99673217112536E-002 5.09986899130835E-002
96.4662596 4.98258082215608E-002 5.08531940922537E-002
96.5662535 4.96848375686011E-002 5.07082605008773E-002
96.6662473 4.95444071263317E-002 5.05638863989576E-002
96.7662412 4.94045142840383E-002 5.04200690626103E-002
96.8662427 4.92651458342540E-002 5.02767948747348E-002
96.9662365 4.91263204610850E-002 5.01340830037418E-002
97.0662304 4.89880249464829E-002 4.99919198220373E-002
97.1662243 4.88502567400103E-002 4.98503026690887E-002
97.2662182 4.87130133060424E-002 4.97092288999304E-002
97.3662198 4.85762817123699E-002 4.95686851836386E-002
97.4662137 4.84400803148460E-002 4.94286903498566E-002
97.5662076 4.83043961706384E-002 4.92892310571083E-002
97.6662016 4.81692268023763E-002 4.91503047216380E-002
97.7661955 4.80345697470058E-002 4.90119087747317E-002
97.8661971 4.79004123403085E-002 4.88740301640247E-002
97.9661911 4.77667726169669E-002 4.87366873877411E-002
98.0661851 4.76336379021093E-002 4.85998673829170E-002
98.1661791 4.75010057889902E-002 4.84635676399896E-002
98.2661730 4.73688738847042E-002 4.83277856639326E-002
98.3661747 4.72372297859891E-002 4.81925086735673E-002
98.4661687 4.71060912132605E-002 4.80577548428613E-002
98.5661627 4.69754457525827E-002 4.79235113800011E-002
98.6661568 4.68452910654873E-002 4.77897758471317E-002
98.7661508 4.67156248268873E-002 4.76565458204495E-002
98.8661525 4.65864348876649E-002 4.75238087828243E-002
98.9661465 4.64577386606991E-002 4.73915825909487E-002
99.0661406 4.63295239861883E-002 4.72598547170333E-002
99.1661347 4.62017885916820E-002 4.71286227925409E-002
99.2661288 4.60745302176695E-002 4.69978844625192E-002
99.3661305 4.59477369625810E-002 4.68676274669762E-002
99.4661246 4.58214259383205E-002 4.67378693521358E-002
99.5661187 4.56955852326325E-002 4.66085978473318E-002
99.6661128 4.55702126369105E-002 4.64798106510462E-002
99.7661070 4.54453059550631E-002 4.63515054748965E-002
99.8661087 4.53208535266785E-002 4.62236703093374E-002
99.9661029 4.51968721690834E-002 4.60963223967591E-002
100.0660970 4.50733502111872E-002 4.59694497169362E-002
100.1660912 4.49502855061350E-002 4.58430500331580E-002
100.2660854 4.48276759191784E-002 4.57171211214167E-002
100.3660872 4.47055100248726E-002 4.55916512161322E-002
100.4660814 4.45838043522068E-002 4.54666572623308E-002
100.5660756 4.44625474650713E-002 4.53421274837549E-002
100.6660698 4.43417372763496E-002 4.52180597063723E-002
100.7660640 4.42213717106373E-002 4.50944517684379E-002
100.8660658 4.41014395714582E-002 4.49712921420576E-002
100.9660601 4.39819571055477E-002 4.48485974812026E-002
101.0660543 4.38629131057862E-002 4.47263562473121E-002
101.1660486 4.37443055428560E-002 4.46045663269836E-002
101.2660428 4.36261323987726E-002 4.44832256187014E-002
101.3660447 4.35083827002147E-002 4.43623228261739E-002
101.4660390 4.33910724175980E-002 4.42418743184689E-002
101.5660333 4.32741905669857E-002 4.41218687886462E-002
101.6660275 4.31577351749917E-002 4.40023041819609E-002
101.7660218 4.30417042791986E-002 4.38831784551689E-002
101.8660238 4.29260871238047E-002 4.37644805376859E-002
101.9660181 4.28108994086934E-002 4.36462265196758E-002
102.0660124 4.26961303674817E-002 4.35284053199306E-002
102.1660067 4.25817780809172E-002 4.34110149404634E-002
102.2660011 4.24678406403643E-002 4.32940533944175E-002
102.3660031 4.23543075020775E-002 4.31775098312010E-002
102.4659974 4.22411941010538E-002 4.30614000679263E-002
102.5659918 4.21284898830062E-002 4.29457132434091E-002
102.6659861 4.20161929810837E-002 4.28304474145922E-002
102.7659805 4.19043015387130E-002 4.27156006491905E-002
102.8659825 4.17928052189077E-002 4.26011623110657E-002
102.9659769 4.16817191972854E-002 4.24871479499859E-002
103.0659713 4.15710331263631E-002 4.23735469192577E-002
103.1659657 4.14607451900222E-002 4.22603573289913E-002
103.2659601 4.13508535820950E-002 4.21475772997249E-002
103.3659622 4.12413481672163E-002 4.20351964044033E-002
103.4659566 4.11322438669978E-002 4.19232299310176E-002
103.5659511 4.10235305356278E-002 4.18116674420001E-002
103.6659455 4.09152064061112E-002 4.17005070989317E-002
103.7659400 4.08072697210900E-002 4.15897470734890E-002
103.8659421 4.06997105418370E-002 4.14793771424914E-002
103.9659365 4.05925435411998E-002 4.13694123375852E-002
104.0659310 4.04857587700595E-002 4.12598424251253E-002
104.1659255 4.03793545089949E-002 4.11506656165276E-002
104.2659200 4.02733290479181E-002 4.10418801329837E-002
104.3659221 4.01676726399058E-002 4.09334759501368E-002
104.4659166 4.00623997141572E-002 4.08254678485876E-002
104.5659112 3.99575005134155E-002 4.07178457935666E-002
104.6659057 3.98529733643389E-002 4.06106080447489E-002
104.7659002 3.97488166026269E-002 4.05037528712770E-002
104.8659024 3.96450206684689E-002 4.03972704427171E-002
104.9658969 3.95415997524073E-002 4.02911752937955E-002
105.0658915 3.94385442843610E-002 4.01854575837227E-002
105.1658860 3.93358526356267E-002 4.00801156189135E-002
105.2658806 3.92335231862606E-002 3.99751477149534E-002
105.3658828 3.91315465590134E-002 3.98705442305775E-002
105.4658774 3.90299367106419E-002 3.97663194596834E-002
105.5658720 3.89286842536919E-002 3.96624637507112E-002
105.6658666 3.88277876027096E-002 3.95589754553513E-002
105.7658612 3.87272451807289E-002 3.94558529341779E-002
105.8658634 3.86270477886430E-002 3.93530867304821E-002
105.9658580 3.85272091541781E-002 3.92506909022565E-002
106.0658527 3.84277200680919E-002 3.91486559825616E-002
106.1658473 3.83285789868402E-002 3.90469803669509E-002
106.2658419 3.82297843751040E-002 3.89456624595855E-002
106.3658442 3.81313272076305E-002 3.88446929838352E-002
106.4658389 3.80332209877559E-002 3.87440857665935E-002
106.5658335 3.79354566801640E-002 3.86438315210670E-002
106.6658282 3.78380327819274E-002 3.85439286853108E-002
106.7658229 3.77409477980910E-002 3.84443757057206E-002
106.8658252 3.76441928730921E-002 3.83451634813993E-002
106.9658199 3.75477812904069E-002 3.82463056128313E-002
107.0658146 3.74517041844839E-002 3.81477929890269E-002
107.1658093 3.73559600917657E-002 3.80496240892289E-002
107.2658040 3.72605475564229E-002 3.79517974007639E-002
107.3658063 3.71654578885392E-002 3.78543039942480E-002
107.4658011 3.70707041561533E-002 3.77571572483357E-002
107.5657958 3.69762776594378E-002 3.76603482236246E-002
107.6657905 3.68821769730014E-002 3.75638754392777E-002
107.7657853 3.67884006789459E-002 3.74677374222941E-002
107.8657877 3.66949402490744E-002 3.73719254107071E-002
107.9657824 3.66018085403061E-002 3.72764525658104E-002
108.0657772 3.65089970146123E-002 3.71813101156947E-002
108.1657720 3.64165042836072E-002 3.70864966182208E-002
108.2657667 3.63243289661701E-002 3.69920106388461E-002
108.3657692 3.62324626920095E-002 3.68978435790429E-002
108.4657639 3.61409181111406E-002 3.68040083871073E-002
108.5657587 3.60496868435213E-002 3.67104964546474E-002
108.6657536 3.59587675366501E-002 3.66173063770418E-002
108.7657484 3.58681588450708E-002 3.65244367570344E-002
108.8657508 3.57778525526914E-002 3.64318791556724E-002
108.9657456 3.56878611067400E-002 3.63396463125151E-002
109.0657405 3.55981762814574E-002 3.62477297788257E-002
