0.0053140 4.42413416277025E+000 2.02409264697008E+003
0.0210792 1.70728346648049E+001 1.98429361824772E+003
0.0467942 3.62527540729229E+001 1.92163789949717E+003
0.0817065 5.96482552628131E+001 1.84081972255664E+003
0.1249105 8.48422404137574E+001 1.74709993694086E+003
0.1754417 1.09729142561308E+002 1.64556125032186E+003
0.2323515 1.32736430520266E+002 1.54061185762131E+003
0.2947571 1.52868280721555E+002 1.43575575149002E+003
0.3618673 1.69633706826290E+002 1.33357028864970E+003
0.4329916 1.82925060812250E+002 1.23580607630847E+003
0.5075377 1.92892444605011E+002 1.14354068466489E+003
0.5850032 1.99837846241195E+002 1.05733848973858E+003
0.6649650 2.04136176406525E+002 9.77393560720182E+002
0.7470680 2.06181783800848E+002 9.03645544522527E+002
0.8310139 2.06355317570910E+002 8.35869422317402E+002
0.9165527 2.05005432930845E+002 7.73740583188319E+002
1.0034738 2.02440422668901E+002 7.16881271280063E+002
1.0915995 1.98926127506582E+002 6.64892387281901E+002
1.1807797 1.94687487496836E+002 6.17374233312967E+002
1.2708868 1.89912065012775E+002 5.73940171179625E+002
1.3618115 1.84754361190196E+002 5.34224318125518E+002
1.4534610 1.79340282166733E+002 4.97885607493717E+002
1.5457546 1.73771500569173E+002 4.64610042656764E+002
1.6386236 1.68129261023755E+002 4.34110221355059E+002
1.7320075 1.62477923998361E+002 4.06125142761622E+002
1.8258543 1.56867838014186E+002 3.80418262804255E+002
1.9201186 1.51337899956132E+002 3.56776005760415E+002
2.0147601 1.45917711043233E+002 3.35006047421834E+002
2.1097440 1.40629248951611E+002 3.14935056863570E+002
2.2050388 1.35488431262006E+002 2.96407298053625E+002
2.3006174 1.30506229522727E+002 2.79282570653314E+002
2.3964555 1.25689695960153E+002 2.63434778748499E+002
2.4925310 1.21042803618761E+002 2.48750572282232E+002
2.5888248 1.16567025407743E+002 2.35127766429071E+002
2.6853193 1.12261958281936E+002 2.22474429037654E+002
2.7819988 1.08125682074630E+002 2.10707574788535E+002
2.8788497 1.04155145002888E+002 1.99752312760656E+002
2.9758588 1.00346474120471E+002 1.89541058761954E+002
3.0730149 9.66951384432549E+001 1.80012593598845E+002
3.1703074 9.31962048398623E+001 1.71111579023465E+002
3.2677268 8.98444224752638E+001 1.62787790082705E+002
3.3652646 8.66343742934467E+001 1.54995669861811E+002
3.4629133 8.35605456698111E+001 1.47693794167415E+002
3.5606650 8.06174544417511E+001 1.40844583158082E+002
3.6585133 7.77996189810274E+001 1.34413714243673E+002
3.7564523 7.51016603972206E+001 1.28369926491209E+002
3.8544764 7.25183199969958E+001 1.22684684413138E+002
3.9525810 7.00444716989808E+001 1.17331885455215E+002
4.0507604 6.76751858368529E+001 1.12287721540650E+002
4.1490108 6.54056701053187E+001 1.07530312637031E+002
4.2473280 6.32313245768595E+001 1.03039619429531E+002
4.3457083 6.11477335380855E+001 9.87972461822001E+001
4.4441489 5.91506573414679E+001 9.47862690637357E+001
4.5426454 5.72360691371114E+001 9.09911742375231E+001
4.6411954 5.54000951860471E+001 8.73976199327921E+001
4.7397961 5.36390495187123E+001 8.39924031406385E+001
4.8384450 5.19494194609205E+001 8.07633402260256E+001
4.9371399 5.03278526397431E+001 7.76991628570510E+001
5.0358779 4.87711817009448E+001 7.47894946402513E+001
5.1346571 4.72763717521493E+001 7.20246903852516E+001
5.2334756 4.58405452406459E+001 6.93958291693161E+001
5.3323316 4.44609676362823E+001 6.68946395324828E+001
5.4312238 4.31350348207636E+001 6.45134342276512E+001
5.5301496 4.18602917840283E+001 6.22451059479794E+001
5.6291079 4.06343884942980E+001 6.00830146748071E+001
5.7280973 3.94550993772116E+001 5.80209931268261E+001
5.8271164 3.83203110010078E+001 5.60532982928302E+001
5.9261644 3.72280113046960E+001 5.41745691459985E+001
6.0252392 3.61763047836202E+001 5.23798314944606E+001
6.1243401 3.51633760322001E+001 5.06644163943695E+001
6.2234659 3.41875057772808E+001 4.90239709312483E+001
6.3226158 3.32470608057115E+001 4.74544257970185E+001
6.4217891 3.23404851815326E+001 4.59519670063220E+001
6.5209840 3.14663130584943E+001 4.45130447539029E+001
6.6202001 3.06231386531783E+001 4.31343126052477E+001
6.7194366 2.98096297992321E+001 4.18126400814283E+001
6.8186927 2.90245198571837E+001 4.05450903086097E+001
6.9179682 2.82666006704812E+001 3.93289005283523E+001
7.0172613 2.75347335850297E+001 3.81614923499092E+001
7.1165720 2.68278246455923E+001 3.70404252869074E+001
7.2158999 2.61448330163641E+001 3.59634043859997E+001
7.3152432 2.54847805143042E+001 3.49282895550130E+001
7.4146030 2.48467139633288E+001 3.39330314144397E+001
7.5139770 2.42297496699311E+001 3.29757364554201E+001
7.6133666 2.36330223462766E+001 3.20545832137498E+001
7.7127702 2.30557245782769E+001 3.11678798686975E+001
7.8121865 2.24970862382485E+001 3.03140286933457E+001
7.9116168 2.19563573520543E+001 2.94914969180066E+001
8.0110589 2.14328430934199E+001 2.86988672541034E+001
8.1105143 2.09258607292944E+001 2.79347697597984E+001
8.2099815 2.04347733109905E+001 2.71979305390082E+001
8.3094593 1.99589724362508E+001 2.64871433120950E+001
8.4089492 1.94978638290421E+001 2.58012459936766E+001
8.5084489 1.90508973466076E+001 2.51391635938113E+001
8.6079599 1.86175304456136E+001 2.44998521573193E+001
8.7074812 1.81972571038722E+001 2.38823401062925E+001
8.8070112 1.77895932834750E+001 2.32857051675796E+001
8.9065517 1.73940647078859E+001 2.27090552616961E+001
9.0061006 1.70102327279449E+001 2.21515650810992E+001
9.1056593 1.66376631231962E+001 2.16124294666316E+001
9.2052267 1.62759510580629E+001 2.10908986641534E+001
9.3048016 1.59247087373739E+001 2.05862593573634E+001
9.4043856 1.55835549749556E+001 2.00978188718601E+001
9.5039766 1.52521375991508E+001 1.96249365014178E+001
9.6035763 1.49301066490839E+001 1.91669843634634E+001
9.7031836 1.46171360132851E+001 1.87233776079405E+001
9.8027972 1.43129128774180E+001 1.82935586482852E+001
9.9024188 1.40171287639766E+001 1.78769839580197E+001
10.0020464 1.37294990294917E+001 1.74731510222084E+001
10.1016817 1.34497397057022E+001 1.70815651931593E+001
10.2013235 1.31775863471941E+001 1.67017656973858E+001
10.3009707 1.29127849548283E+001 1.63333123944046E+001
10.4006251 1.26550842322321E+001 1.59757746310447E+001
10.5002846 1.24042526259079E+001 1.56287545353502E+001
10.5999509 1.21600582090882E+001 1.52918587388668E+001
10.6996230 1.19222851691745E+001 1.49647208711239E+001
10.7992996 1.16907259549235E+001 1.46469903423256E+001
10.8989827 1.14651745465403E+001 1.43383228524420E+001
10.9986702 1.12454414096808E+001 1.40384006145217E+001
11.0983637 1.10313359351684E+001 1.37469080628627E+001
11.1980623 1.08226809207656E+001 1.34635513980956E+001
11.2977649 1.06193057401477E+001 1.31880490090322E+001
11.3974732 1.04210404630903E+001 1.29201233280719E+001
11.4971853 1.02277290300851E+001 1.26595184653680E+001
11.5969029 1.00392138517332E+001 1.24059792104487E+001
11.6966250 9.85534857821617E+000 1.21592680892580E+001
11.7963505 9.67599212698157E+000 1.19191571273032E+001
11.8960812 9.50100352049230E+000 1.16854208118221E+001
11.9958151 9.33025353634480E+000 1.14578515329781E+001
12.0955540 9.16361114179488E+000 1.12362413286093E+001
12.1952970 9.00095479492347E+000 1.10203968326926E+001
12.2950428 8.84216719842487E+000 1.08101321462741E+001
12.3947934 8.68713074672314E+000 1.06052627179443E+001
12.4945468 8.53573786443562E+000 1.04056189193158E+001
12.5943047 8.38787900849610E+000 1.02110300912268E+001
12.6940662 8.24345270492704E+000 1.00213376970520E+001
12.7938302 8.10236092015309E+000 9.83638911625466E+000
12.8935986 7.96450502854767E+000 9.65603229318619E+000
12.9933693 7.82979501779420E+000 9.48012771828359E+000
13.0931443 7.69813883673714E+000 9.30853441808351E+000
13.1929224 7.56945133895978E+000 9.14112157339944E+000
13.2927027 7.44365018213567E+000 8.97776308715138E+000
13.3924871 7.32065224241444E+000 8.81833288086867E+000
13.4922734 7.20038183713100E+000 8.66271550771045E+000
13.5920637 7.08276123333043E+000 8.51079379432389E+000
13.6918568 6.96771864252196E+000 8.36245914056928E+000
13.7916517 6.85518457385055E+000 8.21760674166062E+000
13.8914504 6.74508863404838E+000 8.07613143443728E+000
13.9912508 6.63736689480073E+000 7.93793713136792E+000
14.0910548 6.53195340675939E+000 7.80292587411371E+000
14.1908615 6.42878736773551E+000 7.67100699617637E+000
14.2906697 6.32780986777179E+000 7.54209290149737E+000
14.3904813 6.22896102333951E+000 7.41609538029526E+000
14.4902944 6.13218659752834E+000 7.29293402298952E+000
14.5901109 6.03743038874071E+000 7.17252648659191E+000
14.6899298 5.94464067628667E+000 7.05479667276875E+000
14.7897500 5.85376730540651E+000 6.93967098245525E+000
14.8895734 5.76475911249017E+000 6.82707503505746E+000
14.9893980 5.67756989035654E+000 6.71694119640604E+000
15.0892259 5.59215154083194E+000 6.60919989221763E+000
15.1890558 5.50845988649684E+000 6.50378693033203E+000
15.2888878 5.42645127763876E+000 6.40063919164674E+000
15.3887200 5.34608490166472E+000 6.29969751541477E+000
15.4885562 5.26731663667940E+000 6.20089896227448E+000
15.5883943 5.19010820322374E+000 6.10418829013638E+000
15.6882343 5.11442095967763E+000 6.00951014086506E+000
15.7880763 5.04021740967386E+000 5.91681091823050E+000
15.8879183 4.96746253684802E+000 5.82604043586934E+000
15.9877640 4.89611824385409E+000 5.73714496627595E+000
16.0876115 4.82615164123813E+000 5.65007756745068E+000
16.1874608 4.75752943481997E+000 5.56479106451481E+000
16.2873119 4.69021929346587E+000 5.48123974422438E+000
16.3871628 4.62419106413972E+000 5.39938084771753E+000
16.4870172 4.55941172767880E+000 5.31916830686168E+000
16.5868734 4.49585292444256E+000 5.24056206265683E+000
16.6867312 4.43348586414983E+000 5.16352174198065E+000
16.7865905 4.37228256968904E+000 5.08800819027598E+000
16.8864496 4.31221698545049E+000 5.01398482663598E+000
16.9863121 4.25326039068762E+000 4.94141198354364E+000
17.0861762 4.19538824809780E+000 4.87025533775121E+000
17.1860417 4.13857557621558E+000 4.80048019716720E+000
17.2859087 4.08279808290386E+000 4.73205289040870E+000
17.3857753 4.02803317832694E+000 4.66494199952019E+000
17.4856452 3.97425579471922E+000 4.59911323128234E+000
17.5855166 3.92144463264647E+000 4.53453706433050E+000
17.6853893 3.86957794415501E+000 4.47118357348382E+000
17.7852633 3.81863456784721E+000 4.40902369236853E+000
17.8851368 3.76859485645887E+000 4.34803033712413E+000
17.9850136 3.71943685861589E+000 4.28817374758028E+000
18.0848916 3.67114202783524E+000 4.22942844013042E+000
18.1847709 3.62369137147532E+000 4.17176850705035E+000
18.2846515 3.57706639780766E+000 4.11516876627969E+000
18.3845314 3.53124996695755E+000 4.05960578779657E+000
18.4844144 3.48622279596380E+000 4.00505365144228E+000
18.5842986 3.44196868732088E+000 3.95149028304811E+000
18.6841841 3.39847100458436E+000 3.89889317487811E+000
18.7840706 3.35571354056917E+000 3.84724043484536E+000
18.8839565 3.31368129937022E+000 3.79651172579432E+000
18.9838453 3.27235729092622E+000 3.74668439389250E+000
19.0837353 3.23172732884141E+000 3.69773925533106E+000
19.1836263 3.19177679844842E+000 3.64965669125647E+000
19.2835185 3.15249145415961E+000 3.60241760714764E+000
19.3834098 3.11385813938113E+000 3.55600429400029E+000
19.4833041 3.07586184095928E+000 3.51039688724242E+000
19.5831994 3.03849009995983E+000 3.46557866267730E+000
19.6830957 3.00173004222146E+000 3.42153246538297E+000
19.7829930 2.96556911193340E+000 3.37824158864559E+000
19.8828894 2.92999573547198E+000 3.33569056496344E+000
19.9827887 2.89499660969263E+000 3.29386192057016E+000
20.0826889 2.86056076412781E+000 3.25274103190727E+000
20.1825901 2.82667682769442E+000 3.21231285316298E+000
20.2824922 2.79333370474566E+000 3.17256272301163E+000
20.3823934 2.76052118817627E+000 3.13347709242250E+000
20.4822973 2.72822745860980E+000 3.09504054424631E+000
20.5822022 2.69644283197141E+000 3.05724025518465E+000
20.6821079 2.66515723913805E+000 3.02006299106665E+000
20.7820145 2.63436084999596E+000 2.98349584865667E+000
20.8819201 2.60404464056553E+000 2.94752692644339E+000
20.9818284 2.57419808279949E+000 2.91214258248653E+000
21.0817375 2.54481260758537E+000 2.87733154142205E+000
21.1816475 2.51587927682693E+000 2.84308213036382E+000
21.2815583 2.48738936041558E+000 2.80938296218759E+000
21.3814680 2.45933486160489E+000 2.77622355477177E+000
21.4813803 2.43170637944574E+000 2.74359180351508E+000
21.5812935 2.40449631388509E+000 2.71147776823794E+000
21.6812074 2.37769671210560E+000 2.67987112585073E+000
21.7811221 2.35129980277582E+000 2.64876180078125E+000
21.8810357 2.32529848344870E+000 2.61814053752527E+000
21.9809519 2.29968433966709E+000 2.58799656701569E+000
22.0808688 2.27445061587467E+000 2.55832110423634E+000
22.1807864 2.24959021987320E+000 2.52910499660310E+000
22.2807048 2.22509621824111E+000 2.50033930655862E+000
22.3806219 2.20096228913006E+000 2.47201584175475E+000
22.4805416 2.17718088382405E+000 2.44412499684909E+000
22.5804621 2.15374598460171E+000 2.41665898914123E+000
22.6803832 2.13065125294154E+000 2.38960968403790E+000
22.7803050 2.10789048958233E+000 2.36296913427820E+000
22.8802255 2.08545805573979E+000 2.33673007160113E+000
22.9801486 2.06334716443172E+000 2.31088390762319E+000
23.0800723 2.04155244417511E+000 2.28542373175837E+000
23.1799967 2.02006821811725E+000 2.26034229724174E+000
23.2799217 1.99888893184597E+000 2.23563252095921E+000
23.3798454 1.97800954573815E+000 2.21128794004198E+000
23.4797716 1.95742394470300E+000 2.18730085728672E+000
23.5796984 1.93712732461818E+000 2.16366512296235E+000
23.6796259 1.91711459092032E+000 2.14037426669644E+000
23.7795539 1.89738075695132E+000 2.11742196145500E+000
23.8794806 1.87792130987665E+000 2.09480244814450E+000
23.9794098 1.85873072867589E+000 2.07250881261330E+000
24.0793395 1.83980470848046E+000 2.05053557062461E+000
24.1792698 1.82113866834803E+000 2.02887693250638E+000
24.2792007 1.80272812264749E+000 2.00752723445100E+000
24.3791302 1.78456902274245E+000 1.98648133388715E+000
24.4790621 1.76665637409454E+000 1.96573300648140E+000
24.5789946 1.74898631213019E+000 1.94527735151997E+000
24.6789277 1.73155470997153E+000 1.92510917761933E+000
24.7788612 1.71435752511224E+000 1.90522340418548E+000
24.8787934 1.69739111884653E+000 1.88561543003704E+000
24.9787279 1.68065096426572E+000 1.86627964003657E+000
25.0786630 1.66413358592435E+000 1.84721164633440E+000
25.1785986 1.64783525922587E+000 1.82840678466206E+000
25.2785347 1.63175233441917E+000 1.80986048849975E+000
25.3784693 1.61588153556289E+000 1.79156863318397E+000
25.4784064 1.60021875200455E+000 1.77352614286275E+000
25.5783439 1.58476085291515E+000 1.75572908147884E+000
25.6782819 1.56950447084604E+000 1.73817325024533E+000
25.7782204 1.55444630487922E+000 1.72085453681288E+000
25.8781574 1.53958340074678E+000 1.70376923687543E+000
25.9780968 1.52491201909938E+000 1.68691275308202E+000
26.0780366 1.51042933491223E+000 1.67028154824568E+000
26.1779769 1.49613229845493E+000 1.65387183554984E+000
26.2779176 1.48201791925361E+000 1.63767990477988E+000
26.3778568 1.46808352883379E+000 1.62170242324510E+000
26.4777984 1.45432571972256E+000 1.60593521910922E+000
26.5777404 1.44074193878048E+000 1.59037510808078E+000
26.6776829 1.42732941947072E+000 1.57501866873774E+000
26.7776257 1.41408544813519E+000 1.55986254768635E+000
26.8775671 1.40100761069387E+000 1.54490374144408E+000
26.9775108 1.38809279689232E+000 1.53013845738556E+000
27.0774549 1.37533869576961E+000 1.51556382407904E+000
27.1773994 1.36274279368635E+000 1.50117674485949E+000
27.2773442 1.35030262427795E+000 1.48697418359889E+000
27.3772876 1.33801600032264E+000 1.47295342904014E+000
27.4772333 1.32588007825197E+000 1.45911102720719E+000
27.5771793 1.31389276321063E+000 1.44544438458286E+000
27.6771257 1.30205176781486E+000 1.43195069371985E+000
27.7770725 1.29035484702142E+000 1.41862720114729E+000
27.8770178 1.27880001626823E+000 1.40547145550796E+000
27.9769653 1.26738467171760E+000 1.39248030586075E+000
28.0769132 1.25610691168992E+000 1.37965140603271E+000
28.1768615 1.24496465158051E+000 1.36698220664340E+000
28.2768101 1.23395584477194E+000 1.35447020653055E+000
28.3767572 1.22307868805372E+000 1.34211318591956E+000
28.4767065 1.21233079347310E+000 1.32990826556343E+000
28.5766562 1.20171043232030E+000 1.31785331983203E+000
28.6766062 1.19121570204133E+000 1.30594603004771E+000
28.7765565 1.18084473422115E+000 1.29418412068616E+000
28.8765053 1.17059588820165E+000 1.28256557869668E+000
28.9764563 1.16046697077784E+000 1.27108776888601E+000
29.0764077 1.15045640837036E+000 1.25974876262047E+000
29.1763593 1.14056246213853E+000 1.24854644783672E+000
29.2763113 1.13078342397231E+000 1.23747875116071E+000
29.3762617 1.12111779914905E+000 1.22654384439803E+000
29.4762144 1.11156357043912E+000 1.21573931198107E+000
29.5761673 1.10211930361421E+000 1.20506340154368E+000
29.6761206 1.09278340729442E+000 1.19451418638862E+000
29.7760741 1.08355431780635E+000 1.18408977456528E+000
29.8760261 1.07443067164808E+000 1.17378850346097E+000
29.9759803 1.06541061086187E+000 1.16360815550021E+000
30.0759347 1.05649282658810E+000 1.15354713630015E+000
30.1758895 1.04767586047681E+000 1.14360368574943E+000
30.2758445 1.03895827919641E+000 1.13377607499459E+000
30.3757980 1.03033883741238E+000 1.12406278998267E+000
30.4757536 1.02181582154926E+000 1.11446179193390E+000
30.5757095 1.01338803570454E+000 1.10497162829002E+000
30.6756657 1.00505414172217E+000 1.09559068889489E+000
30.7756221 9.96812824070929E-001 1.08631739175734E+000
30.8755770 9.88662943984340E-001 1.07715035632351E+000
30.9755340 9.80602918973021E-001 1.06808770554270E+000
31.0754913 9.72631655055561E-001 1.05912811437458E+000
31.1754469 9.64748072375526E-001 1.05027027585662E+000
31.2754067 9.56950513395802E-001 1.04151223647251E+000
31.3753629 9.49238384221426E-001 1.03285323979677E+000
31.4753231 9.41609927308143E-001 1.02429122492892E+000
31.5752798 9.34064574880277E-001 1.01582546881056E+000
31.6752368 9.26600903563198E-001 1.00745429019622E+000
31.7751978 9.19217521029100E-001 9.99176045246076E-001
31.8751552 9.11913896559459E-001 9.90990058181563E-001
31.9751168 9.04688396732648E-001 9.82894419114136E-001
32.0750747 8.97540514197710E-001 9.74888482041751E-001
32.1750329 8.90468930476450E-001 9.66970694040289E-001
32.2749952 8.83472355609607E-001 9.59139536431835E-001
32.3749539 8.76550315414943E-001 9.51394405429186E-001
32.4749166 8.69701290001802E-001 9.43733528803473E-001
32.5748758 8.62924826113210E-001 9.36156329368187E-001
32.6748352 8.56219700979605E-001 9.28661370891729E-001
32.7747986 8.49584718064064E-001 9.21247248542260E-001
32.8747585 8.43019453824878E-001 9.13913422864964E-001
32.9747223 8.36522492358349E-001 9.06658247305861E-001
33.0746827 8.30093428877511E-001 8.99481206197816E-001
33.1746432 8.23731128057219E-001 8.92380969581846E-001
33.2746078 8.17434478733998E-001 8.85356236329992E-001
33.3745687 8.11203102765032E-001 8.78406524533025E-001
33.4745337 8.05035679620233E-001 8.71530302536482E-001
33.5744951 7.98931847980105E-001 8.64727109723676E-001
33.6744568 7.92890552519150E-001 8.57995713056295E-001
33.7744224 7.86910760194774E-001 8.51334906005163E-001
33.8743844 7.80992133597124E-001 8.44744258184368E-001
33.9743505 7.75133439784540E-001 8.38222343135222E-001
34.0743130 7.69334356449705E-001 8.31768749548184E-001
34.1742756 7.63593901550248E-001 8.25382332898793E-001
34.2742423 7.57911113619797E-001 8.19061973069651E-001
34.3742054 7.52285691822966E-001 8.12807285847179E-001
34.4741725 7.46716483759513E-001 8.06616941215953E-001
34.5741359 7.41203202161665E-001 8.00490572067820E-001
34.6740996 7.35744932201912E-001 7.94427114823240E-001
34.7740673 7.30340778075770E-001 7.88425528403751E-001
34.8740313 7.24990471811732E-001 7.82485470007464E-001
34.9739994 7.19692935163017E-001 7.76605698155563E-001
35.0739638 7.14447912355030E-001 7.70785885396536E-001
35.1739284 7.09254550284839E-001 7.65025042270938E-001
35.2738971 7.04112013457646E-001 7.59322200089633E-001
35.3738621 6.99020063451173E-001 7.53677053221754E-001
35.4738310 6.93977690373450E-001 7.48088441571838E-001
35.5737964 6.88984666773728E-001 7.42556073294707E-001
35.6737620 6.84040196299478E-001 7.37079026888094E-001
35.7737315 6.79143498915482E-001 7.31656400046100E-001
35.8736974 6.74294362784508E-001 7.26287920526879E-001
35.9736673 6.69491841098542E-001 7.20972503137256E-001
36.0736335 6.64735731895242E-001 7.15709888024472E-001
36.1735999 6.60025291059889E-001 7.10499216070280E-001
36.2735704 6.55359789615878E-001 7.05339645919458E-001
36.3735371 6.50739039657479E-001 7.00230935342343E-001
36.4735079 6.46162152663167E-001 6.95172068167682E-001
36.5734750 6.41628949619680E-001 6.90162813306936E-001
36.6734423 6.37138734550918E-001 6.85202368979015E-001
36.7734135 6.32690825540292E-001 6.80289949858761E-001
36.8733811 6.28285056235715E-001 6.75425340710285E-001
36.9733527 6.23920592029904E-001 6.70607589041524E-001
37.0733206 6.19597274582282E-001 6.65836489641356E-001
37.1732887 6.15314452326971E-001 6.61111293489391E-001
37.2732608 6.11071486769776E-001 6.56431266827591E-001
37.3732292 6.06868230979382E-001 6.51796218712932E-001
37.4732015 6.02703900272994E-001 6.47205255471751E-001
37.5731702 5.98578354940081E-001 6.42658195186129E-001
37.6731391 5.94490984429637E-001 6.38154337440959E-001
37.7731119 5.90441190356542E-001 6.33692995992177E-001
37.8730811 5.86428843295331E-001 6.29274001770313E-001
37.9730543 5.82453204842498E-001 6.24896515491994E-001
38.0730237 5.78514152082989E-001 6.20560376216792E-001
38.1729934 5.74611112384869E-001 6.16264928356939E-001
38.2729669 5.70743524450516E-001 6.12009529496602E-001
38.3729369 5.66911274639539E-001 6.07794030270678E-001
38.4729107 5.63113667493318E-001 6.03617641746949E-001
38.5728809 5.59350595243124E-001 5.99480221885379E-001
38.6728513 5.55621520350072E-001 5.95381156486419E-001
38.7728256 5.51925915845277E-001 5.91319843606658E-001
38.8727962 5.48263682325773E-001 5.87296151638564E-001
38.9727708 5.44634164224130E-001 5.83309338312159E-001
39.0727417 5.41037267434224E-001 5.79359278622967E-001
39.1727127 5.37472486927487E-001 5.75445396625152E-001
39.2726877 5.33939327542066E-001 5.71567127788559E-001
39.3726590 5.30437702719335E-001 5.67724356514435E-001
39.4726343 5.26966993983228E-001 5.63916383821877E-001
39.5726059 5.23527119554257E-001 5.60143100066205E-001
39.6725776 5.20117604551120E-001 5.56403964694995E-001
39.7725533 5.16737983311385E-001 5.52698447799275E-001
39.8725252 5.13388180865809E-001 5.49026448216773E-001
39.9725012 5.10067613259766E-001 5.45387307167543E-001
40.0724734 5.06776209836531E-001 5.41780928859545E-001
40.1724458 5.03513523697635E-001 5.38206805520624E-001
40.2724221 5.00279116566040E-001 5.34664439311728E-001
40.3723947 4.97072923930527E-001 5.31153742092254E-001
40.4723712 4.93894393996410E-001 5.27674092452777E-001
40.5723441 4.90743466144098E-001 5.24225407097263E-001
40.6723171 4.87619719473290E-001 5.20807208643757E-001
40.7722940 4.84522741153607E-001 5.17419028989252E-001
40.8722673 4.81452476111156E-001 5.14060791740683E-001
40.9722444 4.78408402538910E-001 5.10731910261957E-001
41.0722179 4.75390468874708E-001 5.07432312530931E-001
41.1721915 4.72398278394688E-001 5.04161549367373E-001
41.2721690 4.69431441935258E-001 5.00919180266932E-001
41.3721428 4.66489912938380E-001 4.97705139435768E-001
41.4721206 4.63573197584365E-001 4.94518872625316E-001
41.5720946 4.60681252483776E-001 4.91360317985552E-001
41.6720688 4.57813703415285E-001 4.88229052531895E-001
41.7720469 4.54970183246398E-001 4.85124661399079E-001
41.8720213 4.52150653102491E-001 4.82047088356813E-001
41.9719996 4.49354645307349E-001 4.78995809350051E-001
42.0719743 4.46582123844831E-001 4.75970771706910E-001
42.1719490 4.43832735456527E-001 4.72971576797623E-001
42.2719276 4.41106133536337E-001 4.69997833597560E-001
42.3719026 4.38402286140562E-001 4.67049494505216E-001
42.4718815 4.35720750035139E-001 4.64126063639328E-001
42.5718566 4.33061495854408E-001 4.61227496608788E-001
42.6718319 4.30424189885365E-001 4.58353417447674E-001
42.7718111 4.27808504662742E-001 4.55503457319700E-001
42.8717866 4.25214414493165E-001 4.52677576407922E-001
42.9717660 4.22641499013367E-001 4.49875305143610E-001
43.0717417 4.20089734854254E-001 4.47096606605768E-001
43.1717175 4.17558806541891E-001 4.44341125937434E-001
43.2716972 4.15048404474753E-001 4.41608514971108E-001
43.3716732 4.12558508593860E-001 4.38898740911465E-001
43.4716531 4.10088719954048E-001 4.36211358785382E-001
43.5716293 4.07639020590890E-001 4.33546338409184E-001
43.6716056 4.05209112064487E-001 4.30903344603690E-001
43.7715858 4.02798701458846E-001 4.28282048471315E-001
43.8715623 4.00407773791691E-001 4.25682423548446E-001
43.9715428 3.98035950191712E-001 4.23104047872220E-001
44.0715195 3.95683217563101E-001 4.20546897333488E-001
44.1714963 3.93349293387394E-001 4.18010655112254E-001
44.2714770 3.91033900346140E-001 4.15495010291824E-001
44.3714539 3.88737028028557E-001 4.12999942116090E-001
44.4714348 3.86458316392146E-001 4.10525050167170E-001
44.5714120 3.84197756724039E-001 4.08070315810639E-001
44.6713893 3.81955081399004E-001 4.05635439369645E-001
44.7713704 3.79730027690541E-001 4.03220126719461E-001
44.8713479 3.77522589301503E-001 4.00824362246414E-001
44.9713293 3.75332423864006E-001 3.98447765722030E-001
45.0713069 3.73159526607873E-001 3.96090323443517E-001
45.1712846 3.71003643850066E-001 3.93751751754670E-001
45.2712662 3.68864526525789E-001 3.91431772225103E-001
45.3712441 3.66742172036389E-001 3.89130373871793E-001
45.4712259 3.64636254617693E-001 3.86847195400425E-001
45.5712040 3.62546773042990E-001 3.84582227547871E-001
45.6711822 3.60473486690998E-001 3.82335201641471E-001
45.7711643 3.58416159297327E-001 3.80105853930918E-001
45.8711426 3.56374791585283E-001 3.77894177600099E-001
45.9711248 3.54349073399914E-001 3.75699829125463E-001
46.0711034 3.52339006695818E-001 3.73522803237678E-001
46.1710820 3.50344363097704E-001 3.71362845288573E-001
46.2710644 3.48364918343445E-001 3.69219705269853E-001
46.3710432 3.46400676136664E-001 3.67093380111929E-001
46.4710259 3.44451341007331E-001 3.64983542982795E-001
46.5710048 3.42516917762712E-001 3.62890192202669E-001
46.6709838 3.40597189517024E-001 3.60813086260193E-001
46.7709667 3.38691943270184E-001 3.58751988020743E-001
46.8709459 3.36801185396051E-001 3.56706897780018E-001
46.9709290 3.34924634249736E-001 3.54677504395548E-001
47.0709083 3.33062297192866E-001 3.52663809410454E-001
47.1708877 3.31213968127087E-001 3.50665583627892E-001
47.2708710 3.29379444627291E-001 3.48682601982400E-001
47.3708506 3.27558735456056E-001 3.46714867789117E-001
47.4708341 3.25751571993242E-001 3.44762084664009E-001
47.5708138 3.23957963883977E-001 3.42824257040428E-001
47.6707936 3.22177715165231E-001 3.40901167273662E-001
47.7707773 3.20410633348622E-001 3.38992601621433E-001
47.8707573 3.18656729329820E-001 3.37098566104465E-001
47.9707411 3.16915746767709E-001 3.35218778231224E-001
48.0707212 3.15187697344947E-001 3.33353245023370E-001
48.1707014 3.13472394627654E-001 3.31501759680902E-001
48.2706855 3.11769655470821E-001 3.29664119092449E-001
48.3706658 3.10079492671025E-001 3.27840331699424E-001
48.4706500 3.08401661470871E-001 3.26030128096800E-001
48.5706305 3.06736175367125E-001 3.24233517620456E-001
48.6706110 3.05082856891144E-001 3.22450303658151E-001
48.7705955 3.03441531689249E-001 3.20680293086458E-001
48.8705762 3.01812214248014E-001 3.18923496508806E-001
48.9705608 3.00194670744964E-001 3.17179656855886E-001
49.0705416 2.98588916288004E-001 3.15448785528905E-001
49.1705225 2.96994781848745E-001 3.13730695492824E-001
49.2705073 2.95412101350834E-001 3.12025203014528E-001
49.3704883 2.93840890779236E-001 3.10332320624550E-001
49.4704733 2.92280926640533E-001 3.08651802889377E-001
49.5704545 2.90732225469377E-001 3.06983663049507E-001
49.6704357 2.89194626188513E-001 3.05327723079210E-001
49.7704208 2.87667970519985E-001 3.03683808079754E-001
49.8704022 2.86152275773055E-001 3.02051932295408E-001
49.9703875 2.84647328217202E-001 3.00431861275462E-001
50.0703690 2.83153145646280E-001 2.98823609894379E-001
50.1703506 2.81669574478142E-001 2.97227008607138E-001
50.2703361 2.80196463786651E-001 2.95641890831858E-001
50.3703178 2.78733832047194E-001 2.94068272332722E-001
50.4703034 2.77281474762683E-001 2.92505929032146E-001
50.5702853 2.75839410833956E-001 2.90954877252039E-001
50.6702672 2.74407493748494E-001 2.89414955435682E-001
50.7702530 2.72985579515265E-001 2.87886004835906E-001
50.8702350 2.71573687632078E-001 2.86368042560727E-001
50.9702209 2.70171622339794E-001 2.84860854336034E-001
51.0702031 2.68779403507941E-001 2.83364457761735E-001
51.1701853 2.67396891296366E-001 2.81878698810388E-001
51.2701714 2.66023948260032E-001 2.80403426120038E-001
51.3701538 2.64660594788617E-001 2.78938657982561E-001
51.4701400 2.63306643396925E-001 2.77484189394688E-001
51.5701225 2.61962114797544E-001 2.76040039080373E-001
51.6701050 2.60626875451517E-001 2.74606060113249E-001
51.7700914 2.59300794096218E-001 2.73182108097201E-001
51.8700741 2.57983891894598E-001 2.71768202362637E-001
51.9700606 2.56675989200590E-001 2.70364146678745E-001
52.0700434 2.55377107455726E-001 2.68969960753677E-001
52.1700263 2.54087119075226E-001 2.67585504362389E-001
52.2700130 2.52805898638901E-001 2.66210639683072E-001
52.3699959 2.51533467975279E-001 2.64845386952645E-001
52.4699827 2.50269654869675E-001 2.63489558246101E-001
52.5699658 2.49014481388943E-001 2.62143174128748E-001
52.6699489 2.47767825577816E-001 2.60806100703431E-001
52.7699359 2.46529567540443E-001 2.59478206356840E-001
52.8699192 2.45299729673145E-001 2.58159512112495E-001
52.9699063 2.44078146810012E-001 2.56849837913946E-001
53.0698897 2.42864841549149E-001 2.55549205068277E-001
53.1698731 2.41659697260853E-001 2.54257485657124E-001
53.2698603 2.40462599275794E-001 2.52974553933686E-001
53.3698439 2.39273570469319E-001 2.51700431599181E-001
53.4698313 2.38092452365058E-001 2.50434946055757E-001
53.5698149 2.36919268006986E-001 2.49178119247497E-001
53.6697986 2.35753905806238E-001 2.47929828908272E-001
53.7697861 2.34596256040978E-001 2.46689954837840E-001
53.8697699 2.33446341985053E-001 2.45458519316248E-001
53.9697576 2.32304011514106E-001 2.44235356819604E-001
54.0697415 2.31169288040536E-001 2.43020489833873E-001
54.1697254 2.30042064749419E-001 2.41813801439483E-001
54.2697133 2.28922236604840E-001 2.40615176683238E-001
54.3696973 2.27809827206112E-001 2.39424638334269E-001
54.4696852 2.26704690463581E-001 2.38242027581538E-001
54.5696694 2.25606850087851E-001 2.37067367366575E-001
54.6696536 2.24516203787594E-001 2.35900545830045E-001
54.7696417 2.23432650967457E-001 2.34741452985224E-001
54.8696260 2.22356215486020E-001 2.33590112008909E-001
54.9696142 2.21286756989845E-001 2.32446370463683E-001
55.0695986 2.20224299424100E-001 2.31310251668334E-001
55.1695831 2.19168744786111E-001 2.30181648555413E-001
55.2695714 2.18119996690785E-001 2.29060455841676E-001
55.3695560 2.17078079196005E-001 2.27946697037744E-001
55.4695444 2.16042857403595E-001 2.26840225760941E-001
55.5695291 2.15014355435664E-001 2.25741065636311E-001
55.6695138 2.13992479357556E-001 2.24649114136623E-001
55.7695023 2.12977136778143E-001 2.23564270435444E-001
55.8694872 2.11968351900339E-001 2.22486558310289E-001
55.9694758 2.10965995016628E-001 2.21415837133288E-001
56.0694607 2.09970090373915E-001 2.20352130771404E-001
56.1694457 2.08980547898241E-001 2.19295341001449E-001
56.2694345 2.07997278989198E-001 2.18245371222305E-001
56.3694196 2.07020307945639E-001 2.17202245417754E-001
56.4694085 2.06049510001361E-001 2.16165828432450E-001
56.5693936 2.05084909480927E-001 2.15136144317008E-001
56.6693788 2.04126419976159E-001 2.14113098930522E-001
56.7693678 2.03173956486254E-001 2.13096599679803E-001
56.8693531 2.02227543361657E-001 2.12086670700017E-001
56.9693423 2.01287060542375E-001 2.11083182042515E-001
57.0693276 2.00352532388051E-001 2.10086157888842E-001
57.1693130 1.99423875972928E-001 2.09095507972022E-001
57.2693023 1.98501009716016E-001 2.08111143502530E-001
57.3692878 1.97583957979319E-001 2.07133088717280E-001
57.4692772 1.96672605187259E-001 2.06161218623851E-001
57.5692628 1.95766975696152E-001 2.05195557487043E-001
57.6692484 1.94866989890074E-001 2.04236018717945E-001
57.7692379 1.93972569438603E-001 2.03282517138657E-001
57.8692236 1.93083738679222E-001 2.02335077042990E-001
57.9692132 1.92200386311407E-001 2.01393578158607E-001
58.0691990 1.91322536653546E-001 2.00458044790508E-001
58.1691849 1.90450113237012E-001 1.99528393843609E-001
58.2691746 1.89583040822553E-001 1.98604543570989E-001
58.3691605 1.88721343690647E-001 1.97686518282866E-001
58.4691503 1.87864914618105E-001 1.96774202204237E-001
58.5691363 1.87013777854256E-001 1.95867619641455E-001
58.6691224 1.86167859924620E-001 1.94966690819868E-001
58.7691123 1.85327088530902E-001 1.94071337253501E-001
58.8690985 1.84491487867390E-001 1.93181583232486E-001
58.9690885 1.83660954601392E-001 1.92297317268907E-001
59.0690747 1.82835512885226E-001 1.91418563635469E-001
59.1690610 1.82015092094167E-001 1.90545245714677E-001
59.2690511 1.81199622729259E-001 1.89677288121371E-001
59.3690374 1.80389128872407E-001 1.88814715092742E-001
59.4690277 1.79583510904787E-001 1.87957419229419E-001
59.5690141 1.78782792856644E-001 1.87105424738969E-001
59.6690006 1.77986906816815E-001 1.86258658007211E-001
59.7689909 1.77195785952080E-001 1.85417046598929E-001
59.8689774 1.76409454208523E-001 1.84580614668830E-001
59.9689678 1.75627815514106E-001 1.83749258718506E-001
60.0689545 1.74850893754589E-001 1.82923002862093E-001
60.1689411 1.74078623603835E-001 1.82101776343709E-001
60.2689316 1.73310940768269E-001 1.81285509535833E-001
60.3689184 1.72547869037214E-001 1.80474226484193E-001
60.4689090 1.71789315727300E-001 1.79667827414008E-001
60.5688958 1.71035304559805E-001 1.78866336320623E-001
60.6688827 1.70285772672251E-001 1.78069685169673E-001
60.7688734 1.69540658191638E-001 1.77277807007163E-001
60.8688603 1.68799984731880E-001 1.76490725746113E-001
60.9688511 1.68063662848560E-001 1.75708345167641E-001
61.0688381 1.67331716080681E-001 1.74930689125613E-001
61.1688251 1.66604083914774E-001 1.74157692178105E-001
61.2688160 1.65880706785915E-001 1.73389289918028E-001
61.3688031 1.65161608116051E-001 1.72625506104495E-001
61.4687941 1.64446701557892E-001 1.71866247915802E-001
61.5687813 1.63736010452392E-001 1.71111539044088E-001
61.6687685 1.63029476526717E-001 1.70361316518006E-001
61.7687596 1.62327042417694E-001 1.69615518357812E-001
61.8687469 1.61628731340644E-001 1.68874168149822E-001
61.9687381 1.60934459910991E-001 1.68137176319245E-001
62.0687254 1.60244251257701E-001 1.67404566378468E-001
62.1687128 1.59558049246103E-001 1.66676277711604E-001
62.2687041 1.58875798614211E-001 1.65952250653309E-001
62.3686916 1.58197522357813E-001 1.65232508600323E-001
62.4686829 1.57523139927592E-001 1.64516965082427E-001
62.5686704 1.56852674228265E-001 1.63805643416271E-001
62.6686580 1.56186071166375E-001 1.63098485232629E-001
62.7686494 1.55523277485985E-001 1.62395433073805E-001
62.8686371 1.54864315952021E-001 1.61696510132113E-001
62.9686286 1.54209108729522E-001 1.61001632907012E-001
63.0686163 1.53557678488226E-001 1.60310824505281E-001
63.1686040 1.52909973084127E-001 1.59624028701485E-001
63.2685918 1.52265965674386E-001 1.58941216116658E-001
63.3685872 1.51625580934309E-001 1.58262305987784E-001
63.4685751 1.50988890192533E-001 1.57587373037370E-001
63.5685630 1.50355818304716E-001 1.56916336712672E-001
63.6685509 1.49726339346958E-001 1.56249168656462E-001
63.7685388 1.49100427619294E-001 1.55585840760393E-001
63.8685344 1.48478010294126E-001 1.54926274989370E-001
63.9685224 1.47859157078553E-001 1.54270544359038E-001
64.0685105 1.47243795312401E-001 1.53618571029622E-001
64.1684986 1.46631900169096E-001 1.52970327863068E-001
64.2684867 1.46023447034942E-001 1.52325787957719E-001
64.3684824 1.45418365475502E-001 1.51684875890760E-001
64.4684706 1.44816723617405E-001 1.51047663013910E-001
64.5684588 1.44218451181580E-001 1.50414074085738E-001
64.6684470 1.43623524384744E-001 1.49784083126379E-001
64.7684353 1.43031919646053E-001 1.49157664380594E-001
64.8684312 1.42443568825467E-001 1.48534744928070E-001
64.9684195 1.41858538509261E-001 1.47915394498591E-001
65.0684079 1.41276760701515E-001 1.47299540340225E-001
65.1683963 1.40698212611227E-001 1.46687157573788E-001
65.2683847 1.40122871639977E-001 1.46078221533617E-001
65.3683808 1.39550671848237E-001 1.45472661697630E-001
65.4683692 1.38981678321094E-001 1.44870546214721E-001
65.5683578 1.38415825252640E-001 1.44271804719066E-001
65.6683463 1.37853090795984E-001 1.43676413377902E-001
65.7683349 1.37293453287510E-001 1.43084348561505E-001
65.8683311 1.36736848898909E-001 1.42495542046951E-001
65.9683197 1.36183341252298E-001 1.41910060442343E-001
66.0683084 1.35632866643189E-001 1.41327835669701E-001
66.1682971 1.35085404123297E-001 1.40748844891468E-001
66.2682858 1.34540932918815E-001 1.40173065463233E-001
66.3682821 1.33999391227690E-001 1.39600431367054E-001
66.4682709 1.33460841246362E-001 1.39031007709385E-001
66.5682597 1.32925221287455E-001 1.38464728606675E-001
66.6682485 1.32392511258277E-001 1.37901572168212E-001
66.7682374 1.31862691232301E-001 1.37341516687083E-001
66.8682339 1.31335701352867E-001 1.36784498260763E-001
66.9682228 1.30811602427097E-001 1.36230580532275E-001
67.0682118 1.30290334704464E-001 1.35679699723631E-001
67.1682007 1.29771878907208E-001 1.35131834845279E-001
67.2681897 1.29256215915867E-001 1.34586965082639E-001
67.3681864 1.28743287742166E-001 1.34045028563390E-001
67.4681754 1.28233153839359E-001 1.33506087504401E-001
67.5681645 1.27725756317332E-001 1.32970080148691E-001
67.6681536 1.27221076674789E-001 1.32436986364697E-001
67.7681428 1.26719096561291E-001 1.31906786187478E-001
67.8681396 1.26219759783597E-001 1.31379419693814E-001
67.9681288 1.25723124475638E-001 1.30854947710777E-001
68.0681180 1.25229134534884E-001 1.30333310421903E-001
68.1681072 1.24737772200107E-001 1.29814488512795E-001
68.2680965 1.24249019853892E-001 1.29298462827785E-001
68.3680934 1.23762823028124E-001 1.28785175315535E-001
68.4680827 1.23279238571074E-001 1.28274685448760E-001
68.5680721 1.22798212098382E-001 1.27766935274858E-001
68.6680615 1.22319726554432E-001 1.27261906257992E-001
68.7680509 1.21843765020751E-001 1.26759580013587E-001
68.8680479 1.21370274687710E-001 1.26259900288623E-001
68.9680374 1.20899311150704E-001 1.25762925236007E-001
69.0680269 1.20430821677360E-001 1.25268598693969E-001
69.1680164 1.19964789885042E-001 1.24776902868700E-001
69.2680059 1.19501199521950E-001 1.24287820110590E-001
69.3680031 1.19039999373373E-001 1.23801295894837E-001
69.4679927 1.18581243813770E-001 1.23317387088203E-001
69.5679823 1.18124881699617E-001 1.22836039250143E-001
69.6679719 1.17670897290354E-001 1.22357235294303E-001
69.7679615 1.17219274970270E-001 1.21880958271832E-001
69.8679589 1.16769965058935E-001 1.21407155319324E-001
69.9679486 1.16323020740964E-001 1.20935882050186E-001
70.0679383 1.15878392401441E-001 1.20467085678738E-001
70.1679281 1.15436064912587E-001 1.20000749793333E-001
70.2679178 1.14996023265803E-001 1.19536858113492E-001
70.3679153 1.14558219257059E-001 1.19075359373478E-001
70.4679051 1.14122704911399E-001 1.18616307965280E-001
70.5678949 1.13689432085009E-001 1.18159652694780E-001
70.6678848 1.13258386235123E-001 1.17705377794028E-001
70.7678747 1.12829552932773E-001 1.17253467620231E-001
70.8678723 1.12402885395074E-001 1.16803872444521E-001
70.9678622 1.11978434516961E-001 1.16356645468568E-001
71.0678522 1.11556153570812E-001 1.15911737029421E-001
71.1678422 1.11136028572537E-001 1.15469131973432E-001
71.2678322 1.10718045646737E-001 1.15028815266415E-001
71.3678299 1.10302159378894E-001 1.14590738658349E-001
71.4678200 1.09888419562512E-001 1.14154954190859E-001
71.5678100 1.09476780833705E-001 1.13721413674513E-001
71.6678002 1.09067229742072E-001 1.13290102542099E-001
71.7677903 1.08659752941061E-001 1.12861006340472E-001
71.8677881 1.08254306334090E-001 1.12434078243059E-001
71.9677783 1.07850938641139E-001 1.12009369160912E-001
72.0677685 1.07449605811936E-001 1.11586832323071E-001
72.1677587 1.07050294906053E-001 1.11166453722336E-001
72.2677489 1.06652993082319E-001 1.10748219460458E-001
72.3677468 1.06257657513887E-001 1.10332084081400E-001
72.4677371 1.05864335874369E-001 1.09918097394329E-001
72.5677275 1.05472985379192E-001 1.09506213994174E-001
72.6677178 1.05083593575390E-001 1.09096420408679E-001
72.7677082 1.04696148104888E-001 1.08688703269685E-001
72.8677062 1.04310607364494E-001 1.08283018441145E-001
72.9676966 1.03927018007872E-001 1.07879414658253E-001
73.0676870 1.03545338470327E-001 1.07477847831581E-001
73.1676774 1.03165556764974E-001 1.07078305000033E-001
73.2676679 1.02787660995674E-001 1.06680773301994E-001
73.3676660 1.02411610738815E-001 1.06285209873097E-001
73.4676565 1.02037451653813E-001 1.05891662401723E-001
73.5676471 1.01665143352024E-001 1.05500088066064E-001
73.6676376 1.01294674292334E-001 1.05110474393596E-001
73.7676282 1.00926033020432E-001 1.04722809006901E-001
73.8676264 1.00559180250114E-001 1.04337050267098E-001
73.9676171 1.00194160671555E-001 1.03953244842187E-001
74.0676077 9.98309350302238E-002 1.03571351132055E-001
74.1675984 9.94694922114710E-002 1.03191357131303E-001
74.2675890 9.91098211837051E-002 1.02813250925481E-001
74.3675874 9.87518837577729E-002 1.02436992057022E-001
74.4675781 9.83957236789270E-002 1.02062626199255E-001
74.5675688 9.80413027866081E-002 1.01690112929833E-001
74.6675596 9.76886103742797E-002 1.01319440690111E-001
74.7675504 9.73376358149038E-002 1.00950598008440E-001
74.8675488 9.69883419777359E-002 1.00583545566300E-001
74.9675396 9.66407716867657E-002 1.00218328067364E-001
75.0675305 9.62948878369675E-002 9.98549062250192E-002
75.1675213 9.59506801124664E-002 9.94932689080136E-002
75.2675122 9.56081382735008E-002 9.91334050683333E-002
75.3675108 9.52672262107297E-002 9.87752764860578E-002
75.4675017 9.49279858498905E-002 9.84189269195329E-002
75.5674926 9.45903811046756E-002 9.80643181776530E-002
75.6674836 9.42544020332711E-002 9.77114395381513E-002
75.7674746 9.39200387667542E-002 9.73602803584292E-002
75.8674732 9.35872561817374E-002 9.70108034784428E-002
75.9674642 9.32560953280862E-002 9.66630517348787E-002
76.0674553 9.29265211029378E-002 9.63169879936178E-002
76.1674463 9.25985239227426E-002 9.59726019238777E-002
76.2674374 9.22720942737745E-002 9.56298832711469E-002
76.3674361 9.19471979846271E-002 9.52887958981753E-002
76.4674273 9.16238752510615E-002 9.49493817430099E-002
76.5674184 9.13020919198541E-002 9.46116046916265E-002
76.6674096 9.09818387506822E-002 9.42754547880777E-002
76.7674007 9.06631065701267E-002 9.39409221494563E-002
76.8673996 9.03458621261969E-002 9.36079716257813E-002
76.9673908 9.00301447817202E-002 9.32766442788509E-002
77.0673820 8.97159213007021E-002 9.29469049793892E-002
77.1673732 8.94031827717291E-002 9.26187441304430E-002
77.2673645 8.90919203475110E-002 9.22921522050233E-002
77.3673634 8.87821016642463E-002 9.19670950063773E-002
77.4673547 8.84737652724185E-002 9.16436127418307E-002
77.5673461 8.81668788221818E-002 9.13216712329822E-002
77.6673374 8.78614337173951E-002 9.10012612267937E-002
77.7673288 8.75574214233913E-002 9.06823735372640E-002
77.8673278 8.72548104346071E-002 9.03649748882376E-002
77.9673192 8.69536385092072E-002 9.00491046537479E-002
78.0673106 8.66538741536800E-002 8.97347295737939E-002
78.1673020 8.63555090741639E-002 8.94218407248964E-002
78.2672935 8.60585350357475E-002 8.91104292478246E-002
78.3672925 8.57629213623684E-002 8.88004627557325E-002
78.4672840 8.54687050393489E-002 8.84919798099609E-002
78.5672755 8.51758554009025E-002 8.81849480377680E-002
78.6672671 8.48843644430649E-002 8.78793588315595E-002
78.7672586 8.45942242184161E-002 8.75752036453340E-002
78.8672578 8.43054048528151E-002 8.72724509515454E-002
78.9672493 8.40179425776840E-002 8.69711385188773E-002
79.0672409 8.37318075275014E-002 8.66712348319744E-002
79.1672325 8.34469919763963E-002 8.63727315861008E-002
79.2672242 8.31634882527478E-002 8.60756205355827E-002
79.3672234 8.28812672578599E-002 8.57798709833828E-002
79.4672151 8.26003644876772E-002 8.54855199250123E-002
79.5672068 8.23207508505794E-002 8.51925366738402E-002
79.6671985 8.20424188875325E-002 8.49009132155742E-002
79.7671902 8.17653611915643E-002 8.46106415925721E-002
79.8671895 8.14895494139988E-002 8.43216919106744E-002
79.9671813 8.12150183332220E-002 8.40341004111714E-002
80.0671730 8.09417396061948E-002 8.37478372086453E-002
80.1671648 8.06697060299832E-002 8.34628945674136E-002
80.2671566 8.03989104516276E-002 8.31792648061433E-002
80.3671560 8.01293252480497E-002 8.28969188070276E-002
80.4671478 7.98609844975057E-002 8.26158920755678E-002
80.5671397 7.95938605812142E-002 8.23361555011478E-002
80.6671315 7.93279465420969E-002 8.20577016154094E-002
80.7671234 7.90632354710575E-002 8.17805230021506E-002
80.8671229 7.87997004471507E-002 8.15045912944468E-002
80.9671148 7.85373748654548E-002 8.12299412799380E-002
81.0671067 7.82762318080739E-002 8.09565445974445E-002
81.1670987 7.80162645540077E-002 8.06843940351689E-002
81.2670906 7.77574664283368E-002 8.04134824313776E-002
81.3670902 7.74998111896971E-002 8.01437821455629E-002
81.4670822 7.72433315664783E-002 7.98753272649407E-002
81.5670742 7.69880013192049E-002 7.96080901534014E-002
81.6670662 7.67338139536209E-002 7.93420638454392E-002
81.7670583 7.64807630197356E-002 7.90772414236151E-002
81.8670579 7.62288229340862E-002 7.88135959503321E-002
81.9670500 7.59780257744138E-002 7.85511608293432E-002
82.0670421 7.57283459580649E-002 7.82899091261961E-002
82.1670342 7.54797772086142E-002 7.80298341118753E-002
82.2670263 7.52323132921680E-002 7.77709291035262E-002
82.3670260 7.49859292623179E-002 7.75131678438730E-002
82.4670182 7.47406565617597E-002 7.72565830697029E-002
82.5670103 7.44964702438906E-002 7.70011485257179E-002
82.6670025 7.42533642416025E-002 7.67468577100367E-002
82.7669947 7.40113325286622E-002 7.64937041651193E-002
82.8669945 7.37703507756642E-002 7.62416622922942E-002
82.9669867 7.35304498054377E-002 7.59907641774316E-002
83.0669790 7.32916052874505E-002 7.57409842227530E-002
83.1669712 7.30538113557774E-002 7.54923161445772E-002
83.2669635 7.28170621837849E-002 7.52447537018262E-002
83.3669634 7.25813340397787E-002 7.49982719335516E-002
83.4669556 7.23466571414882E-002 7.47529022903176E-002
83.5669479 7.21130077552275E-002 7.45086198110601E-002
83.6669403 7.18803802084803E-002 7.42654184217647E-002
83.7669326 7.16487688665086E-002 7.40232920893596E-002
83.8669326 7.14181505767638E-002 7.37822164705352E-002
83.9669249 7.11885549662434E-002 7.35422223957366E-002
84.0669173 7.09599588796051E-002 7.33032855206017E-002
84.1669097 7.07323568303097E-002 7.30653999726300E-002
84.2669021 7.05057433681499E-002 7.28285599186764E-002
84.3669022 7.02800959018527E-002 7.25927416137480E-002
84.4668946 7.00554434816616E-002 7.23579752829455E-002
84.5668870 6.98317635127664E-002 7.21242371793537E-002
84.6668795 6.96090506874995E-002 7.18915216241941E-002
84.7668720 6.93872997331413E-002 7.16598229765279E-002
84.8668721 6.91664886024883E-002 7.14291180710839E-002
84.9668646 6.89466457826313E-002 7.11994365419931E-002
85.0668571 6.87277492221413E-002 7.09707552212561E-002
85.1668496 6.85097937854257E-002 7.07430686163686E-002
85.2668422 6.82927743705168E-002 7.05163712712164E-002
85.3668424 6.80766694577097E-002 7.02906405823522E-002
85.4668349 6.78615069841775E-002 7.00659056069232E-002
85.5668275 6.76472654253535E-002 6.98421437380064E-002
85.6668201 6.74339398112184E-002 6.96193496622510E-002
85.7668127 6.72215252041118E-002 6.93975181013089E-002
85.8668130 6.70100005958647E-002 6.91766269963246E-002
85.9668056 6.67993933866117E-002 6.89567048410697E-002
86.0667983 6.65896825627348E-002 6.87377295725213E-002
86.1667909 6.63808633135663E-002 6.85196960496704E-002
86.2667836 6.61729308595854E-002 6.83025991651848E-002
86.3667839 6.59658646887790E-002 6.80864173882054E-002
86.4667766 6.57596916767773E-002 6.78711786623700E-002
86.5667694 6.55543913055756E-002 6.76568614520123E-002
86.6667621 6.53499589179030E-002 6.74434607819496E-002
86.7667548 6.51463898864752E-002 6.72309717094075E-002
86.8667552 6.49436641806121E-002 6.70193732155372E-002
86.9667480 6.47418081636375E-002 6.68086927067286E-002
87.0667408 6.45408017983802E-002 6.65989091587349E-002
87.1667336 6.43406405752647E-002 6.63900177559653E-002
87.2667264 6.41413200135913E-002 6.61820137140227E-002
87.3667268 6.39428205497235E-002 6.59748765106659E-002
87.4667197 6.37451680465519E-002 6.57686330275779E-002
87.5667125 6.35483429334896E-002 6.55632627365741E-002
87.6667054 6.33523408431968E-002 6.53587609756884E-002
87.7666983 6.31571574361458E-002 6.51551231129855E-002
87.8666988 6.29627736019662E-002 6.49523291079881E-002
87.9666917 6.27692147146719E-002 6.47504053298768E-002
88.0666846 6.25764616565199E-002 6.45493317317282E-002
88.1666775 6.23845101971770E-002 6.43491037994879E-002
88.2666705 6.21933561331027E-002 6.41497170480195E-002
88.3666710 6.20029807939051E-002 6.39511519042999E-002
88.4666640 6.18134090759705E-002 6.37534342368863E-002
88.5666570 6.16246223011483E-002 6.35565444658482E-002
88.6666500 6.14366163711011E-002 6.33604782195720E-002
88.7666429 6.12493872133084E-002 6.31652311542965E-002
88.8666436 6.10629165845385E-002 6.29707841506565E-002
88.9666366 6.08772289145023E-002 6.27771625881486E-002
89.0666296 6.06923059518555E-002 6.25843473400755E-002
89.1666227 6.05081437254565E-002 6.23923341720253E-002
89.2666157 6.03247382890436E-002 6.22011188764170E-002
89.3666164 6.01420718141780E-002 6.20106827742376E-002
89.4666095 5.99601682745570E-002 6.18210507671783E-002
89.5666026 5.97790098333064E-002 6.16322041685051E-002
89.6665957 5.95985926418778E-002 6.14441388759876E-002
89.7665889 5.94189128757054E-002 6.12568508132479E-002
89.8665896 5.92399531092077E-002 6.10703217287903E-002
89.9665828 5.90617368704490E-002 6.08845760574576E-002
90.0665759 5.88842467251188E-002 6.06995955396774E-002
90.1665691 5.87074789428497E-002 6.05153762005904E-002
90.2665622 5.85314298163968E-002 6.03319140902520E-002
90.3665631 5.83560823115145E-002 6.01491913722999E-002
90.4665563 5.81814595207420E-002 5.99672320253963E-002
90.5665495 5.80075444008381E-002 5.97860182047775E-002
90.6665427 5.78343333353858E-002 5.96055460583447E-002
90.7665359 5.76618227302651E-002 5.94258117580145E-002
90.8665368 5.74899959314425E-002 5.92467978706072E-002
90.9665301 5.73188756057750E-002 5.90685279289907E-002
91.0665233 5.71484450899925E-002 5.88909844912876E-002
91.1665166 5.69787008775697E-002 5.87141638237395E-002
91.2665099 5.68096394834876E-002 5.85380622157412E-002
91.3665108 5.66412446231820E-002 5.83626626257592E-002
91.4665041 5.64735385474134E-002 5.81879881509802E-002
91.5664975 5.63065049621638E-002 5.80140217409046E-002
91.6664908 5.61401404669072E-002 5.78407597758756E-002
91.7664842 5.59744416818635E-002 5.76681986585627E-002
91.8664851 5.58093926815621E-002 5.74963217279408E-002
91.9664785 5.56450153100022E-002 5.73251516553632E-002
92.0664719 5.54812936320646E-002 5.71546717705963E-002
92.1664653 5.53182243494860E-002 5.69848785640190E-002
92.2664587 5.51558041840204E-002 5.68157685475436E-002
92.3664597 5.49940175592660E-002 5.66473254298982E-002
92.4664531 5.48328859215536E-002 5.64795714661926E-002
92.5664466 5.46723936846590E-002 5.63124903557277E-002
92.6664400 5.45125376489959E-002 5.61460786950176E-002
92.7664335 5.43533146342962E-002 5.59803331013497E-002
92.8664346 5.41947094035397E-002 5.58152376428161E-002
92.9664281 5.40367430142461E-002 5.56508141676239E-002
93.0664215 5.38794002194187E-002 5.54870467342415E-002
93.1664150 5.37226779147064E-002 5.53239320415763E-002
93.2664086 5.35665730144039E-002 5.51614668085786E-002
93.3664097 5.34110706115109E-002 5.49996354526680E-002
93.4664032 5.32561913833635E-002 5.48384594242461E-002
93.5663968 5.31019204128488E-002 5.46779231309336E-002
93.6663903 5.29482546875451E-002 5.45180233704390E-002
93.7663839 5.27951912130321E-002 5.43587569598130E-002
93.8663851 5.26427154032779E-002 5.42001086561042E-002
93.9663787 5.24908475638414E-002 5.40420995207705E-002
94.0663723 5.23395730984592E-002 5.38847143009060E-002
94.1663659 5.21888890834654E-002 5.37279498895726E-002
94.2663595 5.20387926125750E-002 5.35718031985004E-002
94.3663607 5.18892694119742E-002 5.34162593149945E-002
94.4663544 5.17403394236335E-002 5.32613389202010E-002
94.5663480 5.15919883634047E-002 5.31070270913329E-002
94.6663417 5.14442133933279E-002 5.29533208134939E-002
94.7663353 5.12970116922286E-002 5.28002170898102E-002
94.8663366 5.11503692900481E-002 5.26477013287819E-002
94.9663303 5.10043057731481E-002 5.24957938396531E-002
95.0663240 5.08588071610477E-002 5.23444800207121E-002
95.1663177 5.07138706985631E-002 5.21937569459248E-002
95.2663114 5.05694936467239E-002 5.20436217066589E-002
95.3663128 5.04256623310404E-002 5.18940600238490E-002
95.4663065 5.02823959900413E-002 5.17450918430306E-002
95.5663002 5.01396809387409E-002 5.15967028748226E-002
95.6662940 4.99975145019159E-002 5.14488902789988E-002
95.7662878 4.98558940200071E-002 5.13016512321383E-002
95.8662892 4.97148061061737E-002 5.11549717591380E-002
95.9662829 4.95742696586893E-002 5.10088714498081E-002
96.0662767 4.94342712801568E-002 5.08633363186411E-002
96.1662705 4.92948083726074E-002 5.07183636082837E-002
96.2662643 4.91558783532078E-002 5.05739505776157E-002
96.3662658 4.90174681151029E-002 5.04300835473008E-002
96.4662596 4.88795962236963E-002 5.02867817592040E-002
96.5662535 4.87422495615284E-002 5.01440315235100E-002
96.6662473 4.86054256052832E-002 5.00018301629190E-002
96.7662412 4.84691218462716E-002 4.98601750158129E-002
96.8662427 4.83333254502077E-002 4.97190526906949E-002
96.9662365 4.81980546568234E-002 4.95784820890655E-002
97.0662304 4.80632966211910E-002 4.94384498088869E-002
97.1662243 4.79290488921455E-002 4.92989532502021E-002
97.2662182 4.77953090326599E-002 4.91599898282061E-002
97.3662198 4.76620644738380E-002 4.90215464315698E-002
97.4662137 4.75293331367561E-002 4.88836416288181E-002
97.5662076 4.73971024418499E-002 4.87462622980317E-002
97.6662016 4.72653700076993E-002 4.86094059139904E-002
97.7661955 4.71341334665520E-002 4.84730699661169E-002
97.8661971 4.70033805079499E-002 4.83372416158250E-002
97.9661911 4.68731287411543E-002 4.82019391058661E-002
98.0661851 4.67433658450229E-002 4.80671495870260E-002
98.1661791 4.66140895055657E-002 4.79328706063156E-002
98.2661730 4.64852974220087E-002 4.77990997248994E-002
98.3661747 4.63569775356005E-002 4.76658243697472E-002
98.4661687 4.62291471504562E-002 4.75330624648567E-002
98.5661627 4.61017941971331E-002 4.74008014265426E-002
98.6661568 4.59749164268447E-002 4.72690388716371E-002
98.7661508 4.58485116035854E-002 4.71377724306556E-002
98.8661525 4.57225679137912E-002 4.70069897891654E-002
98.9661465 4.55971023629325E-002 4.68767085592538E-002
99.0661406 4.54721031267555E-002 4.67469164158164E-002
99.1661347 4.53475680195344E-002 4.66176110431888E-002
99.2661288 4.52234948679051E-002 4.64887901389365E-002
99.3661305 4.50998720971758E-002 4.63604416404872E-002
99.4661246 4.49767164205116E-002 4.62325828546889E-002
99.5661187 4.48540162525406E-002 4.61052017082896E-002
99.6661128 4.47317694685347E-002 4.59782959508979E-002
99.7661070 4.46099739557248E-002 4.58518633449168E-002
99.8661087 4.44886183721720E-002 4.57258920731080E-002
99.9661029 4.43677191449186E-002 4.56003991435853E-002
100.0660970 4.42472649213627E-002 4.54753727284317E-002
100.1660912 4.41272536357889E-002 4.53508106403831E-002
100.2660854 4.40076832340521E-002 4.52267107045498E-002
100.3660872 4.38885426010367E-002 4.51030613427061E-002
100.4660814 4.37698478836917E-002 4.49798792705744E-002
100.5660756 4.36515879562624E-002 4.48571528992592E-002
100.6660698 4.35337608101340E-002 4.47348801025576E-002
100.7660640 4.34163644478882E-002 4.46130587662380E-002
100.8660658 4.32993879754859E-002 4.44916775449622E-002
100.9660601 4.31828472656625E-002 4.43707528682462E-002
101.0660543 4.30667314137704E-002 4.42502733800988E-002
101.1660486 4.29510384664541E-002 4.41302370133902E-002
101.2660428 4.28357664811948E-002 4.40106417125729E-002
101.3660447 4.27209047794587E-002 4.38914763592615E-002
101.4660390 4.26064689655034E-002 4.37727571027972E-002
101.5660333 4.24924483502230E-002 4.36544728141652E-002
101.6660275 4.23788410337481E-002 4.35366214833940E-002
101.7660218 4.22656451266993E-002 4.34192011117203E-002
101.8660238 4.21528501606465E-002 4.33022008019590E-002
101.9660181 4.20404714769645E-002 4.31856364291597E-002
102.0660124 4.19284985966932E-002 4.30694970855376E-002
102.1660067 4.18169296717409E-002 4.29537808164361E-002
102.2660011 4.17057628641716E-002 4.28384856780462E-002
102.3660031 4.15949879104214E-002 4.27236009888071E-002
102.4659974 4.14846198944403E-002 4.26091423552145E-002
102.5659918 4.13746485421814E-002 4.24950990851440E-002
102.6659861 4.12650720556843E-002 4.23814692774779E-002
102.7659805 4.11558886468229E-002 4.22682510415987E-002
102.8659825 4.10470882518190E-002 4.21554339061635E-002
102.9659769 4.09386857025231E-002 4.20430332147119E-002
103.0659713 4.08306709247261E-002 4.19310384853789E-002
103.1659657 4.07230421690129E-002 4.18194478688749E-002
103.2659601 4.06157976954919E-002 4.17082595260761E-002
103.3659622 4.05089276352434E-002 4.15974631906150E-002
103.4659566 4.04024465732141E-002 4.14870739485355E-002
103.5659511 4.02963446301091E-002 4.13770815229947E-002
103.6659455 4.01906201035295E-002 4.12674841148828E-002
103.7659400 4.00852713003006E-002 4.11582799349334E-002
103.8659421 3.99802885415800E-002 4.10494589166701E-002
103.9659365 3.98756861704806E-002 4.09410358939685E-002
104.0659310 3.97714544978451E-002 4.08330007899280E-002
104.1659255 3.96675918668166E-002 4.07253518540302E-002
104.2659200 3.95640966294738E-002 4.06180873452894E-002
104.3659221 3.94609592924126E-002 4.05111973921880E-002
104.4659166 3.93581939618599E-002 4.04046965816314E-002
104.5659112 3.92557911341604E-002 4.02985750317339E-002
104.6659057 3.91537491965779E-002 4.01928310390373E-002
104.7659002 3.90520665450336E-002 4.00874629093164E-002
104.8659024 3.89507338670592E-002 3.99824609612279E-002
104.9658969 3.88497650368243E-002 3.98778395397790E-002
105.0658915 3.87491507316773E-002 3.97735889533180E-002
105.1658860 3.86488893816313E-002 3.96697075439708E-002
105.2658806 3.85489794250894E-002 3.95661936628077E-002
105.3658828 3.84494117261493E-002 3.94630378140164E-002
105.4658774 3.83501999316361E-002 3.93602541056560E-002
105.5658720 3.82513348955344E-002 3.92578330316693E-002
105.6658666 3.81528150892853E-002 3.91557729783434E-002
105.7658612 3.80546389924608E-002 3.90540723406309E-002
105.8658634 3.79567976414819E-002 3.89527218037448E-002
105.9658580 3.78593044604299E-002 3.88517352436266E-002
106.0658527 3.77621504756859E-002 3.87511033353114E-002
106.1658473 3.76653341988433E-002 3.86508245078746E-002
106.2658419 3.75688541493770E-002 3.85508971987889E-002
106.3658442 3.74727015319120E-002 3.84513122699191E-002
106.4658389 3.73768895522764E-002 3.83520833698036E-002
106.5658335 3.72814094051312E-002 3.82532013501994E-002
106.6658282 3.71862596409917E-002 3.81546646816468E-002
106.7658229 3.70914388180136E-002 3.80564718428240E-002
106.8658252 3.69969383050260E-002 3.79586138680016E-002
106.9658199 3.69027710939876E-002 3.78611041829175E-002
107.0658146 3.68089285438418E-002 3.77639338118075E-002
107.1658093 3.67154092428380E-002 3.76671012653996E-002
107.2658040 3.66222117866337E-002 3.75706050623097E-002
107.3658063 3.65293277043768E-002 3.74744364050917E-002
107.4658011 3.64367697784374E-002 3.73786085011757E-002
107.5657958 3.63445295281580E-002 3.72831125431563E-002
107.6657905 3.62526055783760E-002 3.71879470807171E-002
107.7657853 3.61609965611124E-002 3.70931106711884E-002
107.8657877 3.60696941620602E-002 3.69985946814044E-002
107.9657824 3.59787109581801E-002 3.69044121048728E-002
108.0657772 3.58880386254417E-002 3.68105542985465E-002
108.1657720 3.57976758241642E-002 3.67170198498754E-002
108.2657667 3.57076212216334E-002 3.66238073537241E-002
108.3657692 3.56178666564205E-002 3.65309083373183E-002
108.4657639 3.55284245041584E-002 3.64383355845261E-002
108.5657587 3.54392865937790E-002 3.63460806127722E-002
108.6657536 3.53504516200147E-002 3.62541420461259E-002
108.7657484 3.52619182843555E-002 3.61625185158458E-002
108.8657508 3.51736785746882E-002 3.60712017057729E-002
108.9657456 3.50857446693035E-002 3.59802041943167E-002
109.0657405 3.49981085465342E-002 3.58895176555988E-002
