0.0053140 2.69213788443089E+002 1.52340489533524E+004
0.0210792 9.69166332237490E+002 1.46353608620752E+004
0.0467942 1.85045319992813E+003 1.37213372135699E+004
0.0817065 2.66745931472063E+003 1.25945369720201E+004
0.1249105 3.27300534184578E+003 1.13616460539443E+004
0.1754417 3.62658928897327E+003 1.01142308861646E+004
0.2323515 3.75619461752406E+003 8.91896767931971E+003
0.2947571 3.71725428603111E+003 7.81679828357441E+003
0.3618673 3.56653837334257E+003 6.82743326994823E+003
0.4329916 3.35066194254870E+003 5.95556826236324E+003
0.5075377 3.10352508091912E+003 5.19660431676255E+003
0.5850032 2.84778327790787E+003 4.54098453570489E+003
0.6649650 2.59750452050963E+003 3.97710416478340E+003
0.7470680 2.36072541221123E+003 3.49307057034861E+003
0.8310139 2.14148623673333E+003 3.07766772412386E+003
0.9165527 1.94130030443468E+003 2.72080166040527E+003
1.0034738 1.76015886760556E+003 2.41364605714969E+003
1.0915995 1.59719096617527E+003 2.14862130130491E+003
1.1807797 1.45108222345140E+003 1.91929050636205E+003
1.2708868 1.32033477269903E+003 1.72022629923047E+003
1.3618115 1.20342057852381E+003 1.54686925973744E+003
1.4534610 1.09886816474431E+003 1.39539511779108E+003
1.5457546 1.00530948572491E+003 1.26259886410902E+003
1.6386236 9.21498045201475E+002 1.14579004582206E+003
1.7320075 8.46315545945331E+002 1.04270877959961E+003
1.8258543 7.78766702156027E+002 9.51451186911177E+002
1.9201186 7.17971663090595E+002 8.70410066531333E+002
2.0147601 6.63156045723910E+002 7.98225451525905E+002
2.1097440 6.13639037514315E+002 7.33742120204629E+002
2.2050388 5.68823767964838E+002 6.75977015781914E+002
2.3006174 5.28186450121201E+002 6.24090102956217E+002
2.3964555 4.91267670091877E+002 5.77361759362526E+002
2.4925310 4.57664453376485E+002 5.35173918735717E+002
2.5888248 4.27022458752042E+002 4.96993471894030E+002
2.6853193 3.99030299102530E+002 4.62359920338746E+002
2.7819988 3.73413495303436E+002 4.30873763486836E+002
2.8788497 3.49929926402392E+002 4.02187667140391E+002
2.9758588 3.28365814781516E+002 3.75998988053214E+002
3.0730149 3.08531745963688E+002 3.52042893962805E+002
3.1703074 2.90259967099350E+002 3.30087467514593E+002
3.2677268 2.73401350142245E+002 3.09928737704229E+002
3.3652646 2.57823251669594E+002 2.91387058804840E+002
3.4629133 2.43407376716142E+002 2.74303702340650E+002
3.5606650 2.30048296191891E+002 2.58538393711302E+002
3.6585133 2.17651514561493E+002 2.43966450979059E+002
3.7564523 2.06132428183544E+002 2.30477086705360E+002
3.8544764 1.95415103780130E+002 2.17971582167992E+002
3.9525810 1.85431230086347E+002 2.06361737213301E+002
4.0507604 1.76119429759646E+002 1.95568797316155E+002
4.1490108 1.67424209189398E+002 1.85522007375932E+002
4.2473280 1.59295482168887E+002 1.76157871670138E+002
4.3457083 1.51687933024071E+002 1.67419258510559E+002
4.4441489 1.44560467507841E+002 1.59254633613461E+002
4.5426454 1.37875892188812E+002 1.51617577443802E+002
4.6411954 1.31600310418436E+002 1.44465996550516E+002
4.7397961 1.25702906875401E+002 1.37761795432501E+002
4.8384450 1.20155599907215E+002 1.31470409572259E+002
4.9371399 1.14932740541599E+002 1.25560402980261E+002
5.0358779 1.10010964993587E+002 1.20003248645757E+002
5.1346571 1.05368827254211E+002 1.14772868037241E+002
5.2334756 1.00986706014927E+002 1.09845487649987E+002
5.3323316 9.68466060439291E+001 1.05199381578403E+002
5.4312238 9.29319856773719E+001 1.00814648586814E+002
5.5301496 8.92276924539714E+001 9.66731144085571E+001
5.6291079 8.57197277673146E+001 9.27580461172961E+001
5.7280973 8.23952118729157E+001 8.90540939543757E+001
5.8271164 7.92422654000622E+001 8.55471421526916E+001
5.9261644 7.62499062175076E+001 8.22241793260124E+001
6.0252392 7.34080254435727E+001 7.90732586804269E+001
6.1243401 7.07072295641814E+001 7.60833112705129E+001
6.2234659 6.81388329527898E+001 7.32441277540760E+001
6.3226158 6.56947842808637E+001 7.05462679601172E+001
6.4217891 6.33676023815371E+001 6.79809821552770E+001
6.5209840 6.11503718113571E+001 6.55401990764050E+001
6.6202001 5.90366325692157E+001 6.32163981691215E+001
6.7194366 5.70203852983500E+001 6.10026098824551E+001
6.8186927 5.50960438467230E+001 5.88923585615960E+001
6.9179682 5.32583938977481E+001 5.68796126732846E+001
7.0172613 5.15025977356056E+001 5.49587860596920E+001
7.1165720 4.98241144811111E+001 5.31246470751611E+001
7.2158999 4.82187032020863E+001 5.13723189318469E+001
7.3152432 4.66824287004039E+001 4.96972831128410E+001
7.4146030 4.52115590374676E+001 4.80952650579767E+001
7.5139770 4.38026557467199E+001 4.65623302360074E+001
7.6133666 4.24524440790652E+001 4.50947407652610E+001
7.7127702 4.11578926132128E+001 4.36890402273429E+001
7.8121865 3.99161559315566E+001 4.23419895893623E+001
7.9116168 3.87245280528243E+001 4.10505152321735E+001
8.0110589 3.75805117902158E+001 3.98117827995734E+001
8.1105143 3.64817163650520E+001 3.86230849931147E+001
8.2099815 3.54259244624881E+001 3.74819130892672E+001
8.3094593 3.44110480122877E+001 3.63859080111106E+001
8.4089492 3.34350921069464E+001 3.53328204771615E+001
8.5084489 3.24962136191085E+001 3.43205734436799E+001
8.6079599 3.15926390756844E+001 3.33471727194090E+001
8.7074812 3.07227212150143E+001 3.24107672662370E+001
8.8070112 2.98849041923561E+001 3.15096110246877E+001
8.9065517 2.90776950482906E+001 3.06420316735600E+001
9.0061006 2.82997133465687E+001 2.98064834738478E+001
9.1056593 2.75496243659927E+001 2.90014749754922E+001
9.2052267 2.68261869498883E+001 2.82256199780981E+001
9.3048016 2.61282256562868E+001 2.74776071932460E+001
9.4043856 2.54546078015178E+001 2.67561752901014E+001
9.5039766 2.48042856342690E+001 2.60601577387244E+001
9.6035763 2.41762413209901E+001 2.53884235729378E+001
9.7031836 2.35695275913283E+001 2.47399206132380E+001
9.8027972 2.29832451157517E+001 2.41136509726614E+001
9.9024188 2.24165237575990E+001 2.35086508013794E+001
10.0020464 2.18685585514223E+001 2.29240284833369E+001
10.1016817 2.13385639133979E+001 2.23589155432616E+001
10.2013235 2.08258083228210E+001 2.18125034640793E+001
10.3009707 2.03295957088157E+001 2.12840236382450E+001
10.4006251 1.98492499410271E+001 2.07727306984502E+001
10.5002846 1.93841456583817E+001 2.02779351917533E+001
10.5999509 1.89336697961738E+001 1.97989624857465E+001
10.6996230 1.84972513178826E+001 1.93351842744704E+001
10.7992996 1.80743457275809E+001 1.88860019715238E+001
10.8989827 1.76644220954357E+001 1.84508328274922E+001
10.9986702 1.72669895945234E+001 1.80291380059283E+001
11.0983637 1.68815649025066E+001 1.76203878797346E+001
11.1980623 1.65076978108649E+001 1.72240891190649E+001
11.2977649 1.61449582099230E+001 1.68397707906037E+001
11.3974732 1.57929251279790E+001 1.64669726750591E+001
11.4971853 1.54512096779338E+001 1.61052695021337E+001
11.5969029 1.51194272273127E+001 1.57542414108142E+001
11.6966250 1.47972195594630E+001 1.54134973480700E+001
11.7963505 1.44842438399276E+001 1.50826633251315E+001
11.8960812 1.41801632762702E+001 1.47613724962144E+001
11.9958151 1.38846670491294E+001 1.44492861723642E+001
12.0955540 1.35974463905359E+001 1.41460684976391E+001
12.1952970 1.33182138483324E+001 1.38514067537942E+001
12.2950428 1.30466938585391E+001 1.35650013567662E+001
12.3947934 1.27826147248400E+001 1.32865573627337E+001
12.4945468 1.25257260056234E+001 1.30158027691437E+001
12.5943047 1.22757778238965E+001 1.27524666645942E+001
12.6940662 1.20325376868362E+001 1.24962969268562E+001
12.7938302 1.17957823733274E+001 1.22470516385413E+001
12.8935986 1.15652909991411E+001 1.20044917625605E+001
12.9933693 1.13408602481988E+001 1.17683971483146E+001
13.0931443 1.11222863758780E+001 1.15385475676008E+001
13.1929224 1.09093799555760E+001 1.13147382064287E+001
13.2927027 1.07019588532483E+001 1.10967722493213E+001
13.3924871 1.04998421940699E+001 1.08844545221858E+001
13.4922734 1.03028637587799E+001 1.06776055485928E+001
13.5920637 1.01108562481179E+001 1.04760450016021E+001
13.6918568 9.92366426371573E+000 1.02796053197548E+001
13.7916517 9.74113818856997E+000 1.00881252621183E+001
13.8914504 9.56312890846878E+000 9.90144435845511E+000
13.9912508 9.38949963967034E+000 9.71941530136485E+000
14.0910548 9.22011210421315E+000 9.54188943446853E+000
14.1908615 9.05483800020799E+000 9.36872876632922E+000
14.2906697 8.89355364307445E+000 9.19980033824567E+000
14.3904813 8.73613532364835E+000 9.03497135340463E+000
14.4902944 8.58246978908391E+000 8.87412014264194E+000
14.5901109 8.43244204291411E+000 8.71712337993844E+000
14.6899298 8.28594551740143E+000 8.56386672209903E+000
14.7897500 8.14287735805536E+000 8.41423986191943E+000
14.8895734 8.00313432247545E+000 8.26813223246322E+000
14.9893980 7.86662210019630E+000 8.12544274510537E+000
15.0892259 7.73324450201841E+000 7.98606847875071E+000
15.1890558 7.60291251250639E+000 7.84991413573240E+000
15.2888878 7.47553892100723E+000 7.71688642271598E+000
15.3887200 7.35104186091233E+000 7.58689774090052E+000
15.4885562 7.22933524632588E+000 7.45985619535943E+000
15.5883943 7.11034290311841E+000 7.33568034354878E+000
15.6882343 6.99398890822222E+000 7.21428910234897E+000
15.7880763 6.88019988711451E+000 7.09560414205307E+000
15.8879183 6.76890701362569E+000 6.97955196640780E+000
15.9877640 6.66003747141173E+000 6.86605500478908E+000
16.0876115 6.55352709767746E+000 6.75504479210427E+000
16.1874608 6.44931175909724E+000 6.64645297116261E+000
16.2873119 6.34732941499957E+000 6.54021344038281E+000
16.3871628 6.24752192118976E+000 6.43626422836947E+000
16.4870172 6.14982738064506E+000 6.33453952401193E+000
16.5868734 6.05419149127897E+000 6.23498149165026E+000
16.6867312 5.96055982129762E+000 6.13753222215938E+000
16.7865905 5.86887966671941E+000 6.04213566469021E+000
16.8864496 5.77910168207882E+000 5.94873931989299E+000
16.9863121 5.69117300599048E+000 5.85728708598116E+000
17.0861762 5.60504747553265E+000 5.76772988206063E+000
17.1860417 5.52067868530838E+000 5.68001842450937E+000
17.2859087 5.43802166395696E+000 5.59410496883654E+000
17.3857753 5.35703435161397E+000 5.50994484250287E+000
17.4856452 5.27767140339494E+000 5.42749000376264E+000
17.5855166 5.19989340909698E+000 5.34669862041853E+000
17.6853893 5.12366063783762E+000 5.26752856706060E+000
17.7852633 5.04893455483845E+000 5.18993899953605E+000
17.8851368 4.97567916293744E+000 5.11389174558986E+000
17.9850136 4.90385540140113E+000 5.03934548874534E+000
18.0848916 4.83342948974745E+000 4.96626442842593E+000
18.1847709 4.76436727436349E+000 4.89461240924526E+000
18.2846515 4.69663560397128E+000 4.82435434752862E+000
18.3845314 4.63020355026866E+000 4.75545749564829E+000
18.4844144 4.56503733139064E+000 4.68788617599021E+000
18.5842986 4.50110788200641E+000 4.62160963057183E+000
18.6841841 4.43838573037418E+000 4.55659670651624E+000
18.7840706 4.37684224845579E+000 4.49281715146999E+000
18.8839565 4.31645076485109E+000 4.43024276548542E+000
18.9838453 4.25718195216482E+000 4.36884262076387E+000
19.0837353 4.19901071153709E+000 4.30859019395384E+000
19.1836263 4.14191151865231E+000 4.24945854271604E+000
19.2835185 4.08585956238548E+000 4.19142148466937E+000
19.3834098 4.03083176154871E+000 4.13445464893130E+000
19.4833041 3.97680256374880E+000 4.07853112623212E+000
19.5831994 3.92375022070124E+000 4.02362796448570E+000
19.6830957 3.87165255014380E+000 3.96972178036795E+000
19.7829930 3.82048797511629E+000 3.91678983453315E+000
19.8828894 3.77023645461828E+000 3.86481099342215E+000
19.9827887 3.72087564855720E+000 3.81376176182781E+000
20.0826889 3.67238665019146E+000 3.76362221167931E+000
20.1825901 3.62475011800271E+000 3.71437198013627E+000
20.2824922 3.57794722618525E+000 3.66599125220043E+000
20.3823934 3.53196051808826E+000 3.61846164210615E+000
20.4822973 3.48677039778868E+000 3.57176256673860E+000
20.5822022 3.44236037750104E+000 3.52587666852802E+000
20.6821079 3.39871353947220E+000 3.48078615796358E+000
20.7820145 3.35581340694691E+000 3.43647371333809E+000
20.8819201 3.31364472820745E+000 3.39292328991554E+000
20.9818284 3.27219026034716E+000 3.35011679796520E+000
21.0817375 3.23143558222330E+000 3.30803907295393E+000
21.1816475 3.19136585154389E+000 3.26667452581365E+000
21.2815583 3.15196660444847E+000 3.22600796836384E+000
21.3814680 3.11322447703925E+000 3.18602535748125E+000
21.4813803 3.07512425123152E+000 3.14671074607935E+000
21.5812935 3.03765327760693E+000 3.10805084719365E+000
21.6812074 3.00079849721697E+000 3.07003195996093E+000
21.7811221 2.96454717694503E+000 3.03264072823605E+000
21.8810357 2.92888757462581E+000 2.99586482614769E+000
21.9809519 2.89380622053041E+000 2.95969015425636E+000
22.0808688 2.85929198913371E+000 2.92410503846966E+000
22.1807864 2.82533335888720E+000 2.88909740364469E+000
22.2807048 2.79191908968724E+000 2.85465547202685E+000
22.3806219 2.75903883698551E+000 2.82076839584468E+000
22.4805416 2.72668064563022E+000 2.78742367422880E+000
22.5804621 2.69483470495452E+000 2.75461102302306E+000
22.6803832 2.66349082297492E+000 2.72231977131308E+000
22.7803050 2.63263905156093E+000 2.69053950554516E+000
22.8802255 2.60227025433467E+000 2.65926065417618E+000
22.9801486 2.57237379231717E+000 2.62847210382047E+000
23.0800723 2.54294099276132E+000 2.59816477181505E+000
23.1799967 2.51396281699394E+000 2.56832920389774E+000
23.2799217 2.48543043824785E+000 2.53895616919601E+000
23.3798454 2.45733576762022E+000 2.51003720139187E+000
23.4797716 2.42966931333270E+000 2.48156239505545E+000
23.5796984 2.40242339027764E+000 2.45352370917782E+000
23.6796259 2.37558996311037E+000 2.42591274674498E+000
23.7795539 2.34916118115244E+000 2.39872130520422E+000
23.8794806 2.32312986621596E+000 2.37194187811832E+000
23.9794098 2.29748752933332E+000 2.34556561480367E+000
24.0793395 2.27222734498084E+000 2.31958537987793E+000
24.1792698 2.24734215310050E+000 2.29399369766223E+000
24.2792007 2.22282495500032E+000 2.26878326222510E+000
24.3791302 2.19866936644629E+000 2.24394740307387E+000
24.4790621 2.17486777749953E+000 2.21947819309279E+000
24.5789946 2.15141411276071E+000 2.19536928639388E+000
24.6789277 2.12830197780415E+000 2.17161401237999E+000
24.7788612 2.10552511957881E+000 2.14820584902224E+000
24.8787934 2.08307784781302E+000 2.12513885576238E+000
24.9787279 2.06095332515180E+000 2.10240591638296E+000
25.0786630 2.03914613247428E+000 2.08000137503996E+000
25.1785986 2.01765054679654E+000 2.05791926647568E+000
25.2785347 1.99646096930650E+000 2.03615375579653E+000
25.3784693 1.97557231781230E+000 2.01469954143068E+000
25.4784064 1.95497843573380E+000 1.99355022099325E+000
25.5783439 1.93467447953601E+000 1.97270074326866E+000
25.6782819 1.91465531653473E+000 1.95214576251038E+000
25.7782204 1.89491592337234E+000 1.93188004764388E+000
25.8781574 1.87545175196379E+000 1.91189885783355E+000
25.9780968 1.85625724709042E+000 1.89219642066004E+000
26.0780366 1.83732807122715E+000 1.87276821596724E+000
26.1779769 1.81865961189304E+000 1.85360944345511E+000
26.2779176 1.80024735308796E+000 1.83471540393140E+000
26.3778568 1.78208721694520E+000 1.81608184978521E+000
26.4777984 1.76417418072610E+000 1.79770356589596E+000
26.5777404 1.74650435276361E+000 1.77957649962897E+000
26.6776829 1.72907358006270E+000 1.76169633204272E+000
26.7776257 1.71187779496450E+000 1.74405883354732E+000
26.8775671 1.69491333449699E+000 1.72666019135496E+000
26.9775108 1.67817564849564E+000 1.70949568451090E+000
27.0774549 1.66166123901280E+000 1.69256167288310E+000
27.1773994 1.64536635980986E+000 1.67585426328749E+000
27.2773442 1.62928734029094E+000 1.65936964167635E+000
27.3772876 1.61342088435071E+000 1.64310437943416E+000
27.4772333 1.59776286216474E+000 1.62705419477883E+000
27.5771793 1.58231012419922E+000 1.61121581231867E+000
27.6771257 1.56705928506492E+000 1.59558571626655E+000
27.7770725 1.55200702656354E+000 1.58016046107335E+000
27.8770178 1.53715037766023E+000 1.56493695825865E+000
27.9769653 1.52248558321271E+000 1.54991131718915E+000
28.0769132 1.50800980263841E+000 1.53508058564953E+000
28.1768615 1.49371997133369E+000 1.52044158308386E+000
28.2768101 1.47961308449917E+000 1.50599119140435E+000
28.3767572 1.46568645971190E+000 1.49172662388708E+000
28.4767065 1.45193667650612E+000 1.47764433900778E+000
28.5766562 1.43836116879755E+000 1.46374167147221E+000
28.6766062 1.42495715772225E+000 1.45001573910420E+000
28.7765565 1.41172191775014E+000 1.43646371539552E+000
28.8765053 1.39865302319528E+000 1.42308308185451E+000
28.9764563 1.38574735313394E+000 1.40987060917787E+000
29.0764077 1.37300258583349E+000 1.39682388729613E+000
29.1763593 1.36041619744420E+000 1.38394030013228E+000
29.2763113 1.34798571176988E+000 1.37121728131248E+000
29.3762617 1.33570893193298E+000 1.35865255122833E+000
29.4762144 1.32358300562608E+000 1.34624316035619E+000
29.5761673 1.31160582903241E+000 1.33398692607979E+000
29.6761206 1.29977510632012E+000 1.32188147008225E+000
29.7760741 1.28808858431345E+000 1.30992445850653E+000
29.8760261 1.27654427042031E+000 1.29811382487840E+000
29.9759803 1.26513955366938E+000 1.28644687086051E+000
30.0759347 1.25387252492954E+000 1.27492161690531E+000
30.1758895 1.24274109261693E+000 1.26353589752419E+000
30.2758445 1.23174320339810E+000 1.25228758706952E+000
30.3757980 1.22087704738978E+000 1.24117480956353E+000
30.4757536 1.21014023084154E+000 1.23019509259954E+000
30.5757095 1.19953101885324E+000 1.21934663824441E+000
30.6756657 1.18904750311733E+000 1.20862747185802E+000
30.7756221 1.17868780968490E+000 1.19803565456433E+000
30.8755770 1.16845029235933E+000 1.18756948093965E+000
30.9755340 1.15833275325037E+000 1.17722668215448E+000
31.0754913 1.14833361364277E+000 1.16700562297626E+000
31.1754469 1.13845131735695E+000 1.15690469172785E+000
31.2754067 1.12868358956294E+000 1.14692154276885E+000
31.3753629 1.11902949312192E+000 1.13705519821873E+000
31.4753231 1.10948663869707E+000 1.12730319655329E+000
31.5752798 1.10005413067867E+000 1.11766460328558E+000
31.6752368 1.09073000776266E+000 1.10813739537277E+000
31.7751978 1.08151235304393E+000 1.09871959573232E+000
31.8751552 1.07240032969321E+000 1.08941033128217E+000
31.9751168 1.06339172910182E+000 1.08020732789255E+000
32.0750747 1.05448575141999E+000 1.07110975110293E+000
32.1750329 1.04568058960936E+000 1.06211573796846E+000
32.2749952 1.03697447716218E+000 1.05322346747476E+000
32.3749539 1.02836666660069E+000 1.04443215984648E+000
32.4749166 1.01985511358077E+000 1.03573971117301E+000
32.5748758 1.01143910359174E+000 1.02714537609454E+000
32.6748352 1.00311696947686E+000 1.01864743674895E+000
32.7747986 9.94887081136419E-001 1.01024421358855E+000
32.8747585 9.86748770775510E-001 1.00193501001136E+000
32.9747223 9.78700143585852E-001 9.93717876971048E-001
33.0746827 9.70740561195470E-001 9.85592148568269E-001
33.1746432 9.62868483482168E-001 9.77556238621979E-001
33.2746078 9.55082404256167E-001 9.69608596014866E-001
33.3745687 9.47381726861363E-001 9.61748598368936E-001
33.4745337 9.39764692825316E-001 9.53974437750257E-001
33.5744951 9.32230731779632E-001 9.46285519200794E-001
33.6744568 9.24778419142530E-001 9.38680376238099E-001
33.7744224 9.17406361449044E-001 9.31157574516218E-001
33.8743844 9.10114025620464E-001 9.23716557965416E-001
33.9743505 9.02899777669951E-001 9.16355647426541E-001
34.0743130 8.95763108029018E-001 9.09074311343329E-001
34.1742756 8.88702697355286E-001 9.01871192200160E-001
34.2742423 8.81717254881856E-001 8.94744961977467E-001
34.3742054 8.74806304406054E-001 8.87695123902257E-001
34.4741725 8.67968325770395E-001 8.80720116502655E-001
34.5741359 8.61202863818454E-001 8.73819464942084E-001
34.6740996 8.54508695200443E-001 8.66991911044250E-001
34.7740673 8.47884622844546E-001 8.60236223743271E-001
34.8740313 8.41330221476829E-001 8.53551959343602E-001
34.9739994 8.34844075171087E-001 8.46937664080282E-001
35.0739638 8.28425777510839E-001 8.40392913906116E-001
35.1739284 8.22074192825206E-001 8.33916541333395E-001
35.2738971 8.15788209640936E-001 8.27507403825968E-001
35.3738621 8.09567448327738E-001 8.21165105241737E-001
35.4738310 8.03410588532062E-001 8.14888290524542E-001
35.5737964 7.97317267534217E-001 8.08676581146477E-001
35.6737620 7.91286429855948E-001 8.02528892523205E-001
35.7737315 7.85317042330044E-001 7.96444163065291E-001
35.8736974 7.79408766267222E-001 7.90422039271263E-001
35.9736673 7.73560369063481E-001 7.84461256668659E-001
36.0736335 7.67771527206313E-001 7.78561477559490E-001
36.1735999 7.62041258658726E-001 7.72721693245842E-001
36.2735704 7.56368601981349E-001 7.66940916248649E-001
36.3735371 7.50753255236374E-001 7.61218831332335E-001
36.4735079 7.45194066490585E-001 7.55554257260272E-001
36.5734750 7.39690747436989E-001 7.49946892986592E-001
36.6734423 7.34242383382343E-001 7.44395799365951E-001
36.7734135 7.28848078672632E-001 7.38900056857375E-001
36.8733811 7.23507564384653E-001 7.33459384590904E-001
36.9733527 7.18219762841435E-001 7.28072677911008E-001
37.0733206 7.12984417370545E-001 7.22739668697487E-001
37.1732887 7.07800675107658E-001 7.17459481632075E-001
37.2732608 7.02667700808278E-001 7.12231259531177E-001
37.3732292 6.97585255226887E-001 7.07054752409121E-001
37.4732015 6.92552329121880E-001 7.01928926155872E-001
37.5731702 6.87568694265187E-001 6.96853542249210E-001
37.6731391 6.82633554626635E-001 6.91827784015116E-001
37.7731119 6.77746130501312E-001 6.86850851574490E-001
37.8730811 6.72906209338301E-001 6.81922522715082E-001
37.9730543 6.68112845041925E-001 6.77041828390648E-001
38.0730237 6.63365834975341E-001 6.72208556702084E-001
38.1729934 6.58664435412657E-001 6.67421944921593E-001
38.2729669 6.54007917770952E-001 6.62681245893360E-001
38.3729369 6.49396093524315E-001 6.57986262395731E-001
38.4729107 6.44828074910020E-001 6.53336085460869E-001
38.5728809 6.40303682328083E-001 6.48730527150492E-001
38.6728513 6.35822220243230E-001 6.44168874418790E-001
38.7728256 6.31383007182000E-001 6.39650428674161E-001
38.8727962 6.26985876251987E-001 6.35175015193574E-001
38.9727708 6.22629993638244E-001 6.30741780547597E-001
39.0727417 6.18315200488465E-001 6.26350558373776E-001
39.1727127 6.14040845717478E-001 6.22000681432754E-001
39.2726877 6.09806291312006E-001 6.17691495916415E-001
39.3726590 6.05611389868660E-001 6.13422847366616E-001
39.4726343 6.01455357519785E-001 6.09193933752579E-001
39.5726059 5.97338054107222E-001 6.05004608148999E-001
39.6725776 5.93258869590430E-001 6.00854245596240E-001
39.7725533 5.89217206093254E-001 5.96742233628542E-001
39.8725252 5.85212933776515E-001 5.92668436048454E-001
39.9725012 5.81245315065750E-001 5.88632098444334E-001
40.0724734 5.77314226653101E-001 5.84633091408397E-001
40.1724458 5.73419096438412E-001 5.80670829047440E-001
40.2724221 5.69559363652957E-001 5.76744737102166E-001
40.3723947 5.65734914292564E-001 5.72854695835915E-001
40.4723712 5.61945053734200E-001 5.68999995001302E-001
40.5723441 5.58189673863255E-001 5.65180520983490E-001
40.6723171 5.54468237686913E-001 5.61395724024473E-001
40.7722940 5.50780218778362E-001 5.57645065210253E-001
40.8722673 5.47125517413599E-001 5.53928439647082E-001
40.9722444 5.43503478861283E-001 5.50245178089946E-001
41.0722179 5.39914008709585E-001 5.46595181166263E-001
41.1721915 5.36356602484471E-001 5.42977932576127E-001
41.2721690 5.32830765573738E-001 5.39392926137266E-001
41.3721428 5.29336411134334E-001 5.35840070343367E-001
41.4721206 5.25872921521843E-001 5.32318734054641E-001
41.5720946 5.22440214685488E-001 5.28828830745252E-001
41.6720688 5.19037816302156E-001 5.25369875125598E-001
41.7720469 5.15665261262011E-001 5.21941391354994E-001
41.8720213 5.12322474342769E-001 5.18543300004098E-001
41.9719996 5.09008872412991E-001 5.15175005380760E-001
42.0719743 5.05724384574169E-001 5.11836432549031E-001
42.1719490 5.02468564485710E-001 5.08527124988953E-001
42.2719276 4.99240974422331E-001 5.05246635013176E-001
42.3719026 4.96041549646675E-001 5.01994894088521E-001
42.4718815 4.92869739175548E-001 4.98771339529919E-001
42.5718566 4.89725482172884E-001 4.95575906858453E-001
42.6718319 4.86608358292709E-001 4.92408166270510E-001
42.7718111 4.83517955252447E-001 4.89267696226467E-001
42.8717866 4.80454217775154E-001 4.86154438024525E-001
42.9717660 4.77416624851025E-001 4.83067859743010E-001
43.0717417 4.74405124723140E-001 4.80007906338208E-001
43.1717175 4.71419321215787E-001 4.76974172839223E-001
43.2716972 4.68458825706708E-001 4.73966262013986E-001
43.3716732 4.65523591454640E-001 4.70984124031242E-001
43.4716531 4.62613125420810E-001 4.68027255667821E-001
43.5716293 4.59727384039680E-001 4.65095610392880E-001
43.6716056 4.56865993629777E-001 4.62188806338456E-001
43.7715858 4.54028587591455E-001 4.59306468889879E-001
43.8715623 4.51215126883888E-001 4.56448556218823E-001
43.9715428 4.48425144593927E-001 4.53614591898296E-001
44.0715195 4.45658604545352E-001 4.50804537077256E-001
44.1714963 4.42915154009639E-001 4.48018031400535E-001
44.2714770 4.40194446903436E-001 4.45254721316918E-001
44.3714539 4.37496451131493E-001 4.42514572217054E-001
44.4714348 4.34820724203776E-001 4.39797132715794E-001
44.5714120 4.32167236608337E-001 4.37102370888979E-001
44.6713893 4.29535655150765E-001 4.34429946431003E-001
44.7713704 4.26925652877194E-001 4.31779525423963E-001
44.8713479 4.24337203955297E-001 4.29151079768695E-001
44.9713293 4.21769888745965E-001 4.26544181502434E-001
45.0713069 4.19223683745686E-001 4.23958804947017E-001
45.1712846 4.16698273986812E-001 4.21394628498622E-001
45.2712662 4.14193350366918E-001 4.18851336555165E-001
45.3712441 4.11708892698923E-001 4.16328906886481E-001
45.4712259 4.09244502741377E-001 4.13826933455771E-001
45.5712040 4.06800162405661E-001 4.11345396214781E-001
45.6711822 4.04375573745108E-001 4.08883991018848E-001
45.7711643 4.01970444329812E-001 4.06442419366834E-001
45.8711426 3.99584759058753E-001 4.04020664317213E-001
45.9711248 3.97218139743544E-001 4.01618340375126E-001
46.0711034 3.94870573173012E-001 3.99235432564470E-001
46.1710820 3.92541777308331E-001 3.96871653052995E-001
46.2710644 3.90231475303613E-001 3.94526719319209E-001
46.3710432 3.87939656637421E-001 3.92200619184663E-001
46.4710259 3.85665961929228E-001 3.89892986415161E-001
46.5710048 3.83410382358424E-001 3.87603810601562E-001
46.6709838 3.81172650765462E-001 3.85332819164783E-001
46.7709667 3.78952504882560E-001 3.83079744527100E-001
46.8709459 3.76749938308902E-001 3.80844578796971E-001
46.9709290 3.74564609317625E-001 3.78626973813636E-001
47.0709083 3.72396513037410E-001 3.76426923277130E-001
47.1708877 3.70245396236741E-001 3.74244168882231E-001
47.2708710 3.68111010295503E-001 3.72078457037156E-001
47.3708506 3.65993352517434E-001 3.69929783705671E-001
47.4708341 3.63892097758549E-001 3.67797817699388E-001
47.5708138 3.61807244696720E-001 3.65682556412503E-001
47.6707936 3.59738553147939E-001 3.63583754907465E-001
47.7707773 3.57685787278393E-001 3.61501172691999E-001
47.8707573 3.55648947719040E-001 3.59434809193819E-001
47.9707411 3.53627724914511E-001 3.57384349174858E-001
48.0707212 3.51622120728960E-001 3.55349793347096E-001
48.1707014 3.49631907210139E-001 3.53330909301396E-001
48.2706855 3.47656860512429E-001 3.51327468823917E-001
48.3706658 3.45696984251682E-001 3.49339474451316E-001
48.4706500 3.43751983537154E-001 3.47366625946337E-001
48.5706305 3.41821863090003E-001 3.45408926997288E-001
48.6706110 3.39906406433360E-001 3.43466156945508E-001
48.7705955 3.38005400969686E-001 3.41538099094426E-001
48.8705762 3.36118852989067E-001 3.39624758767507E-001
48.9705608 3.34246481405982E-001 3.37725849845450E-001
49.0705416 3.32388293499738E-001 3.35841378683012E-001
49.1705225 3.30544083566932E-001 3.33971135650320E-001
49.2705073 3.28713649571216E-001 3.32114914861855E-001
49.3704883 3.26897000194898E-001 3.30272724135507E-001
49.4704733 3.25093867357708E-001 3.28444290648363E-001
49.5704545 3.23304260625784E-001 3.26629623140337E-001
49.6704357 3.21527984417305E-001 3.24828522340294E-001
49.7704208 3.19764846619095E-001 3.23040792518001E-001
49.8704022 3.18014858049628E-001 3.21266443720309E-001
49.9703875 3.16277762888639E-001 3.19505215655570E-001
50.0703690 3.14553572742720E-001 3.17757119193439E-001
50.1703506 3.12842101545730E-001 3.16021964798915E-001
50.2703361 3.11143166514577E-001 3.14299566287648E-001
50.3703178 3.09456780371364E-001 3.12589935694390E-001
50.4703034 3.07782698861018E-001 3.10892824545619E-001
50.5702853 3.06120935406828E-001 3.09208245608778E-001
50.6702672 3.04471312894721E-001 3.07536018506029E-001
50.7702530 3.02833657319951E-001 3.05875966032144E-001
50.8702350 3.01207983097029E-001 3.04228101990831E-001
50.9702209 2.99594056887795E-001 3.02592189061505E-001
51.0702031 2.97991893728981E-001 3.00968241698714E-001
51.1701853 2.96401324933923E-001 2.99356088142973E-001
51.2701714 2.94822184762547E-001 2.97755559640670E-001
51.3701538 2.93254489129903E-001 2.96166671565590E-001
51.4701400 2.91698015009418E-001 2.94589197129148E-001
51.5701225 2.90152778866625E-001 2.93023152281609E-001
51.6701050 2.88618619953504E-001 2.91468373380030E-001
51.7700914 2.87095380316062E-001 2.89924699631087E-001
51.8700741 2.85583077195579E-001 2.88392147797960E-001
51.9700606 2.84081497311447E-001 2.86870501044014E-001
52.0700434 2.82590658390252E-001 2.85359776641358E-001
52.1700263 2.81110407166946E-001 2.83859818595897E-001
52.2700130 2.79640593027406E-001 2.82370473616610E-001
52.3699959 2.78181234380775E-001 2.80891759691936E-001
52.4699827 2.76732127163497E-001 2.79423469394923E-001
52.5699658 2.75293290210815E-001 2.77965621161569E-001
52.6699489 2.73864577315546E-001 2.76518066210410E-001
52.7699359 2.72445844787086E-001 2.75080658325525E-001
52.8699192 2.71037112058581E-001 2.73653416571492E-001
52.9699063 2.69638183788589E-001 2.72236142423756E-001
53.0698897 2.68249079782567E-001 2.70828855338697E-001
53.1698731 2.66869660494309E-001 2.69431413340340E-001
53.2698603 2.65499788767993E-001 2.68043676889092E-001
53.3698439 2.64139484930079E-001 2.66665665990201E-001
53.4698313 2.62788561897778E-001 2.65297190546604E-001
53.5698149 2.61447040321003E-001 2.63938270904710E-001
53.6697986 2.60114786943732E-001 2.62588771513749E-001
53.7697861 2.58791670781714E-001 2.61248559137967E-001
53.8697699 2.57477712936015E-001 2.59917654600234E-001
53.9697576 2.56172734148218E-001 2.58595875786081E-001
54.0697415 2.54876755798472E-001 2.57283243813543E-001
54.1697254 2.53589650574296E-001 2.55979629201638E-001
54.2697133 2.52311293323409E-001 2.54684904670259E-001
54.3696973 2.51041705813687E-001 2.53399091748150E-001
54.4696852 2.49780716203870E-001 2.52122015886375E-001
54.5696694 2.48528346500629E-001 2.50853698867074E-001
54.6696536 2.47284475010732E-001 2.49594016946628E-001
54.7696417 2.46048982096142E-001 2.48342848474903E-001
54.8696260 2.44821890093674E-001 2.47100215585045E-001
54.9696142 2.43603034197141E-001 2.45865950902426E-001
55.0695986 2.42392436945586E-001 2.44640076775671E-001
55.1695831 2.41189981961448E-001 2.43422474887418E-001
55.2695714 2.39995554823476E-001 2.42213028912673E-001
55.3695560 2.38809178348597E-001 2.41011761496877E-001
55.4695444 2.37630694406958E-001 2.39818512072483E-001
55.5695291 2.36460125984536E-001 2.38633303466000E-001
55.6695138 2.35297361735076E-001 2.37456022494970E-001
55.7695023 2.34142292175441E-001 2.36286557874038E-001
55.8694872 2.32994940522088E-001 2.35124932677366E-001
55.9694758 2.31855154984468E-001 2.33970992799556E-001
56.0694607 2.30722958917986E-001 2.32824761464624E-001
56.1694457 2.29598245741153E-001 2.31686130351989E-001
56.2694345 2.28480910647727E-001 2.30554992948368E-001
56.3694196 2.27370977180605E-001 2.29431372680840E-001
56.4694085 2.26268299571719E-001 2.28315121581978E-001
56.5693936 2.25172901475632E-001 2.27206263200409E-001
56.6693788 2.24084680825628E-001 2.26104693821420E-001
56.7693678 2.23003537247338E-001 2.25010311452883E-001
56.8693531 2.21929494543864E-001 2.23923139806073E-001
56.9693423 2.20862412671591E-001 2.22843036746667E-001
57.0693276 2.19802315520570E-001 2.21770026081841E-001
57.1693130 2.18749105304247E-001 2.20704008462539E-001
57.2693023 2.17702685850159E-001 2.19644886182347E-001
57.3692878 2.16663081161613E-001 2.18592683174474E-001
57.4692772 2.15630156638948E-001 2.17547262850821E-001
57.5692628 2.14603936350046E-001 2.16508649217273E-001
57.6692484 2.13584326568203E-001 2.15476747064923E-001
57.7692379 2.12571235106898E-001 2.14451462752006E-001
57.8692236 2.11564686115338E-001 2.13432820377295E-001
57.9692132 2.10564550173650E-001 2.12420688628806E-001
58.0691990 2.09570851475375E-001 2.11415091656972E-001
58.1691849 2.08583500146662E-001 2.10415938181188E-001
58.2691746 2.07602407783993E-001 2.09423138416663E-001
58.3691605 2.06627598633362E-001 2.08436716576739E-001
58.4691503 2.05658948205761E-001 2.07456546371070E-001
58.5691363 2.04696480773225E-001 2.06482652045661E-001
58.6691224 2.03740110120150E-001 2.05514946049091E-001
58.7691123 2.02789751435211E-001 2.04553342258320E-001
58.8690985 2.01845429016820E-001 2.03597864955167E-001
58.9690885 2.00907023072138E-001 2.02648392631053E-001
59.0690747 1.99974557909100E-001 2.01704949583296E-001
59.1690610 1.99047950787284E-001 2.00767451802398E-001
59.2690511 1.98127120308060E-001 1.99835816643454E-001
59.3690374 1.97212090782207E-001 1.98910068415142E-001
59.4690277 1.96302746891654E-001 1.97990090164406E-001
59.5690141 1.95399112941810E-001 1.97075906199946E-001
59.6690006 1.94501109495138E-001 1.96167435877965E-001
59.7689909 1.93608658396741E-001 1.95264599858894E-001
59.8689774 1.92721783933667E-001 1.94367422440744E-001
59.9689678 1.91840375053635E-001 1.93475791012477E-001
60.0689545 1.90964456024912E-001 1.92589729858173E-001
60.1689411 1.90093950550584E-001 1.91709161533826E-001
60.2689316 1.89228783560362E-001 1.90834009842498E-001
60.3689184 1.88368979285073E-001 1.89964299037729E-001
60.4689090 1.87514430740863E-001 1.89099920648909E-001
60.5688958 1.86665162127719E-001 1.88240898903100E-001
60.6688827 1.85821100136466E-001 1.87387159399785E-001
60.7688734 1.84982172631478E-001 1.86538628931370E-001
60.8688603 1.84148403758153E-001 1.85695331676529E-001
60.9688511 1.83319690414589E-001 1.84857163114636E-001
61.0688381 1.82496056704521E-001 1.84024147386615E-001
61.1688251 1.81677432162387E-001 1.83196212988124E-001
61.2688160 1.80863747445848E-001 1.82373289556416E-001
61.3688031 1.80055026588684E-001 1.81555401168014E-001
61.4687941 1.79251170194642E-001 1.80742447072271E-001
61.5687813 1.78452202246141E-001 1.79934451297850E-001
61.6687685 1.77658054985278E-001 1.79131345097657E-001
61.7687596 1.76868661729652E-001 1.78333060817521E-001
61.8687469 1.76084046377970E-001 1.77539622407364E-001
61.9687381 1.75304113072874E-001 1.76750932716284E-001
62.0687254 1.74528885653043E-001 1.75967015637308E-001
62.1687128 1.73758298939940E-001 1.75187805049502E-001
62.2687041 1.72992288785241E-001 1.74413235878681E-001
62.3686916 1.72230878931635E-001 1.73643331926315E-001
62.4686829 1.71473976902850E-001 1.72877999480179E-001
62.5686704 1.70721606373821E-001 1.72117262276778E-001
62.6686580 1.69973704624240E-001 1.71361056697597E-001
62.7686494 1.69230209921014E-001 1.70609320127037E-001
62.8686371 1.68491145832155E-001 1.69862076198627E-001
62.9686286 1.67756423113065E-001 1.69119234486346E-001
63.0686163 1.67026065257136E-001 1.68380818551580E-001
63.1686040 1.66300011887852E-001 1.67646767161355E-001
63.2685918 1.65578231028156E-001 1.66917047798778E-001
63.3685872 1.64860636403669E-001 1.66191573056375E-001
63.4685751 1.64147306094877E-001 1.65470421688390E-001
63.5685630 1.63438154069061E-001 1.64753506535686E-001
63.6685509 1.62733149477241E-001 1.64040796231752E-001
63.7685388 1.62032261745118E-001 1.63332259690172E-001
63.8685344 1.61335407562831E-001 1.62627812517186E-001
63.9685224 1.60642663220016E-001 1.61927531659435E-001
64.0685105 1.59953945631388E-001 1.61231332953954E-001
64.1684986 1.59269225293116E-001 1.60539186405797E-001
64.2684867 1.58588472962078E-001 1.59851062285822E-001
64.3684824 1.57911608165162E-001 1.59166879083663E-001
64.4684706 1.57238705445857E-001 1.58486711983400E-001
64.5684588 1.56569684539704E-001 1.57810479689116E-001
64.6684470 1.55904517219789E-001 1.57138153507660E-001
64.7684353 1.55243175506743E-001 1.56469704998229E-001
64.8684312 1.54585581643007E-001 1.55805055410254E-001
64.9684195 1.53931808469701E-001 1.55144278209380E-001
65.0684079 1.53281778423081E-001 1.54487294844253E-001
65.1683963 1.52635464488856E-001 1.53834077857792E-001
65.2683847 1.51992839887869E-001 1.53184600032576E-001
65.3683808 1.51353829463108E-001 1.52538785260576E-001
65.4683692 1.50718504396166E-001 1.51896705332180E-001
65.5683578 1.50086789710003E-001 1.51258284324370E-001
65.6683463 1.49458659542345E-001 1.50623495954182E-001
65.7683349 1.48834088254348E-001 1.49992314166355E-001
65.8683311 1.48213003180358E-001 1.49364665384084E-001
65.9683197 1.47595473884330E-001 1.48740619764748E-001
66.0683084 1.46981427867681E-001 1.48120103903311E-001
66.1682971 1.46370840362988E-001 1.47503092632510E-001
66.2682858 1.45763686815225E-001 1.46889561001506E-001
66.3682821 1.45159896946385E-001 1.46279437859013E-001
66.4682709 1.44559538743735E-001 1.45672791770695E-001
66.5682597 1.43962542084302E-001 1.45069551744683E-001
66.6682485 1.43368883241587E-001 1.44469693674307E-001
66.7682374 1.42778538691070E-001 1.43873193658680E-001
66.8682339 1.42191440443844E-001 1.43279982871604E-001
66.9682228 1.41607654950485E-001 1.42690128327376E-001
67.0682118 1.41027114365891E-001 1.42103561347693E-001
67.1682007 1.40449795953579E-001 1.41520258834470E-001
67.2681897 1.39875677169211E-001 1.40940197885358E-001
67.3681864 1.39304692219295E-001 1.40363311903793E-001
67.4681754 1.38736906056774E-001 1.39789666392104E-001
67.5681645 1.38172253021479E-001 1.39219194890868E-001
67.6681536 1.37610711318875E-001 1.38651875261481E-001
67.7681428 1.37052259337276E-001 1.38087685551585E-001
67.8681396 1.36496833389514E-001 1.37526561303482E-001
67.9681288 1.35944496969005E-001 1.36968566545992E-001
68.0681180 1.35395186512123E-001 1.36413636948518E-001
68.1681072 1.34848881120861E-001 1.35861751285558E-001
68.2680965 1.34305560071287E-001 1.35312888508888E-001
68.3680934 1.33765161697784E-001 1.34766986213321E-001
68.4680827 1.33227748071426E-001 1.34224106991700E-001
68.5680721 1.32693257641007E-001 1.33684188556573E-001
68.6680615 1.32161670362131E-001 1.33147210551708E-001
68.7680509 1.31632966356178E-001 1.32613152789676E-001
68.8680479 1.31107085898395E-001 1.32081954835632E-001
68.9680374 1.30584089673776E-001 1.31553677883033E-001
69.0680269 1.30063918063454E-001 1.31028261606024E-001
69.1680164 1.29546551836063E-001 1.30505686476209E-001
69.2680059 1.29031971918165E-001 1.29985933125981E-001
69.3680031 1.28520120449038E-001 1.29468943012598E-001
69.4679927 1.28011056762949E-001 1.28954775965820E-001
69.5679823 1.27504723097105E-001 1.28443373543729E-001
69.6679719 1.27001100994783E-001 1.27934717006579E-001
69.7679615 1.26500172149767E-001 1.27428787767837E-001
69.8679589 1.26001880492181E-001 1.26925529102343E-001
69.9679486 1.25506284040015E-001 1.26424999510947E-001
70.0679383 1.25013326813887E-001 1.25927142361688E-001
70.1679281 1.24522991095400E-001 1.25431939666399E-001
70.2679178 1.24035259309636E-001 1.24939373582955E-001
70.3679153 1.23550077107815E-001 1.24449389132778E-001
70.4679051 1.23067501225226E-001 1.23962043521698E-001
70.5678949 1.22587477396638E-001 1.23477281857215E-001
70.6678848 1.22109988607600E-001 1.22995086867653E-001
70.7678747 1.21635017980486E-001 1.22515441420591E-001
70.8678723 1.21162512821122E-001 1.22038292216351E-001
70.9678622 1.20692528614792E-001 1.21563695198767E-001
71.0678522 1.20225012744385E-001 1.21091597147586E-001
71.1678422 1.19759948866840E-001 1.20621981474405E-001
71.2678322 1.19297320769614E-001 1.20154831723642E-001
71.3678299 1.18837077349725E-001 1.19690096209982E-001
71.4678200 1.18379272874305E-001 1.19227829647426E-001
71.5678100 1.17923856311374E-001 1.18767980423870E-001
71.6678002 1.17470811958415E-001 1.18310532602713E-001
71.7677903 1.17020124237464E-001 1.17855470374085E-001
71.8677881 1.16571743576225E-001 1.17402743605473E-001
71.9677783 1.16125723054691E-001 1.16952405812360E-001
72.0677685 1.15682013165909E-001 1.16504406929636E-001
72.1677587 1.15240598818683E-001 1.16058731642689E-001
72.2677489 1.14801465040705E-001 1.15615364757862E-001
72.3677468 1.14364563732627E-001 1.15174257636690E-001
72.4677371 1.13929946817492E-001 1.14735462626636E-001
72.5677275 1.13497566256005E-001 1.14298931151216E-001
72.6677178 1.13067407540580E-001 1.13864648489541E-001
72.7677082 1.12639456277151E-001 1.13432600036205E-001
72.8677062 1.12213665784185E-001 1.13002738590709E-001
72.9676966 1.11790086857167E-001 1.12575115362179E-001
73.0676870 1.11368672869676E-001 1.12149683207026E-001
73.1676774 1.10949409871455E-001 1.11726427971289E-001
73.2676679 1.10532284020682E-001 1.11305335611293E-001
73.3676660 1.10117250000982E-001 1.10886360310946E-001
73.4676565 1.09704357508884E-001 1.10469552169928E-001
73.5676471 1.09293561278509E-001 1.10054865424322E-001
73.6676376 1.08884847892003E-001 1.09642286461668E-001
73.7676282 1.08478204035113E-001 1.09231801774871E-001
73.8676264 1.08073585706316E-001 1.08823366881076E-001
73.9676171 1.07671041531019E-001 1.08417030798638E-001
74.0676077 1.07270527553878E-001 1.08012749092454E-001
74.1675984 1.06872030865784E-001 1.07610508667445E-001
74.2675890 1.06475538656639E-001 1.07210296529220E-001
74.3675874 1.06081008191683E-001 1.06812069479270E-001
74.4675781 1.05688487052292E-001 1.06415875481979E-001
74.5675688 1.05297932545853E-001 1.06021671382454E-001
74.6675596 1.04909332249537E-001 1.05629444580098E-001
74.7675504 1.04522673835175E-001 1.05239182570564E-001
74.8675488 1.04137915788796E-001 1.04850843392940E-001
74.9675396 1.03755104674093E-001 1.04464473984265E-001
75.0675305 1.03374199015478E-001 1.04080032423380E-001
75.1675213 1.02995186855071E-001 1.03697506582427E-001
75.2675122 1.02618056325515E-001 1.03316884425582E-001
75.3675108 1.02242767089659E-001 1.02938125184826E-001
75.4675017 1.01869364719153E-001 1.02561274795756E-001
75.5674926 1.01497808911707E-001 1.02186292526496E-001
75.6674836 1.01128088154125E-001 1.01813166701274E-001
75.7674746 1.00760191019804E-001 1.01441885732342E-001
75.8674732 1.00394078306341E-001 1.01072410001815E-001
75.9674642 1.00029794618285E-001 1.00704784469040E-001
76.0674553 9.96673007848057E-002 1.00338969548899E-001
76.1674463 9.93065857181324E-002 9.99749539980791E-002
76.2674374 9.89476384133517E-002 9.96127266574847E-002
76.3674361 9.85904207625445E-002 9.92522490184357E-002
76.4674273 9.82349764274195E-002 9.88935650885430E-002
76.5674184 9.78812673285601E-002 9.85366363887469E-002
76.6674096 9.75292827853121E-002 9.81814520895348E-002
76.7674007 9.71790121963263E-002 9.78280014419968E-002
76.8673996 9.68304185096205E-002 9.74762470074850E-002
76.9673908 9.64835444676626E-002 9.71262318657157E-002
77.0673820 9.61383530441032E-002 9.67779186047185E-002
77.1673732 9.57948339479946E-002 9.64312967910463E-002
77.2673645 9.54529769643150E-002 9.60863560684120E-002
77.3673634 9.51127460601023E-002 9.57430600306882E-002
77.4673547 9.47741830815375E-002 9.54014508528869E-002
77.5673461 9.44372520186111E-002 9.50614921528089E-002
77.6673374 9.41019429535198E-002 9.47231738762008E-002
77.7673288 9.37682460411719E-002 9.43864860426948E-002
77.8673278 9.34361262322589E-002 9.40513932427514E-002
77.9673192 9.31056244990008E-002 9.37179367692343E-002
78.0673106 9.27767058125394E-002 9.33860812339652E-002
78.1673020 9.24493606124562E-002 9.30558169458320E-002
78.2672935 9.21235794079845E-002 9.27271342844919E-002
78.3672925 9.17993280995790E-002 9.23999988025635E-002
78.4672840 9.14766468072127E-002 9.20744509327012E-002
78.5672755 9.11555014494542E-002 9.17504562464878E-002
78.6672671 9.08358828082681E-002 9.14280054006744E-002
78.7672586 9.05177817323586E-002 9.11070891198153E-002
78.8672578 9.02011650394563E-002 9.07876738856871E-002
78.9672493 8.98860720184063E-002 9.04697992920723E-002
79.0672409 8.95724695028719E-002 9.01534318374740E-002
79.1672325 8.92603486029178E-002 8.98385625119612E-002
79.2672242 8.89497004925740E-002 8.95251823705817E-002
79.3672234 8.86404928756959E-002 8.92132587926309E-002
79.4672151 8.83327642305409E-002 8.89028305537715E-002
79.5672068 8.80264822748610E-002 8.85938650479370E-002
79.6671985 8.77216384332168E-002 8.82863535846620E-002
79.7671902 8.74182241914915E-002 8.79802875357697E-002
79.8671895 8.71162081097855E-002 8.76756351477304E-002
79.9671813 8.68156278757458E-002 8.73724343982708E-002
80.0671730 8.65164520614700E-002 8.70706535465497E-002
80.1671648 8.62186723930534E-002 8.67702842083722E-002
80.2671566 8.59222806553955E-002 8.64713180592675E-002
80.3671560 8.56272462361741E-002 8.61737241837706E-002
80.4671478 8.53336060518550E-002 8.58775397813019E-002
80.5671397 8.50413295003417E-002 8.55827339472669E-002
80.6671315 8.47504085969114E-002 8.52892985911657E-002
80.7671234 8.44608354132456E-002 8.49972256797797E-002
80.8671229 8.41725801370864E-002 8.47064851077733E-002
80.9671148 8.38856789326150E-002 8.44171133153529E-002
81.0671067 8.36001019961476E-002 8.41290802063584E-002
81.1670987 8.33158416203675E-002 8.38423779719985E-002
81.2670906 8.30328901520742E-002 8.35569988584344E-002
81.3670902 8.27512185526617E-002 8.32729135436458E-002
81.4670822 8.24708622524056E-002 8.29901577271937E-002
81.5670742 8.21917922197337E-002 8.27087020946519E-002
81.6670662 8.19140010135069E-002 8.24285391075098E-002
81.7670583 8.16374812445196E-002 8.21496612799883E-002
81.8670579 8.13622046224539E-002 8.18720400476345E-002
81.9670500 8.10882058615560E-002 8.15957103874249E-002
82.0670421 8.08154566771068E-002 8.13206437410281E-002
82.1670342 8.05439498834340E-002 8.10468328293141E-002
82.2670263 8.02736783447164E-002 8.07742704237655E-002
82.3670260 8.00046144945611E-002 8.05029286927689E-002
82.4670182 7.97367923485724E-002 8.02328419082826E-002
82.5670103 7.94701843446195E-002 7.99639822434416E-002
82.6670025 7.92047835422776E-002 7.96963426680984E-002
82.7669947 7.89405830489855E-002 7.94299162006953E-002
82.8669945 7.86775559988676E-002 7.91646757187011E-002
82.9669867 7.84157357257975E-002 7.89006548061422E-002
83.0669790 7.81550953669174E-002 7.86378263439577E-002
83.1669712 7.78956282172963E-002 7.83761835410587E-002
83.2669635 7.76373276179704E-002 7.81157196530161E-002
83.3669634 7.73801673810836E-002 7.78564082435509E-002
83.4669556 7.71241801752300E-002 7.75982822253769E-002
83.5669479 7.68693398144136E-002 7.73413151644961E-002
83.6669403 7.66156398198865E-002 7.70855004994054E-002
83.7669326 7.63630737570566E-002 7.68308317134193E-002
83.8669326 7.61116160944602E-002 7.65772830345654E-002
83.9669249 7.58612988514142E-002 7.63248867204122E-002
84.0669173 7.56120964972379E-002 7.60736170001618E-002
84.1669097 7.53640027704752E-002 7.58234675328525E-002
84.2669021 7.51170114520957E-002 7.55744320205809E-002
84.3669022 7.48710976462316E-002 7.53264853345809E-002
84.4668946 7.46262927384889E-002 7.50796590930016E-002
84.5668870 7.43825718327819E-002 7.48339281672231E-002
84.6668795 7.41399288764533E-002 7.45892864281869E-002
84.7668720 7.38983578576190E-002 7.43457277882118E-002
84.8668721 7.36578344960039E-002 7.41032277414452E-002
84.9668646 7.34183895586465E-002 7.38618172819151E-002
85.0668571 7.31799987641244E-002 7.36214719029596E-002
85.1668496 7.29426562604646E-002 7.33821856791707E-002
85.2668422 7.27063562348884E-002 7.31439527249118E-002
85.3668424 7.24710750034686E-002 7.29067491377215E-002
85.4668349 7.22368427294089E-002 7.26706053023903E-002
85.5668275 7.20036357267718E-002 7.24354973147606E-002
85.6668201 7.17714483365143E-002 7.22014194451888E-002
85.7668127 7.15402749372780E-002 7.19683660022679E-002
85.8668130 7.13100924229630E-002 7.17363136681426E-002
85.9668056 7.10809303672721E-002 7.15052922328459E-002
86.0667983 7.08527656612954E-002 7.12752783760033E-002
86.1667909 7.06255928315063E-002 7.10462665561978E-002
86.2667836 7.03994064406204E-002 7.08182512687820E-002
86.3667839 7.01741839425376E-002 7.05912097624258E-002
86.4667766 6.99499543354062E-002 7.03651712464931E-002
86.5667694 6.97266950695750E-002 7.01401129663720E-002
86.6667621 6.95044008499460E-002 6.99160295616654E-002
86.7667548 6.92830664162833E-002 6.96929157073427E-002
86.8667552 6.90626697653223E-002 6.94707492011923E-002
86.9667480 6.88432393332262E-002 6.92495586856165E-002
87.0667408 6.86247531124933E-002 6.90293219544156E-002
87.1667336 6.84072059796747E-002 6.88100338213204E-002
87.2667264 6.81905928448637E-002 6.85916891340860E-002
87.3667268 6.79748922311004E-002 6.83742662228567E-002
87.4667197 6.77601320257678E-002 6.81577931764118E-002
87.5667125 6.75462907470343E-002 6.79422483202545E-002
87.6667054 6.73333634366149E-002 6.77276266356503E-002
87.7666983 6.71213451685029E-002 6.75139231366050E-002
87.8666988 6.69102149761199E-002 6.73011166694735E-002
87.9666917 6.67000002109176E-002 6.70892347823917E-002
88.0666846 6.64906799008596E-002 6.68782563164692E-002
88.1666775 6.62822492466182E-002 6.66681764141981E-002
88.2666705 6.60747034799354E-002 6.64589902495825E-002
88.3666710 6.58680221292706E-002 6.62506771696319E-002
88.4666640 6.56622320226496E-002 6.60432641944700E-002
88.5666570 6.54573126825332E-002 6.58367306653042E-002
88.6666500 6.52532594626109E-002 6.56310718798159E-002
88.7666429 6.50500677464852E-002 6.54262831660225E-002
88.8666436 6.48477175428655E-002 6.52223443565975E-002
88.9666366 6.46462351685227E-002 6.50192819559459E-002
89.0666296 6.44456006256701E-002 6.48170757904259E-002
89.1666227 6.42458094153276E-002 6.46157213071288E-002
89.2666157 6.40468570673200E-002 6.44152139823557E-002
89.3666164 6.38487240563523E-002 6.42155341199950E-002
89.4666095 6.36514361997862E-002 6.40167077206977E-002
89.5666026 6.34549739653728E-002 6.38187150815643E-002
89.6665957 6.32593329960165E-002 6.36215517935619E-002
89.7665889 6.30645089623650E-002 6.34252134757892E-002
89.8665896 6.28704827913751E-002 6.32296808894183E-002
89.9665828 6.26772798125289E-002 6.30349795429922E-002
90.0665759 6.24848809454086E-002 6.28410901904608E-002
90.1665691 6.22932819695866E-002 6.26480085613671E-002
90.2665622 6.21024786913621E-002 6.24557304123524E-002
90.3665631 6.19124524766875E-002 6.22642369484382E-002
90.4665563 6.17232281783902E-002 6.20735531973957E-002
90.5665495 6.15347871546622E-002 6.18836603566260E-002
90.6665427 6.13471253167466E-002 6.16945542891702E-002
90.7665359 6.11602386016392E-002 6.15062308841781E-002
90.8665368 6.09741088015010E-002 6.13186717775623E-002
90.9665301 6.07887603034307E-002 6.11319015273579E-002
91.0665233 6.06041748914766E-002 6.09459017614920E-002
91.1665166 6.04203486037632E-002 6.07606684716389E-002
91.2665099 6.02372775032343E-002 6.05761976746331E-002
91.3665108 6.00549437959214E-002 6.03924714247756E-002
91.4665041 5.98733714138329E-002 6.02095138211092E-002
91.5664975 5.96925425545660E-002 6.00273069096170E-002
91.6664908 5.95124533785367E-002 5.98458468059432E-002
91.7664842 5.93331000700843E-002 5.96651296499832E-002
91.8664851 5.91544652372044E-002 5.94851379023618E-002
91.9664785 5.89765723671722E-002 5.93058952135900E-002
92.0664719 5.87994040592560E-002 5.91273840356717E-002
92.1664653 5.86229565917617E-002 5.89496006037508E-002
92.2664587 5.84472262660609E-002 5.87725411763509E-002
92.3664597 5.82721960806190E-002 5.85961886087761E-002
92.4664531 5.80978890880632E-002 5.84205661131901E-002
92.5664466 5.79242882778664E-002 5.82456565360007E-002
92.6664400 5.77513900420043E-002 5.80714562275651E-002
92.7664335 5.75791907946952E-002 5.78979615607847E-002
92.8664346 5.74076739137772E-002 5.77251557744002E-002
92.9664281 5.72368620270507E-002 5.75530616521463E-002
93.0664215 5.70667385031207E-002 5.73816624236179E-002
93.1664150 5.68972998435852E-002 5.72109545502751E-002
93.2664086 5.67285425714949E-002 5.70409345153199E-002
93.3664097 5.65604504333436E-002 5.68715859300739E-002
93.4664032 5.63930456416687E-002 5.67029311595008E-002
93.5663968 5.62263119335152E-002 5.65349538055512E-002
93.6663903 5.60602459162192E-002 5.63676504368444E-002
93.7663839 5.58948442178124E-002 5.62010176429721E-002
93.8663851 5.57300909430932E-002 5.60350393973517E-002
93.9663787 5.55660078986509E-002 5.58697376555821E-002
94.0663723 5.54025791796406E-002 5.57050963815073E-002
94.1663659 5.52398014954108E-002 5.55411122471220E-002
94.2663595 5.50776715752777E-002 5.53777819446546E-002
94.3663607 5.49161738723438E-002 5.52150897994895E-002
94.4663544 5.47553297963228E-002 5.50530573670219E-002
94.5663480 5.45951237905003E-002 5.48916689628819E-002
94.6663417 5.44355526626601E-002 5.47309213588079E-002
94.7663353 5.42766132398560E-002 5.45708113460636E-002
94.8663366 5.41182903138305E-002 5.44113235922131E-002
94.9663303 5.39606049062589E-002 5.42524792613716E-002
95.0663240 5.38035417989133E-002 5.40942630111882E-002
95.1663177 5.36470978945792E-002 5.39366717096591E-002
95.2663114 5.34912701146423E-002 5.37797022436258E-002
95.3663128 5.33360435801447E-002 5.36233396133734E-002
95.4663065 5.31814389333325E-002 5.34676046004299E-002
95.5663002 5.30274412851423E-002 5.33124821950236E-002
95.6662940 5.28740476300646E-002 5.31579693580616E-002
95.7662878 5.27212549805460E-002 5.30040630686433E-002
95.8662892 5.25690487778999E-002 5.28507486506321E-002
95.9662829 5.24174492933295E-002 5.26980465114369E-002
96.0662767 5.22664419579244E-002 5.25459419647398E-002
96.1662705 5.21160238547132E-002 5.23944320611449E-002
96.2662643 5.19661920840630E-002 5.22435138688209E-002
96.3662658 5.18169323988277E-002 5.20931730263703E-002
96.4662596 5.16682647073396E-002 5.19434295753329E-002
96.5662535 5.15201747521264E-002 5.17942691440217E-002
96.6662473 5.13726597017137E-002 5.16456888696505E-002
96.7662412 5.12257167413713E-002 5.14976859063949E-002
96.8662427 5.10793319270512E-002 5.13502461990479E-002
96.9662365 5.09335248121762E-002 5.12033894313197E-002
97.0662304 5.07882814422848E-002 5.10571015376211E-002
97.1662243 5.06435990684767E-002 5.09113797388097E-002
97.2662182 5.04994749580257E-002 5.07662212721254E-002
97.3662198 5.03558954618146E-002 5.06216123802843E-002
97.4662137 5.02128797861161E-002 5.04775723970000E-002
97.5662076 5.00704142713261E-002 5.03340875545277E-002
97.6662016 4.99284962483106E-002 5.01911551545187E-002
97.7661955 4.97871230635607E-002 5.00487725144499E-002
97.8661971 4.96462813549893E-002 4.99069261669620E-002
97.9661911 4.95059899892798E-002 4.97656351034057E-002
98.0661851 4.93662355937983E-002 4.96248858458959E-002
98.1661791 4.92270155764769E-002 4.94846757741381E-002
98.2661730 4.90883273603461E-002 4.93450022831285E-002
98.3661747 4.89501578627037E-002 4.92058521876938E-002
98.4661687 4.88125256180129E-002 4.90672441442610E-002
98.5661627 4.86754175329763E-002 4.89291649570784E-002
98.6661568 4.85388310899977E-002 4.87916120812724E-002
98.7661508 4.84027637860720E-002 4.86545829867462E-002
98.8661525 4.82672028104819E-002 4.85180647630225E-002
98.9661465 4.81321663726535E-002 4.83820757388559E-002
99.0661406 4.79976416512380E-002 4.82466029931504E-002
99.1661347 4.78636262006151E-002 4.81116440539215E-002
99.2661288 4.77301175892678E-002 4.79771964634667E-002
99.3661305 4.75971032713019E-002 4.78432475787558E-002
99.4661246 4.74646011381069E-002 4.77098154079387E-002
99.5661187 4.73325986331310E-002 4.75768872973368E-002
99.6661128 4.72010933803293E-002 4.74444608454194E-002
99.7661070 4.70700830172923E-002 4.73125336644627E-002
99.8661087 4.69395552560132E-002 4.71810933718653E-002
99.9661029 4.68095276766705E-002 4.70501576620620E-002
100.0660970 4.66799879805843E-002 4.69197141417833E-002
100.1660912 4.65509338589769E-002 4.67897604776108E-002
100.2660854 4.64223630162545E-002 4.66602943494750E-002
100.3660872 4.62942634155830E-002 4.65313036284076E-002
100.4660814 4.61666523325837E-002 4.64028057018451E-002
100.5660756 4.60395177197422E-002 4.62747884301410E-002
100.6660698 4.59128573333268E-002 4.61472495457356E-002
100.7660640 4.57866689423554E-002 4.60201867939780E-002
100.8660658 4.56609407546620E-002 4.58935882929514E-002
100.9660601 4.55356897477988E-002 4.57674711296428E-002
101.0660543 4.54109041189211E-002 4.56418234114558E-002
101.1660486 4.52865816872056E-002 4.55166429345214E-002
101.2660428 4.51627202841608E-002 4.53919275074557E-002
101.3660447 4.50393083559880E-002 4.52676654890180E-002
101.4660390 4.49163625884961E-002 4.51438736721312E-002
101.5660333 4.47938714172178E-002 4.50205404048822E-002
101.6660275 4.46718327221805E-002 4.48976635450058E-002
101.7660218 4.45502443953418E-002 4.47752409623143E-002
101.8660238 4.44290951151653E-002 4.46532612500667E-002
101.9660181 4.43084012818859E-002 4.45317409133484E-002
102.0660124 4.41881515633161E-002 4.44106685347605E-002
102.1660067 4.40683438983538E-002 4.42900420316332E-002
102.2660011 4.39489762374395E-002 4.41698593329814E-002
102.3660031 4.38300374853839E-002 4.40501092605790E-002
102.4659974 4.37115437628637E-002 4.39308080377459E-002
102.5659918 4.35934839640626E-002 4.38119444756198E-002
102.6659861 4.34758560848416E-002 4.36935165491924E-002
102.7659805 4.33586581322320E-002 4.35755222447615E-002
102.8659825 4.32418792316574E-002 4.34579506068157E-002
102.9659769 4.31255352301043E-002 4.33408175828319E-002
103.0659713 4.30096152424000E-002 4.32241122066900E-002
103.1659657 4.28941173195326E-002 4.31078325091811E-002
103.2659601 4.27790395233009E-002 4.29919765320381E-002
103.3659622 4.26643711941835E-002 4.28765335368414E-002
103.4659566 4.25501279112000E-002 4.27615192010008E-002
103.5659511 4.24362990042692E-002 4.26469227755230E-002
103.6659455 4.23228825777370E-002 4.25327423452042E-002
103.7659400 4.22098767464143E-002 4.24189760054322E-002
103.8659421 4.20972710604458E-002 4.23056132294284E-002
103.9659365 4.19850808364668E-002 4.21926694301702E-002
104.0659310 4.18732956141045E-002 4.20801340703454E-002
104.1659255 4.17619135493583E-002 4.19680052870279E-002
104.2659200 4.16509328083599E-002 4.18562812275451E-002
104.3659221 4.15403431456940E-002 4.17449515714740E-002
104.4659166 4.14301596210586E-002 4.16340314728561E-002
104.5659112 4.13203719785682E-002 4.15235106007801E-002
104.6659057 4.12109784242342E-002 4.14133871429328E-002
104.7659002 4.11019771738786E-002 4.13036592969290E-002
104.8659024 4.09933581814582E-002 4.11943169435751E-002
104.9658969 4.08851362550475E-002 4.10853749833394E-002
105.0658915 4.07773013381845E-002 4.09768232865904E-002
105.1658860 4.06698516853103E-002 4.08686600900233E-002
105.2658806 4.05627855603665E-002 4.07608836399479E-002
105.3658828 4.04560931117654E-002 4.06534840134284E-002
105.4658774 4.03497889011428E-002 4.05464758625915E-002
105.5658720 4.02438630665484E-002 4.04398492541180E-002
105.6658666 4.01383139093272E-002 4.03336024721657E-002
105.7658612 4.00331397400268E-002 4.02277338102044E-002
105.8658634 3.99283308967448E-002 4.01222335367322E-002
105.9658580 3.98239016997376E-002 4.00171160606399E-002
106.0658527 3.97198424768006E-002 3.99123716401009E-002
106.1658473 3.96161515747127E-002 3.98079986052453E-002
106.2658419 3.95128273491673E-002 3.97039952952232E-002
106.3658442 3.94098603233192E-002 3.96003521652864E-002
106.4658389 3.93072645809824E-002 3.94970833860717E-002
106.5658335 3.92050306350737E-002 3.93941794025690E-002
106.6658282 3.91031568763873E-002 3.92916385894431E-002
106.7658229 3.90016417043555E-002 3.91894593300981E-002
106.8658252 3.89004758226980E-002 3.90876322619974E-002
106.9658199 3.87996730836053E-002 3.89861713223861E-002
107.0658146 3.86992241806264E-002 3.88850671385318E-002
107.1658093 3.85991275472044E-002 3.87843181282487E-002
107.2658040 3.84993816251523E-002 3.86839227178187E-002
107.3658063 3.83999772943951E-002 3.85838717225087E-002
107.4658011 3.83009281802025E-002 3.84841788509174E-002
107.5657958 3.82022251523988E-002 3.83848349081850E-002
107.6657905 3.81038666857572E-002 3.82858383539382E-002
107.7657853 3.80058512631620E-002 3.81871876560102E-002
107.8657877 3.79081699365107E-002 3.80888738031917E-002
107.9657824 3.78108361087428E-002 3.79909102800668E-002
108.0657772 3.77138408217284E-002 3.78932880653720E-002
108.1657720 3.76171825902977E-002 3.77960056592573E-002
108.2657667 3.75208599371440E-002 3.76990615698269E-002
108.3657692 3.74248640820268E-002 3.76024469552405E-002
108.4657639 3.73292082100371E-002 3.75061750805892E-002
108.5657587 3.72338835309832E-002 3.74102370940533E-002
108.6657536 3.71388885985253E-002 3.73146315350624E-002
108.7657484 3.70442219739462E-002 3.72193569507564E-002
108.8657508 3.69498750408768E-002 3.71244046646299E-002
108.9657456 3.68558607709345E-002 3.70297877266944E-002
109.0657405 3.67621705378769E-002 3.69354974505422E-002
