0.0053140 7.84780191786613E+000 2.77220002697235E+003
0.0210792 3.01326871610106E+001 2.71114100279767E+003
0.0467942 6.34736283336016E+001 2.61542673388146E+003
0.0817065 1.03345647012840E+002 2.49271991776651E+003
0.1249105 1.45182865351629E+002 2.35150624723228E+003
0.1754417 1.85200959423897E+002 2.19985232559168E+003
0.2323515 2.20778460889891E+002 2.04460866453639E+003
0.2947571 2.50460201033702E+002 1.89107484925204E+003
0.3618673 2.73741852394507E+002 1.74301092852154E+003
0.4329916 2.90783890173746E+002 1.60284239251984E+003
0.5075377 3.02146508058438E+002 1.47193999158199E+003
0.5850032 3.08584816135088E+002 1.35089626561427E+003
0.6649650 3.10909163949823E+002 1.23976353077098E+003
0.7470680 3.09900093524232E+002 1.13824064518072E+003
0.8310139 3.06263081958699E+002 1.04581277904533E+003
0.9165527 3.00609637343923E+002 9.61849349406933E+002
1.0034738 2.93454346802103E+002 8.85671173658885E+002
1.0915995 2.85220734324396E+002 8.16594324413846E+002
1.1807797 2.76251240798427E+002 7.53957041835735E+002
1.2708868 2.66818691670754E+002 6.97136029936060E+002
1.3618115 2.57137505328383E+002 6.45554297794474E+002
1.4534610 2.47373918850895E+002 5.98684052291501E+002
1.5457546 2.37655104896426E+002 5.56047261944359E+002
1.6386236 2.28076639107858E+002 5.17212849249990E+002
1.7320075 2.18709052361689E+002 4.81794462910153E+002
1.8258543 2.09602902546253E+002 4.49446246025198E+002
1.9201186 2.00793100406131E+002 4.19859423913202E+002
2.0147601 1.92302402063667E+002 3.92758814483132E+002
2.1097440 1.84144015612305E+002 3.67898863084446E+002
2.2050388 1.76323957942931E+002 3.45060926241732E+002
2.3006174 1.68842660009956E+002 3.24049887458384E+002
2.3964555 1.61696408021725E+002 3.04691685401175E+002
2.4925310 1.54878477925712E+002 2.86831041389538E+002
2.5888248 1.48379871423822E+002 2.70329015290337E+002
2.6853193 1.42190113173307E+002 2.55061458442322E+002
2.7819988 1.36297659322328E+002 2.40917058994718E+002
2.8788497 1.30690348482312E+002 2.27795997017387E+002
2.9758588 1.25355746799624E+002 2.15608725889009E+002
3.0730149 1.20281290500803E+002 2.04274613239946E+002
3.1703074 1.15454564200438E+002 1.93721165298794E+002
3.2677268 1.10863345350802E+002 1.83882943808097E+002
3.3652646 1.06495748041915E+002 1.74700892852032E+002
3.4629133 1.02340258031705E+002 1.66121580927321E+002
3.5606650 9.83858558930529E+001 1.58096752608461E+002
3.6585133 9.46219261783788E+001 1.50582545622673E+002
3.7564523 9.10383525695160E+001 1.43539181726619E+002
3.8544764 8.76255025609858E+001 1.36930503817816E+002
3.9525810 8.43742098131760E+001 1.30723574706551E+002
4.0507604 8.12758272869731E+001 1.24888463201546E+002
4.1490108 7.83221221063414E+001 1.19397773415717E+002
4.2473280 7.55053232205965E+001 1.14226504136765E+002
4.3457083 7.28180884843319E+001 1.09351786204444E+002
4.4441489 7.02534744234098E+001 1.04752654365754E+002
4.5426454 6.78049655819563E+001 1.00409949102751E+002
4.6411954 6.54663819465324E+001 9.63060202830311E+001
4.7397961 6.32319092141691E+001 9.24246685612980E+001
4.8384450 6.10960673754406E+001 8.87509906705945E+001
4.9371399 5.90536827603004E+001 8.52712447660725E+001
5.0358779 5.70999087108630E+001 8.19728094521735E+001
5.1346571 5.52301500324233E+001 7.88439886472532E+001
5.2334756 5.34400859541640E+001 7.58739926891008E+001
5.3323316 5.17256445296990E+001 7.30528436805178E+001
5.4312238 5.00829801117333E+001 7.03712929953323E+001
5.5301496 4.85084902644333E+001 6.78208084965625E+001
5.6291079 4.69987554907103E+001 6.53934406690673E+001
5.7280973 4.55505583372574E+001 6.30818225849065E+001
5.8271164 4.41608635758466E+001 6.08791098416680E+001
5.9261644 4.28268008546633E+001 5.87789281810325E+001
6.0252392 4.15456794324217E+001 5.67753743553191E+001
6.1243401 4.03149402256825E+001 5.48629208928549E+001
6.2234659 3.91321723067019E+001 5.30364245767969E+001
6.3226158 3.79950977893297E+001 5.12910870015884E+001
6.4217891 3.69015586352803E+001 4.96224201673764E+001
6.5209840 3.58495297339865E+001 4.80262536296441E+001
6.6202001 3.48370805427051E+001 4.64986645713401E+001
6.7194366 3.38623895032092E+001 4.50359896475468E+001
6.8186927 3.29237325118833E+001 4.36347982397084E+001
6.9179682 3.20194728707621E+001 4.22918691305923E+001
7.0172613 3.11480729246083E+001 4.10042001935429E+001
7.1165720 3.03080631032506E+001 3.97689556281472E+001
7.2158999 2.94980507582764E+001 3.85834730968010E+001
7.3152432 2.87167302664728E+001 3.74452727353523E+001
7.4146030 2.79628373830436E+001 3.63519854868087E+001
7.5139770 2.72352009082027E+001 3.53014237363842E+001
7.6133666 2.65326814444805E+001 3.42914883104618E+001
7.7127702 2.58542171610352E+001 3.33202308786824E+001
7.8121865 2.51987987170313E+001 3.23858141477949E+001
7.9116168 2.45654485186698E+001 3.14864793142943E+001
8.0110589 2.39532611131713E+001 3.06206006978853E+001
8.1105143 2.33613521670774E+001 2.97866106567106E+001
8.2099815 2.27888973462990E+001 2.89830522694602E+001
8.3094593 2.22351116229239E+001 2.82085477626004E+001
8.4089492 2.16992320667889E+001 2.74617725637836E+001
8.5084489 2.11805523235104E+001 2.67415016186481E+001
8.6079599 2.06783797573841E+001 2.60465479694468E+001
8.7074812 2.01920686658065E+001 2.53758073933280E+001
8.8070112 1.97210030436323E+001 2.47282329588792E+001
8.9065517 1.92645821740425E+001 2.41028140054961E+001
9.0061006 1.88222502105364E+001 2.34986155575713E+001
9.1056593 1.83934599018994E+001 2.29147275011529E+001
9.2052267 1.79777011149998E+001 2.23503025699765E+001
9.3048016 1.75744863540497E+001 2.18045355566248E+001
9.4043856 1.71833385914127E+001 2.12766460443287E+001
9.5039766 1.68038167746435E+001 2.07659120912170E+001
9.6035763 1.64354849049230E+001 2.02716277500769E+001
9.7031836 1.60779366526890E+001 1.97931355435077E+001
9.8027972 1.57307830937717E+001 1.93298092722984E+001
9.9024188 1.53936423506443E+001 1.88810396577708E+001
10.0020464 1.50661616898646E+001 1.84462632594440E+001
10.1016817 1.47479909913598E+001 1.80249266490418E+001
10.2013235 1.44388040927102E+001 1.76165143060666E+001
10.3009707 1.41382883261264E+001 1.72205342495608E+001
10.4006251 1.38461356370181E+001 1.68365059740986E+001
10.5002846 1.35620618140643E+001 1.64639853892899E+001
10.5999509 1.32857835882312E+001 1.61025343628268E+001
10.6996230 1.30170372239921E+001 1.57517447954654E+001
10.7992996 1.27555695322268E+001 1.54112264993902E+001
10.8989827 1.25011302050825E+001 1.50805969671710E+001
10.9986702 1.22534886228739E+001 1.47595029780780E+001
11.0983637 1.20124139757327E+001 1.44475945181728E+001
11.1980623 1.17776915264882E+001 1.41445456539933E+001
11.2977649 1.15491148432489E+001 1.38500442204966E+001
11.3974732 1.13264791439714E+001 1.35637830730605E+001
11.4971853 1.11095960459155E+001 1.32854788890565E+001
11.5969029 1.08982762216069E+001 1.30148496895410E+001
11.6966250 1.06923436832152E+001 1.27516330182974E+001
11.7963505 1.04916290308420E+001 1.24955771033039E+001
11.8960812 1.02959636417417E+001 1.22464333219180E+001
11.9958151 1.01051926649025E+001 1.20039726318929E+001
12.0955540 9.91915981543983E+000 1.17679660815598E+001
12.1952970 9.73771997005155E+000 1.15382007101876E+001
12.2950428 9.56073326719858E+000 1.13144719211126E+001
12.3947934 9.38806000791233E+000 1.10965769491295E+001
12.4945468 9.21957214700795E+000 1.08843292789500E+001
12.5943047 9.05513990257853E+000 1.06775416541091E+001
12.6940662 8.89464290338312E+000 1.04760400415232E+001
12.7938302 8.73796500826028E+000 1.02796570097709E+001
12.8935986 8.58498981034224E+000 1.00882260317159E+001
12.9933693 8.43561083492422E+000 9.90159418676533E+000
13.0931443 8.28971969814689E+000 9.71960727358953E+000
13.1929224 8.14721600757966E+000 9.54212212274118E+000
13.2927027 8.00800279260007E+000 9.36900081545558E+000
13.3924871 7.87198252337315E+000 9.20010568788621E+000
13.4922734 7.73906619154634E+000 9.03531056352629E+000
13.5920637 7.60916279800195E+000 8.87448764859543E+000
13.6918568 7.48218817557706E+000 8.71751842876948E+000
13.7916517 7.35806094140199E+000 8.56428859595457E+000
13.8914504 7.23669895748201E+000 8.41468364613822E+000
13.9912508 7.11802744263374E+000 8.26859884766001E+000
14.0910548 7.00196960598330E+000 8.12592765606052E+000
14.1908615 6.88845453425574E+000 7.98657139209088E+000
14.2906697 6.77741359240100E+000 7.85043476878748E+000
14.3904813 6.66877726497938E+000 7.71742199485568E+000
14.4902944 6.56248242490207E+000 7.58744565125863E+000
14.5901109 6.45846395911918E+000 7.46041640825883E+000
14.6899298 6.35666184107196E+000 7.33625165013212E+000
14.7897500 6.25701791823927E+000 7.21487151435481E+000
14.8895734 6.15947308348278E+000 7.09619542808507E+000
14.9893980 6.06397380725425E+000 6.98015003830642E+000
15.0892259 5.97046462615972E+000 6.86666005051851E+000
15.1890558 5.87889450309514E+000 6.75565593955289E+000
15.2888878 5.78921310387597E+000 6.64706940385547E+000
15.3887200 5.70137331694557E+000 6.54083639838282E+000
15.4885562 5.61532453037827E+000 6.43688898807821E+000
15.5883943 5.53102262898692E+000 6.33516742092501E+000
15.6882343 5.44842320660272E+000 6.23561190037592E+000
15.7880763 5.36748320906503E+000 6.13816455815155E+000
15.8879183 5.28816238417364E+000 6.04277118210118E+000
15.9877640 5.21041721496059E+000 5.94937390811935E+000
16.0876115 5.13420995215033E+000 5.85792206929169E+000
16.1874608 5.05950249011666E+000 5.76836481636906E+000
16.2873119 4.98625785448905E+000 5.68065289578756E+000
16.3871628 4.91444151954005E+000 5.59474021316396E+000
16.4870172 4.84401591875990E+000 5.51057725708776E+000
16.5868734 4.77494862667297E+000 5.42812087628724E+000
16.6867312 4.70720681853412E+000 5.34732764029420E+000
16.7865905 4.64075862033305E+000 5.26815544584653E+000
16.8864496 4.57557430823737E+000 5.19056493475562E+000
16.9863121 4.51162132872365E+000 5.11451355903902E+000
17.0861762 4.44887172796543E+000 5.03996441594300E+000
17.1860417 4.38729712669142E+000 4.96688025716036E+000
17.2859087 4.32686994802258E+000 4.89522494362451E+000
17.3857753 4.26756451174280E+000 4.82496473406545E+000
17.4856452 4.20935250563118E+000 4.75606291420467E+000
17.5855166 4.15220974733478E+000 4.68848780102951E+000
17.6853893 4.09611161532108E+000 4.62220732234243E+000
17.7852633 4.04103416798079E+000 4.55719033727487E+000
17.8851368 3.98695514390647E+000 4.49340780976414E+000
17.9850136 3.93384983396840E+000 4.43082793555661E+000
18.0848916 3.88169724933390E+000 4.36942341166762E+000
18.1847709 3.83047595744450E+000 4.30916651920018E+000
18.2846515 3.78016510410551E+000 4.25003032462289E+000
18.3845314 3.73074532958113E+000 4.19198975060614E+000
18.4844144 3.68219499762698E+000 4.13501714379415E+000
18.5842986 3.63449583376475E+000 4.07908889236739E+000
18.6841841 3.58762912197090E+000 4.02418095439842E+000
18.7840706 3.54157664000621E+000 3.97026995298881E+000
18.8839565 3.49632149995142E+000 3.91733415535687E+000
18.9838453 3.45184469606722E+000 3.86534943207951E+000
19.0837353 3.40813026929346E+000 3.81429529467073E+000
19.1836263 3.36516182606623E+000 3.76415081958012E+000
19.2835185 3.32292339587965E+000 3.71489564861633E+000
19.3834098 3.28140020386111E+000 3.66651088584442E+000
19.4833041 3.24057550414784E+000 3.61897540553043E+000
19.5831994 3.20043531961925E+000 3.57227137231203E+000
19.6830957 3.16096524913943E+000 3.52638051756021E+000
19.7829930 3.12215125525681E+000 3.48128505508661E+000
19.8828894 3.08398037552935E+000 3.43696850425628E+000
19.9827887 3.04643781222572E+000 3.39341230940329E+000
20.0826889 3.00951129032759E+000 3.35060089721749E+000
20.1825901 2.97318812366567E+000 3.30851826779573E+000
20.2824922 2.93745593972455E+000 3.26714883440171E+000
20.3823934 2.90230333565642E+000 3.22647818020200E+000
20.4822973 2.86771719864791E+000 3.18648995663243E+000
20.5822022 2.83368672008965E+000 3.14717052582710E+000
20.6821079 2.80020069465195E+000 3.10850583345671E+000
20.7820145 2.76724818834956E+000 3.07048218025059E+000
20.8819201 2.73481914451067E+000 3.03308691889880E+000
20.9818284 2.70290191219228E+000 2.99630560287372E+000
21.0817375 2.67148694997630E+000 2.96012625589763E+000
21.1816475 2.64056433511119E+000 2.92453649774159E+000
21.2815583 2.61012438028622E+000 2.88952425430481E+000
21.3814680 2.58015819423615E+000 2.85507840047377E+000
21.4813803 2.55065539821507E+000 2.82118613435481E+000
21.5812935 2.52160754903566E+000 2.78783691076019E+000
21.6812074 2.49300583806258E+000 2.75501979463576E+000
21.7811221 2.46484166153242E+000 2.72272411570081E+000
21.8810357 2.43710713996208E+000 2.69094006240098E+000
21.9809519 2.40979300496706E+000 2.65965625947728E+000
22.0808688 2.38289176782285E+000 2.62886339812043E+000
22.1807864 2.35639559040048E+000 2.59855179470277E+000
22.2807048 2.33029681333282E+000 2.56871199529453E+000
22.3806219 2.30458843794613E+000 2.53933532527598E+000
22.4805416 2.27926216768631E+000 2.51041165073284E+000
22.5804621 2.25431134557537E+000 2.48193273417949E+000
22.6803832 2.22972898118121E+000 2.45388997886684E+000
22.7803050 2.20550824046352E+000 2.42627498789278E+000
22.8802255 2.18164289355360E+000 2.39908007353999E+000
22.9801486 2.15812549677608E+000 2.37229618520861E+000
23.0800723 2.13495011983528E+000 2.34591601635361E+000
23.1799967 2.11211051465609E+000 2.31993191688876E+000
23.2799217 2.08960057033270E+000 2.29433641108757E+000
23.3798454 2.06741472973541E+000 2.26912267027569E+000
23.4797716 2.04554629962127E+000 2.24428259194147E+000
23.5796984 2.02398998616380E+000 2.21980968069811E+000
23.6796259 2.00274019302605E+000 2.19569711325719E+000
23.7795539 1.98179144447547E+000 2.17193821886045E+000
23.8794806 1.96113877349095E+000 2.14852691857172E+000
23.9794098 1.94077614877572E+000 2.12545594188756E+000
24.0793395 1.92069883529397E+000 2.10271950205962E+000
24.1792698 1.90090181027283E+000 2.08031149981328E+000
24.2792007 1.88138015722994E+000 2.05822596965095E+000
24.3791302 1.86212942798396E+000 2.03645748865071E+000
24.4790621 1.84314417654262E+000 2.01499951836850E+000
24.5789946 1.82442015959465E+000 1.99384689268961E+000
24.6789277 1.80595286031016E+000 1.97299414795479E+000
24.7788612 1.78773785574819E+000 1.95243593812489E+000
24.8787934 1.76977115493538E+000 1.93216741569572E+000
24.9787279 1.75204783062276E+000 1.91218268797050E+000
25.0786630 1.73456407316906E+000 1.89247713370806E+000
25.1785986 1.71731581304181E+000 1.87304584862126E+000
25.2785347 1.70029906382534E+000 1.85388403208424E+000
25.3784693 1.68351023832037E+000 1.83498734250976E+000
25.4784064 1.66694487006454E+000 1.81635045820157E+000
25.5783439 1.65059953270643E+000 1.79796923739405E+000
25.6782819 1.63447055302142E+000 1.77983926923220E+000
25.7782204 1.61855433152167E+000 1.76195623442996E+000
25.8781574 1.60284763834171E+000 1.74431623722385E+000
25.9780968 1.58734641721451E+000 1.72691446201051E+000
26.0780366 1.57204758125232E+000 1.70974718989785E+000
26.1779769 1.55694780909722E+000 1.69281044628271E+000
26.2779176 1.54204384494082E+000 1.67610033762854E+000
26.3778568 1.52733277579345E+000 1.65961336190241E+000
26.4777984 1.51281091131457E+000 1.64334515308201E+000
26.5777404 1.49847546586589E+000 1.62729236603486E+000
26.6776829 1.48432343113128E+000 1.61145141269898E+000
26.7776257 1.47035185718158E+000 1.59581877693470E+000
26.8775671 1.45655811257569E+000 1.58039130516896E+000
26.9775108 1.44293883407216E+000 1.56516503163362E+000
27.0774549 1.42949150388584E+000 1.55013694223487E+000
27.1773994 1.41621339274683E+000 1.53530379212853E+000
27.2773442 1.40310182349209E+000 1.52066240041166E+000
27.3772876 1.39015441531359E+000 1.50620992253498E+000
27.4772333 1.37736809793679E+000 1.49194274982355E+000
27.5771793 1.36474059218005E+000 1.47785816197411E+000
27.6771257 1.35226941798723E+000 1.46395321951366E+000
27.7770725 1.33995214189074E+000 1.45022503992855E+000
27.8770178 1.32778660660280E+000 1.43667105325999E+000
27.9769653 1.31577000474531E+000 1.42328797007109E+000
28.0769132 1.30390027006797E+000 1.41007333129847E+000
28.1768615 1.29217514549340E+000 1.39702446970224E+000
28.2768101 1.28059241567379E+000 1.38413876888016E+000
28.3767572 1.26915012301440E+000 1.37141390333162E+000
28.4767065 1.25784569648495E+000 1.35884686958014E+000
28.5766562 1.24667726018819E+000 1.34643544129380E+000
28.6766062 1.23564275690656E+000 1.33417719438596E+000
28.7765565 1.22474016686496E+000 1.32206975022851E+000
28.8765053 1.21396771117987E+000 1.31011100135335E+000
28.9764563 1.20332303168138E+000 1.29829820092600E+000
29.0764077 1.19280442292848E+000 1.28662933032452E+000
29.1763593 1.18241000714979E+000 1.27510218304208E+000
29.2763113 1.17213794022634E+000 1.26371459329389E+000
29.3762617 1.16198660347364E+000 1.25246464842081E+000
29.4762144 1.15195383076130E+000 1.24134983234478E+000
29.5761673 1.14203806953725E+000 1.23036831214746E+000
29.6761206 1.13223760341629E+000 1.21951807636534E+000
29.7760741 1.12255074630882E+000 1.20879715007763E+000
29.8760261 1.11297602336530E+000 1.19820379498354E+000
29.9759803 1.10351144200215E+000 1.18773570285925E+000
30.0759347 1.09415558701668E+000 1.17739120709681E+000
30.1758895 1.08490688740232E+000 1.16716847137568E+000
30.2758445 1.07576379946938E+000 1.15706569222335E+000
30.3757980 1.06672497771164E+000 1.14708128765311E+000
30.4757536 1.05778858663655E+000 1.13721313699208E+000
30.5757095 1.04895333462014E+000 1.12745972281921E+000
30.6756657 1.04021778182016E+000 1.11781936635034E+000
30.7756221 1.03158051306332E+000 1.10829041837657E+000
30.8755770 1.02304029933057E+000 1.09887143727419E+000
30.9755340 1.01459544755034E+000 1.08956047188679E+000
31.0754913 1.00624477745297E+000 1.08035613883253E+000
31.1754469 9.97987124343614E-001 1.07125707381773E+000
31.2754067 9.89820719329040E-001 1.06226124897601E+000
31.3753629 9.81744908334456E-001 1.05336786660265E+000
31.4753231 9.73757819483792E-001 1.04457478968719E+000
31.5752798 9.65858827482398E-001 1.03588125574327E+000
31.6752368 9.58046411964347E-001 1.02728551873522E+000
31.7751978 9.50319085982684E-001 1.01878587163975E+000
31.8751552 9.42676265055452E-001 1.01038160186030E+000
31.9751168 9.35116211427815E-001 1.00207073020764E+000
32.0750747 9.27638366341430E-001 9.93852575497289E-001
32.1750329 9.20241323024393E-001 9.85725525952904E-001
32.2749952 9.12923705363455E-001 9.77688005490041E-001
32.3749539 9.05684991096672E-001 9.69739377446588E-001
32.4749166 8.98523564985725E-001 9.61877806397049E-001
32.5748758 8.91438927783019E-001 9.54102683727127E-001
32.6748352 8.84429776227990E-001 9.46412519666918E-001
32.7747986 8.77494835225958E-001 9.38805857149268E-001
32.8747585 8.70633638197217E-001 9.31282127334756E-001
32.9747223 8.63844681978744E-001 9.23839625953908E-001
33.0746827 8.57127520600459E-001 9.16477809237222E-001
33.1746432 8.50480945257355E-001 9.09195298450789E-001
33.2746078 8.43903773055538E-001 9.01990744868068E-001
33.3745687 8.37395587292419E-001 8.94863640289103E-001
33.4745337 8.30954987470874E-001 8.87812400273929E-001
33.5744951 8.24581575360729E-001 8.80836539052851E-001
33.6744568 8.18274228466298E-001 8.73934779089479E-001
33.7744224 8.12031848160368E-001 8.67105870420270E-001
33.8743844 8.05854062456184E-001 8.60349359114835E-001
33.9743505 7.99739565029799E-001 8.53663770370408E-001
34.0743130 7.93688000464979E-001 8.47048670343801E-001
34.1742756 7.87698325236178E-001 8.40502873858565E-001
34.2742423 7.81769517833044E-001 8.34025221108685E-001
34.3742054 7.75901246390021E-001 8.27615306776998E-001
34.4741725 7.70092291079395E-001 8.21271756511565E-001
34.5741359 7.64342334911579E-001 8.14994182999905E-001
34.6740996 7.58650406709246E-001 8.08781485474530E-001
34.7740673 7.53015555626349E-001 8.02632586542863E-001
34.8740313 7.47437485823359E-001 7.96547124471689E-001
34.9739994 7.41915057019060E-001 7.90523817067288E-001
35.0739638 7.36447986738292E-001 7.84562318747810E-001
35.1739284 7.31035370168582E-001 7.78661605990488E-001
35.2738971 7.25676321296498E-001 7.72820676836648E-001
35.3738621 7.20370576654289E-001 7.67039208659663E-001
35.4738310 7.15117069206771E-001 7.61316003926860E-001
35.5737964 7.09915547500629E-001 7.55650754511611E-001
35.6737620 7.04765167674221E-001 7.50042507670905E-001
35.7737315 6.99665103268802E-001 7.44490330580212E-001
35.8736974 6.94615119923899E-001 7.38993935728622E-001
35.9736673 6.89614218130556E-001 7.33552203456491E-001
36.0736335 6.84662174335854E-001 7.28164859279750E-001
36.1735999 6.79758200723422E-001 7.22831015392758E-001
36.2735704 6.74901525605915E-001 7.17549802410734E-001
36.3735371 6.70091940810668E-001 7.12320964377092E-001
36.4735079 6.65328509155202E-001 7.07143453350427E-001
36.5734750 6.60611032194266E-001 7.02017025085302E-001
36.6734423 6.55938773705962E-001 6.96940851426243E-001
36.7734135 6.51311012433580E-001 6.91914121273797E-001
36.8733811 6.46727563778607E-001 6.86936607043963E-001
36.9733527 6.42187548151795E-001 6.82007326925144E-001
37.0733206 6.37690789714358E-001 6.77126063868148E-001
37.1732887 6.33236599795408E-001 6.72292044576308E-001
37.2732608 6.28824303624568E-001 6.67504511563460E-001
37.3732292 6.24453737835253E-001 6.62763262772557E-001
37.4732015 6.20124076117268E-001 6.58067377440690E-001
37.5731702 6.15835162995967E-001 6.53416662992756E-001
37.6731391 6.11586353673382E-001 6.48810396643056E-001
37.7731119 6.07377016276886E-001 6.44247870278283E-001
37.8730811 6.03207006570804E-001 6.39728904820632E-001
37.9730543 5.99075547586817E-001 6.35252635929893E-001
38.0730237 5.94982502202247E-001 6.30818893066897E-001
38.1729934 5.90927266142183E-001 6.26427000006405E-001
38.2729669 5.86909247162752E-001 6.22076294154246E-001
38.3729369 5.82928318272780E-001 6.17766617128591E-001
38.4729107 5.78983748248284E-001 6.13497156794841E-001
38.5728809 5.75075416511262E-001 6.09267762463814E-001
38.6728513 5.71202756255212E-001 6.05077800876661E-001
38.7728256 5.67365211883575E-001 6.00926651451646E-001
38.8727962 5.63562671954436E-001 5.96814174454653E-001
38.9727708 5.59794447696984E-001 5.92739606107500E-001
39.0727417 5.56060433453195E-001 5.88702813609312E-001
39.1727127 5.52360097096245E-001 5.84703203393767E-001
39.2726877 5.48692916954482E-001 5.80740193696679E-001
39.3726590 5.45058795610511E-001 5.76813661592498E-001
39.4726343 5.41457083732277E-001 5.72922888141743E-001
39.5726059 5.37887689119943E-001 5.69067756669782E-001
39.6725776 5.34350111777456E-001 5.65247710317039E-001
39.7725533 5.30843861469349E-001 5.61462203222571E-001
39.8725252 5.27368853430211E-001 5.57711127616526E-001
39.9725012 5.23924475002655E-001 5.53993806179468E-001
40.0724734 5.20510646128744E-001 5.50310136778879E-001
40.1724458 5.17126896610854E-001 5.46659596535640E-001
40.2724221 5.13772765372050E-001 5.43041672830550E-001
40.3723947 5.10448179062416E-001 5.39456271562731E-001
40.4723712 5.07152559161829E-001 5.35902754084311E-001
40.5723441 5.03885836568077E-001 5.32381031379515E-001
40.6723171 5.00647568745444E-001 5.28890612057464E-001
40.7722940 4.97437321688742E-001 5.25431014307273E-001
40.8722673 4.94255032348775E-001 5.22002156358653E-001
40.9722444 4.91100154010846E-001 5.18603435531225E-001
41.0722179 4.87972627458743E-001 5.15234774642394E-001
41.1721915 4.84872035859400E-001 5.11895711508707E-001
41.2721690 4.81797970365413E-001 5.08585792900196E-001
41.3721428 4.78750377222559E-001 5.05304948171371E-001
41.4721206 4.75728739376329E-001 5.02052608126647E-001
41.5720946 4.72733006531130E-001 4.98828706259854E-001
41.6720688 4.69762785757953E-001 4.95632807505312E-001
41.7720469 4.66817691609891E-001 4.92464485172925E-001
41.8720213 4.63897678719666E-001 4.89323678654853E-001
41.9719996 4.61002257717346E-001 4.86209849958353E-001
42.0719743 4.58131386356150E-001 4.83122942210442E-001
42.1719490 4.55284693958319E-001 4.80062545546644E-001
42.2719276 4.52461816862348E-001 4.77028257944437E-001
42.3719026 4.49662717267577E-001 4.74020027852740E-001
42.4718815 4.46886931667384E-001 4.71037346381991E-001
42.5718566 4.44134425076001E-001 4.68080165350859E-001
42.6718319 4.41404847546554E-001 4.65148098336399E-001
42.7718111 4.38697855717031E-001 4.62240766264358E-001
42.8717866 4.36013418611841E-001 4.59358125754801E-001
42.9717660 4.33351096907018E-001 4.56499695087382E-001
43.0717417 4.30710862165484E-001 4.53665433922121E-001
43.1717175 4.28092383771334E-001 4.50854977660312E-001
43.2716972 4.25495337293658E-001 4.48067968595537E-001
43.3716732 4.22919697911202E-001 4.45304370718898E-001
43.4716531 4.20365048930236E-001 4.42563727696106E-001
43.5716293 4.17831367817937E-001 4.39846006260130E-001
43.6716056 4.15318341999111E-001 4.37150862148576E-001
43.7715858 4.12825664712576E-001 4.34477957568631E-001
43.8715623 4.10353316684391E-001 4.31827263159118E-001
43.9715428 4.07900902415745E-001 4.29198346326063E-001
44.0715195 4.05468404694715E-001 4.26591180180568E-001
44.1714963 4.03055527796520E-001 4.24005439426298E-001
44.2714770 4.00661981465874E-001 4.21440804844616E-001
44.3714539 3.98287751426515E-001 4.18897253067807E-001
44.4714348 3.95932462046234E-001 4.16374373721798E-001
44.5714120 3.93596100905709E-001 4.13872145667205E-001
44.6713893 3.91278388031456E-001 4.11390261310640E-001
44.7713704 3.88979048599269E-001 4.08928418772777E-001
44.8713479 3.86698072832646E-001 4.06486600087233E-001
44.9713293 3.84435103735580E-001 4.04064415693875E-001
45.0713069 3.82190133202669E-001 4.01661849633790E-001
45.1712846 3.79962895995894E-001 3.99278610851103E-001
45.2712662 3.77753131728629E-001 3.96914413666252E-001
45.3712441 3.75560834672860E-001 3.94569244978013E-001
45.4712259 3.73385665328052E-001 3.92242734738862E-001
45.5712040 3.71227619468813E-001 3.89934871654987E-001
45.6711822 3.69086445652907E-001 3.87645380131706E-001
45.7711643 3.66961897012130E-001 3.85373989636684E-001
45.8711426 3.64853971457793E-001 3.83120691448123E-001
45.9711248 3.62762345926319E-001 3.80885133825500E-001
46.0711034 3.60687019678839E-001 3.78667309673135E-001
46.1710820 3.58627754198896E-001 3.76466957862637E-001
46.2710644 3.56584315285599E-001 3.74283822035829E-001
46.3710432 3.54556704118466E-001 3.72117897410106E-001
46.4710259 3.52544613087796E-001 3.69968849434039E-001
46.5710048 3.50548044584295E-001 3.67836674786775E-001
46.6709838 3.48566772211104E-001 3.65721125885744E-001
46.7709667 3.46600573645884E-001 3.63621959646553E-001
46.8709459 3.44649452999618E-001 3.61539174826626E-001
46.9709290 3.42713117202707E-001 3.59472453026121E-001
47.0709083 3.40791571451509E-001 3.57421794315147E-001
47.1708877 3.38884600721109E-001 3.55386963804615E-001
47.2708710 3.36991993836123E-001 3.53367730850073E-001
47.3708506 3.35113757533370E-001 3.51364097386915E-001
47.4708341 3.33249612433285E-001 3.49375760203183E-001
47.5708138 3.31399566243850E-001 3.47402722411714E-001
47.6707936 3.29563414618145E-001 3.45444761026975E-001
47.7707773 3.27740956848612E-001 3.43501657071574E-001
47.8707573 3.25932202020442E-001 3.41573415330369E-001
47.9707411 3.24136883652662E-001 3.39659746883371E-001
48.0707212 3.22355011697919E-001 3.37760657570139E-001
48.1707014 3.20586391842667E-001 3.35875935576007E-001
48.2706855 3.18830833216256E-001 3.34005372873678E-001
48.3706658 3.17088347000283E-001 3.32148976799307E-001
48.4706500 3.15358678874940E-001 3.30306471891307E-001
48.5706305 3.13641840795092E-001 3.28477866429114E-001
48.6706110 3.11937647881308E-001 3.26662959088773E-001
48.7705955 3.10245918513246E-001 3.24861552127437E-001
48.8705762 3.08566665740066E-001 3.23073655161872E-001
48.9705608 3.06899646715477E-001 3.21299005412701E-001
49.0705416 3.05244875176356E-001 3.19537613338801E-001
49.1705225 3.03602175119852E-001 3.17789287475027E-001
49.2705073 3.01971373630128E-001 3.16053839744502E-001
49.3704883 3.00352485416029E-001 3.14331281798802E-001
49.4704733 2.98745278463075E-001 3.12621362817425E-001
49.5704545 2.97149768090104E-001 3.10924095202175E-001
49.6704357 2.95565786651758E-001 3.09239296759202E-001
49.7704208 2.93993169428466E-001 3.07566788502480E-001
49.8704022 2.92431932599907E-001 3.05906583895153E-001
49.9703875 2.90881854384123E-001 3.04258443400996E-001
50.0703690 2.89342951500176E-001 3.02622381149922E-001
50.1703506 2.87815064176533E-001 3.00998223672693E-001
50.2703361 2.86298035416286E-001 2.99385800538936E-001
50.3703178 2.84791882698371E-001 2.97785126820578E-001
50.4703034 2.83296393913278E-001 2.96195973636050E-001
50.5702853 2.81811587015168E-001 2.94618356648235E-001
50.6702672 2.80337309655349E-001 2.93052110603439E-001
50.7702530 2.78873412117933E-001 2.91497073128515E-001
50.8702350 2.77419913025224E-001 2.89953260719958E-001
50.9702209 2.75976609416347E-001 2.88420454562770E-001
51.0702031 2.74543520330550E-001 2.86898671675525E-001
51.1701853 2.73120500421165E-001 2.85387754545685E-001
51.2701714 2.71707406841181E-001 2.83887548392804E-001
51.3701538 2.70304259214649E-001 2.82398070970586E-001
51.4701400 2.68910863239094E-001 2.80919112980917E-001
51.5701225 2.67527238902556E-001 2.79450692637005E-001
51.6701050 2.66153247467463E-001 2.77992659725075E-001
51.7700914 2.64788752570802E-001 2.76544866624136E-001
51.8700741 2.63433774709711E-001 2.75107332193059E-001
51.9700606 2.62088127780987E-001 2.73679856136448E-001
52.0700434 2.60751832597660E-001 2.72262457715833E-001
52.1700263 2.59424756664093E-001 2.70854993603343E-001
52.2700130 2.58106769741614E-001 2.69457322933088E-001
52.3699959 2.56797893083586E-001 2.68069465530981E-001
52.4699827 2.55497948355789E-001 2.66691229623072E-001
52.5699658 2.54206957083796E-001 2.65322635386291E-001
52.6699489 2.52924792670610E-001 2.63963545993120E-001
52.7699359 2.51651330665570E-001 2.62613826955113E-001
52.8699192 2.50386592972139E-001 2.61273498939757E-001
52.9699063 2.49130408621555E-001 2.59942378243746E-001
53.0698897 2.47882799749829E-001 2.58620485838684E-001
53.1698731 2.46643645337395E-001 2.57307691037094E-001
53.2698603 2.45412826406891E-001 2.56003865375011E-001
53.3698439 2.44190365415533E-001 2.54709030247545E-001
53.4698313 2.42976098381335E-001 2.53423009599494E-001
53.5698149 2.41770047958058E-001 2.52145825087494E-001
53.6697986 2.40572098402838E-001 2.50877351827168E-001
53.7697861 2.39382135916930E-001 2.49617467048922E-001
53.8697699 2.38200183423855E-001 2.48366192772021E-001
53.9697576 2.37026083572820E-001 2.47123360193051E-001
54.0697415 2.35859859451224E-001 2.45888991554132E-001
54.1697254 2.34701400311161E-001 2.44662967458685E-001
54.2697133 2.33550597256406E-001 2.43445170522558E-001
54.3696973 2.32407473597448E-001 2.42235623295237E-001
54.4696852 2.31271878280577E-001 2.41034163853140E-001
54.5696694 2.30143834750535E-001 2.39840814933514E-001
54.6696536 2.29023236990253E-001 2.38655462332335E-001
54.7696417 2.27909980747178E-001 2.37477993761590E-001
54.8696260 2.26804089646826E-001 2.36308432215746E-001
54.9696142 2.25705418618438E-001 2.35146622301729E-001
55.0695986 2.24613991394928E-001 2.33992587169933E-001
55.1695831 2.23529706442319E-001 2.32846217532255E-001
55.2695714 2.22452463908896E-001 2.31707405925719E-001
55.3695560 2.21382287670002E-001 2.30576175712455E-001
55.4695444 2.20319038342310E-001 2.29452377701630E-001
55.5695291 2.19262739884233E-001 2.28336035382429E-001
55.6695138 2.18213295012345E-001 2.27227044123307E-001
55.7695023 2.17170608047832E-001 2.26125301032132E-001
55.8694872 2.16134703056812E-001 2.25030829768595E-001
55.9694758 2.15105446065208E-001 2.23943487035426E-001
56.0694607 2.14082861200185E-001 2.22863296593204E-001
56.1694457 2.13066855210481E-001 2.21790158223622E-001
56.2694345 2.12057336376092E-001 2.20723973366901E-001
56.3694196 2.11054328900465E-001 2.19664765916770E-001
56.4694085 2.10057703956765E-001 2.18612398179092E-001
56.5693936 2.09067485789567E-001 2.17566894124789E-001
56.6693788 2.08083584974548E-001 2.16528157720386E-001
56.7693678 2.07105913549320E-001 2.15496094514555E-001
56.8693531 2.06134495806328E-001 2.14470728577546E-001
56.9693423 2.05169207819058E-001 2.13451927544937E-001
57.0693276 2.04210073903084E-001 2.12439715542722E-001
57.1693130 2.03257008268067E-001 2.11434000507717E-001
57.2693023 2.02309926520036E-001 2.10434691886731E-001
57.3692878 2.01368852996781E-001 2.09441813874490E-001
57.4692772 2.00433668439271E-001 2.08455239178725E-001
57.5692628 1.99504397192174E-001 2.07474992030513E-001
57.6692484 1.98580956917600E-001 2.06500984135332E-001
57.7692379 1.97663266611994E-001 2.05533128640449E-001
57.8692236 1.96751350619089E-001 2.04571449818019E-001
57.9692132 1.95845094127670E-001 2.03615825205165E-001
58.0691990 1.94944521473701E-001 2.02666279092874E-001
58.1691849 1.94049553600860E-001 2.01722726765681E-001
58.2691746 1.93160112728437E-001 2.00785084885407E-001
58.3691605 1.92276223170607E-001 1.99853377759144E-001
58.4691503 1.91397774356598E-001 1.98927487524471E-001
58.5691363 1.90524790579629E-001 1.98007438491505E-001
58.6691224 1.89657195904005E-001 1.97093149345444E-001
58.7691123 1.88794915614027E-001 1.96184540087724E-001
58.8690985 1.87937973962360E-001 1.95281635022049E-001
58.9690885 1.87086264422818E-001 1.94384320670434E-001
59.0690747 1.86239811215254E-001 1.93492621325358E-001
59.1690610 1.85398541372946E-001 1.92606458904730E-001
59.2690511 1.84562383096456E-001 1.91725756584908E-001
59.3690374 1.83731360548233E-001 1.90850538631675E-001
59.4690277 1.82905371061595E-001 1.89980695747537E-001
59.5690141 1.82084438755537E-001 1.89116252174231E-001
59.6690006 1.81268493489320E-001 1.88257132904184E-001
59.7689909 1.80457466239516E-001 1.87403264133520E-001
59.8689774 1.79651381052612E-001 1.86554670059047E-001
59.9689678 1.78850138946434E-001 1.85711245371111E-001
60.0689545 1.78053763914490E-001 1.84873014230948E-001
60.1689411 1.77262188507135E-001 1.84039904556408E-001
60.2689316 1.76475346344637E-001 1.83211845417157E-001
60.3689184 1.75693261334478E-001 1.82388860913129E-001
60.4689090 1.74915838013460E-001 1.81570849540438E-001
60.5688958 1.74143100227574E-001 1.80757835353115E-001
60.6688827 1.73374983090966E-001 1.79949749053849E-001
60.7688734 1.72611422742705E-001 1.79146522447946E-001
60.8688603 1.71852442930704E-001 1.78348179513465E-001
60.9688511 1.71097951554063E-001 1.77554622380125E-001
61.0688381 1.70347972291620E-001 1.76765874970834E-001
61.1688251 1.69602442701092E-001 1.75981870640484E-001
61.2688160 1.68861301322409E-001 1.75202543799914E-001
61.3688031 1.68124571725600E-001 1.74427918282948E-001
61.4687941 1.67392165023712E-001 1.73657899690025E-001
61.5687813 1.66664104710961E-001 1.72892511791563E-001
61.6687685 1.65940330675059E-001 1.72131690469460E-001
61.7687596 1.65220783745362E-001 1.71375372617265E-001
61.8687469 1.64505487297763E-001 1.70623581904620E-001
61.9687381 1.63794355518709E-001 1.69876227248508E-001
62.0687254 1.63087411702312E-001 1.69133332247810E-001
62.1687128 1.62384597958928E-001 1.68394835193198E-001
62.2687041 1.61685857301999E-001 1.67660675344929E-001
62.3686916 1.60991212898902E-001 1.66930876190713E-001
62.4686829 1.60300581876280E-001 1.66205349818072E-001
62.5686704 1.59613987314471E-001 1.65484119637431E-001
62.6686580 1.58931373444948E-001 1.64767126236514E-001
62.7686494 1.58252685365616E-001 1.64054311132675E-001
62.8686371 1.57577946022680E-001 1.63345697615954E-001
62.9686286 1.56907075356659E-001 1.62641200806076E-001
63.0686163 1.56240096222102E-001 1.61940843910026E-001
63.1686040 1.55576954875547E-001 1.61244569706971E-001
63.2685918 1.54917623484651E-001 1.60552348197366E-001
63.3685872 1.54262024588896E-001 1.59864097294051E-001
63.4685751 1.53610230868874E-001 1.59179892536901E-001
63.5685630 1.52962165055922E-001 1.58499652056435E-001
63.6685509 1.52317800276504E-001 1.57823346900106E-001
63.7685388 1.51677109890700E-001 1.57150948370386E-001
63.8685344 1.51040019025116E-001 1.56482377164534E-001
63.9685224 1.50406598704719E-001 1.55817707095057E-001
64.0685105 1.49776774234268E-001 1.55156859061437E-001
64.1684986 1.49150519884827E-001 1.54499805360245E-001
64.2684867 1.48527810149467E-001 1.53846518530230E-001
64.3684824 1.47908572633449E-001 1.53196921934548E-001
64.4684706 1.47292876747948E-001 1.52551087701720E-001
64.5684588 1.46680650263599E-001 1.51908939382717E-001
64.6684470 1.46071868539349E-001 1.51270450460530E-001
64.7684353 1.45466507145202E-001 1.50635594648223E-001
64.8684312 1.44864496062039E-001 1.50004297862360E-001
64.9684195 1.44265903128124E-001 1.49376630589907E-001
65.0684079 1.43670658477791E-001 1.48752518921812E-001
65.1683963 1.43078738504356E-001 1.48131937468367E-001
65.2683847 1.42490119801851E-001 1.47514861058525E-001
65.3683808 1.41904734628868E-001 1.46901218055438E-001
65.4683692 1.41322649290683E-001 1.46291077346010E-001
65.5683578 1.40743796188220E-001 1.45684367455247E-001
65.6683463 1.40168152698641E-001 1.45081064064982E-001
65.7683349 1.39595696390063E-001 1.44481143064941E-001
65.8683311 1.39026361705702E-001 1.43884535163385E-001
65.9683197 1.38460213456829E-001 1.43291307687697E-001
66.0683084 1.37897186218612E-001 1.42701391496307E-001
66.1682971 1.37337258304349E-001 1.42114763289967E-001
66.2682858 1.36780408209070E-001 1.41531399967156E-001
66.3682821 1.36226572472082E-001 1.40951234484803E-001
66.4682709 1.35675814448688E-001 1.40374332650363E-001
66.5682597 1.35128070800457E-001 1.39800627560026E-001
66.6682485 1.34583320731746E-001 1.39230096883785E-001
66.7682374 1.34041543619930E-001 1.38662718479760E-001
66.8682339 1.33502678016160E-001 1.38098427461846E-001
66.9682228 1.32966785856883E-001 1.37537288156222E-001
67.0682118 1.32433805806469E-001 1.36979235805867E-001
67.1682007 1.31903717917727E-001 1.36424249003093E-001
67.2681897 1.31376502408248E-001 1.35872306519270E-001
67.3681864 1.30852099760838E-001 1.35323345538032E-001
67.4681754 1.30330570529271E-001 1.34777428941999E-001
67.5681645 1.29811855301126E-001 1.34234494034391E-001
67.6681536 1.29295934937381E-001 1.33694520285503E-001
67.7681428 1.28782790456004E-001 1.33157487336116E-001
67.8681396 1.28272364195089E-001 1.32623334356603E-001
67.9681288 1.27764715361014E-001 1.32092122822809E-001
68.0681180 1.27259786388762E-001 1.31563792015822E-001
68.1681072 1.26757558909371E-001 1.31038322242011E-001
68.2680965 1.26258014703497E-001 1.30515693970133E-001
68.3680934 1.25761097891774E-001 1.29995848278273E-001
68.4680827 1.25266866367562E-001 1.29478845271375E-001
68.5680721 1.24775264341017E-001 1.28964626129964E-001
68.6680615 1.24286274177177E-001 1.28453171956853E-001
68.7680509 1.23799878383720E-001 1.27944464009580E-001
68.8680479 1.23316022794486E-001 1.27438445198688E-001
68.9680374 1.22834764023309E-001 1.26935174293187E-001
69.0680269 1.22356047986674E-001 1.26434594298328E-001
69.1680164 1.21879857749480E-001 1.25936687075879E-001
69.2680059 1.21406176512659E-001 1.25441434635080E-001
69.3680031 1.20934951757153E-001 1.24948781647228E-001
69.4679927 1.20466238849900E-001 1.24458785579479E-001
69.5679823 1.19999985348061E-001 1.23971391190615E-001
69.6679719 1.19536174984066E-001 1.23486581065880E-001
69.7679615 1.19074791620120E-001 1.23004337931121E-001
69.8679589 1.18615784321225E-001 1.22524608150052E-001
69.9679486 1.18159207239190E-001 1.22047447921167E-001
70.0679383 1.17705009509233E-001 1.21572803688920E-001
70.1679281 1.17253175500684E-001 1.21100658728437E-001
70.2679178 1.16803689706724E-001 1.20630996448946E-001
70.3679153 1.16356502716253E-001 1.20163764841413E-001
70.4679051 1.15911667496896E-001 1.19699018868009E-001
70.5678949 1.15469134702164E-001 1.19236706594141E-001
70.6678848 1.15028889309263E-001 1.18776811953000E-001
70.7678747 1.14590916413624E-001 1.18319319005723E-001
70.8678723 1.14155168070636E-001 1.17864177308375E-001
70.9678622 1.13721696093856E-001 1.17411440618291E-001
71.0678522 1.13290452598040E-001 1.16961058560090E-001
71.1678422 1.12861423140748E-001 1.16513015694887E-001
71.2678322 1.12434593392434E-001 1.16067296705904E-001
71.3678299 1.12009916820151E-001 1.15623852654995E-001
71.4678200 1.11587444112706E-001 1.15182736125322E-001
71.5678100 1.11167128791621E-001 1.14743898241791E-001
71.6678002 1.10748956968710E-001 1.14307324164870E-001
71.7677903 1.10332914863620E-001 1.13872999171600E-001
71.8677881 1.09918957302706E-001 1.13440875773009E-001
71.9677783 1.09507133878555E-001 1.13011005407932E-001
72.0677685 1.09097399467414E-001 1.12583340645309E-001
72.1677587 1.08689740710585E-001 1.12157867217873E-001
72.2677489 1.08284144352404E-001 1.11734570969678E-001
72.3677468 1.07880566528492E-001 1.11313405806862E-001
72.4677371 1.07479055762982E-001 1.10894422052990E-001
72.5677275 1.07079568237112E-001 1.10477573667309E-001
72.6677178 1.06682091098169E-001 1.10062846929119E-001
72.7677082 1.06286611591917E-001 1.09650228224066E-001
72.8677062 1.05893087115417E-001 1.09239672801753E-001
72.9676966 1.05501565151367E-001 1.08831229898747E-001
73.0676870 1.05112003138453E-001 1.08424854813277E-001
73.1676774 1.04724388707627E-001 1.08020534346831E-001
73.2676679 1.04338709583998E-001 1.07618255402514E-001
73.3676660 1.03954924380343E-001 1.07217974524052E-001
73.4676565 1.03573079564203E-001 1.06819739888524E-001
73.5676471 1.03193133786249E-001 1.06423508084087E-001
73.6676376 1.02815075139909E-001 1.06029266411273E-001
73.7676282 1.02438891808653E-001 1.05637002267750E-001
73.8676264 1.02064543577237E-001 1.05246673444185E-001
73.9676171 1.01692075923621E-001 1.04858327084946E-001
74.0676077 1.01321448666964E-001 1.04471921021217E-001
74.1675984 1.00952650343034E-001 1.04087443030603E-001
74.2675890 1.00585669573734E-001 1.03704880983583E-001
74.3675874 1.00220467273946E-001 1.03324193872660E-001
74.4675781 9.98570879569275E-002 1.02945427835535E-001
74.5675688 9.94954925687061E-002 1.02568541901567E-001
74.6675596 9.91356700682502E-002 1.02193524304563E-001
74.7675504 9.87776094969538E-002 1.01820363367156E-001
74.8675488 9.84212728597727E-002 1.01449019240534E-001
74.9675396 9.80667037294549E-002 1.01079537081069E-001
75.0675305 9.77138641390589E-002 1.00711877073386E-001
75.1675213 9.73627434525606E-002 1.00346027887663E-001
75.2675122 9.70133311128328E-002 9.99819782790590E-002
75.3675108 9.66655901765550E-002 9.96196895161551E-002
75.4675017 9.63195632995039E-002 9.92592057986441E-002
75.5674926 9.59752135636191E-002 9.89004884253518E-002
75.6674836 9.56325307205823E-002 9.85435264839790E-002
75.7674746 9.52915045976145E-002 9.81883091435510E-002
75.8674732 9.49520992663909E-002 9.78347987505214E-002
75.9674642 9.46143564886094E-002 9.74830385718803E-002
76.0674553 9.42782403585494E-002 9.71329909813406E-002
76.1674463 9.39437409991391E-002 9.67846454662063E-002
76.2674374 9.36108486056502E-002 9.64379915916283E-002
76.3674361 9.32795282295661E-002 9.60929927440877E-002
76.4674273 9.29498207607718E-002 9.57496912811946E-002
76.5674184 9.26216912708753E-002 9.54080506139021E-002
76.6674096 9.22951302383870E-002 9.50680606120735E-002
76.7674007 9.19701282111197E-002 9.47297112201109E-002
76.8673996 9.16466511866437E-002 9.43929668282756E-002
76.9673908 9.13247392046869E-002 9.40578689074818E-002
77.0673820 9.10043582806285E-002 9.37243818698595E-002
77.1673732 9.06854992336507E-002 9.33924959516157E-002
77.2673645 9.03681529493432E-002 9.30622014603490E-002
77.3673634 9.00522863390361E-002 9.27334637553715E-002
77.4673547 8.97379386133623E-002 9.24063234429643E-002
77.5673461 8.94250766992997E-002 9.20807459018776E-002
77.6673374 8.91136917425045E-002 9.17567217192303E-002
77.7673288 8.88037749522831E-002 9.14342415505368E-002
77.8673278 8.84952941227266E-002 9.11132716908744E-002
77.9673192 8.81882876558574E-002 9.07938519033503E-002
78.0673106 8.78827233593976E-002 9.04759485002109E-002
78.1673020 8.75785926919541E-002 9.01595524047960E-002
78.2672935 8.72758871731566E-002 8.98446546059876E-002
78.3672925 8.69745754501230E-002 8.95312223027180E-002
78.4672840 8.66746951361883E-002 8.92192944357906E-002
78.5672755 8.63762148902189E-002 8.89088382191883E-002
78.6672671 8.60791264708875E-002 8.85998448984815E-002
78.7672586 8.57834216953861E-002 8.82923057820659E-002
78.8672578 8.54890700353289E-002 8.79861889421259E-002
78.9672493 8.51961083347403E-002 8.76815325174596E-002
79.0672409 8.49045060752275E-002 8.73783045933251E-002
79.1672325 8.46142553032485E-002 8.70764967241971E-002
79.2672242 8.43253481213946E-002 8.67761005247868E-002
79.3672234 8.40377547983939E-002 8.64770849111743E-002
79.4672151 8.37515114278052E-002 8.61794872398936E-002
79.5672068 8.34665882867133E-002 8.58832764382546E-002
79.6671985 8.31829776976538E-002 8.55884443569379E-002
79.7671902 8.29006720370206E-002 8.52949829043933E-002
79.8671895 8.26196423443676E-002 8.50028618124270E-002
79.9671813 8.23399239811171E-002 8.47121176745098E-002
80.0671730 8.20614879936536E-002 8.44227202319575E-002
80.1671648 8.17843269694264E-002 8.41346616195536E-002
80.2671566 8.15084335475725E-002 8.38479340274985E-002
80.3671560 8.12337795132258E-002 8.35625079762858E-002
80.4671478 8.09603995134999E-002 8.32784193149975E-002
80.5671397 8.06882653389382E-002 8.29956385720337E-002
80.6671315 8.04173698312531E-002 8.27141581547406E-002
80.7671234 8.01477058817745E-002 8.24339705236391E-002
80.8671229 7.98792459969667E-002 8.21550469619504E-002
80.9671148 7.96120241269735E-002 8.18774225925303E-002
81.0671067 7.93460127823444E-002 8.16010687050117E-002
81.1670987 7.90812050488936E-002 8.13259779682991E-002
81.2670906 7.88175940600766E-002 8.10521431023318E-002
81.3670902 7.85551530203862E-002 8.07795361281262E-002
81.4670822 7.82939151998635E-002 8.05081914599786E-002
81.5670742 7.80338538058536E-002 8.02380811239246E-002
81.6670662 7.77749621585738E-002 7.99691980399280E-002
81.7670583 7.75172336239964E-002 7.97015351769466E-002
81.8670579 7.72606420822477E-002 7.94350652698408E-002
81.9670500 7.70052201396710E-002 7.91698220415298E-002
82.0670421 7.67509416780983E-002 7.89057782305971E-002
82.1670342 7.64978002428902E-002 7.86429269980473E-002
82.2670263 7.62457894233616E-002 7.83812615519317E-002
82.3670260 7.59948837537418E-002 7.81207553179392E-002
82.4670182 7.57451151926356E-002 7.78614413443261E-002
82.5670103 7.54964582749113E-002 7.76032930592975E-002
82.6670025 7.52489067622310E-002 7.73463038553374E-002
82.7669947 7.50024544584900E-002 7.70904671701154E-002
82.8669945 7.47570765313170E-002 7.68357570980279E-002
82.9669867 7.45128043071019E-002 7.65822060289254E-002
83.0669790 7.42696129531212E-002 7.63297880585972E-002
83.1669712 7.40274964388914E-002 7.60784968018762E-002
83.2669635 7.37864487745192E-002 7.58283259170053E-002
83.3669634 7.35464457411170E-002 7.55792501458181E-002
83.4669556 7.33075180479627E-002 7.53313012355751E-002
83.5669479 7.30696414748963E-002 7.50844539284593E-002
83.6669403 7.28328101912186E-002 7.48387020529332E-002
83.7669326 7.25970184052497E-002 7.45940394791729E-002
83.8669326 7.23622424924255E-002 7.43504415759955E-002
83.9669249 7.21285125596041E-002 7.41079394634558E-002
84.0669173 7.18958049800946E-002 7.38665085097498E-002
84.1669097 7.16641141152688E-002 7.36261427486406E-002
84.2669021 7.14334343640167E-002 7.33868362539838E-002
84.3669022 7.12037426776573E-002 7.31485650019029E-002
84.4668946 7.09750685749238E-002 7.29113595002147E-002
84.5668870 7.07473890042164E-002 7.26751957235212E-002
84.6668795 7.05206985116045E-002 7.24400679029268E-002
84.7668720 7.02949916792401E-002 7.22059703080793E-002
84.8668721 7.00702460165745E-002 7.19728795034765E-002
84.9668646 6.98464904681246E-002 7.17408253992579E-002
85.0668571 6.96237025396890E-002 7.15097845575644E-002
85.1668496 6.94018769549839E-002 7.12797513992342E-002
85.2668422 6.91810084724352E-002 7.10507203821684E-002
85.3668424 6.89610751425349E-002 7.08226686410178E-002
85.4668349 6.87421053491166E-002 7.05956255024114E-002
85.5668275 6.85240771383405E-002 7.03695680978685E-002
85.6668201 6.83069854048256E-002 7.01444910306885E-002
85.7668127 6.80908250765875E-002 6.99203889398177E-002
85.8668130 6.78755747286979E-002 6.96972395125179E-002
85.9668056 6.76612621974760E-002 6.94750715056928E-002
86.0667983 6.74478660530339E-002 6.92538626027552E-002
86.1667909 6.72353813544414E-002 6.90336075825107E-002
86.2667836 6.70238031929086E-002 6.88143012580578E-002
86.3667839 6.68131106522296E-002 6.85959218523781E-002
86.4667766 6.66033310340241E-002 6.83784975660623E-002
86.5667694 6.63944434165465E-002 6.81620066175794E-002
86.6667621 6.61864430171438E-002 6.79464439545887E-002
86.7667548 6.59793250841000E-002 6.77318045577465E-002
86.8667552 6.57730691946521E-002 6.75180671694855E-002
86.9667480 6.55677021281917E-002 6.73052594471353E-002
87.0667408 6.53632034558811E-002 6.70933601280022E-002
87.1667336 6.51595685474342E-002 6.68823643222339E-002
87.2667264 6.49567928023512E-002 6.66722671717360E-002
87.3667268 6.47548562765849E-002 6.64630479227180E-002
87.4667197 6.45537852394369E-002 6.62547337019503E-002
87.5667125 6.43535597402932E-002 6.60473037499498E-002
87.6667054 6.41541752955768E-002 6.58407533332617E-002
87.7666983 6.39556274503941E-002 6.56350777490022E-002
87.8666988 6.37578967252177E-002 6.54302567320541E-002
87.9666917 6.35610088910733E-002 6.52263168909902E-002
88.0666846 6.33649444614132E-002 6.50232379544783E-002
88.1666775 6.31696990939509E-002 6.48210153396302E-002
88.2666705 6.29752684740277E-002 6.46196444929924E-002
88.3666710 6.27816335729465E-002 6.44191056235636E-002
88.4666640 6.25888196749564E-002 6.42194248337494E-002
88.5666570 6.23968077439245E-002 6.40205823258528E-002
88.6666500 6.22055935736647E-002 6.38225736619689E-002
88.7666429 6.20151729846070E-002 6.36253944325401E-002
88.8666436 6.18255273856819E-002 6.34290253066454E-002
88.9666366 6.16366815855565E-002 6.32334918922341E-002
89.0666296 6.14486169853446E-002 6.30387748512481E-002
89.1666227 6.12613295099876E-002 6.28448698854191E-002
89.2666157 6.10748151100740E-002 6.26517727237841E-002
89.3666164 6.08890556194256E-002 6.24594644819691E-002
89.4666095 6.07040753820248E-002 6.22679702848652E-002
89.5666026 6.05198562235286E-002 6.20772712405563E-002
89.6665957 6.03363941952406E-002 6.18873631852885E-002
89.7665889 6.01536853731820E-002 6.16982419816150E-002
89.8665896 5.99717120037771E-002 6.15098891786554E-002
89.9665828 5.97904979769331E-002 6.13223294293388E-002
90.0665759 5.96100255305917E-002 6.11355442748710E-002
90.1665691 5.94302908378503E-002 6.09495296811053E-002
90.2665622 5.92512900956338E-002 6.07642816392454E-002
90.3665631 5.90730059511079E-002 6.05797821193104E-002
90.4665563 5.88954618504351E-002 6.03960553130701E-002
90.5665495 5.87186404320096E-002 6.02130831822909E-002
90.6665427 5.85425379863435E-002 6.00308618177300E-002
90.7665359 5.83671508269219E-002 5.98493873345773E-002
90.8665368 5.81924619902030E-002 5.96686421115997E-002
90.9665301 5.80184944886631E-002 5.94886498899251E-002
91.0665233 5.78452313497265E-002 5.93093930397582E-002
91.1665166 5.76726689771199E-002 5.91308677722511E-002
91.2665099 5.75008037967238E-002 5.89530703221095E-002
91.3665108 5.73296192232341E-002 5.87759834651190E-002
91.4665041 5.71591378452359E-002 5.85996305020057E-002
91.5664975 5.69893430681542E-002 5.84239941997122E-002
91.6664908 5.68202314049020E-002 5.82490708854624E-002
91.7664842 5.66517993897595E-002 5.80748569091909E-002
91.8664851 5.64840308049846E-002 5.79013354323786E-002
91.9664785 5.63169478248102E-002 5.77285293253222E-002
92.0664719 5.61505342220099E-002 5.75564217404049E-002
92.1664653 5.59847866148172E-002 5.73850091167767E-002
92.2664587 5.58197016420797E-002 5.72142879154896E-002
92.3664597 5.56552634433044E-002 5.70442416727866E-002
92.4664531 5.54914937876627E-002 5.68748928382451E-002
92.5664466 5.53283768049864E-002 5.67062249387806E-002
92.6664400 5.51659092151208E-002 5.65382345214920E-002
92.7664335 5.50040877578020E-002 5.63709181546049E-002
92.8664346 5.48428969198232E-002 5.62042597385647E-002
92.9664281 5.46823580743430E-002 5.60382813116864E-002
93.0664215 5.45224556983088E-002 5.58729667648819E-002
93.1664150 5.43631866096182E-002 5.57083127493831E-002
93.2664086 5.42045476453646E-002 5.55443159368043E-002
93.3664097 5.40465236299994E-002 5.53809605815934E-002
93.4664032 5.38891355494831E-002 5.52182683200140E-002
93.5663968 5.37323682182702E-002 5.50562233967948E-002
93.6663903 5.35762185488928E-002 5.48948225636395E-002
93.7663839 5.34206834724116E-002 5.47340625919191E-002
93.8663851 5.32657481416309E-002 5.45739280802285E-002
93.9663787 5.31114331638993E-002 5.44144402717508E-002
94.0663723 5.29577236818911E-002 5.42555837551970E-002
94.1663659 5.28046166994912E-002 5.40973553792272E-002
94.2663595 5.26521092384721E-002 5.39397520114826E-002
94.3663607 5.25001867709950E-002 5.37827585851809E-002
94.4663544 5.23488695341620E-002 5.36263959591640E-002
94.5663480 5.21981429898881E-002 5.34706490566196E-002
94.6663417 5.20480042302588E-002 5.33155148197895E-002
94.7663353 5.18984503646322E-002 5.31609902092382E-002
94.8663366 5.17494671758276E-002 5.30070604835995E-002
94.9663303 5.16010745388512E-002 5.28537461258877E-002
95.0663240 5.14532582261759E-002 5.27010323845789E-002
95.1663177 5.13060154150600E-002 5.25489162922560E-002
95.2663114 5.11593432994437E-002 5.23973948991920E-002
95.3663128 5.10132279643916E-002 5.22464537805365E-002
95.4663065 5.08676889307559E-002 5.20961130517707E-002
95.5663002 5.07227122731695E-002 5.19463582777753E-002
95.6662940 5.05782952511546E-002 5.17971865783614E-002
95.7662878 5.04344351403472E-002 5.16485950904230E-002
95.8662892 5.02911183199197E-002 5.15005696970191E-002
95.9662829 5.01483639643091E-002 5.13531301541789E-002
96.0662767 5.00061584421850E-002 5.12062623345970E-002
96.1662705 4.98644990925376E-002 5.10599634423226E-002
96.2662643 4.97233832699245E-002 5.09142306979040E-002
96.3662658 4.95827976397537E-002 5.07690502839857E-002
96.4662596 4.94427610375883E-002 5.06244416050197E-002
96.5662535 4.93032601182750E-002 5.04803908332049E-002
96.6662473 4.91642922975843E-002 5.03368952539554E-002
96.7662412 4.90258550063293E-002 5.01939521686234E-002
96.8662427 4.88879351885349E-002 5.00515480513865E-002
96.9662365 4.87505513482413E-002 4.99097019627935E-002
97.0662304 4.86136904188653E-002 4.97684003665085E-002
97.1662243 4.84773498903744E-002 4.96276406265495E-002
97.2662182 4.83415272672737E-002 4.94874201223326E-002
97.3662198 4.82062097648312E-002 4.93477256117779E-002
97.4662137 4.80714155627289E-002 4.92085758190094E-002
97.5662076 4.79371318655914E-002 4.90699574913785E-002
97.6662016 4.78033562350986E-002 4.89318680688521E-002
97.7661955 4.76700862469825E-002 4.87943050062770E-002
97.8661971 4.75373093806166E-002 4.86572553377761E-002
97.9661911 4.74050434983079E-002 4.85207374583374E-002
98.0661851 4.72732760687619E-002 4.83847383914723E-002
98.1661791 4.71420047229811E-002 4.82492556505445E-002
98.2661730 4.70112271055536E-002 4.81142867632990E-002
98.3661747 4.68809309530469E-002 4.79798190327639E-002
98.4661687 4.67511338172016E-002 4.78458705318962E-002
98.5661627 4.66218234239028E-002 4.77124285530808E-002
98.6661568 4.64929974711771E-002 4.75794906806235E-002
98.7661508 4.63646536701872E-002 4.74470545127326E-002
98.8661525 4.62367800080027E-002 4.73151076142769E-002
98.9661465 4.61093937324348E-002 4.71836677431079E-002
99.0661406 4.59824828198650E-002 4.70527224534294E-002
99.1661347 4.58560450331320E-002 4.69222693981293E-002
99.2661288 4.57300781477789E-002 4.67923062435363E-002
99.3661305 4.56045703948946E-002 4.66628208095194E-002
99.4661246 4.54795387248330E-002 4.65338305455766E-002
99.5661187 4.53549713579980E-002 4.64053232608997E-002
99.6661128 4.52308661199124E-002 4.62772966746875E-002
99.7661070 4.51072208483870E-002 4.61497485191357E-002
99.8661087 4.49840240122510E-002 4.60226668624891E-002
99.9661029 4.48612922707110E-002 4.58960688524744E-002
100.0660970 4.47390140819219E-002 4.57699425466562E-002
100.1660912 4.46171873320418E-002 4.56442857283589E-002
100.2660854 4.44958099191164E-002 4.55190961934768E-002
100.3660872 4.43748705436304E-002 4.53943622522136E-002
100.4660814 4.42543855797972E-002 4.52701007569432E-002
100.5660756 4.41343437174458E-002 4.51463000071946E-002
100.6660698 4.40147429013972E-002 4.50229578483147E-002
100.7660640 4.38955810879746E-002 4.49000721378095E-002
100.8660658 4.37768472034224E-002 4.47776314216254E-002
100.9660601 4.36585573429619E-002 4.46556522630420E-002
101.0660543 4.35407004222069E-002 4.45341231973440E-002
101.1660486 4.34232744427425E-002 4.44130421298767E-002
101.2660428 4.33062774172843E-002 4.42924069777486E-002
101.3660447 4.31896984921218E-002 4.41722065166256E-002
101.4660390 4.30735534893377E-002 4.40524570267960E-002
101.5660333 4.29578315446219E-002 4.39331472732844E-002
101.6660275 4.28425307144944E-002 4.38142752194853E-002
101.7660218 4.27276490662490E-002 4.36958388401758E-002
101.8660238 4.26131759606795E-002 4.35778271349035E-002
101.9660181 4.24991269524394E-002 4.34602561069184E-002
102.0660124 4.23854913917608E-002 4.33431147451537E-002
102.1660067 4.22722673883374E-002 4.32264010691769E-002
102.2660011 4.21594530622918E-002 4.31101131095708E-002
102.3660031 4.20470379835513E-002 4.29942400841069E-002
102.4659974 4.19350374449095E-002 4.28787977248021E-002
102.5659918 4.18234410057747E-002 4.27637752388466E-002
102.6659861 4.17122468273171E-002 4.26491707001733E-002
102.7659805 4.16014530808038E-002 4.25349821933771E-002
102.8659825 4.14910495400863E-002 4.24211991489678E-002
102.9659769 4.13810512415320E-002 4.23078370333924E-002
103.0659713 4.12714479485213E-002 4.21948852666184E-002
103.1659657 4.11622378720658E-002 4.20823419752032E-002
103.2659601 4.10534192329535E-002 4.19702052960255E-002
103.3659622 4.09449820039085E-002 4.18584648670149E-002
103.4659566 4.08369409701727E-002 4.17471358945729E-002
103.5659511 4.07292860940515E-002 4.16362080061308E-002
103.6659455 4.06220156348213E-002 4.15256793791930E-002
103.7659400 4.05151278612274E-002 4.14155482012575E-002
103.8659421 4.04086129399650E-002 4.13058043125153E-002
103.9659365 4.03024854103232E-002 4.11964626647118E-002
104.0659310 4.01967354286356E-002 4.10875130875894E-002
104.1659255 4.00913613009247E-002 4.09789538079833E-002
104.2659200 3.99863613423845E-002 4.08707830624057E-002
104.3659221 3.98817259089270E-002 4.07629908883066E-002
104.4659166 3.97774692989353E-002 4.06555919880336E-002
104.5659112 3.96735818580208E-002 4.05485763886416E-002
104.6659057 3.95700619374871E-002 4.04419423647387E-002
104.7659002 3.94669078975233E-002 4.03356882003054E-002
104.8659024 3.93641102786441E-002 4.02298041251968E-002
104.9658969 3.92616831432524E-002 4.01243045974940E-002
105.0658915 3.91596170216265E-002 4.00191798367151E-002
105.1658860 3.90579103089395E-002 3.99144281637393E-002
105.2658806 3.89565614089734E-002 3.98100479085248E-002
105.3658828 3.88555610423676E-002 3.97060294886227E-002
105.4658774 3.87549230403520E-002 3.96023871228545E-002
105.5658720 3.86546381133972E-002 3.94991112184962E-002
105.6658666 3.85547046991841E-002 3.93962001412507E-002
105.7658612 3.84551212437352E-002 3.92936522656162E-002
105.8658634 3.83558786434683E-002 3.91914581922707E-002
105.9658580 3.82569905031318E-002 3.90896319056617E-002
106.0658527 3.81584477090455E-002 3.89881639962573E-002
106.1658473 3.80602487400838E-002 3.88870528731878E-002
106.2658419 3.79623920832064E-002 3.87862969541059E-002
106.3658442 3.78648688063890E-002 3.86858870183806E-002
106.4658389 3.77676922924787E-002 3.85858368208548E-002
106.5658335 3.76708535994273E-002 3.84861371307567E-002
106.6658282 3.75743512460359E-002 3.83867863992975E-002
106.7658229 3.74781837589424E-002 3.82877830859475E-002
106.8658252 3.73823423735835E-002 3.81891181444616E-002
106.9658199 3.72868402553760E-002 3.80908051047330E-002
107.0658146 3.71916686298087E-002 3.79928349104472E-002
107.1658093 3.70968260543865E-002 3.78952060535980E-002
107.2658040 3.70023110942117E-002 3.77979170341835E-002
107.3658063 3.69081151482029E-002 3.77009589761649E-002
107.4658011 3.68142511687113E-002 3.76043451890289E-002
107.5657958 3.67207105447861E-002 3.75080667867417E-002
107.6657905 3.66274918714559E-002 3.74121223008261E-002
107.7657853 3.65345937511158E-002 3.73165102705646E-002
107.8657877 3.64420077423017E-002 3.72212219860652E-002
107.9657824 3.63497465885605E-002 3.71262705408445E-002
108.0657772 3.62578018386395E-002 3.70316472150926E-002
108.1657720 3.61661721239520E-002 3.69373505786526E-002
108.2657667 3.60748560830549E-002 3.68433792088904E-002
108.3657692 3.59838454303470E-002 3.67497245581197E-002
108.4657639 3.58931527047325E-002 3.66563995082171E-002
108.5657587 3.58027696109042E-002 3.65633955016573E-002
108.6657536 3.57126948155606E-002 3.64707111454367E-002
108.7657484 3.56229269923287E-002 3.63783450538465E-002
108.8657508 3.55334580078228E-002 3.62862888375768E-002
108.9657456 3.54443002003678E-002 3.61945551710929E-002
109.0657405 3.53554454269560E-002 3.61031356553271E-002
