0.0053140 6.22902442669595E+000 2.44370916038016E+003
0.0210792 2.39680133188852E+001 2.39227910890151E+003
0.0467942 5.06585446824258E+001 2.31151566190038E+003
0.0817065 8.28452040431602E+001 2.20771347995018E+003
0.1249105 1.16990840914468E+002 2.08787803163977E+003
0.1754417 1.50100763745350E+002 1.95871391625994E+003
0.2323515 1.80031604846769E+002 1.82596519621762E+003
0.2947571 2.05520689418847E+002 1.69412634795224E+003
0.3618673 2.26045149247678E+002 1.56643517283900E+003
0.4329916 2.41618076205677E+002 1.44502705461303E+003
0.5075377 2.52591253288229E+002 1.33115529005018E+003
0.5850032 2.59497141066271E+002 1.22541330341171E+003
0.6649650 2.62936913035734E+002 1.12792887123130E+003
0.7470680 2.63508996264285E+002 1.03851863329631E+003
0.8310139 2.61768256016040E+002 9.56805386742468E+002
0.9165527 2.58206321028178E+002 8.82301464095180E+002
1.0034738 2.53245282379240E+002 8.14466886623498E+002
1.0915995 2.47239254549458E+002 7.52748124854274E+002
1.1807797 2.40480030964214E+002 6.96602536894799E+002
1.2708868 2.33204603772841E+002 6.45513739897848E+002
1.3618115 2.25603024467746E+002 5.98999597556440E+002
1.4534610 2.17825883614060E+002 5.56615806143816E+002
1.5457546 2.09991198548066E+002 5.17957352747111E+002
1.6386236 2.02190189220973E+002 4.82656851098739E+002
1.7320075 1.94492461319571E+002 4.50383306896724E+002
1.8258543 1.86950091646897E+002 4.20838964338750E+002
1.9201186 1.79601173279821E+002 3.93756798756303E+002
2.0147601 1.72472726362863E+002 3.68897851496375E+002
2.1097440 1.65582905767154E+002 3.46048047081859E+002
2.2050388 1.58943023367113E+002 3.25016083527340E+002
2.3006174 1.52558953046331E+002 3.05630647759168E+002
2.3964555 1.46432405020822E+002 2.87738415720840E+002
2.4925310 1.40561945657947E+002 2.71202192034575E+002
2.5888248 1.34943677914209E+002 2.55898851224338E+002
2.6853193 1.29571974812416E+002 2.41718075751970E+002
2.7819988 1.24439876859571E+002 2.28560688583574E+002
2.8788497 1.19539523857608E+002 2.16337527240958E+002
2.9758588 1.14862493211652E+002 2.04968416006987E+002
3.0730149 1.10399958552830E+002 1.94380989823319E+002
3.1703074 1.06142964693270E+002 1.84510047705311E+002
3.2677268 1.02082494805494E+002 1.75296607105178E+002
3.3652646 9.82096223340929E+001 1.66687330757442E+002
3.4629133 9.45155646424661E+001 1.58633865557698E+002
3.5606650 9.09918128101119E+001 1.51092464362854E+002
3.6585133 8.76300691477666E+001 1.44023287234498E+002
3.7564523 8.44223481468016E+001 1.37390142009515E+002
3.8544764 8.13609775668301E+001 1.31160076028309E+002
3.9525810 7.84385956938560E+001 1.25303021712371E+002
4.0507604 7.56482108918337E+001 1.19791615470066E+002
4.1490108 7.29831176117319E+001 1.14600771315195E+002
4.2473280 7.04369485963670E+001 1.09707563422335E+002
4.3457083 6.80036536794717E+001 1.05090991469340E+002
4.4441489 6.56774799673819E+001 1.00731776582854E+002
4.5426454 6.34530052813406E+001 9.66122788551717E+001
4.6411954 6.13250602629408E+001 9.27162255871836E+001
4.7397961 5.92887612386507E+001 8.90286636560959E+001
4.8384450 5.73394865788889E+001 8.55358197684336E+001
4.9371399 5.54728555971309E+001 8.22249787496859E+001
5.0358779 5.36847514432459E+001 7.90844501704090E+001
5.1346571 5.19712556215259E+001 7.61033875717115E+001
5.2334756 5.03286721585096E+001 7.32717747572589E+001
5.3323316 4.87535070732852E+001 7.05803394878871E+001
5.4312238 4.72424503031174E+001 6.80204782367947E+001
5.5301496 4.57923936496363E+001 6.55842470831050E+001
5.6291079 4.44003774707510E+001 6.32642366372313E+001
5.7280973 4.30636101672983E+001 6.10535743988607E+001
5.8271164 4.17794516826519E+001 5.89458695417803E+001
5.9261644 4.05453990611623E+001 5.69351647509680E+001
6.0252392 3.93591015347012E+001 5.50159388208903E+001
6.1243401 3.82183174716116E+001 5.31830170415602E+001
6.2234659 3.71209308118458E+001 5.14315807006261E+001
6.3226158 3.60649381538203E+001 4.97571305581624E+001
6.4217891 3.50484374860615E+001 4.81554549853313E+001
6.5209840 3.40696412533117E+001 4.66226378700831E+001
6.6202001 3.31268415158264E+001 4.51549924240465E+001
6.7194366 3.22184240867626E+001 4.37490733778551E+001
6.8186927 3.13428584878292E+001 4.24016520532824E+001
6.9179682 3.04986891982438E+001 4.11096946243769E+001
7.0172613 2.96845470957834E+001 3.98703720719978E+001
7.1165720 2.88991210774151E+001 3.86810099879200E+001
7.2158999 2.81411667704141E+001 3.75390959393954E+001
7.3152432 2.74095164457314E+001 3.64422886360088E+001
7.4146030 2.67030366874517E+001 3.53883493076956E+001
7.5139770 2.60206771489814E+001 3.43752101632241E+001
7.6133666 2.53614135033459E+001 3.34008850923851E+001
7.7127702 2.47242906596471E+001 3.24635301588636E+001
7.8121865 2.41083995498195E+001 3.15614055189189E+001
7.9116168 2.35128578830333E+001 3.06928442558196E+001
8.0110589 2.29368483564718E+001 2.98563053800352E+001
8.1105143 2.23795709056978E+001 2.90503015418205E+001
8.2099815 2.18402794852453E+001 2.82734501289201E+001
8.3094593 2.13182628021708E+001 2.75244429633777E+001
8.4089492 2.08128282579289E+001 2.68020213741384E+001
8.5084489 2.03233346192044E+001 2.61050211557058E+001
8.6079599 1.98491517482146E+001 2.54323132990325E+001
8.7074812 1.93896920813205E+001 2.47828473186315E+001
8.8070112 1.89443945027896E+001 2.41556267639279E+001
8.9065517 1.85127108334839E+001 2.35496889672776E+001
9.0061006 1.80941339118172E+001 2.29641433305211E+001
9.1056593 1.76881633892667E+001 2.23981221842249E+001
9.2052267 1.72943328122044E+001 2.18508176881140E+001
9.3048016 1.69121960159306E+001 2.13214617739827E+001
9.4043856 1.65413156663262E+001 2.08093094685859E+001
9.5039766 1.61812875151641E+001 2.03136716405665E+001
9.6035763 1.58317111534068E+001 1.98338738541315E+001
9.7031836 1.54922134253017E+001 1.93692879431963E+001
9.8027972 1.51624368630247E+001 1.89193153899444E+001
9.9024188 1.48420298980093E+001 1.84833734295300E+001
10.0020464 1.45306679100209E+001 1.80609231865111E+001
10.1016817 1.42280280644917E+001 1.76514349194687E+001
10.2013235 1.39338096502431E+001 1.72544151661392E+001
10.3009707 1.36477241805995E+001 1.68693928260122E+001
10.4006251 1.33694869744450E+001 1.64959074634391E+001
10.5002846 1.30988355042761E+001 1.61335335936544E+001
10.5999509 1.28355076225835E+001 1.57818510945639E+001
10.6996230 1.25792593058481E+001 1.54404686540995E+001
10.7992996 1.23298561277620E+001 1.51090120097045E+001
10.8989827 1.20870659731960E+001 1.47871140126545E+001
10.9986702 1.18506750996429E+001 1.44744356855021E+001
11.0983637 1.16204691954007E+001 1.41706408540382E+001
11.1980623 1.13962489259766E+001 1.38754164937213E+001
11.2977649 1.11778225457917E+001 1.35884627102342E+001
11.3974732 1.09649995564218E+001 1.33094842319105E+001
11.4971853 1.07576048231463E+001 1.30382087482909E+001
11.5969029 1.05554620146694E+001 1.27743650203043E+001
11.6966250 1.03584072787774E+001 1.25177006143361E+001
11.7963505 1.01662828055248E+001 1.22679733032573E+001
11.8960812 9.97893127818467E+000 1.20249437293555E+001
11.9958151 9.79620832808061E+000 1.17883914430176E+001
12.0955540 9.61796798933708E+000 1.15580959033042E+001
12.1952970 9.44407477482095E+000 1.13338520010436E+001
12.2950428 9.27439803989899E+000 1.11154626299161E+001
12.3947934 9.10880710331097E+000 1.09027323180035E+001
12.4945468 8.94718227607509E+000 1.06954813123270E+001
12.5943047 8.78940203084744E+000 1.04935289993812E+001
12.6940662 8.63535370398302E+000 1.02967075483747E+001
12.7938302 8.48492853713100E+000 1.01048554544603E+001
12.8935986 8.33801736777590E+000 9.91781197877441E+000
12.9933693 8.19452042945950E+000 9.73542956524408E+000
13.0931443 8.05433598787450E+000 9.55755930112691E+000
13.1929224 7.91736985809750E+000 9.38406295474738E+000
13.2927027 7.78353102347160E+000 9.21480733279269E+000
13.3924871 7.65272781335431E+000 9.04965940044705E+000
13.4922734 7.52487664039028E+000 8.88849726875344E+000
13.5920637 7.39989189754853E+000 8.73119738570680E+000
13.6918568 7.27769444949942E+000 8.57764519681177E+000
13.7916517 7.15820774583859E+000 8.42773018894882E+000
13.8914504 7.04135441774748E+000 8.28134158664583E+000
13.9912508 6.92706409217734E+000 8.13837810909335E+000
14.0910548 6.81526437797952E+000 7.99873663781848E+000
14.1908615 6.70588846568405E+000 7.86232169093775E+000
14.2906697 6.59887166619795E+000 7.72904104985788E+000
14.3904813 6.49414836945150E+000 7.59880194675938E+000
14.4902944 6.39165905401258E+000 7.47151975834382E+000
14.5901109 6.29134221801201E+000 7.34710794017135E+000
14.6899298 6.19314120118381E+000 7.22548647488155E+000
14.7897500 6.09700109151214E+000 7.10657799664128E+000
14.8895734 6.00286599812542E+000 6.99030439990010E+000
14.9893980 5.91068535717993E+000 6.87659461067642E+000
15.0892259 5.82040668578901E+000 6.76537561291918E+000
15.1890558 5.73198172327590E+000 6.65658000585970E+000
15.2888878 5.64536283984826E+000 6.55014155185820E+000
15.3887200 5.56050547248292E+000 6.44599815106280E+000
15.4885562 5.47736163212579E+000 6.34408385667482E+000
15.5883943 5.39588956354456E+000 6.24434071222818E+000
15.6882343 5.31604719042501E+000 6.14671068766573E+000
15.7880763 5.23779370434569E+000 6.05113761472634E+000
15.8879183 5.16109096889015E+000 5.95756888331696E+000
15.9877640 5.08589765465537E+000 5.86594827440473E+000
16.0876115 5.01217797529828E+000 5.77622660297501E+000
16.1874608 4.93989576750123E+000 5.68835448108846E+000
16.2873119 4.86901593086421E+000 5.60228406297521E+000
16.3871628 4.79950570459291E+000 5.51797058065681E+000
16.4870172 4.73132935551055E+000 5.43536589106953E+000
16.5868734 4.66445609850585E+000 5.35442807228163E+000
16.6867312 4.59885473564107E+000 5.27511490888253E+000
16.7865905 4.53449496389866E+000 5.19738546933088E+000
16.8864496 4.47134853840810E+000 5.12120149909480E+000
16.9863121 4.40938444917670E+000 5.04652159408555E+000
17.0861762 4.34857611929361E+000 4.97330987634896E+000
17.1860417 4.28889653810741E+000 4.90153011279415E+000
17.2859087 4.23031945154251E+000 4.83114714428245E+000
17.3857753 4.17282042407092E+000 4.76212815219843E+000
17.4856452 4.11637244870187E+000 4.69443738308465E+000
17.5855166 4.06095250376166E+000 4.62804401217146E+000
17.6853893 4.00653712400470E+000 4.56291681941903E+000
17.7852633 3.95310348631855E+000 4.49902548723066E+000
17.8851368 3.90063038113360E+000 4.43634175433943E+000
17.9850136 3.84909420764674E+000 4.37483462719852E+000
18.0848916 3.79847495937773E+000 4.31447752473647E+000
18.1847709 3.74875218460806E+000 4.25524344648141E+000
18.2846515 3.69990597867016E+000 4.19710615356389E+000
18.3845314 3.65191787418335E+000 4.14004122205817E+000
18.4844144 3.60476717977796E+000 4.08402168560464E+000
18.5842986 3.55843645560003E+000 4.02902454215831E+000
18.6841841 3.51290782084407E+000 3.97502635799793E+000
18.7840706 3.46816386242963E+000 3.92200434478944E+000
18.8839565 3.42418845232429E+000 3.86993732301566E+000
18.9838453 3.38096339338005E+000 3.81880174780866E+000
19.0837353 3.33847343825327E+000 3.76857764778421E+000
19.1836263 3.29670290721137E+000 3.71924461633448E+000
19.2835185 3.25563652180205E+000 3.67078279590175E+000
19.3834098 3.21526015654804E+000 3.62317376083188E+000
19.4833041 3.17555776006669E+000 3.57639688472928E+000
19.5831994 3.13651596427487E+000 3.53043477240553E+000
19.6830957 3.09812098026732E+000 3.48526959626955E+000
19.7829930 3.06035936455067E+000 3.44088399757092E+000
19.8828894 3.02321871154790E+000 3.39726189688972E+000
19.9827887 2.98668482207528E+000 3.35438516670029E+000
20.0826889 2.95074594403434E+000 3.31223860973624E+000
20.1825901 2.91538991811243E+000 3.27080660373393E+000
20.2824922 2.88060488326073E+000 3.23007392820872E+000
20.3823934 2.84637991571025E+000 3.19002650982214E+000
20.4822973 2.81270242023322E+000 3.15064836841634E+000
20.5822022 2.77956203864051E+000 3.11192618849046E+000
20.6821079 2.74694802045008E+000 3.07384624018718E+000
20.7820145 2.71484987351465E+000 3.03639513913472E+000
20.8819201 2.68325795460959E+000 2.99956053308898E+000
20.9818284 2.65216106179628E+000 2.96332829361309E+000
21.0817375 2.62155004282146E+000 2.92768672168917E+000
21.1816475 2.59141536882612E+000 2.89262371679976E+000
21.2815583 2.56174773535584E+000 2.85812747647765E+000
21.3814680 2.53253860902140E+000 2.82418712988778E+000
21.4813803 2.50377800178095E+000 2.79079015068327E+000
21.5812935 2.47545780767772E+000 2.75792623289427E+000
21.6812074 2.44756956019233E+000 2.72558468335547E+000
21.7811221 2.42010498828366E+000 2.69375506683419E+000
21.8810357 2.39305652313299E+000 2.66242779157864E+000
21.9809519 2.36641523732997E+000 2.63159172177229E+000
22.0808688 2.34017393520298E+000 2.60123775562484E+000
22.1807864 2.31432507661288E+000 2.57135641932377E+000
22.2807048 2.28886129216101E+000 2.54193846294114E+000
22.3806219 2.26377585359837E+000 2.51297540241775E+000
22.4805416 2.23906076278649E+000 2.48445731253493E+000
22.5804621 2.21470961810093E+000 2.45637613547978E+000
22.6803832 2.19071568937352E+000 2.42872345702702E+000
22.7803050 2.16707239595688E+000 2.40149105784184E+000
22.8802255 2.14377374400325E+000 2.37467141588220E+000
22.9801486 2.12081255171665E+000 2.34825566297136E+000
23.0800723 2.09818311188546E+000 2.32223664893611E+000
23.1799967 2.07587940434557E+000 2.29660688291608E+000
23.2799217 2.05389554019903E+000 2.27135904417119E+000
23.3798454 2.03222616883462E+000 2.24648644845718E+000
23.4797716 2.01086482742756E+000 2.22198115316375E+000
23.5796984 1.98980641753237E+000 2.19783679935958E+000
23.6796259 1.96904554289612E+000 2.17404670303079E+000
23.7795539 1.94857692278412E+000 2.15060432905635E+000
23.8794806 1.92839577132160E+000 2.12750372473707E+000
23.9794098 1.90849626045963E+000 2.10473776010431E+000
24.0793395 1.88887382669322E+000 2.08230076779054E+000
24.1792698 1.86952362333145E+000 2.06018677065861E+000
24.2792007 1.85044090557942E+000 2.03838992221858E+000
24.3791302 1.83162138452174E+000 2.01690491016009E+000
24.4790621 1.81305979388326E+000 1.99572531987080E+000
24.5789946 1.79475204129432E+000 1.97484608993588E+000
24.6789277 1.77669376524747E+000 1.95426186407108E+000
24.7788612 1.75888069431717E+000 1.93396740091146E+000
24.8787934 1.74130897787640E+000 1.91395795010626E+000
24.9787279 1.72397384795934E+000 1.89422772834304E+000
25.0786630 1.70687162804560E+000 1.87477220642251E+000
25.1785986 1.68999838592276E+000 1.85558657468008E+000
25.2785347 1.67335026918865E+000 1.83666612477548E+000
25.3784693 1.65692381458889E+000 1.81800660065188E+000
25.4784064 1.64071469715300E+000 1.79960277746639E+000
25.5783439 1.62471960818682E+000 1.78145059455220E+000
25.6782819 1.60893499613470E+000 1.76354572463104E+000
25.7782204 1.59335738029873E+000 1.74588392996617E+000
25.8781574 1.57798364050455E+000 1.72846139026000E+000
25.9780968 1.56280984644762E+000 1.71127337586474E+000
26.0780366 1.54783301544636E+000 1.69431623950207E+000
26.1779769 1.53304993417151E+000 1.67758608055323E+000
26.2779176 1.51845745233056E+000 1.66107907770268E+000
26.3778568 1.50405275420799E+000 1.64479179564634E+000
26.4777984 1.48983226183751E+000 1.62871994481553E+000
26.5777404 1.47579328205894E+000 1.61286024344985E+000
26.6776829 1.46193290266878E+000 1.59720916912070E+000
26.7776257 1.44824826765229E+000 1.58176326978430E+000
26.8775671 1.43473683200074E+000 1.56651945099327E+000
26.9775108 1.42139533292913E+000 1.55147381512763E+000
27.0774549 1.40822133488134E+000 1.53662340428705E+000
27.1773994 1.39521219426661E+000 1.52196503197282E+000
27.2773442 1.38236531767359E+000 1.50749557428387E+000
27.3772876 1.36967840123903E+000 1.49321223916446E+000
27.4772333 1.35714846466834E+000 1.47911147881076E+000
27.5771793 1.34477330203260E+000 1.46519062284582E+000
27.6771257 1.33255050979907E+000 1.45144678376718E+000
27.7770725 1.32047772932996E+000 1.43787712985478E+000
27.8770178 1.30855287196180E+000 1.42447913784529E+000
27.9769653 1.29677321106652E+000 1.41124957278202E+000
28.0769132 1.28513674576826E+000 1.39818602004419E+000
28.1768615 1.27364128746139E+000 1.38528585877353E+000
28.2768101 1.26228468777861E+000 1.37254651791619E+000
28.3767572 1.25106505043737E+000 1.35996571358686E+000
28.4767065 1.23997987700843E+000 1.34754049116401E+000
28.5766562 1.22902735004007E+000 1.33526866394974E+000
28.6766062 1.21820547369116E+000 1.32314784932852E+000
28.7765565 1.20751228824725E+000 1.31117570923436E+000
28.8765053 1.19694606969802E+000 1.29935017335384E+000
28.9764563 1.18650452526503E+000 1.28766853874543E+000
29.0764077 1.17618600184683E+000 1.27612882219575E+000
29.1763593 1.16598867678324E+000 1.26472885434555E+000
29.2763113 1.15591075990331E+000 1.25346650575623E+000
29.3762617 1.14595068171457E+000 1.24233989699873E+000
29.4762144 1.13610633508685E+000 1.23134655150167E+000
29.5761673 1.12637621441642E+000 1.22048466803476E+000
29.6761206 1.11675865288634E+000 1.20975226846753E+000
29.7760741 1.10725201294498E+000 1.19914741050438E+000
29.8760261 1.09785486391280E+000 1.18866838561465E+000
29.9759803 1.08856526652961E+000 1.17831292119601E+000
30.0759347 1.07938184777202E+000 1.16807937904619E+000
30.1758895 1.07030308128853E+000 1.15796595280563E+000
30.2758445 1.06132746713025E+000 1.14797086833627E+000
30.3757980 1.05245369951344E+000 1.13809257036546E+000
30.4757536 1.04367999121717E+000 1.12832897039361E+000
30.5757095 1.03500508857047E+000 1.11867857650404E+000
30.6756657 1.02642759202321E+000 1.10913973688689E+000
30.7756221 1.01794612588144E+000 1.09971082875206E+000
30.8755770 1.00955949690286E+000 1.09039043448541E+000
30.9755340 1.00126605578373E+000 1.08117663203765E+000
31.0754913 9.93064656455511E-001 1.07206806096208E+000
31.1754469 9.84954167847081E-001 1.06306337950183E+000
31.2754067 9.76932865113778E-001 1.05416058898296E+000
31.3753629 9.69000118089503E-001 1.04535890795095E+000
31.4753231 9.61154100102586E-001 1.03665622926996E+000
31.5752798 9.53394208707658E-001 1.02805180597403E+000
31.6752368 9.45718961908379E-001 1.01954391746755E+000
31.7751978 9.38126910186933E-001 1.01113088153551E+000
31.8751552 9.30617490415639E-001 1.00281200007299E+000
31.9751168 9.23189006076670E-001 9.94585321086612E-001
32.0750747 9.15840918828219E-001 9.86450177238893E-001
32.1750329 9.08571856815445E-001 9.78404979856988E-001
32.2749952 9.01380477994186E-001 9.70448175391642E-001
32.3749539 8.94266279194797E-001 9.62579140118393E-001
32.4749166 8.87227682851939E-001 9.54796063406840E-001
32.5748758 8.80264207979099E-001 9.47098349010105E-001
32.6748352 8.73374583136656E-001 9.39484528171277E-001
32.7747986 8.66557564285018E-001 9.31953164324117E-001
32.8747585 8.59812701930948E-001 9.24503700191604E-001
32.9747223 8.53138527377457E-001 9.17134454144124E-001
33.0746827 8.46534611003146E-001 9.09844893469416E-001
33.1746432 8.39999773042953E-001 9.02633658573091E-001
33.2746078 8.33532858950142E-001 8.95499419405933E-001
33.3745687 8.27133467327510E-001 8.88441678111575E-001
33.4745337 8.20800229253705E-001 8.81458870951848E-001
33.5744951 8.14532761148199E-001 8.74550522052510E-001
33.6744568 8.08329967053397E-001 8.67715371334961E-001
33.7744224 8.02190774252507E-001 8.60952185875604E-001
33.8743844 7.96114824480562E-001 8.54260521005981E-001
33.9743505 7.90100840380488E-001 8.47638920879519E-001
34.0743130 7.84148479674284E-001 8.41086960516883E-001
34.1742756 7.78256723120320E-001 8.34603470687400E-001
34.2742423 7.72424572922635E-001 8.28187307152490E-001
34.3742054 7.66651709527680E-001 8.21838072895713E-001
34.4741725 7.60936939716113E-001 8.15554410946588E-001
34.5741359 7.55279958290403E-001 8.09335941939280E-001
34.6740996 7.49679816323114E-001 8.03181579690559E-001
34.7740673 7.44135584700549E-001 7.97090261049000E-001
34.8740313 7.38646978638627E-001 7.91061631726840E-001
34.9739994 7.33212882329219E-001 7.85094425489047E-001
35.0739638 7.27833023888788E-001 7.79188303883895E-001
35.1739284 7.22506518916706E-001 7.73342256745019E-001
35.2738971 7.17232501340424E-001 7.67555295158534E-001
35.3738621 7.12010717626329E-001 7.61827103181322E-001
35.4738310 7.06840123276367E-001 7.56156497952001E-001
35.5737964 7.01720476357122E-001 7.50543177746296E-001
35.6737620 6.96650951755522E-001 7.44986202068659E-001
35.7737315 6.91630741332210E-001 7.39484650058609E-001
35.8736974 6.86659619659109E-001 7.34038240209133E-001
35.9736673 6.81736608006687E-001 7.28645866365289E-001
36.0736335 6.76861491384064E-001 7.23307259795919E-001
36.1735999 6.72033499216235E-001 7.18021543939891E-001
36.2735704 6.67251876665597E-001 7.12787860398788E-001
36.3735371 6.62516423595973E-001 7.07605958613049E-001
36.4735079 6.57826222006278E-001 7.02474803087353E-001
36.5734750 6.53181081156278E-001 6.97394154748992E-001
36.6734423 6.48580280697845E-001 6.92363195778620E-001
36.7734135 6.44023114890207E-001 6.87381125177481E-001
36.8733811 6.39509406369257E-001 6.82447720216079E-001
36.9733527 6.35038293272341E-001 6.77562010566939E-001
37.0733206 6.30609606698107E-001 6.72723783834714E-001
37.1732887 6.26222672606894E-001 6.67932276235042E-001
37.2732608 6.21876830532173E-001 6.63186739579053E-001
37.3732292 6.17571923622959E-001 6.58486976178702E-001
37.4732015 6.13307141969528E-001 6.53832075879894E-001
37.5731702 6.09082336346504E-001 6.49221850296823E-001
37.6731391 6.04896875456788E-001 6.44655585407972E-001
37.7731119 6.00750140628727E-001 6.40132581667589E-001
37.8730811 5.96641993497431E-001 6.35652663931950E-001
37.9730543 5.92571672284710E-001 6.31214977672152E-001
38.0730237 5.88539045499608E-001 6.26819356122009E-001
38.1729934 5.84543521338491E-001 6.22465131140201E-001
38.2729669 5.80584519753722E-001 6.18151648036439E-001
38.3729369 5.76661919045947E-001 6.13878751972980E-001
38.4729107 5.72775002075267E-001 6.09645639898984E-001
38.5728809 5.68923653340712E-001 6.05452164524801E-001
38.6728513 5.65107317568127E-001 6.01297700056166E-001
38.7728256 5.61325450440737E-001 5.97181633210884E-001
38.8727962 5.57577945288147E-001 5.93103827448881E-001
38.9727708 5.53864126411678E-001 5.89063527411187E-001
39.0727417 5.50183892731672E-001 5.85060603361133E-001
39.1727127 5.46536722796379E-001 5.81094468632438E-001
39.2726877 5.42922105377040E-001 5.77164548209470E-001
39.3726590 5.39339947359776E-001 5.73270722046245E-001
39.4726343 5.35789611557731E-001 5.69412279014752E-001
39.5726059 5.32271009900751E-001 5.65589105203218E-001
39.6725776 5.28783652284233E-001 5.61800650136881E-001
39.7725533 5.25327058150480E-001 5.58046374200408E-001
39.8725252 5.21901146616301E-001 5.54326172220755E-001
39.9725012 5.18505316319463E-001 5.50639374133502E-001
40.0724734 5.15139490927680E-001 5.46985880297935E-001
40.1724458 5.11803209417675E-001 5.43365173748989E-001
40.2724221 5.08496019689978E-001 5.39776747653451E-001
40.3723947 5.05217851897348E-001 5.36220510252794E-001
40.4723712 5.01968138034412E-001 5.32695829644078E-001
40.5723441 4.98746812360501E-001 5.29202619059330E-001
40.6723171 4.95553440857288E-001 5.25740392591100E-001
40.7722940 4.92387597855373E-001 5.22308673793984E-001
40.8722673 4.89249223466046E-001 5.18907383010866E-001
40.9722444 4.86137780772103E-001 5.15535923838199E-001
41.0722179 4.83053213590508E-001 5.12194221121363E-001
41.1721915 4.79995113003076E-001 5.08881817765983E-001
41.2721690 4.76963077909609E-001 5.05598265522423E-001
41.3721428 4.73957057407628E-001 5.02343495651811E-001
41.4721206 4.70976543580204E-001 4.99116944805330E-001
41.5720946 4.68021488868572E-001 4.95918548306598E-001
41.6720688 4.65091507705451E-001 4.92747875817490E-001
41.7720469 4.62186221850688E-001 4.89604505275094E-001
41.8720213 4.59305588510003E-001 4.86488377791872E-001
41.9719996 4.56449126843249E-001 4.83398960826327E-001
42.0719743 4.53616797072843E-001 4.80336199156445E-001
42.1719490 4.50808235374396E-001 4.77299687313525E-001
42.2719276 4.48023084796386E-001 4.74289027578078E-001
42.3719026 4.45261309859322E-001 4.71304169951163E-001
42.4718815 4.42522455026006E-001 4.68344610630306E-001
42.5718566 4.39806487538017E-001 4.65410302923703E-001
42.6718319 4.37113063834186E-001 4.62500864499379E-001
42.7718111 4.34441846805411E-001 4.59615920288277E-001
42.8717866 4.31792807569618E-001 4.56755428310711E-001
42.9717660 4.29165514255115E-001 4.53918911597811E-001
43.0717417 4.26559940433488E-001 4.51106331153266E-001
43.1717175 4.23975761443885E-001 4.48317326189036E-001
43.2716972 4.21412658687345E-001 4.45551542729962E-001
43.3716732 4.18870609230209E-001 4.42808946030117E-001
43.4716531 4.16349203353293E-001 4.40089084197067E-001
43.5716293 4.13848420334590E-001 4.37391925175597E-001
43.6716056 4.11367953157002E-001 4.34717128255949E-001
43.7715858 4.08907500503221E-001 4.32064359124357E-001
43.8715623 4.06467044800543E-001 4.29433589558477E-001
43.9715428 4.04046197082958E-001 4.26824391120263E-001
44.0715195 4.01644941770269E-001 4.24236738013370E-001
44.1714963 3.99262988329552E-001 4.21670308256341E-001
44.2714770 3.96900051591299E-001 4.19124785877159E-001
44.3714539 3.94556118811738E-001 4.16600148534616E-001
44.4714348 3.92230820482617E-001 4.14095989746270E-001
44.5714120 3.89924145654143E-001 4.11612289357354E-001
44.6713893 3.87635819206478E-001 4.09148742870072E-001
44.7713704 3.85365571070459E-001 4.06705051437318E-001
44.8713479 3.83113392849202E-001 4.04281198017523E-001
44.9713293 3.80878933291915E-001 4.01876796697658E-001
45.0713069 3.78662185615758E-001 3.99491832405688E-001
45.1712846 3.76462889123752E-001 3.97126016978891E-001
45.2712662 3.74280787878567E-001 3.94779067571969E-001
45.3712441 3.72115877393260E-001 3.92450971916412E-001
45.4712259 3.69967823561339E-001 3.90141363385336E-001
45.5712040 3.67836623346751E-001 3.87850231483270E-001
45.6711822 3.65722029559100E-001 3.85577303321632E-001
45.7711643 3.63623799496587E-001 3.83322311019408E-001
45.8711426 3.61541932185974E-001 3.81085246604053E-001
45.9711248 3.59476109631832E-001 3.78865761545779E-001
46.0711034 3.57426332163825E-001 3.76663849467001E-001
46.1710820 3.55392365249549E-001 3.74479251772429E-001
46.2710644 3.53373978592558E-001 3.72311714585999E-001
46.3710432 3.51371174373869E-001 3.70161233798694E-001
46.4710259 3.49383649749240E-001 3.68027477875084E-001
46.5710048 3.47411408068313E-001 3.65910444139652E-001
46.6709838 3.45454226670129E-001 3.63809887382795E-001
46.7709667 3.43511886893990E-001 3.61725566845582E-001
46.8709459 3.41584393748994E-001 3.59657481890409E-001
46.9709290 3.39671458649617E-001 3.57605316952609E-001
47.0709083 3.37773087651702E-001 3.55569072681635E-001
47.1708877 3.35889069236072E-001 3.53548516413010E-001
47.2708710 3.34019195663760E-001 3.51543419682596E-001
47.3708506 3.32163474475865E-001 3.49553784968509E-001
47.4708341 3.30321630515110E-001 3.47579311725924E-001
47.5708138 3.28493672258691E-001 3.45620003587144E-001
47.6707936 3.26679398651773E-001 3.43675639653688E-001
47.7707773 3.24878612214133E-001 3.41746002993881E-001
47.8707573 3.23091322750050E-001 3.39831098878808E-001
47.9707411 3.21317267757089E-001 3.37930640899318E-001
48.0707212 3.19556457875144E-001 3.36044635360090E-001
48.1707014 3.17808701884280E-001 3.34172872405859E-001
48.2706855 3.16073811946918E-001 3.32315145930121E-001
48.3706658 3.14351799886387E-001 3.30471463703978E-001
48.4706500 3.12642415134276E-001 3.28641552631193E-001
48.5706305 3.10945670258264E-001 3.26825421406984E-001
48.6706110 3.09261383288003E-001 3.25022870548242E-001
48.7705955 3.07589375455592E-001 3.23233704116880E-001
48.8705762 3.05929660381663E-001 3.21457932118050E-001
48.9705608 3.04281998759503E-001 3.19695294002187E-001
49.0705416 3.02646404871190E-001 3.17945800599148E-001
49.1705225 3.01022705451269E-001 3.16209262174443E-001
49.2705073 2.99410730268260E-001 3.14485492348094E-001
49.3704883 2.97810494538657E-001 3.12774503117774E-001
49.4704733 2.96221769589869E-001 3.11076045766434E-001
49.5704545 2.94644571224525E-001 3.09390133026167E-001
49.6704357 2.93078734374789E-001 3.07716584331275E-001
49.7704208 2.91524096848921E-001 3.06055222292292E-001
49.8704022 2.89980675276274E-001 3.04406060680048E-001
49.9703875 2.88448251032143E-001 3.02768861943870E-001
50.0703690 2.86926841263583E-001 3.01143640507000E-001
50.1703506 2.85416288627615E-001 2.99530224432935E-001
50.2703361 2.83916438509294E-001 2.97928444794441E-001
50.3703178 2.82427308784551E-001 2.96338316936244E-001
50.4703034 2.80948690328561E-001 2.94759613852236E-001
50.5702853 2.79480601472789E-001 2.93192351465052E-001
50.6702672 2.78022892158181E-001 2.91636365964844E-001
50.7702530 2.76575414914768E-001 2.90091496394566E-001
50.8702350 2.75138188713999E-001 2.88557759491814E-001
50.9702209 2.73711013418274E-001 2.87034938214182E-001
51.0702031 2.72293908398091E-001 2.85523049809492E-001
51.1701853 2.70886730466789E-001 2.84021938126184E-001
51.2701714 2.69489338896316E-001 2.82531449718758E-001
51.3701538 2.68101753616389E-001 2.81051602553224E-001
51.4701400 2.66723782996735E-001 2.79582189007865E-001
51.5701225 2.65355447314807E-001 2.78123227497430E-001
51.6701050 2.63996609871986E-001 2.76674569091802E-001
51.7700914 2.62647136305645E-001 2.75236067429222E-001
51.8700741 2.61307047379098E-001 2.73807741554703E-001
51.9700606 2.59976159519841E-001 2.72389392759236E-001
52.0700434 2.58654493792315E-001 2.70981040480712E-001
52.1700263 2.57341919626717E-001 2.69582542602744E-001
52.2700130 2.56038308673945E-001 2.68193759447970E-001
52.3699959 2.54743682417670E-001 2.66814711004683E-001
52.4699827 2.53457864921747E-001 2.65445207001030E-001
52.5699658 2.52180877928649E-001 2.64085267767434E-001
52.6699489 2.50912596661431E-001 2.62734757620426E-001
52.7699359 2.49652898455373E-001 2.61393543194032E-001
52.8699192 2.48401805411673E-001 2.60061645296533E-001
52.9699063 2.47159148835259E-001 2.58738881647737E-001
53.0698897 2.45924951047703E-001 2.57425273351974E-001
53.1698731 2.44699092750516E-001 2.56120690802769E-001
53.2698603 2.43481456655294E-001 2.54825006596867E-001
53.3698439 2.42272065387418E-001 2.53538242250573E-001
53.4698313 2.41070757121860E-001 2.52260223057737E-001
53.5698149 2.39877554669496E-001 2.50990970788861E-001
53.6697986 2.38692343915860E-001 2.49730361581593E-001
53.7697861 2.37515012660354E-001 2.48478273669266E-001
53.8697699 2.36345583967828E-001 2.47234729174540E-001
53.9697576 2.35183902534821E-001 2.45999560573565E-001
54.0697415 2.34029991580038E-001 2.44772790205208E-001
54.1697254 2.32883741897138E-001 2.43554299639701E-001
54.2697133 2.31745046102950E-001 2.42343972441723E-001
54.3696973 2.30613927624950E-001 2.41141831248002E-001
54.4696852 2.29490237353745E-001 2.39947715349275E-001
54.5696694 2.28373998841975E-001 2.38761647564001E-001
54.6696536 2.27265107532729E-001 2.37583514603252E-001
54.7696417 2.26163460606723E-001 2.36413205077160E-001
54.8696260 2.25069081784387E-001 2.35250742052783E-001
54.9696142 2.23981827842425E-001 2.34095971290072E-001
55.0695986 2.22901722600423E-001 2.32948916006537E-001
55.1695831 2.21828665908195E-001 2.31809467780695E-001
55.2695714 2.20762559272446E-001 2.30677520000209E-001
55.3695560 2.19703426643429E-001 2.29553096086512E-001
55.4695444 2.18651130394152E-001 2.28436047944169E-001
55.5695291 2.17605694550474E-001 2.27326399116707E-001
55.6695138 2.16567023141079E-001 2.26224045793734E-001
55.7695023 2.15535021775305E-001 2.25128885889197E-001
55.8694872 2.14509714576064E-001 2.24040943110042E-001
55.9694758 2.13490969239829E-001 2.22960075200196E-001
56.0694607 2.12478809943806E-001 2.21886305963003E-001
56.1694457 2.11473144681514E-001 2.20819535958642E-001
56.2694345 2.10473882955100E-001 2.19759667391584E-001
56.3694196 2.09481049008414E-001 2.18706724191906E-001
56.4694085 2.08494515604365E-001 2.17660569655655E-001
56.5693936 2.07514307021822E-001 2.16621227786032E-001
56.6693788 2.06540335017973E-001 2.15588603287977E-001
56.7693678 2.05572512790547E-001 2.14562602435138E-001
56.8693531 2.04610864657573E-001 2.13543249324238E-001
56.9693423 2.03655268206121E-001 2.12530412532993E-001
57.0693276 2.02705747771831E-001 2.11524116210189E-001
57.1693130 2.01762218686377E-001 2.10524268993413E-001
57.2693023 2.00824597657572E-001 2.09530781017539E-001
57.3692878 1.99892909035402E-001 2.08543676494837E-001
57.4692772 1.98967035002603E-001 2.07562829029902E-001
57.5692628 1.98046999911062E-001 2.06588262868028E-001
57.6692484 1.97132722488924E-001 2.05619890380070E-001
57.7692379 1.96224122779527E-001 2.04657625366659E-001
57.8692236 1.95321225126730E-001 2.03701492109424E-001
57.9692132 1.94423916093315E-001 2.02751368999668E-001
58.0691990 1.93532220010883E-001 2.01807280334850E-001
58.1691849 1.92646058836451E-001 2.00869142031588E-001
58.2691746 1.91765355784526E-001 1.99936871372420E-001
58.3691605 1.90890135158528E-001 1.99010492666630E-001
58.4691503 1.90020287697712E-001 1.98089888865711E-001
58.5691363 1.89155837680497E-001 1.97175084279265E-001
58.6691224 1.88296710134897E-001 1.96265998193235E-001
58.7691123 1.87442831291753E-001 1.95362551199046E-001
58.8690985 1.86594225383184E-001 1.94464767596031E-001
58.9690885 1.85750787132605E-001 1.93572534682109E-001
59.0690747 1.84912540735692E-001 1.92685876742951E-001
59.1690610 1.84079414142654E-001 1.91804716267701E-001
59.2690511 1.83251336454717E-001 1.90928976993764E-001
59.3690374 1.82428331804992E-001 1.90058683176645E-001
59.4690277 1.81610298719291E-001 1.89193726258859E-001
59.5690141 1.80797261284012E-001 1.88334130469673E-001
59.6690006 1.79989150231246E-001 1.87479821344942E-001
59.7689909 1.79185897394966E-001 1.86630725614569E-001
59.8689774 1.78387526784438E-001 1.85786867459771E-001
59.9689678 1.77593940555987E-001 1.84948142276987E-001
60.0689545 1.76805162662981E-001 1.84114574209900E-001
60.1689411 1.76021126486997E-001 1.83286091693574E-001
60.2689316 1.75241766464891E-001 1.82462624305739E-001
60.3689184 1.74467106459872E-001 1.81644196125980E-001
60.4689090 1.73697052096156E-001 1.80830706324437E-001
60.5688958 1.72931627172856E-001 1.80022178933030E-001
60.6688827 1.72170767596067E-001 1.79218545146937E-001
60.7688734 1.71414410282918E-001 1.78419737255275E-001
60.8688603 1.70662578930756E-001 1.77625779211488E-001
60.9688511 1.69915182477747E-001 1.76836573788993E-001
61.0688381 1.69172244549840E-001 1.76052144884511E-001
61.1688251 1.68433703459615E-001 1.75272426322089E-001
61.2688160 1.67699498488676E-001 1.74497352973485E-001
61.3688031 1.66969653150885E-001 1.73726948644102E-001
61.4687941 1.66244079552569E-001 1.72961119549374E-001
61.5687813 1.65522801129714E-001 1.72199889429895E-001
61.6687685 1.64805758489855E-001 1.71443194614685E-001
61.7687596 1.64092893169643E-001 1.70690972436599E-001
61.8687469 1.63384228483830E-001 1.69943246533465E-001
61.9687381 1.62679679568771E-001 1.69199926410086E-001
62.0687254 1.61979269655614E-001 1.68461035632282E-001
62.1687128 1.61282941541414E-001 1.67726512917035E-001
62.2687041 1.60590638914404E-001 1.66996297943486E-001
62.3686916 1.59902384876433E-001 1.66270414164521E-001
62.4686829 1.59218097462932E-001 1.65548774229738E-001
62.5686704 1.58537799687101E-001 1.64831401513631E-001
62.6686580 1.57861436435786E-001 1.64118237010565E-001
62.7686494 1.57188953450942E-001 1.63409222637474E-001
62.8686371 1.56520373609383E-001 1.62704381646910E-001
62.9686286 1.55855617721419E-001 1.62003629696276E-001
63.0686163 1.55194708570800E-001 1.61306989954090E-001
63.1686040 1.54537593039792E-001 1.60614405587562E-001
63.2685918 1.53884243683647E-001 1.59925846839258E-001
63.3685872 1.53234583876899E-001 1.59241232138013E-001
63.4685751 1.52588685773668E-001 1.58560636706031E-001
63.5685630 1.51946472935817E-001 1.57883979186927E-001
63.6685509 1.51307918861763E-001 1.57211230860402E-001
63.7685388 1.50672997279738E-001 1.56542363258782E-001
63.8685344 1.50041634116132E-001 1.55877297573273E-001
63.9685224 1.49413899882704E-001 1.55216107306679E-001
64.0685105 1.48789720679780E-001 1.54558713849730E-001
64.1684986 1.48169071131827E-001 1.53905089719551E-001
64.2684867 1.47551926081739E-001 1.53255207673189E-001
64.3684824 1.46938213901074E-001 1.52608991546832E-001
64.4684706 1.46328003500766E-001 1.51966513167087E-001
64.5684588 1.45721223413814E-001 1.51327696555441E-001
64.6684470 1.45117849335076E-001 1.50692515404414E-001
64.7684353 1.44517857167084E-001 1.50060943634477E-001
64.8684312 1.43921177625208E-001 1.49432907615361E-001
64.9684195 1.43327878060142E-001 1.48808477539744E-001
65.0684079 1.42737889337038E-001 1.48187579949398E-001
65.1683963 1.42151188168612E-001 1.47570189653749E-001
65.2683847 1.41567751465109E-001 1.46956281678880E-001
65.3683808 1.40987512189375E-001 1.46345784822249E-001
65.4683692 1.40410536171495E-001 1.45738767683921E-001
65.5683578 1.39836756513223E-001 1.45135159221020E-001
65.6683463 1.39266150895537E-001 1.44534935304704E-001
65.7683349 1.38698697187360E-001 1.43938072012134E-001
65.8683311 1.38134330507419E-001 1.43344500467953E-001
65.9683197 1.37573115203875E-001 1.42754287719981E-001
66.0683084 1.37014986524212E-001 1.42167365040988E-001
66.1682971 1.36459923070825E-001 1.41583709311793E-001
66.2682858 1.35907903624999E-001 1.41003297609158E-001
66.3682821 1.35358865374209E-001 1.40426063289352E-001
66.4682709 1.34812871222441E-001 1.39852071887373E-001
66.5682597 1.34269858476451E-001 1.39281256896850E-001
66.6682485 1.33729806615787E-001 1.38713596159098E-001
66.7682374 1.33192695290328E-001 1.38149067701876E-001
66.8682339 1.32658463673376E-001 1.37587607022214E-001
66.9682228 1.32127173261564E-001 1.37029278180768E-001
67.0682118 1.31598763338628E-001 1.36474016801876E-001
67.1682007 1.31073214219425E-001 1.35921801640915E-001
67.2681897 1.30550506381052E-001 1.35372611630726E-001
67.3681864 1.30030580903698E-001 1.34826384322660E-001
67.4681754 1.29513497912539E-001 1.34283182340578E-001
67.5681645 1.28999198589939E-001 1.33742943353758E-001
67.6681536 1.28487664046492E-001 1.33205646987755E-001
67.7681428 1.27978875547381E-001 1.32671273037102E-001
67.8681396 1.27472776004497E-001 1.32139761025212E-001
67.9681288 1.26969424206552E-001 1.31611172175769E-001
68.0681180 1.26468763159898E-001 1.31085446121354E-001
68.1681072 1.25970774733433E-001 1.30562563316215E-001
68.2680965 1.25475440943399E-001 1.30042504375559E-001
68.3680934 1.24982706461753E-001 1.29525210716541E-001
68.4680827 1.24492628774846E-001 1.29010742198373E-001
68.5680721 1.24005152641892E-001 1.28499040339200E-001
68.6680615 1.23520260654660E-001 1.27990086382736E-001
68.7680509 1.23037935545409E-001 1.27483861726062E-001
68.8680479 1.22558123677884E-001 1.26980309605479E-001
68.9680374 1.22080881269291E-001 1.26479488550535E-001
69.0680269 1.21606154763905E-001 1.25981341890884E-001
69.1680164 1.21133927442821E-001 1.25485851622586E-001
69.2680059 1.20664182721131E-001 1.24992999887895E-001
69.3680031 1.20196868589263E-001 1.24502731671179E-001
69.4679927 1.19732040027638E-001 1.24015104206236E-001
69.5679823 1.19269645100925E-001 1.23530062563656E-001
69.6679719 1.18809667747775E-001 1.23047589456724E-001
69.7679615 1.18352092034681E-001 1.22567667738113E-001
69.8679589 1.17896867516653E-001 1.22090244072515E-001
69.9679486 1.17444047968832E-001 1.21615374431015E-001
70.0679383 1.16993583014595E-001 1.21143005557866E-001
70.1679281 1.16545457220041E-001 1.20673120850309E-001
70.2679178 1.16099655273286E-001 1.20205703838544E-001
70.3679153 1.15656128234656E-001 1.19740702802981E-001
70.4679051 1.15214928704693E-001 1.19278172484175E-001
70.5678949 1.14776007806604E-001 1.18818061235873E-001
70.6678848 1.14339350705404E-001 1.18360353107775E-001
70.7678747 1.13904942682598E-001 1.17905032276440E-001
70.8678723 1.13472736247259E-001 1.17452048576370E-001
70.9678622 1.13042782855194E-001 1.17001455548929E-001
71.0678522 1.12615035073229E-001 1.16553203096142E-001
71.1678422 1.12189478638240E-001 1.16107275890318E-001
71.2678322 1.11766099398348E-001 1.15663658724841E-001
71.3678299 1.11344851257351E-001 1.15222302929500E-001
71.4678200 1.10925784555391E-001 1.14783260876977E-001
71.5678100 1.10508853249228E-001 1.14346483959150E-001
71.6678002 1.10094043621933E-001 1.13911957442641E-001
71.7677903 1.09681342062850E-001 1.13479666709668E-001
71.8677881 1.09270703818896E-001 1.13049564529162E-001
71.9677783 1.08862178142836E-001 1.12621702134830E-001
72.0677685 1.08455720330073E-001 1.12196032352617E-001
72.1677587 1.08051317185521E-001 1.11772541016629E-001
72.2677489 1.07648955615648E-001 1.11351214071368E-001
72.3677468 1.07248592161176E-001 1.10932005671302E-001
72.4677371 1.06850275015021E-001 1.10514965940064E-001
72.5677275 1.06453960762207E-001 1.10100049084393E-001
72.6677178 1.06059636706376E-001 1.09687241480427E-001
72.7677082 1.05667290248244E-001 1.09276529609772E-001
72.8677062 1.05276879175196E-001 1.08867868961209E-001
72.9676966 1.04888450647081E-001 1.08461308576440E-001
73.0676870 1.04501962491679E-001 1.08056803992088E-001
73.1676774 1.04117402489411E-001 1.07654342102174E-001
73.2676679 1.03734758513517E-001 1.07253909901509E-001
73.3676660 1.03353989552964E-001 1.06855464164247E-001
73.4676565 1.02975141760594E-001 1.06459052877531E-001
73.5676471 1.02598174162116E-001 1.06064632859216E-001
73.6676376 1.02223074993884E-001 1.05672191498285E-001
73.7676282 1.01849832581026E-001 1.05281716280063E-001
73.8676264 1.01478407070968E-001 1.04893165217288E-001
73.9676171 1.01108843634892E-001 1.04506585269182E-001
74.0676077 1.00741102453558E-001 1.04121934488316E-001
74.1675984 1.00375172199440E-001 1.03739200736865E-001
74.2675890 1.00011041629944E-001 1.03358371969124E-001
74.3675874 9.96486720096901E-002 1.02979407391671E-001
74.4675781 9.92881075528650E-002 1.02602352961723E-001
74.5675688 9.89293095542316E-002 1.02227167922073E-001
74.6675596 9.85722671035574E-002 1.01853840587413E-001
74.7675504 9.82169693718895E-002 1.01482359360544E-001
74.8675488 9.78633787015413E-002 1.01112684599074E-001
74.9675396 9.75115383736880E-002 1.00744861283432E-001
75.0675305 9.71614107578084E-002 1.00378849804065E-001
75.1675213 9.68129853430601E-002 1.00014638908532E-001
75.2675122 9.64662516964072E-002 9.96522174286941E-002
75.3675108 9.61211732000329E-002 9.92915468322290E-002
75.4675017 9.57777922254340E-002 9.89326711472995E-002
75.5674926 9.54360721791780E-002 9.85755518712686E-002
75.6674836 9.50960029327855E-002 9.82201781658888E-002
75.7674746 9.47575744322793E-002 9.78665392735911E-002
75.8674732 9.44207510634842E-002 9.75145977329129E-002
75.9674642 9.40855743109120E-002 9.71643966436085E-002
76.0674553 9.37520085821742E-002 9.68158985709527E-002
76.1674463 9.34200441149547E-002 9.64690930731347E-002
76.2674374 9.30896712182945E-002 9.61239697855760E-002
76.3674361 9.27608552469485E-002 9.57804922801267E-002
76.4674273 9.24336368205152E-002 9.54387027513364E-002
76.5674184 9.21079813131106E-002 9.50985647950401E-002
76.6674096 9.17838793131639E-002 9.47600683489737E-002
76.7674007 9.14613214774674E-002 9.44232034248273E-002
76.8673996 9.11402740964376E-002 9.40879345917983E-002
76.9673908 9.08207769462263E-002 9.37543031618022E-002
77.0673820 9.05027963343462E-002 9.34222737254501E-002
77.1673732 9.01863231852933E-002 9.30918365839552E-002
77.2673645 8.98713484890770E-002 9.27629821093658E-002
77.3673634 8.95578394398791E-002 9.24356758337653E-002
77.4673547 8.92458349912829E-002 9.21099582083868E-002
77.5673461 8.89353023524527E-002 9.17857947843267E-002
77.6673374 8.86262327699735E-002 9.14631762109819E-002
77.7673288 8.83186175532291E-002 9.11420932056145E-002
77.8673278 8.80124247695777E-002 9.08225122301642E-002
77.9673192 8.77076925703399E-002 9.05044728965317E-002
78.0673106 8.74043890358839E-002 9.01879416834290E-002
78.1673020 8.71025057215687E-002 8.98729095738754E-002
78.2672935 8.68020342429650E-002 8.95593676159286E-002
78.3672925 8.65029435112635E-002 8.92472831697164E-002
78.4672840 8.62052708952712E-002 8.89366950285727E-002
78.5672755 8.59089853173482E-002 8.86275705673059E-002
78.6672671 8.56140786289393E-002 8.83199010886917E-002
78.7672586 8.53205427392360E-002 8.80136779578508E-002
78.8672578 8.50283473751036E-002 8.77088694027282E-002
78.9672493 8.47375291420421E-002 8.74055134182866E-002
79.0672409 8.44480577763700E-002 8.71035782451996E-002
79.1672325 8.41599254135242E-002 8.68030554927899E-002
79.2672242 8.38731242443380E-002 8.65039368301585E-002
79.3672234 8.35876247843234E-002 8.62061913239316E-002
79.4672151 8.33034628943547E-002 8.59098561903426E-002
79.5672068 8.30206090977968E-002 8.56149005069254E-002
79.6671985 8.27390558025479E-002 8.53213161769617E-002
79.7671902 8.24587954696617E-002 8.50290951610660E-002
79.8671895 8.21797993773465E-002 8.47382073365860E-002
79.9671813 8.19021026600198E-002 8.44486891601296E-002
80.0671730 8.16256766022510E-002 8.41605105182537E-002
80.1671648 8.13505138734032E-002 8.38736635962011E-002
80.2671566 8.10766071938567E-002 8.35881406342155E-002
80.3671560 8.08039285795924E-002 8.33039122935275E-002
80.4671478 8.05325124562436E-002 8.30210142896996E-002
80.5671397 8.02623308447632E-002 8.27394172915891E-002
80.6671315 7.99933766654874E-002 8.24591137549592E-002
80.7671234 7.97256428877304E-002 8.21800961883508E-002
80.8671229 7.94591022413032E-002 8.19023360111083E-002
80.9671148 7.91937884602430E-002 8.16258682158204E-002
81.0671067 7.89296742780385E-002 8.13506642279826E-002
81.1670987 7.86667528559886E-002 8.10767167629679E-002
81.2670906 7.84050174024227E-002 8.08040185868059E-002
81.3670902 7.81444413379742E-002 8.05325418522051E-002
81.4670822 7.78850577218032E-002 8.02623208463570E-002
81.5670742 7.76268399770162E-002 7.99933277267464E-002
81.6670662 7.73697814963184E-002 7.97255554579470E-002
81.7670583 7.71138757175875E-002 7.94589970531652E-002
81.8670579 7.68590967301632E-002 7.91936253746953E-002
81.9670500 7.66054769345922E-002 7.89294740214291E-002
82.0670421 7.63529904215674E-002 7.86665158591573E-002
82.1670342 7.61016308060764E-002 7.84047440917210E-002
82.2670263 7.58513917465048E-002 7.81441519696621E-002
82.3670260 7.56022479796362E-002 7.78847130420115E-002
82.4670182 7.53542312632238E-002 7.76264602359904E-002
82.5670103 7.51073163343621E-002 7.73693671029351E-002
82.6670025 7.48614970216083E-002 7.71134270764719E-002
82.7669947 7.46167671952212E-002 7.68586336350836E-002
82.8669945 7.43731022189793E-002 7.66049609925740E-002
82.9669867 7.41305332232321E-002 7.63524414206701E-002
83.0669790 7.38890355711010E-002 7.61010491343730E-002
83.1669712 7.36486032963878E-002 7.58507777880406E-002
83.2669635 7.34092304729765E-002 7.56016210791264E-002
83.3669634 7.31708930719691E-002 7.53535538650889E-002
83.4669556 7.29336216112828E-002 7.51066077778966E-002
83.5669479 7.26973920604643E-002 7.48607576751751E-002
83.6669403 7.24621986506057E-002 7.46159974233676E-002
83.7669326 7.22280356513333E-002 7.43723209303301E-002
83.8669326 7.19948796221450E-002 7.41297036768654E-002
83.9669249 7.17627604830917E-002 7.38881766704916E-002
84.0669173 7.15316547912819E-002 7.36477153912218E-002
84.1669097 7.13015569674956E-002 7.34083139093236E-002
84.2669021 7.10724614695666E-002 7.31699663348699E-002
84.3669022 7.08443454271714E-002 7.29326487524697E-002
84.4668946 7.06172381766661E-002 7.26963915600828E-002
84.5668870 7.03911168445649E-002 7.24611708406401E-002
84.6668795 7.01659760340663E-002 7.22269808603396E-002
84.7668720 6.99418103840082E-002 7.19938159236488E-002
84.8668721 6.97185975767078E-002 7.17616527001821E-002
84.9668646 6.94963663786150E-002 7.15305209928297E-002
85.0668571 6.92750944681687E-002 7.13003974687036E-002
85.1668496 6.90547766240354E-002 7.10712765823877E-002
85.2668422 6.88354076591672E-002 7.08431528252662E-002
85.3668424 6.86169657916341E-002 7.06160034338635E-002
85.4668349 6.83994792313968E-002 7.03898576300968E-002
85.5668275 6.81829261919846E-002 7.01646926472242E-002
85.6668201 6.79673016208828E-002 6.99405031210014E-002
85.7668127 6.77526004985673E-002 6.97172837225801E-002
85.8668130 6.75388015625949E-002 6.94950122379735E-002
85.9668056 6.73259324794929E-002 6.92737173218419E-002
86.0667983 6.71139719816654E-002 6.90533767562248E-002
86.1667909 6.69029151790546E-002 6.88339853511509E-002
86.2667836 6.66927572133542E-002 6.86155379507020E-002
86.3667839 6.64834773259370E-002 6.83980128736039E-002
86.4667766 6.62751026526023E-002 6.81814382206063E-002
86.5667694 6.60676124290053E-002 6.79657923058072E-002
86.6667621 6.58610019214564E-002 6.77510701069093E-002
86.7667548 6.56552664268323E-002 6.75372666343831E-002
86.8667552 6.54503856752205E-002 6.73243607235086E-002
86.9667480 6.52463862840574E-002 6.71123799341123E-002
87.0667408 6.50432479771920E-002 6.69013030962413E-002
87.1667336 6.48409661714753E-002 6.66911253489583E-002
87.2667264 6.46395363131891E-002 6.64818418628638E-002
87.3667268 6.44389386065800E-002 6.62734319742238E-002
87.4667197 6.42391991627563E-002 6.60659227145803E-002
87.5667125 6.40402981792467E-002 6.58592934144087E-002
87.6667054 6.38422312178625E-002 6.56535393680883E-002
87.7666983 6.36449938687579E-002 6.54486559003591E-002
87.8666988 6.34485667963062E-002 6.52446228334709E-002
87.9666917 6.32529756170012E-002 6.50414666829819E-002
88.0666846 6.30582009880570E-002 6.48391672648365E-002
88.1666775 6.28642386109008E-002 6.46377200229460E-002
88.2666705 6.26710842142608E-002 6.44371204304554E-002
88.3666710 6.24787189091047E-002 6.42373487811371E-002
88.4666640 6.22871678287137E-002 6.40384310865374E-002
88.5666570 6.20964120764921E-002 6.38403476336500E-002
88.6666500 6.19064474883628E-002 6.36430940103790E-002
88.7666429 6.17172699265522E-002 6.34466658327831E-002
88.8666436 6.15288609355698E-002 6.32510438522152E-002
88.9666366 6.13412451765844E-002 6.30562535878624E-002
89.0666296 6.11544041861716E-002 6.28622757838642E-002
89.1666227 6.09683339298450E-002 6.26691061668125E-002
89.2666157 6.07830303984651E-002 6.24767404904198E-002
89.3666164 6.05984755574910E-002 6.22851599501747E-002
89.4666095 6.04146936067843E-002 6.20943895842482E-002
89.5666026 6.02316665035328E-002 6.19044105805165E-002
89.6665957 6.00493903381383E-002 6.17152187991772E-002
89.7665889 5.98678612254338E-002 6.15268101265578E-002
89.8665896 5.96870615396773E-002 6.13391661893141E-002
89.9665828 5.95070150299436E-002 6.11523115556430E-002
90.0665759 5.93277040619110E-002 6.09662278442228E-002
90.1665691 5.91491248463635E-002 6.07809110439871E-002
90.2665622 5.89712736176368E-002 6.05963571690498E-002
90.3665631 5.87941331470598E-002 6.04125482647222E-002
90.4665563 5.86177267431645E-002 6.02295084399772E-002
90.5665495 5.84420371684194E-002 6.00472197318149E-002
90.6665427 5.82670607496692E-002 5.98656782532376E-002
90.7665359 5.80927938364673E-002 5.96848801415178E-002
90.8665368 5.79192195858912E-002 5.95048078485484E-002
90.9665301 5.77463608759045E-002 5.93254850345448E-002
91.0665233 5.75742008544705E-002 5.91468941427846E-002
91.1665166 5.74027359603499E-002 5.89690314058644E-002
91.2665099 5.72319626542037E-002 5.87918930797791E-002
91.3665108 5.70618644679255E-002 5.86154620113488E-002
91.4665041 5.68924638586237E-002 5.84397614222226E-002
91.5664975 5.67237443488485E-002 5.82647741503295E-002
91.6664908 5.65557024853009E-002 5.80904965435707E-002
91.7664842 5.63883348358070E-002 5.79169249724083E-002
91.8664851 5.62216252965173E-002 5.77440426673396E-002
91.9664785 5.60555959131450E-002 5.75718724213703E-002
92.0664719 5.58902305722913E-002 5.74003974558563E-002
92.1664653 5.57255259247832E-002 5.72296142298885E-002
92.2664587 5.55614786418285E-002 5.70595192243164E-002
92.3664597 5.53980729736350E-002 5.68900960424496E-002
92.4664531 5.52353305637337E-002 5.67213670583146E-002
92.5664466 5.50732356525991E-002 5.65533158658547E-002
92.6664400 5.49117849915229E-002 5.63859390314029E-002
92.7664335 5.47509753514639E-002 5.62192331422818E-002
92.8664346 5.45907913268322E-002 5.60531821641206E-002
92.9664281 5.44312541679508E-002 5.58878080613779E-002
93.0664215 5.42723484593320E-002 5.57230947901142E-002
93.1664150 5.41140710492190E-002 5.55590390201180E-002
93.2664086 5.39564188048360E-002 5.53956374414282E-002
93.3664097 5.37993766552711E-002 5.52328743718572E-002
93.4664032 5.36429654663812E-002 5.50707713754627E-002
93.5663968 5.34871701572112E-002 5.49093127603068E-002
93.6663903 5.33319876695822E-002 5.47484952959990E-002
93.7663839 5.31774149636374E-002 5.45883157716897E-002
93.8663851 5.30234372939366E-002 5.44287588475802E-002
93.9663787 5.28700751503869E-002 5.42698456962558E-002
94.0663723 5.27173137773777E-002 5.41115609680061E-002
94.1663659 5.25651502070678E-002 5.39539015287727E-002
94.2663595 5.24135814893058E-002 5.37968642633567E-002
94.3663607 5.22625931952233E-002 5.36404341648830E-002
94.4663544 5.21122054470741E-002 5.34846320231620E-002
94.5663480 5.19624038057080E-002 5.33294428212642E-002
94.6663417 5.18131853905103E-002 5.31748635181133E-002
94.7663353 5.16645473379480E-002 5.30208910908385E-002
94.8663366 5.15164755271178E-002 5.28675108563387E-002
94.9663303 5.13689897207040E-002 5.27147432301222E-002
95.0663240 5.12220757874264E-002 5.25625735189088E-002
95.1663177 5.10757309309065E-002 5.24109987713870E-002
95.2663114 5.09299523712646E-002 5.22600160538235E-002
95.3663128 5.07847262872381E-002 5.21096109980447E-002
95.4663065 5.06400720898191E-002 5.19598036535124E-002
95.5663002 5.04959759472877E-002 5.18105796417657E-002
95.6662940 5.03524351446293E-002 5.16619360981683E-002
95.7662878 5.02094469827673E-002 5.15138701750588E-002
95.8662892 5.00669979320278E-002 5.13663678106371E-002
95.9662829 4.99251070593864E-002 5.12194486963618E-002
96.0662767 4.97837608246448E-002 5.10730987600524E-002
96.1662705 4.96429565913917E-002 5.09273152207793E-002
96.2662643 4.95026917386143E-002 5.07820953140080E-002
96.3662658 4.93629530204364E-002 5.06374252760384E-002
96.4662596 4.92237591672981E-002 5.04933244481633E-002
96.5662535 4.90850969227440E-002 5.03497790562233E-002
96.6662473 4.89469637263123E-002 5.02067864001431E-002
96.7662412 4.88093570324210E-002 5.00643437956851E-002
96.8662427 4.86722638714518E-002 4.99224377692452E-002
96.9662365 4.85357026446005E-002 4.97810873195883E-002
97.0662304 4.83996603716269E-002 4.96402789625857E-002
97.1662243 4.82641345654667E-002 4.95000100762745E-002
97.2662182 4.81291227534372E-002 4.93602780539942E-002
97.3662198 4.79946122348800E-002 4.92210697044922E-002
97.4662137 4.78606210888537E-002 4.90824036914492E-002
97.5662076 4.77271366040463E-002 4.89442668130355E-002
97.6662016 4.75941563643373E-002 4.88066565227649E-002
97.7661955 4.74616779675085E-002 4.86695702889392E-002
97.8661971 4.73296889747966E-002 4.85329951951625E-002
97.9661911 4.71982071500504E-002 4.83969495772864E-002
98.0661851 4.70672200438316E-002 4.82614205082970E-002
98.1661791 4.69367253086034E-002 4.81264055146510E-002
98.2661730 4.68067206102701E-002 4.79919021370981E-002
98.3661747 4.66771937651225E-002 4.78578977268446E-002
98.4661687 4.65481622285535E-002 4.77244102989849E-002
98.5661627 4.64196138061674E-002 4.75914271940772E-002
98.6661568 4.62915462167403E-002 4.74589460090843E-002
98.7661508 4.61639571920457E-002 4.73269643547856E-002
98.8661525 4.60368347968039E-002 4.71954698429666E-002
98.9661465 4.59101961845363E-002 4.70644801748580E-002
99.0661406 4.57840294092738E-002 4.69339829515772E-002
99.1661347 4.56583322539206E-002 4.68039758382489E-002
99.2661288 4.55331025139514E-002 4.66744565133564E-002
99.3661305 4.54083284960987E-002 4.65454128424637E-002
99.4661246 4.52840270584326E-002 4.64168622196584E-002
99.5661187 4.51601864970020E-002 4.62887924998263E-002
99.6661128 4.50368046567365E-002 4.61612014139986E-002
99.7661070 4.49138793947253E-002 4.60340867061248E-002
99.8661087 4.47913992534963E-002 4.59074364889615E-002
99.9661029 4.46693808019289E-002 4.57812678560053E-002
100.0660970 4.45478125718806E-002 4.56555689093330E-002
100.1660912 4.44266924682826E-002 4.55303374437128E-002
100.2660854 4.43060184078299E-002 4.54055712664067E-002
100.3660872 4.41857791628219E-002 4.52812587309842E-002
100.4660814 4.40659910190526E-002 4.51574166367399E-002
100.5660756 4.39466427381712E-002 4.50340333265703E-002
100.6660698 4.38277322831621E-002 4.49111066568919E-002
100.7660640 4.37092576283921E-002 4.47886344962069E-002
100.8660658 4.35912077700941E-002 4.46666054327170E-002
100.9660601 4.34735987169308E-002 4.45450359777448E-002
101.0660543 4.33564194545122E-002 4.44239147088333E-002
101.1660486 4.32396680019992E-002 4.43032395420371E-002
101.2660428 4.31233423895683E-002 4.41830084051034E-002
101.3660447 4.30074318317269E-002 4.40632101148771E-002
101.4660390 4.28919520658142E-002 4.39438609007843E-002
101.5660333 4.27768922957484E-002 4.38249495690327E-002
101.6660275 4.26622505950594E-002 4.37064740933794E-002
101.7660218 4.25480250479401E-002 4.35884324588958E-002
101.8660238 4.24342050816866E-002 4.34708137052657E-002
101.9660181 4.23208061679789E-002 4.33536337859438E-002
102.0660124 4.22078177235635E-002 4.32368817300052E-002
102.1660067 4.20952378745989E-002 4.31205555670454E-002
102.2660011 4.19830647575657E-002 4.30046533376103E-002
102.3660031 4.18712880072300E-002 4.28891642985963E-002
102.4659974 4.17599228351386E-002 4.27741041332664E-002
102.5659918 4.16489588655521E-002 4.26594620879424E-002
102.6659861 4.15383942755803E-002 4.25452362462637E-002
102.7659805 4.14282272523274E-002 4.24314247024688E-002
102.8659825 4.13184476328701E-002 4.23180169252119E-002
102.9659769 4.12090703740137E-002 4.22050283332021E-002
103.0659713 4.11000853023790E-002 4.20924483845589E-002
103.1659657 4.09914906444112E-002 4.19802752152363E-002
103.2659601 4.08832846362333E-002 4.18685069714491E-002
103.3659622 4.07754573122295E-002 4.17571333283204E-002
103.4659566 4.06680233797234E-002 4.16461694455048E-002
103.5659511 4.05609728626973E-002 4.15356049876358E-002
103.6659455 4.04543040353736E-002 4.14254381413160E-002
103.7659400 4.03480151813482E-002 4.13156671030825E-002
103.8659421 4.02420965274588E-002 4.12062817493981E-002
103.9659365 4.01365625366796E-002 4.10972969862281E-002
104.0659310 4.00314034255046E-002 4.09887026795959E-002
104.1659255 3.99266175144321E-002 4.08804970651467E-002
104.2659200 3.98222031330402E-002 4.07726783881466E-002
104.3659221 3.97181506959103E-002 4.06652367214228E-002
104.4659166 3.96144744266760E-002 4.05581867224859E-002
104.5659112 3.95111647296367E-002 4.04515184537784E-002
104.6659057 3.94082199701193E-002 4.03452301984410E-002
104.7659002 3.93056385222469E-002 4.02393202489324E-002
104.8659024 3.92034109837742E-002 4.01337788696174E-002
104.9658969 3.91015513438818E-002 4.00286204746604E-002
105.0658915 3.90000501901082E-002 3.99238353181002E-002
105.1658860 3.88989059312124E-002 3.98194217290810E-002
105.2658806 3.87981169844768E-002 3.97153780457739E-002
105.3658828 3.86976741263936E-002 3.96116947193975E-002
105.4658774 3.85975911164608E-002 3.95083859257549E-002
105.5658720 3.84978587210233E-002 3.94054421058014E-002
105.6658666 3.83984753909262E-002 3.93028616332472E-002
105.7658612 3.82994395852742E-002 3.92006428905471E-002
105.8658634 3.82007422549912E-002 3.90987765112295E-002
105.9658580 3.81023969345487E-002 3.89972764376002E-002
106.0658527 3.80043945647950E-002 3.88961332929901E-002
106.1658473 3.79067336373626E-002 3.87953454942879E-002
106.2658419 3.78094126518892E-002 3.86949114668561E-002
106.3658442 3.77124227295497E-002 3.85948220221208E-002
106.4658389 3.76157771843345E-002 3.84950908736391E-002
106.5658335 3.75194671274173E-002 3.83957088227091E-002
106.6658282 3.74234910899649E-002 3.82966743280606E-002
106.7658229 3.73278476109042E-002 3.81979858566355E-002
106.8658252 3.72325279776016E-002 3.80996343934759E-002
106.9658199 3.71375452880035E-002 3.80016334280241E-002
107.0658146 3.70428908195520E-002 3.79039739352662E-002
107.1658093 3.69485631417394E-002 3.78066544144831E-002
107.2658040 3.68545608315812E-002 3.77096733729148E-002
107.3658063 3.67608753386928E-002 3.76130219650618E-002
107.4658011 3.66675195493086E-002 3.75167134607756E-002
107.5657958 3.65744849031992E-002 3.74207390045755E-002
107.6657905 3.64817700070151E-002 3.73250971350482E-002
107.7657853 3.63893734747022E-002 3.72297863984961E-002
107.8657877 3.62972869142958E-002 3.71347981148411E-002
107.9657824 3.62055230045475E-002 3.70401453387599E-002
108.0657772 3.61140733437292E-002 3.69458193802704E-002
108.1657720 3.60229365745237E-002 3.68518188160639E-002
108.2657667 3.59321113466886E-002 3.67581422303127E-002
108.3657692 3.58415894229590E-002 3.66647811044387E-002
108.4657639 3.57513832787341E-002 3.65717482822558E-002
108.5657587 3.56614846670687E-002 3.64790352353618E-002
108.6657536 3.55718922655907E-002 3.63866405773936E-002
108.7657484 3.54826047587897E-002 3.62945629292416E-002
108.8657508 3.53936140604862E-002 3.62027939300196E-002
108.9657456 3.53049324467602E-002 3.61113462168890E-002
109.0657405 3.52165518218367E-002 3.60202114192205E-002
