0.0053140 1.24606391612508E+001 3.55724460038335E+003
0.0210792 4.76209397948751E+001 3.47153171972273E+003
0.0467942 9.95713094933556E+001 3.33767234172155E+003
0.0817065 1.60561528382257E+002 3.16697476501917E+003
0.1249105 2.23019185079951E+002 2.97183026963735E+003
0.1754417 2.80964898652667E+002 2.76384995056381E+003
0.2323515 3.30566603041174E+002 2.55271070114013E+003
0.2947571 3.70010891986632E+002 2.34571647437266E+003
0.3618673 3.99024412449575E+002 2.14787779924269E+003
0.4329916 4.18324391522645E+002 1.96226626830640E+003
0.5075377 4.29151543903557E+002 1.79046093504249E+003
0.5850032 4.32936392719959E+002 1.63297217906000E+003
0.6649650 4.31091037743000E+002 1.48959513190048E+003
0.7470680 4.24896802792188E+002 1.35967920106406E+003
0.8310139 4.15456210467649E+002 1.24232373259267E+003
0.9165527 4.03683748640002E+002 1.13651082728118E+003
1.0034738 3.90317583279386E+002 1.04119300052701E+003
1.0915995 3.75940843744336E+002 9.55347750668723E+002
1.1807797 3.61005681760583E+002 8.78008839192231E+002
1.2708868 3.45856766380206E+002 8.08283347189895E+002
1.3618115 3.30752190100222E+002 7.45357914260340E+002
1.4534610 3.15881314956292E+002 6.88498932824787E+002
1.5457546 3.01379834923237E+002 6.37050120761324E+002
1.6386236 2.87341593352224E+002 5.90426327076488E+002
1.7320075 2.73828532945388E+002 5.48108399343329E+002
1.8258543 2.60878121398083E+002 5.09635988825571E+002
1.9201186 2.48509475685189E+002 4.74601669989961E+002
2.0147601 2.36728138655565E+002 4.42645251685091E+002
2.1097440 2.25529516248091E+002 4.13447784280045E+002
2.2050388 2.14901910087315E+002 3.86727262096460E+002
2.3006174 2.04828481544667E+002 3.62233726176092E+002
2.3964555 1.95288981608685E+002 3.39745598619979E+002
2.4925310 1.86261059565573E+002 3.19066379581788E+002
2.5888248 1.77721044796128E+002 3.00021259526679E+002
2.6853193 1.69644818606047E+002 2.82454865850933E+002
2.7819988 1.62008184072235E+002 2.66228616698827E+002
2.8788497 1.54787305570900E+002 2.51218845244059E+002
2.9758588 1.47959020930388E+002 2.37315122323315E+002
3.0730149 1.41500905643882E+002 2.24418465947352E+002
3.1703074 1.35391522850531E+002 2.12440256094930E+002
3.2677268 1.29610385337980E+002 2.01300831625726E+002
3.3652646 1.24138054412040E+002 1.90928581316768E+002
3.4629133 1.18956110134568E+002 1.81258961654162E+002
3.5606650 1.14047239622376E+002 1.72233883661126E+002
3.6585133 1.09395065962240E+002 1.63800739420615E+002
3.7564523 1.04984215738789E+002 1.55911976645079E+002
3.8544764 1.00800254588151E+002 1.48524511523713E+002
3.9525810 9.68296256372145E+001 1.41599221330598E+002
4.0507604 9.30596788516371E+001 1.35100654705627E+002
4.1490108 8.94785112710183E+001 1.28996462937156E+002
4.2473280 8.60749975307949E+001 1.23257205829402E+002
4.3457083 8.28387250942870E+001 1.17856026697589E+002
4.4441489 7.97599359245542E+001 1.12768370607443E+002
4.5426454 7.68295421186255E+001 1.07971850392645E+002
4.6411954 7.40389974560823E+001 1.03445896960712E+002
4.7397961 7.13803184208816E+001 9.91716755937584E+001
4.8384450 6.88460328477872E+001 9.51318984147474E+001
4.9371399 6.64291344677517E+001 9.13106613763402E+001
5.0358779 6.41230963220355E+001 8.76933860567929E+001
5.1346571 6.19217715652415E+001 8.42665938931933E+001
5.2334756 5.98194119421489E+001 8.10178754333394E+001
5.3323316 5.78106297123836E+001 7.79357776242155E+001
5.4312238 5.58903641962015E+001 7.50097056581388E+001
5.5301496 5.40538951531427E+001 7.22299018596640E+001
5.6291079 5.22967666354590E+001 6.95872933341137E+001
5.7280973 5.06148042517056E+001 6.70734864197101E+001
5.8271164 4.90040874351952E+001 6.46806962742229E+001
5.9261644 4.74609251709810E+001 6.24016854902596E+001
6.0252392 4.59818692446938E+001 6.02297610012257E+001
6.1243401 4.45636553831932E+001 5.81586671786488E+001
6.2234659 4.32032193033346E+001 5.61825918872090E+001
6.3226158 4.18976764812466E+001 5.42961208765333E+001
6.4217891 4.06443044846870E+001 5.24941980037421E+001
6.5209840 3.94405556546859E+001 5.07721306053556E+001
6.6202001 3.82840110668505E+001 4.91255119005015E+001
6.7194366 3.71723951930404E+001 4.75502319274629E+001
6.8186927 3.61035609905421E+001 4.60424469956267E+001
6.9179682 3.50754768992596E+001 4.45985530436206E+001
7.0172613 3.40862386324931E+001 4.32151946479049E+001
7.1165720 3.31340326838684E+001 4.18892070339995E+001
7.2158999 3.22171452267905E+001 4.06176226415791E+001
7.3152432 3.13339724206763E+001 3.93976797126269E+001
7.4146030 3.04829677961134E+001 3.82267445117883E+001
7.5139770 2.96626997398800E+001 3.71023861698799E+001
7.6133666 2.88717815289862E+001 3.60222762942491E+001
7.7127702 2.81089221882356E+001 3.49842550645441E+001
7.8121865 2.73728974879040E+001 3.39862879586328E+001
7.9116168 2.66625260499225E+001 3.30264304280740E+001
8.0110589 2.59767141005574E+001 3.21028856912905E+001
8.1105143 2.53143976993758E+001 3.12139240984411E+001
8.2099815 2.46745858178758E+001 3.03579388845274E+001
8.3094593 2.40563366715680E+001 2.95334120605020E+001
8.4089492 2.34587381168119E+001 2.87388864319717E+001
8.5084489 2.28809457368864E+001 2.79730145468279E+001
8.6079599 2.23221346867017E+001 2.72344930237429E+001
8.7074812 2.17815363760870E+001 2.65221097331198E+001
8.8070112 2.12584189415440E+001 2.58347164570060E+001
8.9065517 2.07520709849898E+001 2.51712063428261E+001
9.0061006 2.02618341498361E+001 2.45305555023456E+001
9.1056593 1.97870626328255E+001 2.39117688793265E+001
9.2052267 1.93271545825406E+001 2.33139203402291E+001
9.3048016 1.88815358247342E+001 2.27361304389224E+001
9.4043856 1.84496462381630E+001 2.21775479811821E+001
9.5039766 1.80309677548417E+001 2.16373855242316E+001
9.6035763 1.76249900492078E+001 2.11148742826023E+001
9.7031836 1.72312375474647E+001 2.06092983488406E+001
9.8027972 1.68492557407613E+001 2.01199763796281E+001
9.9024188 1.64785996674564E+001 1.96462463290458E+001
10.0020464 1.61188580950861E+001 1.91874958780628E+001
10.1016817 1.57696242346467E+001 1.87431245172218E+001
10.2013235 1.54305190862730E+001 1.83125728946598E+001
10.3009707 1.51011798336585E+001 1.78953075638493E+001
10.4006251 1.47812500278916E+001 1.74908082005419E+001
10.5002846 1.44704005679547E+001 1.70985938056386E+001
10.5999509 1.41683045392015E+001 1.67181905559979E+001
10.6996230 1.38746574857263E+001 1.63491570928128E+001
10.7992996 1.35891674957355E+001 1.59910716942258E+001
10.8989827 1.33115467741302E+001 1.56435214677265E+001
10.9986702 1.30415299259107E+001 1.53061250164262E+001
11.0983637 1.27788522071529E+001 1.49785049759525E+001
11.1980623 1.25232672066721E+001 1.46603099062814E+001
11.2977649 1.22745383181521E+001 1.43512034095020E+001
11.3974732 1.20324314568658E+001 1.40508549139001E+001
11.4971853 1.17967310602237E+001 1.37589593686661E+001
11.5969029 1.15672211836493E+001 1.34752136246988E+001
11.6966250 1.13437009879058E+001 1.31993354718719E+001
11.7963505 1.11259773583093E+001 1.29310543349296E+001
11.8960812 1.09138585721764E+001 1.26701033548343E+001
11.9958151 1.07071683582639E+001 1.24162365756912E+001
12.0955540 1.05057293808367E+001 1.21692085061615E+001
12.1952970 1.03093768597378E+001 1.19287907465849E+001
12.2950428 1.01179521459294E+001 1.16947639783066E+001
12.3947934 9.93129718516357E+000 1.14669111131801E+001
12.4945468 9.74926691952957E+000 1.12450323546466E+001
12.5943047 9.57171478920661E+000 1.10289274117371E+001
12.6940662 9.39850475645408E+000 1.08184100818837E+001
12.7938302 9.22950568423236E+000 1.06133013100738E+001
12.8935986 9.06458647149259E+000 1.04134232259345E+001
12.9933693 8.90362703260773E+000 1.02186123947095E+001
13.0931443 8.74650551393423E+000 1.00287042594372E+001
13.1929224 8.59310894759505E+000 9.84354598186865E+000
13.2927027 8.44332830899501E+000 9.66299039384185E+000
13.3924871 8.29705422235814E+000 9.48689077798656E+000
13.4922734 8.15418671520304E+000 9.31511257070149E+000
13.5920637 8.01462390036448E+000 9.14751968835629E+000
13.6918568 7.87827144856699E+000 8.98398587741764E+000
13.7916517 7.74503822339114E+000 8.82438941552517E+000
13.8914504 7.61483247391974E+000 8.66860851985206E+000
13.9912508 7.48757052985216E+000 8.51653172058785E+000
14.0910548 7.36316674234805E+000 8.36804578984504E+000
14.1908615 7.24154193423938E+000 8.22304581041553E+000
14.2906697 7.12261952896352E+000 8.08143051112435E+000
14.3904813 7.00632216162432E+000 7.94309820855114E+000
14.4902944 6.89257945442489E+000 7.80795603396939E+000
14.5901109 6.78131904403621E+000 7.67590923329286E+000
14.6899298 6.67247414353366E+000 7.54687012990470E+000
14.7897500 6.56598009611850E+000 7.42075400001238E+000
14.8895734 6.46177134744308E+000 7.29747547040106E+000
14.9893980 6.35978841967432E+000 7.17695675266972E+000
15.0892259 6.25996988089670E+000 7.05911812213964E+000
15.1890558 6.16225913243329E+000 6.94388592237740E+000
15.2888878 6.06660042700568E+000 6.83118784003870E+000
15.3887200 5.97294155161376E+000 6.72095604902449E+000
15.4885562 5.88122665500441E+000 6.61311875415763E+000
15.5883943 5.79140690240126E+000 6.50761271523151E+000
15.6882343 5.70343323311644E+000 6.40437470607773E+000
15.7880763 5.61725810859315E+000 6.30334355879455E+000
15.8879183 5.53283705129722E+000 6.20446195163315E+000
15.9877640 5.45012218469634E+000 6.10766883126420E+000
16.0876115 5.36907184284638E+000 6.01291065595138E+000
16.1874608 5.28964404860744E+000 5.92013374329480E+000
16.2873119 5.21179809394324E+000 5.82928611107300E+000
16.3871628 5.13549593619981E+000 5.74031909384275E+000
16.4870172 5.06069636330677E+000 5.65318053107144E+000
16.5868734 4.98736368376760E+000 5.56782488978648E+000
16.6867312 4.91546183712031E+000 5.48420638691152E+000
16.7865905 4.84495582594361E+000 5.40228065106645E+000
16.8864496 4.77581298543466E+000 5.32200618751812E+000
16.9863121 4.70799769917904E+000 5.24333823657147E+000
17.0861762 4.64147927742214E+000 5.16623791254001E+000
17.1860417 4.57622662420521E+000 5.09066600390579E+000
17.2859087 4.51220953793309E+000 5.01658447709173E+000
17.3857753 4.44939986813413E+000 4.94395780685494E+000
17.4856452 4.38776671768084E+000 4.87274742345689E+000
17.5855166 4.32728360237716E+000 4.80291998520875E+000
17.6853893 4.26792360986776E+000 4.73444177398108E+000
17.7852633 4.20966058341089E+000 4.66728005913266E+000
17.8851368 4.15247017795802E+000 4.60140430824600E+000
17.9850136 4.09632549353569E+000 4.53678115332327E+000
18.0848916 4.04120359666444E+000 4.47338189775835E+000
18.1847709 3.98708111507937E+000 4.41117743659189E+000
18.2846515 3.93393531746378E+000 4.35013949637020E+000
18.3845314 3.88174507948188E+000 4.29024173923612E+000
18.4844144 3.83048690046477E+000 4.23145518818214E+000
18.5842986 3.78014085657722E+000 4.17375505551156E+000
18.6841841 3.73068658291432E+000 4.11711612714080E+000
18.7840706 3.68210426033525E+000 4.06151389210641E+000
18.8839565 3.63437550078544E+000 4.00692555139878E+000
18.9838453 3.58747970571364E+000 3.95332585050976E+000
19.0837353 3.54139951189447E+000 3.90069330480463E+000
19.1836263 3.49611711883044E+000 3.84900599548236E+000
19.2835185 3.45161519243893E+000 3.79824260069153E+000
19.3834098 3.40787767787867E+000 3.74838331909273E+000
19.4833041 3.36488646346109E+000 3.69940606485155E+000
19.5831994 3.32262637235253E+000 3.65129215547808E+000
19.6830957 3.28108179861530E+000 3.60402247405714E+000
19.7829930 3.24023753630831E+000 3.55757841242826E+000
19.8828894 3.20007952706189E+000 3.51194271825209E+000
19.9827887 3.16059179779542E+000 3.46709601345079E+000
20.0826889 3.12176104494638E+000 3.42302200167976E+000
20.1825901 3.08357354709083E+000 3.37970395736552E+000
20.2824922 3.04601592698993E+000 3.33712559011178E+000
20.3823934 3.00907584031489E+000 3.29527182299810E+000
20.4822973 2.97273915937495E+000 3.25412560044204E+000
20.5822022 2.93699419087276E+000 3.21367266530383E+000
20.6821079 2.90182883698635E+000 3.17389834030491E+000
20.7820145 2.86723129700489E+000 3.13478832170939E+000
20.8819201 2.83319070287334E+000 3.09632939567542E+000
20.9818284 2.79969452447733E+000 3.05850650575638E+000
21.0817375 2.76673245705865E+000 3.02130714350129E+000
21.1816475 2.73429380602530E+000 2.98471839212392E+000
21.2815583 2.70236813404984E+000 2.94872765654805E+000
21.3814680 2.67094584846536E+000 2.91332332384428E+000
21.4813803 2.64001580653383E+000 2.87849206422071E+000
21.5812935 2.60956890445071E+000 2.84422287370690E+000
21.6812074 2.57959566406603E+000 2.81050435362276E+000
21.7811221 2.55008683064936E+000 2.77732538324503E+000
21.8810357 2.52103391661215E+000 2.74467572967657E+000
21.9809519 2.49242698767573E+000 2.71254355930024E+000
22.0808688 2.46425798174973E+000 2.68091916658523E+000
22.1807864 2.43651847826773E+000 2.64979246606727E+000
22.2807048 2.40920025124062E+000 2.61915361317315E+000
22.3806219 2.38229577329299E+000 2.58899356827170E+000
22.4805416 2.35579616580599E+000 2.55930179825804E+000
22.5804621 2.32969427278675E+000 2.53006972158668E+000
22.6803832 2.30398259570766E+000 2.50128839220184E+000
22.7803050 2.27865380596139E+000 2.47294907343005E+000
22.8802255 2.25370121277214E+000 2.44504376043994E+000
22.9801486 2.22911686226631E+000 2.41756305395450E+000
23.0800723 2.20489438868918E+000 2.39049934820232E+000
23.1799967 2.18102709953767E+000 2.36384468859623E+000
23.2799217 2.15750845108548E+000 2.33759130305793E+000
23.3798454 2.13433248335489E+000 2.31173208665661E+000
23.4797716 2.11149205470612E+000 2.28625863146945E+000
23.5796984 2.08898149034466E+000 2.26116418117341E+000
23.6796259 2.06679480419522E+000 2.23644164631777E+000
23.7795539 2.04492614077538E+000 2.21208409696798E+000
23.8794806 2.02337018008341E+000 2.18808521289177E+000
23.9794098 2.00212049572965E+000 2.16443745534924E+000
24.0793395 1.98117201856433E+000 2.14113480945725E+000
24.1792698 1.96051938318967E+000 2.11817094268389E+000
24.2792007 1.94015733911805E+000 2.09553966228104E+000
24.3791302 1.92008112813981E+000 2.07323533403404E+000
24.4790621 1.90028495527648E+000 2.05125118329983E+000
24.5789946 1.88076428350201E+000 2.02958184401076E+000
24.6789277 1.86151429406149E+000 2.00822164757457E+000
24.7788612 1.84253026954745E+000 1.98716504819874E+000
24.8787934 1.82380794605484E+000 1.96640701290927E+000
24.9787279 1.80534208733981E+000 1.94594144050072E+000
25.0786630 1.78712862497310E+000 1.92576353406001E+000
25.1785986 1.76916322275088E+000 1.90586820881719E+000
25.2785347 1.75144163405683E+000 1.88625048814219E+000
25.3784693 1.73396003088303E+000 1.86690586726412E+000
25.4784064 1.71671367255164E+000 1.84782883997814E+000
25.5783439 1.69969890419686E+000 1.82901510982372E+000
25.6782819 1.68291181653783E+000 1.81046010662626E+000
25.7782204 1.66634857965849E+000 1.79215935566296E+000
25.8781574 1.65000575077112E+000 1.77410881727151E+000
25.9780968 1.63387902971780E+000 1.75630351219770E+000
26.0780366 1.61796512740186E+000 1.73873958502433E+000
26.1779769 1.60226051306246E+000 1.72141292019490E+000
26.2779176 1.58676172639527E+000 1.70431948659443E+000
26.3778568 1.57146566575586E+000 1.68745565502143E+000
26.4777984 1.55636842341868E+000 1.67081691397680E+000
26.5777404 1.54146703444885E+000 1.65439979758090E+000
26.6776829 1.52675830438739E+000 1.63820059279755E+000
26.7776257 1.51223910145072E+000 1.62221566145357E+000
26.8775671 1.49790662671079E+000 1.60644173735731E+000
26.9775108 1.48375732276471E+000 1.59087472513921E+000
27.0774549 1.46978851253388E+000 1.57551150369252E+000
27.1773994 1.45599730095162E+000 1.56034871713509E+000
27.2773442 1.44238084881445E+000 1.54538307609451E+000
27.3772876 1.42893662633328E+000 1.53061163608665E+000
27.4772333 1.41566138946716E+000 1.51603067273631E+000
27.5771793 1.40255271724327E+000 1.50163737071053E+000
27.6771257 1.38960798164585E+000 1.48742869168149E+000
27.7770725 1.37682460454524E+000 1.47340165652919E+000
27.8770178 1.36420029588681E+000 1.45955360644242E+000
27.9769653 1.35173209247705E+000 1.44588114848495E+000
28.0769132 1.33941780162179E+000 1.43238173904287E+000
28.1768615 1.32725503395567E+000 1.41905262269623E+000
28.2768101 1.31524144474383E+000 1.40589109683552E+000
28.3767572 1.30337495786110E+000 1.39289475681234E+000
28.4767065 1.29165286229602E+000 1.38006050638383E+000
28.5766562 1.28007316919320E+000 1.36738604385145E+000
28.6766062 1.26863370284511E+000 1.35486886632223E+000
28.7765565 1.25733232754399E+000 1.34250651809637E+000
28.8765053 1.24616715840134E+000 1.33029682107437E+000
28.9764563 1.23513571126247E+000 1.31823694511767E+000
29.0764077 1.22423617960223E+000 1.30632480430346E+000
29.1763593 1.21346657933235E+000 1.29455812156741E+000
29.2763113 1.20282496227594E+000 1.28293466209556E+000
29.3762617 1.19230961478556E+000 1.27145245008648E+000
29.4762144 1.18191825714311E+000 1.26010889451784E+000
29.5761673 1.17164924618763E+000 1.24890210226869E+000
29.6761206 1.16150076997789E+000 1.23782999859178E+000
29.7760741 1.15147104886740E+000 1.22689054663198E+000
29.8760261 1.14155852279667E+000 1.21608195154512E+000
29.9759803 1.13176109659657E+000 1.20540183756409E+000
30.0759347 1.12207727371442E+000 1.19484848413744E+000
30.1758895 1.11250539711811E+000 1.18441999808776E+000
30.2758445 1.10304383886507E+000 1.17411452027928E+000
30.3757980 1.09369117686962E+000 1.16393041800782E+000
30.4757536 1.08444548283646E+000 1.15386550962233E+000
30.5757095 1.07530539199048E+000 1.14391822928807E+000
30.6756657 1.06626938692046E+000 1.13408684705343E+000
30.7756221 1.05733597645876E+000 1.12436966360002E+000
30.8755770 1.04850386265777E+000 1.11476519173970E+000
30.9755340 1.03977126835804E+000 1.10527142517279E+000
31.0754913 1.03113694741181E+000 1.09588693699833E+000
31.1754469 1.02259967036791E+000 1.08661032016337E+000
31.2754067 1.01415758379578E+000 1.07743949153332E+000
31.3753629 1.00580998737319E+000 1.06837362249154E+000
31.4753231 9.97554922542923E-001 1.05941051949821E+000
31.5752798 9.89391719820446E-001 1.05054939054686E+000
31.6752368 9.81318785190652E-001 1.04178844143391E+000
31.7751978 9.73334559869742E-001 1.03312591816733E+000
31.8751552 9.65438418088453E-001 1.02456108059202E+000
31.9751168 9.57628543068447E-001 1.01609189807918E+000
32.0750747 9.49904336584139E-001 1.00771766311463E+000
32.1750329 9.42264324883114E-001 9.99436720195561E-001
32.2749952 9.34707066504577E-001 9.91247450589281E-001
32.3749539 9.27232002288794E-001 9.83149193037264E-001
32.4749166 9.19837444848088E-001 9.75140065233772E-001
32.5748758 9.12522859649396E-001 9.67219435054747E-001
32.6748352 9.05286882427699E-001 9.59385772975715E-001
32.7747986 8.98128178557659E-001 9.51637583146084E-001
32.8747585 8.91046248451870E-001 9.43974274750471E-001
32.9747223 8.84039522979059E-001 9.36394100730436E-001
33.0746827 8.77107524591731E-001 9.28896496302801E-001
33.1746432 8.70248988844545E-001 9.21480046537114E-001
33.2746078 8.63462678535580E-001 9.14143367386440E-001
33.3745687 8.56748147406780E-001 9.06885930996372E-001
33.4745337 8.50103934559726E-001 8.99706113815420E-001
33.5744951 8.43529613479274E-001 8.92603411272792E-001
33.6744568 8.37024010851913E-001 8.85576512828077E-001
33.7744224 8.30585978438892E-001 8.78624136305475E-001
33.8743844 8.24215117765715E-001 8.71745810179670E-001
33.9743505 8.17910067128868E-001 8.64940023847243E-001
34.0743130 8.11670445754396E-001 8.58206326627867E-001
34.1742756 8.05495163641206E-001 8.51543503210234E-001
34.2742423 7.99383153897257E-001 8.44950364370097E-001
34.3742054 7.93334060898789E-001 8.38426489024942E-001
34.4741725 7.87346613975366E-001 8.31970470007745E-001
34.5741359 7.81420473385525E-001 8.25581904914463E-001
34.6740996 7.75554625392144E-001 8.19259665425320E-001
34.7740673 7.69748077582763E-001 8.13002647245070E-001
34.8740313 7.64000512791275E-001 8.06810474502532E-001
34.9739994 7.58310743998640E-001 8.00681834885297E-001
35.0739638 7.52678468300381E-001 7.94616369273412E-001
35.1739284 7.47102741860517E-001 7.88613028919946E-001
35.2738971 7.41582640545553E-001 7.82670787231825E-001
35.3738621 7.36117881729972E-001 7.76789308893806E-001
35.4738310 7.30707355360243E-001 7.70967368693418E-001
35.5737964 7.25350791626222E-001 7.65204646350113E-001
35.6737620 7.20047310840915E-001 7.59500165998563E-001
35.7737315 7.14796051543029E-001 7.53852972228122E-001
35.8736974 7.09596762150949E-001 7.48262766131610E-001
35.9736673 7.04448403512381E-001 7.42728402578788E-001
36.0736335 6.99350735569016E-001 7.37249596166486E-001
36.1735999 6.94302937575504E-001 7.31825437867029E-001
36.2735704 6.89304205665907E-001 7.26455037561802E-001
36.3735371 6.84354316177622E-001 7.21138129051631E-001
36.4735079 6.79452295351499E-001 7.15873640928522E-001
36.5734750 6.74597929892665E-001 7.10661319130758E-001
36.6734423 6.69790453276858E-001 7.05500316001291E-001
36.7734135 6.65029114630265E-001 7.00389801384200E-001
36.8733811 6.60313715413653E-001 6.95329538483942E-001
36.9733527 6.55643342251345E-001 6.90318523842719E-001
37.0733206 6.51017805937262E-001 6.85356531581083E-001
37.1732887 6.46436389883279E-001 6.80442770460564E-001
37.2732608 6.41898392028383E-001 6.75576465459563E-001
37.3732292 6.37403636453057E-001 6.70757406231925E-001
37.4732015 6.32951265602734E-001 6.65984652024375E-001
37.5731702 6.28541111963866E-001 6.61258002314078E-001
37.6731391 6.24172504989886E-001 6.56576717789512E-001
37.7731119 6.19844787633247E-001 6.51940074183018E-001
37.8730811 6.15557804349742E-001 6.47347884953810E-001
37.9730543 6.11310749245586E-001 6.42799267279452E-001
38.0730237 6.07103474350805E-001 6.38294043463738E-001
38.1729934 6.02935351616146E-001 6.33831522042705E-001
38.2729669 5.98805765549286E-001 6.29411025523475E-001
38.3729369 5.94714578967406E-001 6.25032388801838E-001
38.4729107 5.90661033839035E-001 6.20694782636354E-001
38.5728809 5.86644999808770E-001 6.16398049889925E-001
38.6728513 5.82665888095286E-001 6.12141543236409E-001
38.7728256 5.78723121609852E-001 6.07924628338386E-001
38.8727962 5.74816579722265E-001 6.03747159403934E-001
38.9727708 5.70945548791039E-001 5.99608356803918E-001
39.0727417 5.67109914342225E-001 5.95508081926101E-001
39.1727127 5.63309123916378E-001 5.91445728204343E-001
39.2726877 5.59542635952712E-001 5.87420701160563E-001
39.3726590 5.55810344747692E-001 5.83432872408295E-001
39.4726343 5.52111577871837E-001 5.79481508305286E-001
39.5726059 5.48446235174175E-001 5.75566486937477E-001
39.6725776 5.44813797826412E-001 5.71687239419387E-001
39.7725533 5.41213757168821E-001 5.67843208126832E-001
39.8725252 5.37646020961683E-001 5.64034280365624E-001
39.9725012 5.34109955075553E-001 5.60259765164513E-001
40.0724734 5.30605472279829E-001 5.56519555665875E-001
40.1724458 5.27132084917029E-001 5.52813117854284E-001
40.2724221 5.23689314826082E-001 5.49139928215803E-001
40.3723947 5.20277081913908E-001 5.45499888207991E-001
40.4723712 5.16894787679845E-001 5.41892346494253E-001
40.5723441 5.13542356550325E-001 5.38317209796603E-001
40.6723171 5.10219329786470E-001 5.34773976401368E-001
40.7722940 5.06925257526326E-001 5.31262154397292E-001
40.8722673 5.03660070636515E-001 5.27781658007229E-001
40.9722444 5.00423203791993E-001 5.24331872745659E-001
41.0722179 4.97214591937473E-001 5.20912717584715E-001
41.1721915 4.94033803188744E-001 5.17523720762919E-001
41.2721690 4.90880413966954E-001 5.14164419677297E-001
41.3721428 4.87754365028070E-001 5.10834740067239E-001
41.4721206 4.84655121967339E-001 5.07534101743542E-001
41.5720946 4.81582629220548E-001 5.04262434730605E-001
41.6720688 4.78536479864717E-001 5.01019295067305E-001
41.7720469 4.75516274754340E-001 4.97804247357278E-001
41.8720213 4.72521963568807E-001 4.94617227730838E-001
41.9719996 4.69553040748013E-001 4.91457687947784E-001
42.0719743 4.66609459291584E-001 4.88325568004734E-001
42.1719490 4.63690835498952E-001 4.85220449768025E-001
42.2719276 4.60796792958962E-001 4.82141923120690E-001
42.3719026 4.57927289402166E-001 4.79089933568611E-001
42.4718815 4.55081846200856E-001 4.76063962661552E-001
42.5718566 4.52260424080962E-001 4.73063959393834E-001
42.6718319 4.49462660965841E-001 4.70089529648498E-001
42.7718111 4.46688201616592E-001 4.67140286818858E-001
42.8717866 4.43937011026749E-001 4.64216184869847E-001
42.9717660 4.41208635737489E-001 4.61316733153239E-001
43.0717417 4.38503043444043E-001 4.58441888781150E-001
43.1717175 4.35819892222770E-001 4.55591279989671E-001
43.2716972 4.33158846569351E-001 4.52764542056731E-001
43.3716732 4.30519878027657E-001 4.49961636578460E-001
43.4716531 4.27902556679799E-001 4.47182098876325E-001
43.5716293 4.25306856505705E-001 4.44425893385258E-001
43.6716056 4.22732454379850E-001 4.41692669164327E-001
43.7715858 4.20179033208057E-001 4.38982081880729E-001
43.8715623 4.17646570439818E-001 4.36294100013548E-001
43.9715428 4.15134658193916E-001 4.33628283163393E-001
44.0715195 4.12643276115486E-001 4.30984602369311E-001
44.1714963 4.10172118627931E-001 4.28362726104739E-001
44.2714770 4.07720885825923E-001 4.25762329049303E-001
44.3714539 4.05289560481005E-001 4.23183385888358E-001
44.4714348 4.02877755357324E-001 4.20625478940362E-001
44.5714120 4.00485455204376E-001 4.18088585198359E-001
44.6713893 3.98112370841675E-001 4.15572391252121E-001
44.7713704 3.95758218425504E-001 4.13076589524741E-001
44.8713479 3.93422985520960E-001 4.10601160295539E-001
44.9713293 3.91106304249547E-001 4.08145707157517E-001
45.0713069 3.88808163957104E-001 4.05710212469324E-001
45.1712846 3.86528290794394E-001 4.03294379739772E-001
45.2712662 3.84266415937941E-001 4.00897917964795E-001
45.3712441 3.82022531267556E-001 3.98520812463326E-001
45.4712259 3.79796287068624E-001 3.96162686767423E-001
45.5712040 3.77587676822957E-001 3.93823528068535E-001
45.6711822 3.75396441028071E-001 3.91503055689128E-001
45.7711643 3.73222324917824E-001 3.89200994117045E-001
45.8711426 3.71065324252695E-001 3.86917333208716E-001
45.9711248 3.68925106375094E-001 3.84651715198392E-001
46.0711034 3.66801668485438E-001 3.82404131627622E-001
46.1710820 3.64694764516994E-001 3.80174316611053E-001
46.2710644 3.62604152869815E-001 3.77962009129441E-001
46.3710432 3.60529832791456E-001 3.75767203121684E-001
46.4710259 3.58471487653928E-001 3.73589558377678E-001
46.5710048 3.56429117997724E-001 3.71429070351575E-001
46.6709838 3.54402490348148E-001 3.69285487005438E-001
46.7709667 3.52391375446016E-001 3.67158560888825E-001
46.8709459 3.50395775668914E-001 3.65048289610593E-001
46.9709290 3.48415389463955E-001 3.62954349452505E-001
47.0709083 3.46450220368283E-001 3.60876739384630E-001
47.1708877 3.44500046717174E-001 3.58815220341858E-001
47.2708710 3.42564650827000E-001 3.56769557586982E-001
47.3708506 3.40644037881382E-001 3.54739752024694E-001
47.4708341 3.38737920515044E-001 3.52725495440800E-001
47.5708138 3.36846304950102E-001 3.50726789961466E-001
47.6707936 3.34968980606286E-001 3.48743408684094E-001
47.7707773 3.33105740665561E-001 3.46775128791924E-001
47.8707573 3.31256592823493E-001 3.44821954146061E-001
47.9707411 3.29421263076543E-001 3.42883591118279E-001
48.0707212 3.27599760048865E-001 3.40960044664348E-001
48.1707014 3.25791883571039E-001 3.39051099292802E-001
48.2706855 3.23997437031376E-001 3.37156543372084E-001
48.3706658 3.22216430370372E-001 3.35276383411678E-001
48.4706500 3.20448602177087E-001 3.33410339515372E-001
48.5706305 3.18693963220802E-001 3.31558419172212E-001
48.6706110 3.16952323117041E-001 3.29720417604530E-001
48.7705955 3.15223494847826E-001 3.27896133683560E-001
48.8705762 3.13507490356100E-001 3.26085576287539E-001
48.9705608 3.11804060106657E-001 3.24288478457305E-001
49.0705416 3.10113216780577E-001 3.22504849946148E-001
49.1705225 3.08434779196288E-001 3.20734496042529E-001
49.2705073 3.06768569359766E-001 3.18977225486572E-001
49.3704883 3.05114600996153E-001 3.17233049271362E-001
49.4704733 3.03472635777315E-001 3.15501712634163E-001
49.5704545 3.01842688084191E-001 3.13783227348210E-001
49.6704357 3.00224585396456E-001 3.12077408166060E-001
49.7704208 2.98618158213744E-001 3.10384073107428E-001
49.8704022 2.97023421843326E-001 3.08703235049666E-001
49.9703875 2.95440148539966E-001 3.07034650735911E-001
50.0703690 2.93868354191930E-001 3.05378333737465E-001
50.1703506 2.92307874435677E-001 3.03734107710939E-001
50.2703361 2.90758547770571E-001 3.02101799407386E-001
50.3703178 2.89220390904249E-001 3.00481423378979E-001
50.4703034 2.87693186091302E-001 2.98872747230383E-001
50.5702853 2.86176950552400E-001 2.97275786129418E-001
50.6702672 2.84671527610626E-001 2.95690372115380E-001
50.7702530 2.83176763304677E-001 2.94116340160196E-001
50.8702350 2.81692675577419E-001 2.92553706300601E-001
50.9702209 2.80219056138196E-001 2.91002248401100E-001
51.0702031 2.78755923381162E-001 2.89461983042940E-001
51.1701853 2.77303127877511E-001 2.87932750162359E-001
51.2701714 2.75860522775822E-001 2.86414392476540E-001
51.3701538 2.74428127104160E-001 2.84906927333933E-001
51.4701400 2.73005741516705E-001 2.83410142296616E-001
51.5701225 2.71593385436715E-001 2.81924055192923E-001
51.6701050 2.70190916274210E-001 2.80448513403170E-001
51.7700914 2.68798193886785E-001 2.78983366946310E-001
51.8700741 2.67415238251403E-001 2.77528634325473E-001
51.9700606 2.66041858489724E-001 2.76084112274512E-001
52.0700434 2.64678074922945E-001 2.74649819717728E-001
52.1700263 2.63323751417644E-001 2.73225611056988E-001
52.2700130 2.61978754165983E-001 2.71811343199198E-001
52.3699959 2.60643103970013E-001 2.70407035659513E-001
52.4699827 2.59316617971689E-001 2.69012493851504E-001
52.5699658 2.57999317271008E-001 2.67627737658161E-001
52.6699489 2.56691071833820E-001 2.66252628108401E-001
52.7699359 2.55391753836853E-001 2.64887028610687E-001
52.8699192 2.54101384794792E-001 2.63530959562604E-001
52.9699063 2.52819789450684E-001 2.62184234596653E-001
53.0698897 2.51546989575134E-001 2.60846874429811E-001
53.1698731 2.50282860899108E-001 2.59518746349468E-001
53.2698603 2.49027281256517E-001 2.58199719904586E-001
53.3698439 2.47780272772577E-001 2.56889816257481E-001
53.4698313 2.46541667398195E-001 2.55588856827775E-001
53.5698149 2.45311487476348E-001 2.54296863053177E-001
53.6697986 2.44089614190389E-001 2.53013708134953E-001
53.7697861 2.42875930724996E-001 2.51739267424966E-001
53.8697699 2.41670459723224E-001 2.50473562743375E-001
53.9697576 2.40473039974736E-001 2.49216422892011E-001
54.0697415 2.39283694305716E-001 2.47967869926475E-001
54.1697254 2.38102309059040E-001 2.46727782639513E-001
54.2697133 2.36928772483169E-001 2.45496041870021E-001
54.3696973 2.35763107654885E-001 2.44272669998957E-001
54.4696852 2.34605159855922E-001 2.43057502830413E-001
54.5696694 2.33454952314779E-001 2.41850562944534E-001
54.6696536 2.32312376259410E-001 2.40651734423724E-001
54.7696417 2.31177324733107E-001 2.39460903298173E-001
54.8696260 2.30049821170085E-001 2.38278092421568E-001
54.9696142 2.28929717018329E-001 2.37103144243510E-001
55.0695986 2.27817035835281E-001 2.35936081783974E-001
55.1695831 2.26711673476643E-001 2.34776794132291E-001
55.2695714 2.25613527528328E-001 2.33625172232874E-001
55.3695560 2.24522621712811E-001 2.32481239332235E-001
55.4695444 2.23438813337920E-001 2.31344844190310E-001
55.5695291 2.22362126223546E-001 2.30216010190062E-001
55.6695138 2.21292460611692E-001 2.29094631162719E-001
55.7695023 2.20229718394234E-001 2.27980602707178E-001
55.8694872 2.19173923519239E-001 2.26873948390326E-001
55.9694758 2.18124938866053E-001 2.25774522967320E-001
56.0694607 2.17082788456778E-001 2.24682350114447E-001
56.1694457 2.16047376693049E-001 2.23597328156251E-001
56.2694345 2.15018609550510E-001 2.22519357102470E-001
56.3694196 2.13996511146073E-001 2.21448460774693E-001
56.4694085 2.12980949659136E-001 2.20384499626883E-001
56.5693936 2.11971949259485E-001 2.19327497565530E-001
56.6693788 2.10969418295465E-001 2.18277357175190E-001
56.7693678 2.09973266617743E-001 2.17233982647755E-001
56.8693531 2.08983518460737E-001 2.16197398000045E-001
56.9693423 2.08000047048150E-001 2.15167469105817E-001
57.0693276 2.07022876648145E-001 2.14144220044611E-001
57.1693130 2.06051919355635E-001 2.13127557441905E-001
57.2693023 2.05087088700100E-001 2.12117389456970E-001
57.3692878 2.04128408987054E-001 2.11113740248027E-001
57.4692772 2.03175758243436E-001 2.10116480845858E-001
57.5692628 2.02229160791227E-001 2.09125635451341E-001
57.6692484 2.01288532283697E-001 2.08141114525008E-001
57.7692379 2.00353789744581E-001 2.07162829991684E-001
57.8692236 1.99424957508590E-001 2.06190806102309E-001
57.9692132 1.98501918178531E-001 2.05224918797073E-001
58.0691990 1.97584696089991E-001 2.04265192351443E-001
58.1691849 1.96673210277480E-001 2.03311540867456E-001
58.2691746 1.95767381085322E-001 2.02363879845717E-001
58.3691605 1.94867232839628E-001 2.01422233585911E-001
58.4691503 1.93972652504512E-001 2.00486482704155E-001
58.5691363 1.93083664392916E-001 1.99556651508293E-001
58.6691224 1.92200190753839E-001 1.98632657559788E-001
58.7691123 1.91322155088666E-001 1.97714419756490E-001
58.8690985 1.90449581680863E-001 1.96801962407143E-001
58.9690885 1.89582361653273E-001 1.95895170583524E-001
59.0690747 1.88720519263553E-001 1.94994068587779E-001
59.1690610 1.87863979818111E-001 1.94098577269417E-001
59.2690511 1.87012669821329E-001 1.93208618755471E-001
59.3690374 1.86166613483417E-001 1.92324217327976E-001
59.4690277 1.85325705894564E-001 1.91445262306454E-001
59.5690141 1.84489971227816E-001 1.90571777953054E-001
59.6690006 1.83659337698930E-001 1.89703688243931E-001
59.7689909 1.82833734670068E-001 1.88840918377013E-001
59.8689774 1.82013186250695E-001 1.87983492575437E-001
59.9689678 1.81197591317462E-001 1.87131304210104E-001
60.0689545 1.80386973932485E-001 1.86284377472318E-001
60.1689411 1.79581265081253E-001 1.85442639312795E-001
60.2689316 1.78780396846751E-001 1.84606017851198E-001
60.3689184 1.77984393213068E-001 1.83774537222838E-001
60.4689090 1.77193156672256E-001 1.82948094664445E-001
60.5688958 1.76406711151945E-001 1.82126714268777E-001
60.6688827 1.75624990275614E-001 1.81310325817729E-001
60.7688734 1.74847928717847E-001 1.80498860212062E-001
60.8688603 1.74075550315334E-001 1.79692341473315E-001
60.9688511 1.73307761013675E-001 1.78890670528624E-001
61.0688381 1.72544584584975E-001 1.78093871347375E-001
61.1688251 1.71785957166343E-001 1.77301876407393E-001
61.2688160 1.71031815901960E-001 1.76514619257869E-001
61.3688031 1.70282184461473E-001 1.75732123783347E-001
61.4687941 1.69536972090827E-001 1.74954294435433E-001
61.5687813 1.68796202387849E-001 1.74181155037939E-001
61.6687685 1.68059813885827E-001 1.73412640636981E-001
61.7687596 1.67327746083300E-001 1.72648687304958E-001
61.8687469 1.66600022465410E-001 1.71889318768689E-001
61.9687381 1.65876555433341E-001 1.71134442847205E-001
62.0687254 1.65157368393995E-001 1.70384083198943E-001
62.1687128 1.64442402165849E-001 1.69638177317784E-001
62.2687041 1.63731598492902E-001 1.68896663681095E-001
62.3686916 1.63024980660308E-001 1.68159565839497E-001
62.4686829 1.62322464087004E-001 1.67426794830758E-001
62.5686704 1.61624071974226E-001 1.66698374130323E-001
62.6686580 1.60929747320715E-001 1.65974243565978E-001
62.7686494 1.60239434012965E-001 1.65254343908340E-001
62.8686371 1.59553155122480E-001 1.64538698515444E-001
62.9686286 1.58870828955601E-001 1.63827221502931E-001
63.0686163 1.58192478494919E-001 1.63119936147638E-001
63.1686040 1.57518048820187E-001 1.62416784503638E-001
63.2685918 1.56847511368484E-001 1.61717736118305E-001
63.3685872 1.56180787110583E-001 1.61022707940981E-001
63.4685751 1.55517949708909E-001 1.60331776101864E-001
63.5685630 1.54858920334684E-001 1.59644857773415E-001
63.6685509 1.54203671413369E-001 1.58961923568514E-001
63.7685388 1.53552175611219E-001 1.58282944359547E-001
63.8685344 1.52904356552620E-001 1.57607839921527E-001
63.9685224 1.52260286219669E-001 1.56936684642499E-001
64.0685105 1.51619888422915E-001 1.56269398504774E-001
64.1684986 1.50983136767480E-001 1.55605953392270E-001
64.2684867 1.50350005087259E-001 1.54946321435314E-001
64.3684824 1.49720419548412E-001 1.54290425113961E-001
64.4684706 1.49094450495086E-001 1.53638337117800E-001
64.5684588 1.48472024266288E-001 1.52989980119431E-001
64.6684470 1.47853115588085E-001 1.52345327209856E-001
64.7684353 1.47237699403981E-001 1.51704351714138E-001
64.8684312 1.46625704315712E-001 1.51066978702899E-001
64.9684195 1.46017199070898E-001 1.50433279210022E-001
65.0684079 1.45412112431696E-001 1.49803178484921E-001
65.1683963 1.44810420189733E-001 1.49176650765385E-001
65.2683847 1.44212098343378E-001 1.48553670511628E-001
65.3683808 1.43617077829043E-001 1.47934165276147E-001
65.4683692 1.43025425838293E-001 1.47318204478928E-001
65.5683578 1.42437073456372E-001 1.46705715838439E-001
65.6683463 1.41851997488198E-001 1.46096674682393E-001
65.7683349 1.41270174935330E-001 1.45491056549944E-001
65.8683311 1.40691538972957E-001 1.44888791372231E-001
65.9683197 1.40116155276114E-001 1.44289946996204E-001
66.0683084 1.39543957158009E-001 1.43694453507008E-001
66.1682971 1.38974922387496E-001 1.43102287268622E-001
66.2682858 1.38409028920538E-001 1.42513424846110E-001
66.3682821 1.37846212079910E-001 1.41927798451146E-001
66.4682709 1.37286536062699E-001 1.41345474397554E-001
66.5682597 1.36729936319608E-001 1.40766385039857E-001
66.6682485 1.36176391536814E-001 1.40190507727656E-001
66.7682374 1.35625880578595E-001 1.39617820001849E-001
66.8682339 1.35078340828565E-001 1.39048256261387E-001
66.9682228 1.34533835043510E-001 1.38481881325936E-001
67.0682118 1.33992300725553E-001 1.37918629726874E-001
67.1682007 1.33453717434146E-001 1.37358479751599E-001
67.2681897 1.32918064898326E-001 1.36801409869557E-001
67.3681864 1.32385282479998E-001 1.36247356578272E-001
67.4681754 1.31855431532360E-001 1.35696383241282E-001
67.5681645 1.31328451527028E-001 1.35148426478817E-001
67.6681536 1.30804322855091E-001 1.34603465470880E-001
67.7681428 1.30283026069169E-001 1.34061479570792E-001
67.8681396 1.29764502430860E-001 1.33522407290253E-001
67.9681288 1.29248811925577E-001 1.32986310573770E-001
68.0681180 1.28735895916415E-001 1.32453128046675E-001
68.1681072 1.28225735586723E-001 1.31922839738872E-001
68.2680965 1.27718312273760E-001 1.31395425845323E-001
68.3680934 1.27213569063961E-001 1.30870826811573E-001
68.4680827 1.26711564609850E-001 1.30349103199275E-001
68.5680721 1.26212242091687E-001 1.29830195559132E-001
68.6680615 1.25715583447824E-001 1.29314084730567E-001
68.7680509 1.25221570763315E-001 1.28800751710255E-001
68.8680479 1.24730148878108E-001 1.28290138801085E-001
68.9680374 1.24241375145838E-001 1.27782305217126E-001
69.0680269 1.23755194493117E-001 1.27277193358515E-001
69.1680164 1.23271589578038E-001 1.26774784836001E-001
69.2680059 1.22790543198573E-001 1.26275061410193E-001
69.3680031 1.22312001880200E-001 1.25777967168453E-001
69.4679927 1.21836021710791E-001 1.25283560011640E-001
69.5679823 1.21362549295799E-001 1.24791784116971E-001
69.6679719 1.20891567979671E-001 1.24302621830379E-001
69.7679615 1.20423061240276E-001 1.23816055640663E-001
69.8679589 1.19956977223793E-001 1.23332031350204E-001
69.9679486 1.19493370784599E-001 1.22850605580145E-001
70.0679383 1.19032190142599E-001 1.22371724215822E-001
70.1679281 1.18573419296975E-001 1.21895370304135E-001
70.2679178 1.18117042374211E-001 1.21421527028233E-001
70.3679153 1.17663009079349E-001 1.20950141839307E-001
70.4679051 1.17211373064691E-001 1.20481270111404E-001
70.5678949 1.16762084103163E-001 1.20014859372223E-001
70.6678848 1.16315126818726E-001 1.19550893337235E-001
70.7678747 1.15870485956833E-001 1.19089355851885E-001
70.8678723 1.15428112722379E-001 1.18630195953025E-001
70.9678622 1.14988059596183E-001 1.18173467799382E-001
71.0678522 1.14550277845569E-001 1.17719120498293E-001
71.1678422 1.14114752690869E-001 1.17267138403105E-001
71.2678322 1.13681469468413E-001 1.16817505991194E-001
71.3678299 1.13250380826614E-001 1.16370173824825E-001
71.4678200 1.12821538104588E-001 1.15925194878342E-001
71.5678100 1.12394894008081E-001 1.15482519778866E-001
71.6678002 1.11970434326870E-001 1.15042133488531E-001
71.7677903 1.11548144961512E-001 1.14604021087866E-001
71.8677881 1.11127979950148E-001 1.14168134607044E-001
71.9677783 1.10709989519173E-001 1.13734525866142E-001
72.0677685 1.10294127759294E-001 1.13303146954936E-001
72.1677587 1.09880381004191E-001 1.12873983416765E-001
72.2677489 1.09468735693371E-001 1.12447020908024E-001
72.3677468 1.09059147203309E-001 1.12022212871892E-001
72.4677371 1.08651664675890E-001 1.11599610003498E-001
72.5677275 1.08246243535705E-001 1.11179165800708E-001
72.6677178 1.07842870636096E-001 1.10760866361915E-001
72.7677082 1.07441532931534E-001 1.10344697893501E-001
72.8677062 1.07042187087720E-001 1.09930615199206E-001
72.9676966 1.06644881189474E-001 1.09518667877745E-001
73.0676870 1.06249571946455E-001 1.09108810782958E-001
73.1676774 1.05856246708658E-001 1.08701030543476E-001
73.2676679 1.05464892922748E-001 1.08295313891113E-001
73.3676660 1.05075468496701E-001 1.07891616940063E-001
73.4676565 1.04688020484984E-001 1.07489988220397E-001
73.5676471 1.04302506835646E-001 1.07090383892120E-001
73.6676376 1.03918915373488E-001 1.06692791090553E-001
73.7676282 1.03537234015746E-001 1.06297197049636E-001
73.8676264 1.03157421867775E-001 1.05903559146126E-001
73.9676171 1.02779524979673E-001 1.05511924868465E-001
74.0676077 1.02403502493238E-001 1.05122251635216E-001
74.1675984 1.02029342687325E-001 1.04734527066032E-001
74.2675890 1.01657033929197E-001 1.04348738874846E-001
74.3675874 1.01286536478645E-001 1.03964845655191E-001
74.4675781 1.00917895406672E-001 1.03582893880168E-001
74.5675688 1.00551071006115E-001 1.03202842181367E-001
74.6675596 1.00186051990165E-001 1.02824678641538E-001
74.7675504 9.98228271565949E-002 1.02448391433596E-001
74.8675488 9.94613578785293E-002 1.02073940324046E-001
74.9675396 9.91016882724661E-002 1.01701370796224E-001
75.0675305 9.87437797414102E-002 1.01330642651197E-001
75.1675213 9.83876214141411E-002 1.00961744414638E-001
75.2675122 9.80332025003888E-002 1.00594664698474E-001
75.3675108 9.76804854472693E-002 1.00229364400279E-001
75.4675017 9.73295134406955E-002 9.98658880385037E-002
75.5674926 9.69802489547046E-002 9.95041965420147E-002
75.6674836 9.66326815158460E-002 9.91442788602384E-002
75.7674746 9.62868007281611E-002 9.87861240251339E-002
75.8674732 9.59425700750870E-002 9.84296940252376E-002
75.9674642 9.56000318352167E-002 9.80750324383150E-002
76.0674553 9.52591495161431E-002 9.77221012811422E-002
76.1674463 9.49199130252349E-002 9.73708899086713E-002
76.2674374 9.45823123440626E-002 9.70213877548505E-002
76.3674361 9.42463119563003E-002 9.66735578607799E-002
76.4674273 9.39119532558495E-002 9.63274428870803E-002
76.5674184 9.35792007479577E-002 9.59830059002394E-002
76.6674096 9.32480447046853E-002 9.56402366434022E-002
76.7674007 9.29184754691634E-002 9.52991249353459E-002
76.8673996 9.25904584907294E-002 9.49596348329592E-002
76.9673908 9.22640343006012E-002 9.46218081026146E-002
77.0673820 9.19391683672783E-002 9.42856088239252E-002
77.1673732 9.16158513121632E-002 9.39510271117397E-002
77.2673645 9.12940738247493E-002 9.36180531533392E-002
77.3673634 9.09738022868991E-002 9.32866519861701E-002
77.4673547 9.06550763885528E-002 9.29568645046264E-002
77.5673461 9.03378625284836E-002 9.26286557663914E-002
77.6673374 9.00221516628235E-002 9.23020162423277E-002
77.7673288 8.97079348129579E-002 9.19769364726839E-002
77.8673278 8.93951792615032E-002 9.16533824417013E-002
77.9673192 8.90839238779403E-002 9.13313941934556E-002
78.0673106 8.87741359596954E-002 9.10109377301028E-002
78.1673020 8.84658067837137E-002 9.06920038635835E-002
78.2672935 8.81589276894908E-002 9.03745834723245E-002
78.3672925 8.78534668299276E-002 9.00586434549969E-002
78.4672840 8.75494622742936E-002 8.97442230264243E-002
78.5672755 8.72468821883385E-002 8.94312891010245E-002
78.6672671 8.69457181565639E-002 8.91198328175950E-002
78.7672586 8.66459618234466E-002 8.88098453786574E-002
78.8672578 8.63475821829418E-002 8.85012945662774E-002
78.9672493 8.60506165237998E-002 8.81942187865156E-002
79.0672409 8.57550338509950E-002 8.78885858351608E-002
79.1672325 8.54608260439533E-002 8.75843871643221E-002
79.2672242 8.51679850396211E-002 8.72816142872011E-002
79.3672234 8.48764806449580E-002 8.69802358394898E-002
79.4672151 8.45863493873480E-002 8.66802894384121E-002
79.5672068 8.42975610830640E-002 8.63817437314955E-002
79.6671985 8.40101078944150E-002 8.60845904712547E-002
79.7671902 8.37239820388904E-002 8.57888214687897E-002
79.8671895 8.34391541095301E-002 8.54944061848563E-002
79.9671813 8.31556598909796E-002 8.52013814672230E-002
80.0671730 8.28734699840010E-002 8.49097167867201E-002
80.1671648 8.25925768223061E-002 8.46194041839686E-002
80.2671566 8.23129728925555E-002 8.43304357557844E-002
80.3671560 8.20346295480171E-002 8.40427817605746E-002
80.4671478 8.17575818487158E-002 8.37564782955016E-002
80.5671397 8.14818011541599E-002 8.34714956274054E-002
80.6671315 8.12072801585139E-002 8.31878260732872E-002
80.7671234 8.09340116067631E-002 8.29054620040643E-002
80.8671229 8.06619675875753E-002 8.26243744494788E-002
80.9671148 8.03911824539761E-002 8.23445987744195E-002
81.0671067 8.01216282994926E-002 8.20661060155311E-002
81.1670987 7.98532980682966E-002 8.17888887550132E-002
81.2670906 7.95861847533494E-002 8.15129396268086E-002
81.3670902 7.93202611548658E-002 8.12382304067215E-002
81.4670822 7.90555609360125E-002 8.09647957451995E-002
81.5670742 7.87920569005772E-002 8.06926074235233E-002
81.6670662 7.85297422327709E-002 8.04216582784257E-002
81.7670583 7.82686101636555E-002 8.01519411963088E-002
81.8670579 7.80086341820707E-002 7.98834286747634E-002
81.9670500 7.77498472779962E-002 7.96161546671391E-002
82.0670421 7.74922229426485E-002 7.93500916751756E-002
82.1670342 7.72357545907618E-002 7.90852327799613E-002
82.2670263 7.69804356820714E-002 7.88215711102758E-002
82.3670260 7.67262403720095E-002 7.85590798621716E-002
82.4670182 7.64732009935860E-002 7.82977923087706E-002
82.5670103 7.62212917034961E-002 7.80376816490371E-002
82.6670025 7.59705061379133E-002 7.77787411987034E-002
82.7669947 7.57208379762437E-002 7.75209643193028E-002
82.8669945 7.54722620193282E-002 7.72643248829322E-002
82.9669867 7.52248099589822E-002 7.70088554988950E-002
83.0669790 7.49784565962743E-002 7.67545300410491E-002
83.1669712 7.47331957801396E-002 7.65013420504973E-002
83.2669635 7.44890214010581E-002 7.62492851123399E-002
83.3669634 7.42459088849053E-002 7.59983337531660E-002
83.4669556 7.40038892976490E-002 7.57485199344233E-002
83.5669479 7.37629380644309E-002 7.54998181833926E-002
83.6669403 7.35230492386585E-002 7.52522222576919E-002
83.7669326 7.32842169136716E-002 7.50057259572147E-002
83.8669326 7.30464171207815E-002 7.47603044423186E-002
83.9669249 7.28096803150379E-002 7.45159890421231E-002
84.0669173 7.25739825261255E-002 7.42727549166832E-002
84.1669097 7.23393180040035E-002 7.40305960316746E-002
84.2669021 7.21056810370217E-002 7.37895063934020E-002
84.3669022 7.18730482430683E-002 7.35494617760577E-002
84.4668946 7.16414494808003E-002 7.33104928915394E-002
84.5668870 7.14108613656506E-002 7.30725755128131E-002
84.6668795 7.11812783365594E-002 7.28357038055304E-002
84.7668720 7.09526948693831E-002 7.25998719743994E-002
84.8668721 7.07250881504359E-002 7.23650563882681E-002
84.9668646 7.04984874561135E-002 7.21312871565085E-002
85.0668571 7.02728699695072E-002 7.18985406458856E-002
85.1668496 7.00482303112988E-002 7.16668112143033E-002
85.2668422 6.98245631376778E-002 7.14360932572189E-002
85.3668424 6.96018461859095E-002 7.12063637196793E-002
85.4668349 6.93801081638792E-002 7.09776521228291E-002
85.5668275 6.91593268049181E-002 7.07499354088375E-002
85.6668201 6.89394969045278E-002 7.05232081204776E-002
85.7668127 6.87206132923697E-002 7.02974648366385E-002
85.8668130 6.85026542398330E-002 7.00726830607991E-002
85.9668056 6.82856478996719E-002 6.98488917397885E-002
86.0667983 6.80695725386841E-002 6.96260683734719E-002
86.1667909 6.78544231205690E-002 6.94042076824313E-002
86.2667836 6.76401946418962E-002 6.91833044219904E-002
86.3667839 6.74268658919716E-002 6.89633366369538E-002
86.4667766 6.72144644814376E-002 6.87443327133713E-002
86.5667694 6.70029691944004E-002 6.85262706917521E-002
86.6667621 6.67923751564217E-002 6.83091454637350E-002
86.7667548 6.65826775246993E-002 6.80929519543852E-002
86.8667552 6.63738555908401E-002 6.78776687333576E-002
86.9667480 6.61659364360455E-002 6.76633236390951E-002
87.0667408 6.59588993461615E-002 6.74498952363269E-002
87.1667336 6.57527396025487E-002 6.72373785812885E-002
87.2667264 6.55474525170225E-002 6.70257687623836E-002
87.3667268 6.53430178684432E-002 6.68150448582463E-002
87.4667197 6.51394622209020E-002 6.66052341725305E-002
87.5667125 6.49367653469808E-002 6.63963157783633E-002
87.6667054 6.47349226780349E-002 6.61882848903947E-002
87.7666983 6.45339296747431E-002 6.59811367542389E-002
87.8666988 6.43337665887146E-002 6.57748509422173E-002
87.9666917 6.41344594789320E-002 6.55694542356693E-002
88.0666846 6.39359885902503E-002 6.53649262008721E-002
88.1666775 6.37383494984611E-002 6.51612622049736E-002
88.2666705 6.35415378075970E-002 6.49584576449332E-002
88.3666710 6.33455342280324E-002 6.47564925720203E-002
88.4666640 6.31503643253229E-002 6.45553932574012E-002
88.5666570 6.29560088026511E-002 6.43551397458071E-002
88.6666500 6.27624633749223E-002 6.41557275512187E-002
88.7666429 6.25697237842454E-002 6.39571522163243E-002
88.8666436 6.23777711862752E-002 6.37593942571338E-002
88.9666366 6.21866306645107E-002 6.35624794464568E-002
89.0666296 6.19962833670139E-002 6.33663882933106E-002
89.1666227 6.18067251427043E-002 6.31711164530834E-002
89.2666157 6.16179518667114E-002 6.29766596088145E-002
89.3666164 6.14299451269634E-002 6.27829987275541E-002
89.4666095 6.12427295359722E-002 6.25901590952578E-002
89.5666026 6.10562866737054E-002 6.23981216715659E-002
89.6665957 6.08706125182114E-002 6.22068822480783E-002
89.7665889 6.06857030727955E-002 6.20164366430330E-002
89.8665896 6.05015403451106E-002 6.18267662613080E-002
89.9665828 6.03181484874573E-002 6.16378959132014E-002
90.0665759 6.01355094991927E-002 6.14498069957989E-002
90.1665691 5.99536194828107E-002 6.12624954319336E-002
90.2665622 5.97724745651492E-002 6.10759571701058E-002
90.3665631 5.95920571614761E-002 6.08901740402752E-002
90.4665563 5.94123909743736E-002 6.07051703879830E-002
90.5665495 5.92334584105076E-002 6.05209280350468E-002
90.6665427 5.90552556923288E-002 6.03374430307617E-002
90.7665359 5.88777790657565E-002 6.01547114491603E-002
90.8665368 5.87010113419855E-002 5.99727155329851E-002
90.9665301 5.85249757840949E-002 5.97914791736330E-002
91.0665233 5.83496551944001E-002 5.96109846053852E-002
91.1665166 5.81750459110039E-002 5.94312279994263E-002
91.2665099 5.80011442946382E-002 5.92522055507859E-002
91.3665108 5.78279335411416E-002 5.90738999031207E-002
91.4665041 5.76554364840375E-002 5.88963345040151E-002
91.5664975 5.74836363100329E-002 5.87194919883744E-002
91.6664908 5.73125294687550E-002 5.85433686448875E-002
91.7664842 5.71421124316543E-002 5.83679607852337E-002
91.8664851 5.69723687683173E-002 5.81932514425259E-002
91.9664785 5.68033208923989E-002 5.80192636305977E-002
92.0664719 5.66349523641269E-002 5.78459803735472E-002
92.1664653 5.64672597406923E-002 5.76733980733634E-002
92.2664587 5.63002396003372E-002 5.75015131542059E-002
92.3664597 5.61338758758725E-002 5.73303090275811E-002
92.4664531 5.59681905705189E-002 5.71598082833690E-002
92.5664466 5.58031676075248E-002 5.69899943238238E-002
92.6664400 5.56388036478451E-002 5.68208636602014E-002
92.7664335 5.54750953727452E-002 5.66524128251419E-002
92.8664346 5.53120270680947E-002 5.64846255978623E-002
92.9664281 5.51496203358688E-002 5.63175241538303E-002
93.0664215 5.49878594521917E-002 5.61510922627960E-002
93.1664150 5.48267411781365E-002 5.59853265414136E-002
93.2664086 5.46662622943748E-002 5.58202236269663E-002
93.3664097 5.45064074300123E-002 5.56557676560621E-002
93.4664032 5.43471977947289E-002 5.54919803990491E-002
93.5663968 5.41886180077227E-002 5.53288459828763E-002
93.6663903 5.40306649266843E-002 5.51663611258832E-002
93.7663839 5.38733354282197E-002 5.50045225663137E-002
93.8663851 5.37166144751782E-002 5.48433147881970E-002
93.9663787 5.35605228936629E-002 5.46827591658128E-002
94.0663723 5.34050456364719E-002 5.45228401733594E-002
94.1663659 5.32501796545526E-002 5.43635546272983E-002
94.2663595 5.30959219171119E-002 5.42048993632996E-002
94.3663607 5.29422577115671E-002 5.40468592031796E-002
94.4663544 5.27892074889378E-002 5.38894551339655E-002
94.5663480 5.26367565264641E-002 5.37326719674909E-002
94.6663417 5.24849018651229E-002 5.35765066149177E-002
94.7663353 5.23336405635205E-002 5.34209560059490E-002
94.8663366 5.21829582247714E-002 5.32660052908763E-002
94.9663303 5.20328749330860E-002 5.31116750780633E-002
95.0663240 5.18833762812921E-002 5.29579505076851E-002
95.1663177 5.17344593972959E-002 5.28048285823190E-002
95.2663114 5.15861214260285E-002 5.26523063224426E-002
95.3663128 5.14383482777224E-002 5.25003691978208E-002
95.4663065 5.12911596778422E-002 5.23490374465209E-002
95.5663002 5.11445415262397E-002 5.21982965280749E-002
95.6662940 5.09984910347728E-002 5.20481435333205E-002
95.7662878 5.08530054317425E-002 5.18985755703799E-002
95.8662892 5.07080709262027E-002 5.17495784197877E-002
95.9662829 5.05637068927280E-002 5.16011719574671E-002
96.0662767 5.04198995299121E-002 5.14533419536185E-002
96.1662705 5.02766461307027E-002 5.13060855843097E-002
96.2662643 5.01339440039317E-002 5.11594000423009E-002
96.3662658 4.99917796494481E-002 5.10132714104783E-002
96.4662596 4.98501720985922E-002 5.08677192105648E-002
96.5662535 4.97091078406869E-002 5.07227295150266E-002
96.6662473 4.95685842470192E-002 5.05782995822491E-002
96.7662412 4.94285987042231E-002 5.04344266867419E-002
96.8662427 4.92891379951769E-002 5.02910972056006E-002
96.9662365 4.91502208154478E-002 5.01483303140881E-002
97.0662304 4.90118339373343E-002 5.00061123788080E-002
97.1662243 4.88739748078188E-002 4.98644407376651E-002
97.2662182 4.87366408887144E-002 4.97233127441416E-002
97.3662198 4.85998192384128E-002 4.95827150616652E-002
97.4662137 4.84635282239804E-002 4.94426665265823E-002
97.5662076 4.83277548931875E-002 4.93031537917692E-002
97.6662016 4.81924967661698E-002 4.91641742719603E-002
97.7661955 4.80577513773971E-002 4.90257253969417E-002
97.8661971 4.79235060535001E-002 4.88877941088500E-002
97.9661911 4.77897788401326E-002 4.87503989124675E-002
98.0661851 4.76565570532731E-002 4.86135267393325E-002
98.1661791 4.75238382837660E-002 4.84771750784226E-002
98.2661730 4.73916201363121E-002 4.83413414332623E-002
98.3661747 4.72598901987385E-002 4.82060130173192E-002
98.4661687 4.71286662021961E-002 4.80712080109774E-002
98.5661627 4.69979357238394E-002 4.79369136170708E-002
98.6661568 4.68676964228699E-002 4.78031273963335E-002
98.7661508 4.67379459718863E-002 4.76698469235610E-002
98.8661525 4.66086722130927E-002 4.75370596764100E-002
98.9661465 4.64798925698735E-002 4.74047835178518E-002
99.0661406 4.63515948737494E-002 4.72730059148844E-002
99.1661347 4.62237768500169E-002 4.71417244976069E-002
99.2661288 4.60964362369274E-002 4.70109369097124E-002
99.3661305 4.59695611244583E-002 4.68806308861322E-002
99.4661246 4.58431686347948E-002 4.67508239792339E-002
99.5661187 4.57172468472286E-002 4.66215039132751E-002
99.6661128 4.55917935509744E-002 4.64926683854189E-002
99.7661070 4.54668065477765E-002 4.63643151059731E-002
99.8661087 4.53422741689881E-002 4.62364320604474E-002
99.9661029 4.52182132419992E-002 4.61090364972448E-002
100.0660970 4.50946120874835E-002 4.59821163911950E-002
100.1660912 4.49714685564793E-002 4.58556695043120E-002
100.2660854 4.48487805121443E-002 4.57296936113215E-002
100.3660872 4.47265365210104E-002 4.56041769418257E-002
100.4660814 4.46047531219165E-002 4.54791364467362E-002
100.5660756 4.44834188707290E-002 4.53545603449778E-002
100.6660698 4.43625316782924E-002 4.52304464612849E-002
100.7660640 4.42420894671773E-002 4.51067926326873E-002
100.8660658 4.41220810330886E-002 4.49835873265968E-002
100.9660601 4.40025226324037E-002 4.48608472027454E-002
101.0660543 4.38834030501835E-002 4.47385607178781E-002
101.1660486 4.37647202551378E-002 4.46167257573992E-002
101.2660428 4.36464722273223E-002 4.44953402186078E-002
101.3660447 4.35286479857956E-002 4.43743928006382E-002
101.4660390 4.34112635104126E-002 4.42538998781974E-002
101.5660333 4.32943078096151E-002 4.41338501397706E-002
101.6660275 4.31777789081084E-002 4.40142415294584E-002
101.7660218 4.30616748415785E-002 4.38950720028701E-002
101.8660238 4.29459848467957E-002 4.37763304849632E-002
101.9660181 4.28307246328852E-002 4.36580330714223E-002
102.0660124 4.27158834260347E-002 4.35401686765809E-002
102.1660067 4.26014593051444E-002 4.34227353013350E-002
102.2660011 4.24874503597432E-002 4.33057309577179E-002
102.3660031 4.23738460388440E-002 4.31891447907926E-002
102.4659974 4.22606617864927E-002 4.30729926230761E-002
102.5659918 4.21478870411596E-002 4.29572635890384E-002
102.6659861 4.20355199342051E-002 4.28419557445408E-002
102.7659805 4.19235586072791E-002 4.27270671562241E-002
102.8659825 4.18119927163344E-002 4.26125871837140E-002
102.9659769 4.17008374458496E-002 4.24985313820703E-002
103.0659713 4.15900824412794E-002 4.23848891003628E-002
103.1659657 4.14797258847737E-002 4.22716584476553E-002
103.2659601 4.13697659684445E-002 4.21588375434458E-002
103.3659622 4.12601925500412E-002 4.20464159565487E-002
103.4659566 4.11510205598530E-002 4.19344089801375E-002
103.5659511 4.10422398451809E-002 4.18228061725130E-002
103.6659455 4.09338486373535E-002 4.17116056942428E-002
103.7659400 4.08258451773467E-002 4.16008057159967E-002
103.8659421 4.07182195197182E-002 4.14903960105664E-002
103.9659365 4.06109863458139E-002 4.13803916146730E-002
104.0659310 4.05041356997978E-002 4.12707822906426E-002
104.1659255 4.03976658606248E-002 4.11615662489098E-002
104.2659200 4.02915751165938E-002 4.10527417096914E-002
104.3659221 4.01858537142314E-002 4.09442986447024E-002
104.4659166 4.00805160910603E-002 4.08362518395135E-002
104.5659112 3.99755524832714E-002 4.07285912554260E-002
104.6659057 3.98709612159504E-002 4.06213151511645E-002
104.7659002 3.97667406232338E-002 4.05144217949276E-002
104.8659024 3.96628811389210E-002 4.04079013524497E-002
104.9658969 3.95593969617077E-002 4.03017683633250E-002
105.0658915 3.94562785151203E-002 4.01960129829312E-002
105.1658860 3.93535241689321E-002 4.00906335167627E-002
105.2658806 3.92511323016853E-002 3.99856282794902E-002
105.3658828 3.91490935298959E-002 3.98809876261114E-002
105.4658774 3.90474218183075E-002 3.97767258552915E-002
105.5658720 3.89461077732290E-002 3.96728333117317E-002
105.6658666 3.88451498077303E-002 3.95693083462306E-002
105.7658612 3.87445463433784E-002 3.94661493184765E-002
105.8658634 3.86442881749827E-002 3.93633467681136E-002
105.9658580 3.85443890380938E-002 3.92609147578052E-002
106.0658527 3.84448397173831E-002 3.91588438169633E-002
106.1658473 3.83456386678761E-002 3.90571323402777E-002
106.2658419 3.82467843528320E-002 3.89557787310510E-002
106.3658442 3.81482677410607E-002 3.88547737090945E-002
106.4658389 3.80501023435644E-002 3.87541311058771E-002
106.5658335 3.79522791190868E-002 3.86538416310455E-002
106.6658282 3.78547965633143E-002 3.85539037218175E-002
106.7658229 3.77576531799139E-002 3.84543158237572E-002
106.8658252 3.76608401075277E-002 3.83550688324942E-002
106.9658199 3.75643706371430E-002 3.82561763529961E-002
107.0658146 3.74682358974106E-002 3.81576292707988E-002
107.1658093 3.73724344234291E-002 3.80594260643335E-002
107.2658040 3.72769647580337E-002 3.79615652201205E-002
107.3658063 3.71818182056507E-002 3.78640378053864E-002
107.4658011 3.70870078416793E-002 3.77668572031782E-002
107.5657958 3.69925249606317E-002 3.76700144707018E-002
107.6657905 3.68983681358142E-002 3.75735081263340E-002
107.7657853 3.68045359480337E-002 3.74773366962924E-002
107.8657877 3.67110198635702E-002 3.73814914153012E-002
107.9657824 3.66178327465555E-002 3.72859854489582E-002
108.0657772 3.65249660534351E-002 3.71908100220435E-002
108.1657720 3.64324183945599E-002 3.70959636916556E-002
108.2657667 3.63401883875539E-002 3.70014450224942E-002
108.3657692 3.62482676567326E-002 3.69072454128008E-002
108.4657639 3.61566688591800E-002 3.68133778150897E-002
108.5657587 3.60653836094580E-002 3.67198336177365E-002
108.6657536 3.59744105538403E-002 3.66266114153808E-002
108.7657484 3.58837483456534E-002 3.65337098100318E-002
108.8657508 3.57933887635388E-002 3.64411203595822E-002
108.9657456 3.57033442616527E-002 3.63488558077250E-002
109.0657405 3.56136066089663E-002 3.62569077025674E-002
