0.0053140 2.97728838115764E+001 5.60911039462261E+003
0.0210792 1.12567061206054E+002 5.45004262113723E+003
0.0467942 2.31424630454342E+002 5.20350450685926E+003
0.0817065 3.65141343958212E+002 4.89250053934937E+003
0.1249105 4.94531709678878E+002 4.54169975248220E+003
0.1754417 6.06171734694771E+002 4.17354095877990E+003
0.2323515 6.93164904777480E+002 3.80600030899984E+003
0.2947571 7.53952282130923E+002 3.45194243175079E+003
0.3618673 7.90442312380418E+002 3.11954089185581E+003
0.4329916 8.06303342136551E+002 2.81319990836768E+003
0.5075377 8.05746101980893E+002 2.53457914575581E+003
0.5850032 7.92802475339983E+002 2.28349874663348E+003
0.6649650 7.70977509875619E+002 2.05864884714397E+003
0.7470680 7.43137668540943E+002 1.85809962227579E+003
0.8310139 7.11528738462993E+002 1.67964836254199E+003
0.9165527 6.77852690669363E+002 1.52103858905167E+003
1.0034738 6.43363178377503E+002 1.38009187907288E+003
1.0915995 6.08958626394667E+002 1.25477980684815E+003
1.1807797 5.75263552079188E+002 1.14325659524254E+003
1.2708868 5.42696033430711E+002 1.04386939021804E+003
1.3618115 5.11520997183853E+002 9.55153133905576E+002
1.4534610 4.81891469469191E+002 8.75818005019120E+002
1.5457546 4.53880470736549E+002 8.04734694100326E+002
1.6386236 4.27504139421603E+002 7.40916054999193E+002
1.7320075 4.02739825466235E+002 6.83501797981185E+002
1.8258543 3.79538553347724E+002 6.31741749049487E+002
1.9201186 3.57834635152632E+002 5.84982144391345E+002
2.0147601 3.37552595687898E+002 5.42653211856450E+002
2.1097440 3.18611658736839E+002 5.04257238801350E+002
2.2050388 3.00929537944034E+002 4.69359628142279E+002
2.3006174 2.84424460853562E+002 4.37579769143757E+002
2.3964555 2.69016895148302E+002 4.08584032664120E+002
2.4925310 2.54630665776257E+002 3.82079643345503E+002
2.5888248 2.41193321324500E+002 3.57808788775851E+002
2.6853193 2.28636740005149E+002 3.35544466622126E+002
2.7819988 2.16897028597311E+002 3.15086058916848E+002
2.8788497 2.05914616556307E+002 2.96256079279957E+002
2.9758588 1.95634220625824E+002 2.78897322791602E+002
3.0730149 1.86004499054346E+002 2.62870006014114E+002
3.1703074 1.76978043810133E+002 2.48049896481320E+002
3.2677268 1.68510990652234E+002 2.34326134314807E+002
3.3652646 1.60562878221230E+002 2.21599742039157E+002
3.4629133 1.53096355089477E+002 2.09782104660061E+002
3.5606650 1.46077090214150E+002 1.98793953357382E+002
3.6585133 1.39473338706363E+002 1.88563952365465E+002
3.7564523 1.33255876570986E+002 1.79027991645421E+002
3.8544764 1.27397766603758E+002 1.70128311430177E+002
3.9525810 1.21874148408259E+002 1.61812749945471E+002
4.0507604 1.16662170802948E+002 1.54034274221928E+002
4.1490108 1.11740675429496E+002 1.46750194445644E+002
4.2473280 1.07090157388387E+002 1.39921843603478E+002
4.3457083 1.02692603670818E+002 1.33514112788759E+002
4.4441489 9.85313504390485E+001 1.27495049898206E+002
4.5426454 9.45910481472877E+001 1.21835642788841E+002
4.6411954 9.08574390465179E+001 1.16509355604211E+002
4.7397961 8.73173428741785E+001 1.11491986866504E+002
4.8384450 8.39585498756398E+001 1.06761410592121E+002
4.9371399 8.07697268651993E+001 1.02297351842103E+002
5.0358779 7.77404049448204E+001 9.80812892100253E+001
5.1346571 7.48608223087111E+001 9.40961655466890E+001
5.2334756 7.21219254821167E+001 9.03263299114168E+001
5.3323316 6.95152985900043E+001 8.67573865969902E+001
5.4312238 6.70331014187569E+001 8.33760638679453E+001
5.5301496 6.46680700947833E+001 8.01701739315460E+001
5.6291079 6.24134039857795E+001 7.71284232461562E+001
5.7280973 6.02627750417346E+001 7.42403941886099E+001
5.8271164 5.82102803736584E+001 7.14964531863806E+001
5.9261644 5.62504007935473E+001 6.88876707023610E+001
6.0252392 5.43780081260731E+001 6.64058090732478E+001
6.1243401 5.25882820083625E+001 6.40431925608250E+001
6.2234659 5.08767227606479E+001 6.17927076087171E+001
6.3226158 4.92391189442980E+001 5.96477447051954E+001
6.4217891 4.76715190303934E+001 5.76021476988695E+001
6.5209840 4.61702416444063E+001 5.56502149687919E+001
6.6202001 4.47318129747144E+001 5.37866069731937E+001
6.7194366 4.33529806312095E+001 5.20063547980052E+001
6.8186927 4.20306909459590E+001 5.03048220148634E+001
6.9179682 4.07620691685963E+001 4.86776714184338E+001
7.0172613 3.95444306072899E+001 4.71208722683037E+001
7.1165720 3.83752325429125E+001 4.56306323502055E+001
7.2158999 3.72520825126304E+001 4.42034030953545E+001
7.3152432 3.61727483069424E+001 4.28358870188106E+001
7.4146030 3.51350913092210E+001 4.15249485595381E+001
7.5139770 3.41371346311684E+001 4.02676962182248E+001
7.6133666 3.31769758800521E+001 3.90613685733040E+001
7.7127702 3.22528473449865E+001 3.79034067884335E+001
7.8121865 3.13630790484330E+001 3.67914048701396E+001
7.9116168 3.05060684846535E+001 3.57230691659838E+001
8.0110589 2.96803333453510E+001 3.46962816454481E+001
8.1105143 2.88844405941771E+001 3.37090091540478E+001
8.2099815 2.81170572558018E+001 3.27593645210922E+001
8.3094593 2.73769208378397E+001 3.18455677749999E+001
8.4089492 2.66628149801905E+001 3.09659144140191E+001
8.5084489 2.59736141514586E+001 3.01188289376573E+001
8.6079599 2.53082253025254E+001 2.93027914986702E+001
8.7074812 2.46656309198994E+001 2.85163895244284E+001
8.8070112 2.40448650144855E+001 2.77582869149906E+001
8.9065517 2.34449932482229E+001 2.70271987155984E+001
9.0061006 2.28651509924824E+001 2.63219365257804E+001
9.1056593 2.23044948270972E+001 2.56413484340973E+001
9.2052267 2.17622392111831E+001 2.49843627841884E+001
9.3048016 2.12376367483319E+001 2.43499633222886E+001
9.4043856 2.07299617644685E+001 2.37371686528019E+001
9.5039766 2.02385428648382E+001 2.31450709024548E+001
9.6035763 1.97627222403139E+001 2.25727859693808E+001
9.7031836 1.93018870543183E+001 2.20194907890939E+001
9.8027972 1.88554530438016E+001 2.14844030054192E+001
9.9024188 1.84228507995651E+001 2.09667640741681E+001
10.0020464 1.80035537481628E+001 2.04658723252514E+001
10.1016817 1.75970437223642E+001 1.99810413404078E+001
10.2013235 1.72028379558933E+001 1.95116318313243E+001
10.3009707 1.68204753225481E+001 1.90570348105579E+001
10.4006251 1.64495047627244E+001 1.86166575283129E+001
10.5002846 1.60895094452581E+001 1.81899518718667E+001
10.5999509 1.57400774173570E+001 1.77763792332517E+001
10.6996230 1.54008249320870E+001 1.73754379075036E+001
10.7992996 1.50713847999217E+001 1.69866490138311E+001
10.8989827 1.47513965413372E+001 1.66095446676632E+001
10.9986702 1.44405273451192E+001 1.62436924865196E+001
11.0983637 1.41384468766755E+001 1.58886656993137E+001
11.1980623 1.38448475292877E+001 1.55440668050841E+001
11.2977649 1.35594344861298E+001 1.52095156849788E+001
11.3974732 1.32819172768246E+001 1.48846395626168E+001
11.4971853 1.30120280371043E+001 1.45690942458901E+001
11.5969029 1.27494997510879E+001 1.42625385133638E+001
11.6966250 1.24940839098836E+001 1.39646546378946E+001
11.7963505 1.22455419726324E+001 1.36751382650811E+001
11.8960812 1.20036380766703E+001 1.33936898220602E+001
11.9958151 1.17681550134980E+001 1.31200330112507E+001
12.0955540 1.15388753292934E+001 1.28538927191346E+001
12.1952970 1.13155967881713E+001 1.25950128994903E+001
12.2950428 1.10981249880041E+001 1.23431478916504E+001
12.3947934 1.08862670271769E+001 1.20980550153247E+001
12.4945468 1.06798455392753E+001 1.18595107404624E+001
12.5943047 1.04786821898865E+001 1.16272915211337E+001
12.6940662 1.02826112723634E+001 1.14011894447584E+001
12.7938302 1.00914732847493E+001 1.11810047353660E+001
12.8935986 9.90510939633254E+000 1.09665393290748E+001
12.9933693 9.72337382480515E+000 1.07576110699990E+001
13.0931443 9.54611935544239E+000 1.05540369916797E+001
13.1929224 9.37320934112605E+000 1.03556470674696E+001
13.2927027 9.20451208524667E+000 1.01622776976526E+001
13.3924871 9.03989598199059E+000 9.97376610287651E+000
13.4922734 8.87924047213687E+000 9.78996283592585E+000
13.5920637 8.72242327952925E+000 9.61071712531860E+000
13.6918568 8.56933104163799E+000 9.43588900446563E+000
13.7916517 8.41985437303880E+000 9.26534362214421E+000
13.8914504 8.27388357712044E+000 9.09894632356083E+000
13.9912508 8.13131837794627E+000 8.93657371904244E+000
14.0910548 7.99205662323737E+000 8.77810077614996E+000
14.1908615 7.85600373473921E+000 8.62341155858901E+000
14.2906697 7.72306835004546E+000 8.47239423070082E+000
14.3904813 7.59315852198310E+000 8.32493672072672E+000
14.4902944 7.46619039229751E+000 8.18093654777018E+000
14.5901109 7.34207815358981E+000 8.04028940517619E+000
14.6899298 7.22074247849802E+000 7.90289870222303E+000
14.7897500 7.10210665587256E+000 7.76867115747696E+000
14.8895734 6.98609320875803E+000 7.63751295819824E+000
14.9893980 6.87263164966882E+000 7.50933851449308E+000
15.0892259 6.76164952860396E+000 7.38406032145397E+000
15.1890558 6.65307997521253E+000 7.26159746566569E+000
15.2888878 6.54685725778743E+000 7.14187059223156E+000
15.3887200 6.44291975314143E+000 7.02480523849016E+000
15.4885562 6.34120197878122E+000 6.91032284769187E+000
15.5883943 6.24164640794283E+000 6.79835406316212E+000
15.6882343 6.14419542278333E+000 6.68882965126380E+000
15.7880763 6.04879324690545E+000 6.58168266719629E+000
15.8879183 5.95538763977972E+000 6.47685034475768E+000
15.9877640 5.86392274295934E+000 6.37426605816989E+000
16.0876115 5.77434970534695E+000 6.27387123699056E+000
16.1874608 5.68661945974877E+000 6.17560724813837E+000
16.2873119 5.60068446564364E+000 6.07941734353088E+000
16.3871628 5.51650024320684E+000 5.98524836673011E+000
16.4870172 5.43401893094135E+000 5.89304353938618E+000
16.5868734 5.35319886783159E+000 5.80275317195110E+000
16.6867312 5.27399808938633E+000 5.71432737975861E+000
16.7865905 5.19637590310641E+000 5.62771783888896E+000
16.8864496 5.12029428032502E+000 5.54287933087910E+000
16.9863121 5.04571203792957E+000 5.45976324930277E+000
17.0861762 4.97259350288816E+000 5.37832725534050E+000
17.1860417 4.90090263938773E+000 5.29852872216735E+000
17.2859087 4.83060447640898E+000 5.22032632179486E+000
17.3857753 4.76166637324876E+000 5.14368142626781E+000
17.4856452 4.69405275068430E+000 5.06855224556860E+000
17.5855166 4.62773294566065E+000 4.99490255548164E+000
17.6853893 4.56267589396281E+000 4.92269578039510E+000
17.7852633 4.49885142671662E+000 4.85189643078007E+000
17.8851368 4.43623142343665E+000 4.78247137691902E+000
17.9850136 4.37478502854796E+000 4.71438454228878E+000
18.0848916 4.31448578916386E+000 4.64760481310452E+000
18.1847709 4.25530682842473E+000 4.58210068276424E+000
18.2846515 4.19722202553613E+000 4.51784155699614E+000
18.3845314 4.14020706844580E+000 4.45479891411803E+000
18.4844144 4.08423510048261E+000 4.39294148884174E+000
18.5842986 4.02928322162787E+000 4.33224245773934E+000
18.6841841 3.97532809660946E+000 4.27267457948014E+000
18.7840706 3.92234703120355E+000 4.21421138243734E+000
18.8839565 3.87031893514477E+000 4.15682822371571E+000
18.9838453 3.81922035108339E+000 4.10049790734364E+000
19.0837353 3.76903138915166E+000 4.04519722714885E+000
19.1836263 3.71973172143759E+000 3.99090254607389E+000
19.2835185 3.67130156566338E+000 3.93759087912036E+000
19.3834098 3.62372256763876E+000 3.88524086186383E+000
19.4833041 3.57697417102639E+000 3.83382875458258E+000
19.5831994 3.53103904599748E+000 3.78333441324391E+000
19.6830957 3.48589942807857E+000 3.73373725886273E+000
19.7829930 3.44153801893554E+000 3.68501726702508E+000
19.8828894 3.39793879656179E+000 3.63715585529884E+000
19.9827887 3.35508368967888E+000 3.59013223125064E+000
20.0826889 3.31295755359593E+000 3.54392885308665E+000
20.1825901 3.27154481682783E+000 3.49852774650247E+000
20.2824922 3.23083030752336E+000 3.45391141062377E+000
20.3823934 3.19079999861141E+000 3.41006363258921E+000
20.4822973 3.15143795521174E+000 3.36696614283515E+000
20.5822022 3.11273090424129E+000 3.32460361913290E+000
20.6821079 3.07466515680789E+000 3.28296031387534E+000
20.7820145 3.03722736779480E+000 3.24202088506604E+000
20.8819201 3.00040522234801E+000 3.20177114537001E+000
20.9818284 2.96418462856179E+000 3.16219499266808E+000
21.0817375 2.92855392173355E+000 3.12327900456059E+000
21.1816475 2.89350103447644E+000 3.08500934371703E+000
21.2815583 2.85901419608546E+000 3.04737252150476E+000
21.3814680 2.82508256601858E+000 3.01035608795300E+000
21.4813803 2.79169364746107E+000 2.97394580952868E+000
21.5812935 2.75883716227145E+000 2.93812989545270E+000
21.6812074 2.72650244413778E+000 2.90289615273916E+000
21.7811221 2.69467908358204E+000 2.86823268915611E+000
21.8810357 2.66335751345148E+000 2.83412854980906E+000
21.9809519 2.63252662184234E+000 2.80057111747901E+000
22.0808688 2.60217732958121E+000 2.76755000716999E+000
22.1807864 2.57230018466260E+000 2.73505444589592E+000
22.2807048 2.54288595808057E+000 2.70307392088757E+000
22.3806219 2.51392618579147E+000 2.67159876785831E+000
22.4805416 2.48541096196360E+000 2.64061777216199E+000
22.5804621 2.45733224720064E+000 2.61012176373601E+000
22.6803832 2.42968164501477E+000 2.58010119964762E+000
22.7803050 2.40245095309364E+000 2.55054676278544E+000
22.8802255 2.37563266570972E+000 2.52144990630846E+000
22.9801486 2.34921793041773E+000 2.49280063640128E+000
23.0800723 2.32319961206542E+000 2.46459083609186E+000
23.1799967 2.29757023423847E+000 2.43681203112002E+000
23.2799217 2.27232249006359E+000 2.40945594376402E+000
23.3798454 2.24744970861388E+000 2.38251499748247E+000
23.4797716 2.22294396005011E+000 2.35598026422759E+000
23.5796984 2.19879889770908E+000 2.32984454241616E+000
23.6796259 2.17500784935371E+000 2.30410028889320E+000
23.7795539 2.15156429116928E+000 2.27874013203081E+000
23.8794806 2.12846228134027E+000 2.25375734014242E+000
23.9794098 2.10569470026585E+000 2.22914391821223E+000
24.0793395 2.08325589060902E+000 2.20489346250970E+000
24.1792698 2.06113988483935E+000 2.18099924334220E+000
24.2792007 2.03934084569052E+000 2.15745468111476E+000
24.3791302 2.01785346975478E+000 2.13425378171792E+000
24.4790621 1.99667135083232E+000 2.11138936918553E+000
24.5789946 1.97578943571565E+000 2.08885573700815E+000
24.6789277 1.95520237595892E+000 2.06664686804249E+000
24.7788612 1.93490493772301E+000 2.04475687682733E+000
24.8787934 1.91489237794337E+000 2.02318041481377E+000
24.9787279 1.89515892012620E+000 2.00191102690922E+000
25.0786630 1.87570004179070E+000 1.98094361741296E+000
25.1785986 1.85651093966674E+000 1.96027279491293E+000
25.2785347 1.83758691155298E+000 1.93989328380802E+000
25.3784693 1.81892370735715E+000 1.91980030195605E+000
25.4784064 1.80051610775346E+000 1.89998803032885E+000
25.5783439 1.78236005757531E+000 1.88045190962142E+000
25.6782819 1.76445123475759E+000 1.86118709924892E+000
25.7782204 1.74678540656750E+000 1.84218886072112E+000
25.8781574 1.72935875758932E+000 1.82345291002462E+000
25.9780968 1.71216656262796E+000 1.80497399072706E+000
26.0780366 1.69520517890653E+000 1.78674801566439E+000
26.1779769 1.67847071005145E+000 1.76877063027709E+000
26.2779176 1.66195933882076E+000 1.75103757021456E+000
26.3778568 1.64566763390374E+000 1.73354499053843E+000
26.4777984 1.62959130931290E+000 1.71628813359484E+000
26.5777404 1.61372708696911E+000 1.69926332873146E+000
26.6776829 1.59807144789458E+000 1.68246665120408E+000
26.7776257 1.58262094335540E+000 1.66589425615139E+000
26.8775671 1.56737248216735E+000 1.64954268650305E+000
26.9775108 1.55232216957731E+000 1.63340762780454E+000
27.0774549 1.53746705069177E+000 1.61748577763166E+000
27.1773994 1.52280394181016E+000 1.60177359217412E+000
27.2773442 1.50832972171359E+000 1.58626759851128E+000
27.3772876 1.49404160100861E+000 1.57096468292775E+000
27.4772333 1.47993603417232E+000 1.55586092564160E+000
27.5771793 1.46601035327929E+000 1.54095335044632E+000
27.6771257 1.45226167308837E+000 1.52623875185304E+000
27.7770725 1.43868716404542E+000 1.51171398741112E+000
27.8770178 1.42528430505424E+000 1.49737624797341E+000
27.9769653 1.41204986295838E+000 1.48322196595783E+000
28.0769132 1.39898142513088E+000 1.46924845473709E+000
28.1768615 1.38607637253292E+000 1.45545280990806E+000
28.2768101 1.37333213585155E+000 1.44183218323547E+000
28.3767572 1.36074643296030E+000 1.42838403626519E+000
28.4767065 1.34831631064348E+000 1.41510511635339E+000
28.5766562 1.33603958381939E+000 1.40199299442578E+000
28.6766062 1.32391387132810E+000 1.38904503455319E+000
28.7765565 1.31193683649453E+000 1.37625865094891E+000
28.8765053 1.30010641042717E+000 1.36363154620032E+000
28.9764563 1.28841989126674E+000 1.35116074983736E+000
29.0764077 1.27687529710445E+000 1.33884406228253E+000
29.1763593 1.26547045973694E+000 1.32667908745537E+000
29.2763113 1.25420325082823E+000 1.31466347412209E+000
29.3762617 1.24307179209301E+000 1.30279513990105E+000
29.4762144 1.23207360777693E+000 1.29107136762234E+000
29.5761673 1.22120689769699E+000 1.27949016257466E+000
29.6761206 1.21046968463176E+000 1.26804934334642E+000
29.7760741 1.19986002715082E+000 1.25674676870841E+000
29.8760261 1.18937621763764E+000 1.24558054844582E+000
29.9759803 1.17901598408976E+000 1.23454819318974E+000
30.0759347 1.16877768913969E+000 1.22364789142731E+000
30.1758895 1.15865952713373E+000 1.21287765422085E+000
30.2758445 1.14865972460360E+000 1.20223552869849E+000
30.3757980 1.13877672700113E+000 1.19171979667345E+000
30.4757536 1.12900844624912E+000 1.18132817401206E+000
30.5757095 1.11935339109028E+000 1.17105901330075E+000
30.6756657 1.10980991025346E+000 1.16091049847244E+000
30.7756221 1.10037638145760E+000 1.15088084588580E+000
30.8755770 1.09105138765661E+000 1.14096849160891E+000
30.9755340 1.08183300707882E+000 1.13117133673366E+000
31.0754913 1.07271987979221E+000 1.12148788107814E+000
31.1754469 1.06371066452758E+000 1.11191664559973E+000
31.2754067 1.05480336272923E+000 1.10245545445022E+000
31.3753629 1.04599719364048E+000 1.09310342674236E+000
31.4753231 1.03729005011422E+000 1.08385827419382E+000
31.5752798 1.02868118583468E+000 1.07471915489135E+000
31.6752368 1.02016888032426E+000 1.06568419381840E+000
31.7751978 1.01175145146969E+000 1.05675155819053E+000
31.8751552 1.00342820175086E+000 1.04792046127632E+000
31.9751168 9.95197179072438E-001 1.03918878629456E+000
32.0750747 9.87057716641934E-001 1.03055578124044E+000
32.1750329 9.79008225816990E-001 1.02201971729961E+000
32.2749952 9.71047153066380E-001 1.01357890424316E+000
32.3749539 9.63173875156009E-001 1.00523263926275E+000
32.4749166 9.55386581281517E-001 9.96978961589175E-001
32.5748758 9.47684675653083E-001 9.88817199391682E-001
32.6748352 9.40066689473940E-001 9.80745756537514E-001
32.7747986 9.32531186128685E-001 9.72763072201611E-001
32.8747585 9.25077608751641E-001 9.64868518462562E-001
32.9747223 9.17704275482717E-001 9.57060276692850E-001
33.0746827 9.10410653993125E-001 9.49337746634396E-001
33.1746432 9.03195384592504E-001 9.41699452748808E-001
33.2746078 8.96057137128940E-001 9.34143951854157E-001
33.3745687 8.88995414091281E-001 9.26670682924362E-001
33.4745337 8.82008651467119E-001 9.19277957031311E-001
33.5744951 8.75096373704098E-001 9.11965237878131E-001
33.6744568 8.68257320583297E-001 9.04731159696550E-001
33.7744224 8.61490259036184E-001 8.97574386413014E-001
33.8743844 8.54794744684156E-001 8.90494416818787E-001
33.9743505 8.48169321373160E-001 8.83489680505024E-001
34.0743130 8.41613564394184E-001 8.76559698390899E-001
34.1742756 8.35126304341613E-001 8.69703204768997E-001
34.2742423 8.28706396799035E-001 8.62918961222024E-001
34.3742054 8.22353444993517E-001 8.56206520080982E-001
34.4741725 8.16066091622504E-001 8.49564419393751E-001
34.5741359 8.09843957547318E-001 8.42992231309884E-001
34.6740996 8.03685956383203E-001 8.36488781459658E-001
34.7740673 7.97591024775704E-001 8.30052920587712E-001
34.8740313 7.91558808641778E-001 8.23684248989535E-001
34.9739994 7.85588041396818E-001 8.17381404098623E-001
35.0739638 7.79678384780128E-001 8.11144003976124E-001
35.1739284 7.73828828403848E-001 8.04970957740517E-001
35.2738971 7.68038383132237E-001 7.98861197652912E-001
35.3738621 7.62306733194418E-001 7.92814367015353E-001
35.4738310 7.56632695367768E-001 7.86829194456873E-001
35.5737964 7.51015968088796E-001 7.80905339217962E-001
35.6737620 7.45455610625952E-001 7.75041786831233E-001
35.7737315 7.39950701883301E-001 7.69237544182388E-001
35.8736974 7.34500960498903E-001 7.63492293165531E-001
35.9736673 7.29105279949645E-001 7.57804846199448E-001
36.0736335 7.23763391639866E-001 7.52174899488355E-001
36.1735999 7.18474418762396E-001 7.46601508594288E-001
36.2735704 7.13237502674064E-001 7.41083748805809E-001
36.3735371 7.08052392937660E-001 7.35621336673704E-001
36.4735079 7.02918053686635E-001 7.30213161700059E-001
36.5734750 6.97834245962627E-001 7.24858953292948E-001
36.6734423 6.92800151693893E-001 7.19557831272993E-001
36.7734135 6.87814969631133E-001 7.14308933706796E-001
36.8733811 6.82878477148224E-001 7.09112008289466E-001
36.9733527 6.77989703546519E-001 7.03966015524525E-001
37.0733206 6.73148436527355E-001 6.98870714666674E-001
37.1732887 6.68353912050605E-001 6.93825284571784E-001
37.2732608 6.63605381673934E-001 6.88828920992212E-001
37.3732292 6.58902647796819E-001 6.83881399629050E-001
37.4732015 6.54244799896569E-001 6.78981746464129E-001
37.5731702 6.49631649669322E-001 6.74129747597729E-001
37.6731391 6.45062482836854E-001 6.69324636186722E-001
37.7731119 6.40536599599357E-001 6.64565661052764E-001
37.8730811 6.36053824887408E-001 6.59852623095747E-001
37.9730543 6.31613303808088E-001 6.55184608753258E-001
38.0730237 6.27214869664867E-001 6.50561428285655E-001
38.1729934 6.22857854060738E-001 6.45982364854123E-001
38.2729669 6.18541602052638E-001 6.41446716158953E-001
38.3729369 6.14265958866119E-001 6.36954305785262E-001
38.4729107 6.10030121092478E-001 6.32504276052992E-001
38.5728809 6.05833941501496E-001 6.28096458976973E-001
38.6728513 6.01676794045815E-001 6.23730183818058E-001
38.7728256 5.97558065193244E-001 6.19404793346110E-001
38.8727962 5.93477618457854E-001 6.15120131578518E-001
38.9727708 5.89434698130194E-001 6.10875392547800E-001
39.0727417 5.85429174524532E-001 6.06670427866241E-001
39.1727127 5.81460460725330E-001 6.02504609341485E-001
39.2726877 5.77527981470927E-001 5.98377321346369E-001
39.3726590 5.73631616761895E-001 5.94288426309270E-001
39.4726343 5.69770655128055E-001 5.90237166168695E-001
39.5726059 5.65944982701532E-001 5.86223410198444E-001
39.6725776 5.62154048763118E-001 5.82246569516136E-001
39.7725533 5.58397313456349E-001 5.78306066938782E-001
39.8725252 5.54674671648449E-001 5.74401781490613E-001
39.9725012 5.50985452941844E-001 5.70532999536839E-001
40.0724734 5.47329557733892E-001 5.66699606273656E-001
40.1724458 5.43706468820651E-001 5.62901049176234E-001
40.2724221 5.40115679133382E-001 5.59136786623947E-001
40.3723947 5.36557096948637E-001 5.55406712605434E-001
40.4723712 5.33030090039831E-001 5.51710154728654E-001
40.5723441 5.29534571672260E-001 5.48047012548534E-001
40.6723171 5.26070055705728E-001 5.44416767201587E-001
40.7722940 5.22636065465447E-001 5.40818909997361E-001
40.8722673 5.19232521325109E-001 5.37253348421291E-001
40.9722444 5.15858826567365E-001 5.33719448406996E-001
41.0722179 5.12514906066913E-001 5.30217122461034E-001
41.1721915 5.09200302503177E-001 5.26745882916206E-001
41.2721690 5.05914567403670E-001 5.23305251605270E-001
41.3721428 5.02657632056817E-001 5.19895148189163E-001
41.4721206 4.99428932810046E-001 5.16514974251505E-001
41.5720946 4.96228405013056E-001 5.13164653983266E-001
41.6720688 4.93055618108352E-001 5.09843728657264E-001
41.7720469 4.89910149816966E-001 5.06551748426007E-001
41.8720213 4.86791941275796E-001 5.03288643935426E-001
41.9719996 4.83700459649719E-001 5.00053849962205E-001
42.0719743 4.80635649740164E-001 4.96847301239586E-001
42.1719490 4.77597105866074E-001 4.93668565912985E-001
42.2719276 4.74584430098866E-001 4.90517220435273E-001
42.3719026 4.71597572461703E-001 4.87393205363909E-001
42.4718815 4.68636028868620E-001 4.84295986410076E-001
42.5718566 4.65699752649116E-001 4.81225507819153E-001
42.6718319 4.62788361265968E-001 4.78181362712715E-001
42.7718111 4.59901479448070E-001 4.75163151991335E-001
42.8717866 4.57039065235957E-001 4.72170825155382E-001
42.9717660 4.54200641387331E-001 4.69203876772127E-001
43.0717417 4.51386168925456E-001 4.66262259669291E-001
43.1717175 4.48595286864182E-001 4.63345590203209E-001
43.2716972 4.45827641033361E-001 4.60453492020670E-001
43.3716732 4.43083196705775E-001 4.57585922690344E-001
43.4716531 4.40361501725496E-001 4.54742403720956E-001
43.5716293 4.37662524055500E-001 4.51922895682821E-001
43.6716056 4.34985922795025E-001 4.49127036566326E-001
43.7715858 4.32331363442346E-001 4.46354471200235E-001
43.8715623 4.29698817792616E-001 4.43605164431291E-001
43.9715428 4.27087857154061E-001 4.40878662944134E-001
44.0715195 4.24498455747424E-001 4.38174934292729E-001
44.1714963 4.21930291407278E-001 4.35493636628689E-001
44.2714770 4.19383047980593E-001 4.32834434523236E-001
44.3714539 4.16856703142703E-001 4.30197299386763E-001
44.4714348 4.14350850166992E-001 4.27581801450132E-001
44.5714120 4.11865468914914E-001 4.24987914564669E-001
44.6713893 4.09400254711626E-001 4.22415315686689E-001
44.7713704 4.06954908535842E-001 4.19863687803854E-001
44.8713479 4.04529413361787E-001 4.17333008243931E-001
44.9713293 4.02123383041577E-001 4.14822869278261E-001
45.0713069 3.99736802518723E-001 4.12333250434569E-001
45.1712846 3.97369383460241E-001 4.09863846223283E-001
45.2712662 3.95020842853345E-001 4.07414356825850E-001
45.3712441 3.92691168444740E-001 4.04984764902485E-001
45.4712259 3.90379993381753E-001 4.02574683372441E-001
45.5712040 3.88087307183938E-001 4.00184096877705E-001
45.6711822 3.85812836799074E-001 3.97812716328798E-001
45.7711643 3.83556314185194E-001 3.95460257972556E-001
45.8711426 3.81317731384525E-001 3.93126709271956E-001
45.9711248 3.79096739650287E-001 3.90811702505084E-001
46.0711034 3.76893332619523E-001 3.88515226919043E-001
46.1710820 3.74707251539757E-001 3.86237008758560E-001
46.2710644 3.72538242380323E-001 3.83976779293496E-001
46.3710432 3.70386301046652E-001 3.81734530309708E-001
46.4710259 3.68251095794830E-001 3.79509912249735E-001
46.5710048 3.66132623963682E-001 3.77302918504439E-001
46.6709838 3.64030640192677E-001 3.75113289667378E-001
46.7709667 3.61944903574451E-001 3.72940771067685E-001
46.8709459 3.59875413485604E-001 3.70785358379139E-001
46.9709290 3.57821854161219E-001 3.68646719101111E-001
47.0709083 3.55784226264879E-001 3.66524850349989E-001
47.1708877 3.53762296987244E-001 3.64419506156416E-001
47.2708710 3.51755837721713E-001 3.62330445016935E-001
47.3708506 3.49764850960435E-001 3.60257666098855E-001
47.4708341 3.47789035966280E-001 3.58200852930313E-001
47.5708138 3.45828396385532E-001 3.56160005973936E-001
47.6707936 3.43882711180713E-001 3.54134891853099E-001
47.7707773 3.41951763283451E-001 3.52125281405715E-001
47.8707573 3.40035557978751E-001 3.50131176934877E-001
47.9707411 3.38133808672813E-001 3.48152277042452E-001
48.0707212 3.36246521684199E-001 3.46188585193212E-001
48.1707014 3.34373487024302E-001 3.44239879820666E-001
48.2706855 3.32514498455494E-001 3.42305943338370E-001
48.3706658 3.30669563762721E-001 3.40386780860590E-001
48.4706500 3.28838409672465E-001 3.38482105174980E-001
48.5706305 3.27021044893769E-001 3.36591922436200E-001
48.6706110 3.25217269815633E-001 3.34716022161920E-001
48.7705955 3.23426888374212E-001 3.32854197630940E-001
48.8705762 3.21649910588459E-001 3.31006456474062E-001
48.9705608 3.19886075738617E-001 3.29172524838494E-001
49.0705416 3.18135394668334E-001 3.27352411285331E-001
49.1705225 3.16397677520479E-001 3.25545915742419E-001
49.2705073 3.14672737794476E-001 3.23752841694187E-001
49.3704883 3.12960587501781E-001 3.21973199020488E-001
49.4704733 3.11260977761962E-001 3.20206726458642E-001
49.5704545 3.09573921320893E-001 3.18453434718814E-001
49.6704357 3.07899237495279E-001 3.16713133512804E-001
49.7704208 3.06236748780017E-001 3.14985635917732E-001
49.8704022 3.04586468959719E-001 3.13270953819595E-001
49.9703875 3.02948160326867E-001 3.11568837828720E-001
50.0703690 3.01321837318486E-001 3.09879300570615E-001
50.1703506 2.99707327885321E-001 3.08202160958733E-001
50.2703361 2.98104462989267E-001 3.06537241092872E-001
50.3703178 2.96513257988838E-001 3.04884554644558E-001
50.4703034 2.94933485727356E-001 3.03243863428270E-001
50.5702853 2.93365162141248E-001 3.01615181772566E-001
50.6702672 2.91808123312566E-001 2.99998337250678E-001
50.7702530 2.90262208177965E-001 2.98393160454585E-001
50.8702350 2.88727433488842E-001 2.96799666640937E-001
50.9702209 2.87203582058237E-001 2.95217628204049E-001
51.0702031 2.85690671147780E-001 2.93647060982683E-001
51.1701853 2.84188544502268E-001 2.92087800705215E-001
51.2701714 2.82697048574288E-001 2.90539685961702E-001
51.3701538 2.81216201343664E-001 2.89002733411874E-001
51.4701400 2.79745795049897E-001 2.87476725446695E-001
51.5701225 2.78285848121553E-001 2.85961679239935E-001
51.6701050 2.76836211529150E-001 2.84457438204812E-001
51.7700914 2.75396738813217E-001 2.82963848468934E-001
51.8700741 2.73967449032595E-001 2.81480927929714E-001
51.9700606 2.72548143345018E-001 2.80008468429612E-001
52.0700434 2.71138841202207E-001 2.78546488318245E-001
52.1700263 2.69739400392502E-001 2.77094838255048E-001
52.2700130 2.68349681144860E-001 2.75653371475622E-001
52.3699959 2.66969703461407E-001 2.74222106964810E-001
52.4699827 2.65599276942328E-001 2.72800845506599E-001
52.5699658 2.64238421931884E-001 2.71389606481857E-001
52.6699489 2.62887002655254E-001 2.69988247386863E-001
52.7699359 2.61544885656635E-001 2.68596628164270E-001
52.8699192 2.60212091758146E-001 2.67214768749846E-001
52.9699063 2.58888438556704E-001 2.65842478391720E-001
53.0698897 2.57573947170474E-001 2.64479777370655E-001
53.1698731 2.56268487905386E-001 2.63126529637445E-001
53.2698603 2.54971933272047E-001 2.61782601467285E-001
53.3698439 2.53684304800589E-001 2.60448013622884E-001
53.4698313 2.52405427666833E-001 2.59122583369313E-001
53.5698149 2.51135323655106E-001 2.57806331767924E-001
53.6697986 2.49873868819051E-001 2.56499128866700E-001
53.7697861 2.48620941309394E-001 2.55200846923331E-001
53.8697699 2.47376563262611E-001 2.53911507414856E-001
53.9697576 2.46140567041471E-001 2.52630935204095E-001
54.0697415 2.44912974998648E-001 2.51359152024643E-001
54.1697254 2.43693668623808E-001 2.50096033687488E-001
54.2697133 2.42482531402397E-001 2.48841458105411E-001
54.3696973 2.41279585984939E-001 2.47595447367535E-001
54.4696852 2.40084671553241E-001 2.46357833541217E-001
54.5696694 2.38897810939542E-001 2.45128638933928E-001
54.6696536 2.37718890777633E-001 2.43907744806916E-001
54.7696417 2.36547799601647E-001 2.42695034421625E-001
54.8696260 2.35384560492405E-001 2.41490530386447E-001
54.9696142 2.34229019105186E-001 2.40294071604203E-001
55.0695986 2.33081198671246E-001 2.39105680866956E-001
55.1695831 2.31940990694965E-001 2.37925244593347E-001
55.2695714 2.30808288491097E-001 2.36752651106500E-001
55.3695560 2.29683115494792E-001 2.35587923449851E-001
55.4695444 2.28565323510025E-001 2.34430907015046E-001
55.5695291 2.27454936094023E-001 2.33281624997734E-001
55.6695138 2.26351849365262E-001 2.32139968699519E-001
55.7695023 2.25255961167731E-001 2.31005831236261E-001
55.8694872 2.24167295222048E-001 2.29879236010045E-001
55.9694758 2.23085709175448E-001 2.28760034575568E-001
56.0694607 2.22011226844922E-001 2.27648250458608E-001
56.1694457 2.20943748722390E-001 2.26543779586410E-001
56.2694345 2.19883176945190E-001 2.25446519615377E-001
56.3694196 2.18829535457010E-001 2.24356494236985E-001
56.4694085 2.17782687460938E-001 2.23273560862633E-001
56.5693936 2.16742656973761E-001 2.22197743281639E-001
56.6693788 2.15709348634905E-001 2.21128941805473E-001
56.7693678 2.14682668653587E-001 2.20067058394446E-001
56.8693531 2.13662641140070E-001 2.19012116966677E-001
56.9693423 2.12649134582687E-001 2.17963980501999E-001
57.0693276 2.11642173143735E-001 2.16922672992963E-001
57.1693130 2.10641665397915E-001 2.15888098908621E-001
57.2693023 2.09647521418249E-001 2.14860164291026E-001
57.3692878 2.08659765430471E-001 2.13838893228122E-001
57.4692772 2.07678270953213E-001 2.12824153996774E-001
57.5692628 2.06703062245199E-001 2.11815970738176E-001
57.6692484 2.05734051616908E-001 2.10814251866065E-001
57.7692379 2.04771152809585E-001 2.09818907295532E-001
57.8692236 2.03814390118239E-001 2.08829961232940E-001
57.9692132 2.02863641851482E-001 2.07847286996511E-001
58.0691990 2.01918932320115E-001 2.06870908826706E-001
58.1691849 2.00980177382780E-001 2.05900738881855E-001
58.2691746 2.00047294264986E-001 2.04936690753902E-001
58.3691605 1.99120307289305E-001 2.03978788721169E-001
58.4691503 1.98199099327671E-001 2.03026910902234E-001
58.5691363 1.97283694702931E-001 2.02081081592215E-001
58.6691224 1.96374012645346E-001 2.01141216505854E-001
58.7691123 1.95469973691569E-001 2.00207232727444E-001
58.8690985 1.94571602154115E-001 1.99279154565308E-001
58.9690885 1.93678785254348E-001 1.98356864711086E-001
59.0690747 1.92791547291077E-001 1.97440387474287E-001
59.1690610 1.91909810699958E-001 1.96529641949002E-001
59.2690511 1.91033499165780E-001 1.95624548538239E-001
59.3690374 1.90162636957122E-001 1.94725131542480E-001
59.4690277 1.89297115442814E-001 1.93831278011944E-001
59.5690141 1.88436958865150E-001 1.92943012234235E-001
59.6690006 1.87582092708595E-001 1.92060256516082E-001
59.7689909 1.86732443652497E-001 1.91182934415727E-001
59.8689774 1.85888035891030E-001 1.90311070191728E-001
59.9689678 1.85048764749700E-001 1.89444555050372E-001
60.0689545 1.84214654385097E-001 1.88583413224683E-001
60.1689411 1.83385633182902E-001 1.87727570076991E-001
60.2689316 1.82561630672260E-001 1.86876952166757E-001
60.3689184 1.81742670945591E-001 1.86031583679960E-001
60.4689090 1.80928653104736E-001 1.85191359787653E-001
60.5688958 1.80119601194398E-001 1.84356304638911E-001
60.6688827 1.79315446362288E-001 1.83526346503656E-001
60.7688734 1.78516120850823E-001 1.82701414797397E-001
60.8688603 1.77721648626158E-001 1.81881533606013E-001
60.9688511 1.76931932395929E-001 1.81066601884507E-001
61.0688381 1.76146996069513E-001 1.80256643671661E-001
61.1688251 1.75366773425323E-001 1.79451590005412E-001
61.2688160 1.74591199290220E-001 1.78651373020410E-001
61.3688031 1.73820297482184E-001 1.77856016677771E-001
61.4687941 1.73053974153285E-001 1.77065423545462E-001
61.5687813 1.72292253056638E-001 1.76279617528381E-001
61.6687685 1.71535070477384E-001 1.75498532300794E-001
61.7687596 1.70782363705204E-001 1.74722102587310E-001
61.8687469 1.70034156390367E-001 1.73950352202228E-001
61.9687381 1.69290357976624E-001 1.73183187164707E-001
62.0687254 1.68550992042180E-001 1.72420631224687E-001
62.1687128 1.67815997261814E-001 1.71662620568453E-001
62.2687041 1.67085313273144E-001 1.70909092388616E-001
62.3686916 1.66358963541353E-001 1.70160070332994E-001
62.4686829 1.65636860657207E-001 1.69415463718799E-001
62.5686704 1.64919028007440E-001 1.68675296122242E-001
62.6686580 1.64205406545820E-001 1.67939506124218E-001
62.7686494 1.63495938149336E-001 1.67208033270155E-001
62.8686371 1.62790646082693E-001 1.66480901023897E-001
62.9686286 1.62089445946585E-001 1.65758021855676E-001
63.0686163 1.61392360921625E-001 1.65039419151303E-001
63.1686040 1.60699334135960E-001 1.64325033775343E-001
63.2685918 1.60010335810439E-001 1.63614834530094E-001
63.3685872 1.59325284319147E-001 1.62908736786217E-001
63.4685751 1.58644254929585E-001 1.62206817633213E-001
63.5685630 1.57967166230771E-001 1.61508992673886E-001
63.6685509 1.57293989481426E-001 1.60815231806566E-001
63.7685388 1.56624696193073E-001 1.60125505196499E-001
63.8685344 1.55959207504126E-001 1.59439731107870E-001
63.9685224 1.55297596961480E-001 1.58757984864049E-001
64.0685105 1.54639785903219E-001 1.58080184944930E-001
64.1684986 1.53985746826369E-001 1.57406302556047E-001
64.2684867 1.53335452468049E-001 1.56736309156318E-001
64.3684824 1.52688826613530E-001 1.56070125779347E-001
64.4684706 1.52045941132345E-001 1.55407826026566E-001
64.5684588 1.51406719995200E-001 1.54749331131964E-001
64.6684470 1.50771136875361E-001 1.54094613542237E-001
64.7684353 1.50139165674202E-001 1.53443645944719E-001
64.8684312 1.49510732712339E-001 1.52796352024676E-001
64.9684195 1.48885908224243E-001 1.52152803704865E-001
65.0684079 1.48264618702696E-001 1.51512924856655E-001
65.1683963 1.47646838938671E-001 1.50876689105660E-001
65.2683847 1.47032543939956E-001 1.50244070306120E-001
65.3683808 1.46421662456614E-001 1.49614994683187E-001
65.4683692 1.45814263129407E-001 1.48989532523267E-001
65.5683578 1.45210274868186E-001 1.48367610224298E-001
65.6683463 1.44609673526426E-001 1.47749202532124E-001
65.7683349 1.44012435163748E-001 1.47134284409885E-001
65.8683311 1.43418490859057E-001 1.46522784516481E-001
65.9683197 1.42827907699807E-001 1.45914771543333E-001
66.0683084 1.42240616913140E-001 1.45310174309709E-001
66.1682971 1.41656595362925E-001 1.44708968626318E-001
66.2682858 1.41075820109109E-001 1.44111130510477E-001
66.3682821 1.40498224463812E-001 1.43516590953994E-001
66.4682709 1.39923874000631E-001 1.42925417093732E-001
66.5682597 1.39352702169149E-001 1.42337540070279E-001
66.6682485 1.38784686794429E-001 1.41752936706966E-001
66.7682374 1.38219805888108E-001 1.41171584023634E-001
66.8682339 1.37657994904591E-001 1.40593415249162E-001
66.9682228 1.37099317942128E-001 1.40018496005326E-001
67.0682118 1.36543710582534E-001 1.39446759658972E-001
67.1682007 1.35991151565594E-001 1.38878183996721E-001
67.2681897 1.35441619808692E-001 1.38312746992174E-001
67.3681864 1.34895052822015E-001 1.37750384020144E-001
67.4681754 1.34351513266046E-001 1.37191159225860E-001
67.5681645 1.33810938768996E-001 1.36635008112011E-001
67.6681536 1.33273308941465E-001 1.36081909381916E-001
67.7681428 1.32738603563160E-001 1.35531841916869E-001
67.8681396 1.32206762117733E-001 1.34984743150930E-001
67.9681288 1.31677845864548E-001 1.34440675790375E-001
68.0681180 1.31151794396515E-001 1.33899577387721E-001
68.1681072 1.30628588153536E-001 1.33361427518960E-001
68.2680965 1.30108207736596E-001 1.32826205929544E-001
68.3680934 1.29590594524434E-001 1.32293852030278E-001
68.4680827 1.29075808411029E-001 1.31764427125164E-001
68.5680721 1.28563790876195E-001 1.31237870734670E-001
68.6680615 1.28054523149882E-001 1.30714163265841E-001
68.7680509 1.27547986615525E-001 1.30193285287135E-001
68.8680479 1.27044124472304E-001 1.29675178107558E-001
68.9680374 1.26542995283642E-001 1.29159901664595E-001
69.0680269 1.26044542342153E-001 1.28647397368707E-001
69.1680164 1.25548747630690E-001 1.28137646418632E-001
69.2680059 1.25055593278406E-001 1.27630630166911E-001
69.3680031 1.24565024233796E-001 1.27126291745946E-001
69.4679927 1.24077097763667E-001 1.26624689761560E-001
69.5679823 1.23591758902812E-001 1.26125767439943E-001
69.6679719 1.23108990351832E-001 1.25629506734291E-001
69.7679615 1.22628774950830E-001 1.25135889744402E-001
69.8679589 1.22151059329817E-001 1.24644861354798E-001
69.9679486 1.21675899492051E-001 1.24156478873605E-001
70.0679383 1.21203242147174E-001 1.23670687271972E-001
70.1679281 1.20733070680256E-001 1.23187469222315E-001
70.2679178 1.20265368609423E-001 1.22706807536831E-001
70.3679153 1.19800084181553E-001 1.22228648784222E-001
70.4679051 1.19337272168563E-001 1.21753049008011E-001
70.5678949 1.18876880890731E-001 1.21279954856838E-001
70.6678848 1.18418894386071E-001 1.20809349688973E-001
70.7678747 1.17963296819547E-001 1.20341216996007E-001
70.8678723 1.17510037993233E-001 1.19875504966042E-001
70.9678622 1.17059171479064E-001 1.19412268410227E-001
71.0678522 1.16610647146696E-001 1.18951455590353E-001
71.1678422 1.16164449657214E-001 1.18493050518941E-001
71.2678322 1.15720563792866E-001 1.18037037335711E-001
71.3678299 1.15278940852074E-001 1.17583365786372E-001
71.4678200 1.14839633237323E-001 1.17132089481085E-001
71.5678100 1.14402592309181E-001 1.16683158233408E-001
71.6678002 1.13967803323485E-001 1.16236556680166E-001
71.7677903 1.13535251651758E-001 1.15792269579589E-001
71.8677881 1.13104890032584E-001 1.15350248176022E-001
71.9677783 1.12676769728725E-001 1.14910544909195E-001
72.0677685 1.12250843535835E-001 1.14473111085849E-001
72.1677587 1.11827097277658E-001 1.14037931938734E-001
72.2677489 1.11405516888419E-001 1.13604992816503E-001
72.3677468 1.10986056493220E-001 1.13174246405847E-001
72.4677371 1.10568766244027E-001 1.12745744005814E-001
72.5677275 1.10153600318263E-001 1.12319438360397E-001
72.6677178 1.09740545082110E-001 1.11895315271352E-001
72.7677082 1.09329587007297E-001 1.11473360651130E-001
72.8677062 1.08920681554184E-001 1.11053528575011E-001
72.9676966 1.08513877792101E-001 1.10635869230318E-001
73.0676870 1.08109131229297E-001 1.10220336744870E-001
73.1676774 1.07706428750224E-001 1.09806917463906E-001
73.2676679 1.07305757340198E-001 1.09395597838412E-001
73.3676660 1.06907073745861E-001 1.08986333280904E-001
73.4676565 1.06510425981300E-001 1.08579172895157E-001
73.5676471 1.06115770836902E-001 1.08174072141780E-001
73.6676376 1.05723095692450E-001 1.07771017885269E-001
73.7676282 1.05332388024143E-001 1.07369997091173E-001
73.8676264 1.04943605818077E-001 1.06970966460173E-001
73.9676171 1.04556796059759E-001 1.06573974039916E-001
74.0676077 1.04171916775159E-001 1.06178976575017E-001
74.1675984 1.03788955817607E-001 1.05785961426238E-001
74.2675890 1.03407901132624E-001 1.05394916050935E-001
74.3675874 1.03028711900987E-001 1.05005798391038E-001
74.4675781 1.02651434105552E-001 1.04618655464751E-001
74.5675688 1.02276026963351E-001 1.04233445254053E-001
74.6675596 1.01902478780568E-001 1.03850155594138E-001
74.7675504 1.01530777951566E-001 1.03468774412561E-001
74.8675488 1.01160884808964E-001 1.03089260847641E-001
74.9675396 1.00792844358200E-001 1.02711660914092E-001
75.0675305 1.00426616964770E-001 1.02335933786654E-001
75.1675213 1.00062191368049E-001 1.01962067754213E-001
75.2675122 9.96995563917794E-002 1.01590051193995E-001
75.3675108 9.93386734794316E-002 1.01219844397794E-001
75.4675017 9.89795866835685E-002 1.00851492402085E-001
75.5674926 9.86222574773772E-002 1.00484955531694E-001
75.6674836 9.82666750147390E-002 1.00120222509494E-001
75.7674746 9.79128285302736E-002 9.97572821428730E-002
75.8674732 9.75606805390617E-002 9.93960958360338E-002
75.9674642 9.72102741646652E-002 9.90367076717808E-002
76.0674553 9.68615719489324E-002 9.86790790841786E-002
76.1674463 9.65145634424782E-002 9.83231992113558E-002
76.2674374 9.61692382732078E-002 9.79690572723253E-002
76.3674361 9.58255599902379E-002 9.76166157443850E-002
76.4674273 9.54835708113504E-002 9.72659177805631E-002
76.5674184 9.51432343096748E-002 9.69169258850620E-002
76.6674096 9.48045404156575E-002 9.65696295934574E-002
76.7674007 9.44674791337550E-002 9.62240185187538E-002
76.8673996 9.41320150111282E-002 9.58800561737036E-002
76.9673908 9.37981893823647E-002 9.55377848048010E-002
77.0673820 9.34659668160658E-002 9.51971679489391E-002
77.1673732 9.31353376064279E-002 9.48581955222021E-002
77.2673645 9.28062921185360E-002 9.45208575148154E-002
77.3673634 9.24787958631089E-002 9.41851184389309E-002
77.4673547 9.21528893135076E-002 9.38510196571147E-002
77.5673461 9.18285379994887E-002 9.35185257030777E-002
77.6673374 9.15057325636935E-002 9.31876268572970E-002
77.7673288 9.11844637166800E-002 9.28583134712619E-002
77.8673278 9.08646978996709E-002 9.25305510219768E-002
77.9673192 9.05464747461658E-002 9.22043800100669E-002
78.0673106 9.02297607141821E-002 9.18797659316858E-002
78.1673020 8.99145467802347E-002 9.15566994163648E-002
78.2672935 8.96008239859250E-002 9.12351711616695E-002
78.3672925 8.92885596712883E-002 9.09151475763456E-002
78.4672840 8.89777926507426E-002 9.05966683204624E-002
78.5672755 8.86684902790249E-002 9.02796998196645E-002
78.6672671 8.83606438526459E-002 8.99642330379352E-002
78.7672586 8.80542447305084E-002 8.96502590044568E-002
78.8672578 8.77492611210668E-002 8.93377450279706E-002
78.9672493 8.74457310398673E-002 8.90267299487885E-002
79.0672409 8.71436227081128E-002 8.87171810904509E-002
79.1672325 8.68429277290909E-002 8.84090897374871E-002
79.2672242 8.65436377659129E-002 8.81024472369245E-002
79.3672234 8.62457218662951E-002 8.77972217670553E-002
79.4672151 8.59492172665677E-002 8.74934513686624E-002
79.5672068 8.56540930253728E-002 8.71911042328772E-002
79.6671985 8.53603410401778E-002 8.68901719515282E-002
79.7671902 8.50679532658263E-002 8.65906461763686E-002
79.8671895 8.47768995613162E-002 8.62924959260347E-002
79.9671813 8.44872164028785E-002 8.59957584614545E-002
80.0671730 8.41988736587373E-002 8.57004028122752E-002
80.1671648 8.39118635085326E-002 8.54064208650015E-002
80.2671566 8.36261781869467E-002 8.51138045636103E-002
80.3671560 8.33417883374012E-002 8.48225237390557E-002
80.4671478 8.30587296946211E-002 8.45326148915449E-002
80.5671397 8.27769729096695E-002 8.42440478613376E-002
80.6671315 8.24965104329102E-002 8.39568148175830E-002
80.7671234 8.22173347675238E-002 8.36709079845641E-002
80.8671229 8.19394173155672E-002 8.33862979786505E-002
80.9671148 8.16627930883434E-002 8.31030205579390E-002
81.0671067 8.13874334940744E-002 8.28210463465150E-002
81.1670987 8.11133312429279E-002 8.25403677847002E-002
81.2670906 8.08404790957667E-002 8.22609773657206E-002
81.3670902 8.05688491885146E-002 8.19828464655307E-002
81.4670822 8.02984758266420E-002 8.17060101182177E-002
81.5670742 8.00293311508621E-002 8.14304397059705E-002
81.6670662 7.97614081207302E-002 8.11561279293424E-002
81.7670583 7.94946997444710E-002 8.08830675396639E-002
81.8670579 7.92291788680804E-002 8.06112306476668E-002
81.9670500 7.89648791083043E-002 8.03406515810335E-002
82.0670421 7.87017733146470E-002 8.00713024553500E-002
82.1670342 7.84398546861105E-002 7.98031762209632E-002
82.2670263 7.81791164684325E-002 7.95362658769681E-002
82.3670260 7.79195321948149E-002 7.92705442450407E-002
82.4670182 7.76611348099202E-002 7.90060449635827E-002
82.5670103 7.74038978492664E-002 7.87427408578393E-002
82.6670025 7.71478147418127E-002 7.84806251179906E-002
82.7669947 7.68928789614083E-002 7.82196909810278E-002
82.8669945 7.66390647064813E-002 7.79599119566685E-002
82.9669867 7.63864042657982E-002 7.77013210106909E-002
83.0669790 7.61348718389939E-002 7.74438916551854E-002
83.1669712 7.58844610759243E-002 7.71876173106577E-002
83.2669635 7.56351656695733E-002 7.69324914425757E-002
83.3669634 7.53869604624613E-002 7.66784882266841E-002
83.4669556 7.51398771032050E-002 7.64256399723395E-002
83.5669479 7.48938904345012E-002 7.61739208565470E-002
83.6669403 7.46489943184492E-002 7.59233245210600E-002
83.7669326 7.44051826585927E-002 7.56738446508282E-002
83.8669326 7.41624309212194E-002 7.54254560664575E-002
83.9669249 7.39207701301151E-002 7.51781904366439E-002
84.0669173 7.36801757507858E-002 7.49320225822188E-002
84.1669097 7.34406418493077E-002 7.46869463575137E-002
84.2669021 7.32021625315925E-002 7.44429556583694E-002
84.3669022 7.29647138681424E-002 7.42000259298961E-002
84.4668946 7.27283262728148E-002 7.39581882154622E-002
84.5668870 7.24929758144408E-002 7.37174179594423E-002
84.6668795 7.22586567551738E-002 7.34777092204635E-002
84.7668720 7.20253633954648E-002 7.32390560970499E-002
84.8668721 7.17930723912167E-002 7.30014346392344E-002
84.9668646 7.15618135608561E-002 7.27648752799730E-002
85.0668571 7.13315635577897E-002 7.25293540676705E-002
85.1668496 7.11023168326971E-002 7.22948652573348E-002
85.2668422 7.08740678730855E-002 7.20614031423302E-002
85.3668424 7.06467939021496E-002 7.18289443587693E-002
85.4668349 7.04205241569916E-002 7.15975187437079E-002
85.5668275 7.01952358575455E-002 7.13671029308025E-002
85.6668201 6.99709236357976E-002 7.11376913638767E-002
85.7668127 6.97475821591566E-002 7.09092785236383E-002
85.8668130 6.95251892006750E-002 7.06818416141438E-002
85.9668056 6.93037734298561E-002 7.04554098906674E-002
86.0667983 6.90833126157837E-002 7.02299605540427E-002
86.1667909 6.88638015648470E-002 7.00054882296762E-002
86.2667836 6.86452351175133E-002 6.97819875784509E-002
86.3667839 6.84275915799047E-002 6.95594363549076E-002
86.4667766 6.82108990672809E-002 6.93378632462773E-002
86.5667694 6.79951358811405E-002 6.91172460031671E-002
86.6667621 6.77802969956711E-002 6.88975794256502E-002
86.7667548 6.75663774178528E-002 6.86788583479293E-002
86.8667552 6.73533559707068E-002 6.84610610582167E-002
86.9667480 6.71412602282452E-002 6.82442156890676E-002
87.0667408 6.69300690082604E-002 6.80283005241032E-002
87.1667336 6.67197774464201E-002 6.78133105314471E-002
87.2667264 6.65103807099530E-002 6.75992407120637E-002
87.3667268 6.63018581232003E-002 6.73860698716431E-002
87.4667197 6.60942367315740E-002 6.71738256010724E-002
87.5667125 6.58874958536276E-002 6.69624867008429E-002
87.6667054 6.56816307804609E-002 6.67520483007982E-002
87.7666983 6.54766368335566E-002 6.65425055623896E-002
87.8666988 6.52724938235625E-002 6.63338377931830E-002
87.9666917 6.50692282795991E-002 6.61260720550566E-002
88.0666846 6.48668200060116E-002 6.59191876498167E-002
88.1666775 6.46652644435425E-002 6.57131798629684E-002
88.2666705 6.44645570621895E-002 6.55080440104443E-002
88.3666710 6.42646781444357E-002 6.53037598866516E-002
88.4666640 6.40656537150898E-002 6.51003540367791E-002
88.5666570 6.38674640498585E-002 6.48978062489575E-002
88.6666500 6.36701047335837E-002 6.46961119585538E-002
88.7666429 6.34735713792825E-002 6.44952666302327E-002
88.8666436 6.32778447273211E-002 6.42952505307507E-002
88.9666366 6.30829503098569E-002 6.40960897005981E-002
89.0666296 6.28888688600445E-002 6.38977643997793E-002
89.1666227 6.26955961015162E-002 6.37002702079702E-002
89.2666157 6.25031277850446E-002 6.35036027330623E-002
89.3666164 6.23114450954246E-002 6.33077427001896E-002
89.4666095 6.21205730835128E-002 6.31127156568152E-002
89.5666026 6.19304929264929E-002 6.29185023208840E-002
89.6665957 6.17412004817016E-002 6.27250984110624E-002
89.7665889 6.15526916326245E-002 6.25324996731957E-002
89.8665896 6.13649479955072E-002 6.23406872773225E-002
89.9665828 6.11779941509550E-002 6.21496862892392E-002
90.0665759 6.09918117072367E-002 6.19594778713942E-002
90.1665691 6.08063966505199E-002 6.17700578763491E-002
90.2665622 6.06217449921711E-002 6.15814221828522E-002
90.3665631 6.04378387673656E-002 6.13935523928506E-002
90.4665563 6.02547020972147E-002 6.12064731015334E-002
90.5665495 6.00723170085831E-002 6.10201659028907E-002
90.6665427 5.98906796117986E-002 6.08346267784979E-002
90.7665359 5.97097860414769E-002 6.06498517351652E-002
90.8665368 5.95296187396410E-002 6.04658227942107E-002
90.9665301 5.93502013783810E-002 6.02825640909829E-002
91.0665233 5.91715163911048E-002 6.01000576385075E-002
91.1665166 5.89935600078227E-002 5.99182995426948E-002
91.2665099 5.88163284819597E-002 5.97372859337779E-002
91.3665108 5.86398046507239E-002 5.95569992403467E-002
91.4665041 5.84640117473822E-002 5.93774631483920E-002
91.5664975 5.82889326002514E-002 5.91986600779057E-002
91.6664908 5.81145635547306E-002 5.90205862546481E-002
91.7664842 5.79409009787968E-002 5.88432379278274E-002
91.8664851 5.77679280935841E-002 5.86665979216275E-002
91.9664785 5.75956677034663E-002 5.84906894828883E-002
92.0664719 5.74241030204361E-002 5.83154954269181E-002
92.1664653 5.72532305011639E-002 5.81410120950264E-002
92.2664587 5.70830466240949E-002 5.79672358511317E-002
92.3664597 5.69135349834177E-002 5.77941499037384E-002
92.4664531 5.67447179642826E-002 5.76217770704737E-002
92.5664466 5.65765791515111E-002 5.74501005507153E-002
92.6664400 5.64091151090948E-002 5.72791167971969E-002
92.7664335 5.62423224220295E-002 5.71088222844571E-002
92.8664346 5.60761850470578E-002 5.69392005944344E-002
92.9664281 5.59107249595245E-002 5.67702741252224E-002
93.0664215 5.57459261066021E-002 5.66020264494058E-002
93.1664150 5.55817851558134E-002 5.64344541271864E-002
93.2664086 5.54182987949457E-002 5.62675537397989E-002
93.3664097 5.52554513331520E-002 5.61013092321016E-002
93.4664032 5.50932643451441E-002 5.59357425920807E-002
93.5663968 5.49317221303232E-002 5.57708377550367E-002
93.6663903 5.47708214561059E-002 5.56065913848430E-002
93.7663839 5.46105591094634E-002 5.54430001656653E-002
93.8663851 5.44509197421576E-002 5.52800483951249E-002
93.9663787 5.42919245372019E-002 5.51177576602811E-002
94.0663723 5.41335581364451E-002 5.49561122490150E-002
94.1663659 5.39758174037058E-002 5.47951089252283E-002
94.2663595 5.38186992216761E-002 5.46347444724038E-002
94.3663607 5.36621885752546E-002 5.44750035311124E-002
94.4663544 5.35063062644594E-002 5.43159072964285E-002
94.5663480 5.33510372641335E-002 5.41574403990201E-002
94.6663417 5.31963785311454E-002 5.39995996993201E-002
94.7663353 5.30423270405823E-002 5.38423820766596E-002
94.8663366 5.28888681013238E-002 5.36857725050747E-002
94.9663303 5.27360221388713E-002 5.35297917963658E-002
95.0663240 5.25837744519233E-002 5.33744249145226E-002
95.1663177 5.24321220871787E-002 5.32196688131509E-002
95.2663114 5.22810621089269E-002 5.30655204641000E-002
95.3663128 5.21305801411759E-002 5.29119651657033E-002
95.4663065 5.19806962431705E-002 5.27590233549732E-002
95.5663002 5.18313960286295E-002 5.26066803200710E-002
95.6662940 5.16826766309897E-002 5.24549331045513E-002
95.7662878 5.15345352006748E-002 5.23037787695829E-002
95.8662892 5.13869576682612E-002 5.21532029289327E-002
95.9662829 5.12399637347859E-002 5.20032256530934E-002
96.0662767 5.10935393204427E-002 5.18538325455505E-002
96.1662705 5.09476816424355E-002 5.17050207367105E-002
96.2662643 5.08023879343756E-002 5.15567873739888E-002
96.3662658 5.06576444251279E-002 5.14091183780160E-002
96.4662596 5.05134704653641E-002 5.12620334608192E-002
96.5662535 5.03698522734881E-002 5.11155185326537E-002
96.6662473 5.02267871476164E-002 5.09695708078019E-002
96.7662412 5.00842724017153E-002 5.08241875169746E-002
96.8662427 4.99422945549290E-002 5.06793548793751E-002
96.9662365 4.98008726152068E-002 5.05350922564160E-002
97.0662304 4.96599930911662E-002 5.03913858568459E-002
97.1662243 4.95196533590928E-002 5.02482329759643E-002
97.2662182 4.93798508105859E-002 5.01056309249406E-002
97.3662198 4.92405722473189E-002 4.99635662135324E-002
97.4662137 4.91018363419673E-002 4.98220578601859E-002
97.5662076 4.89636298856250E-002 4.96810923641380E-002
97.6662016 4.88259503301091E-002 4.95406670989571E-002
97.7661955 4.86887951420349E-002 4.94007794535448E-002
97.8661971 4.85521513981054E-002 4.92614162204537E-002
97.9661911 4.84160374429816E-002 4.91225960826188E-002
98.0661851 4.82804403427457E-002 4.89843058220181E-002
98.1661791 4.81453576222102E-002 4.88465428878477E-002
98.2661730 4.80107868204905E-002 4.87093047441207E-002
98.3661747 4.78767152820594E-002 4.85725784586753E-002
98.4661687 4.77431610306398E-002 4.84363823862012E-002
98.5661627 4.76101114000537E-002 4.83007035839207E-002
98.6661568 4.74775639856700E-002 4.81655395741173E-002
98.7661508 4.73455163966844E-002 4.80308878933957E-002
98.8661525 4.72139562383114E-002 4.78967358776116E-002
98.9661465 4.70829012202339E-002 4.77631015602916E-002
99.0661406 4.69523389369956E-002 4.76299722666450E-002
99.1661347 4.68222670521762E-002 4.74973455896003E-002
99.2661288 4.66926832427240E-002 4.73652191359303E-002
99.3661305 4.65635753677901E-002 4.72335805024718E-002
99.4661246 4.64349608297417E-002 4.71024474084921E-002
99.5661187 4.63068274770488E-002 4.69718074401613E-002
99.6661128 4.61791730392453E-002 4.68416582587036E-002
99.7661070 4.60519952587921E-002 4.67119975387286E-002
99.8661087 4.59252822421864E-002 4.65828131312410E-002
99.9661029 4.57990510910364E-002 4.64541224479794E-002
100.0660970 4.56732899011566E-002 4.63259133292707E-002
100.1660912 4.55479964658631E-002 4.61981835023751E-002
100.2660854 4.54231685909748E-002 4.60709307074958E-002
100.3660872 4.52987946239507E-002 4.59441430432072E-002
100.4660814 4.51748913720332E-002 4.58178376202810E-002
100.5660756 4.50514471720050E-002 4.56920025266117E-002
100.6660698 4.49284598788748E-002 4.55666355533203E-002
100.7660640 4.48059273597453E-002 4.54417345040456E-002
100.8660658 4.46838381968525E-002 4.53172877185404E-002
100.9660601 4.45622089093064E-002 4.51933120130075E-002
101.0660543 4.44410280686812E-002 4.50697957165260E-002
101.1660486 4.43202935896660E-002 4.49467366819845E-002
101.2660428 4.42000033986508E-002 4.48241327743806E-002
101.3660447 4.40801463066555E-002 4.47019725684529E-002
101.4660390 4.39607385507370E-002 4.45802725920748E-002
101.5660333 4.38417689312749E-002 4.44590214093256E-002
101.6660275 4.37232354207018E-002 4.43382169328465E-002
101.7660218 4.36051360027728E-002 4.42178570869943E-002
101.8660238 4.34874597114829E-002 4.40979306754938E-002
101.9660181 4.33702225077656E-002 4.39784539439732E-002
102.0660124 4.32534134150040E-002 4.38594156855189E-002
102.1660067 4.31370304615089E-002 4.37408138705854E-002
102.2660011 4.30210716865492E-002 4.36226464809634E-002
102.3660031 4.29055263414655E-002 4.35049025435489E-002
102.4659974 4.27904101168502E-002 4.33875980276589E-002
102.5659918 4.26757122534661E-002 4.32707219495788E-002
102.6659861 4.25614308337060E-002 4.31542723357084E-002
102.7659805 4.24475639505695E-002 4.30382472234183E-002
102.8659825 4.23341010672842E-002 4.29226358571396E-002
102.9659769 4.22210576097429E-002 4.28074539356657E-002
103.0659713 4.21084230306352E-002 4.26926906928507E-002
103.1659657 4.19961954647056E-002 4.25783442092409E-002
103.2659601 4.18843730569664E-002 4.24644125760011E-002
103.3659622 4.17729454772398E-002 4.23508852496329E-002
103.4659566 4.16619278922218E-002 4.22377776640519E-002
103.5659511 4.15513099612417E-002 4.21250792652225E-002
103.6659455 4.14410898697280E-002 4.20127881861039E-002
103.7659400 4.13312658130511E-002 4.19009025699356E-002
103.8659421 4.12218276624949E-002 4.17894120799909E-002
103.9659365 4.11127903309270E-002 4.16783318908153E-002
104.0659310 4.10041436791886E-002 4.15676516551898E-002
104.1659255 4.08958859417855E-002 4.14573695568175E-002
104.2659200 4.07880153628513E-002 4.13474837893546E-002
104.3659221 4.06805220101528E-002 4.12379842177082E-002
104.4659166 4.05734205479677E-002 4.11288857624261E-002
104.5659112 4.04667010336744E-002 4.10201782779731E-002
104.6659057 4.03603617493078E-002 4.09118599971865E-002
104.7659002 4.02544009862274E-002 4.08039291625428E-002
104.8659024 4.01488090038528E-002 4.06963758355979E-002
104.9658969 4.00436002229829E-002 4.05892146881453E-002
105.0658915 3.99387648927079E-002 4.04824357713530E-002
105.1658860 3.98343013410985E-002 4.03760373656425E-002
105.2658806 3.97302079052584E-002 4.02700177607706E-002
105.3658828 3.96264750315735E-002 4.01643672101075E-002
105.4658774 3.95231169023519E-002 4.00591001418071E-002
105.5658720 3.94201239537125E-002 3.99542067989100E-002
105.6658666 3.93174945583229E-002 3.98496855079266E-002
105.7658612 3.92152270976020E-002 3.97455346044106E-002
105.8658634 3.91133122003542E-002 3.96417445288544E-002
105.9658580 3.90117638152640E-002 3.95383294707643E-002
106.0658527 3.89105725609350E-002 3.94352798603658E-002
106.1658473 3.88097368532437E-002 3.93325940688171E-002
106.2658419 3.87092551165462E-002 3.92302704760377E-002
106.3658442 3.86091181576513E-002 3.91282997050897E-002
106.4658389 3.85093396963709E-002 3.90266957117034E-002
106.5658335 3.84099105293820E-002 3.89254491087395E-002
106.6658282 3.83108291144316E-002 3.88245583106145E-002
106.7658229 3.82120939174840E-002 3.87240217402338E-002
106.8658252 3.81136959190672E-002 3.86238301988106E-002
106.9658199 3.80156486147579E-002 3.85239974130534E-002
107.0658146 3.79179429750241E-002 3.84245141740428E-002
107.1658093 3.78205774981921E-002 3.83253789381130E-002
107.2658040 3.77235506905527E-002 3.82265901698247E-002
107.3658063 3.76268537021926E-002 3.81281388442523E-002
107.4658011 3.75304998089795E-002 3.80300384637235E-002
107.5657958 3.74344801510154E-002 3.79322799932524E-002
107.6657905 3.73387932659597E-002 3.78348619297976E-002
107.7657853 3.72434376991928E-002 3.77377827782915E-002
107.8657877 3.71484047663202E-002 3.76410336835051E-002
107.9657824 3.70537075279200E-002 3.75446279279154E-002
108.0657772 3.69593372896903E-002 3.74485566463078E-002
108.1657720 3.68652926274217E-002 3.73528183750181E-002
108.2657667 3.67715721243905E-002 3.72574116581118E-002
108.3657692 3.66781672577979E-002 3.71623278060122E-002
108.4657639 3.65850908772461E-002 3.70675798857684E-002
108.5657587 3.64923344501085E-002 3.69731591978955E-002
108.6657536 3.63998965891467E-002 3.68790643169027E-002
108.7657484 3.63077759143807E-002 3.67852938247931E-002
108.8657508 3.62159640607962E-002 3.66918391937153E-002
108.9657456 3.61244736712326E-002 3.65987132796078E-002
109.0657405 3.60332963709291E-002 3.65059075447902E-002
