0.0053140 2.47961936708346E+001 5.10702310302539E+003
0.0210792 9.39858453025506E+001 4.96694434173653E+003
0.0467942 1.93982413495729E+002 4.74948075380515E+003
0.0817065 3.07605110756894E+002 4.47451266523510E+003
0.1249105 4.19022251867818E+002 4.16345828138152E+003
0.1754417 5.16824819095202E+002 3.83592564848908E+003
0.2323515 5.94799546450860E+002 3.50776012048422E+003
0.2947571 6.51119489286439E+002 3.19043719962809E+003
0.3618673 6.86920496241941E+002 2.89137795017958E+003
0.4329916 7.04940214764757E+002 2.61470955999656E+003
0.5075377 7.08508479192381E+002 2.36213116895674E+003
0.5850032 7.00921260878122E+002 2.13368997588237E+003
0.6649650 6.85116577299982E+002 1.92839771707510E+003
0.7470680 6.63549882214211E+002 1.74467960319825E+003
0.8310139 6.38184578745494E+002 1.58068425936101E+003
0.9165527 6.10539261857912E+002 1.43448271667336E+003
1.0034738 5.81756801930663E+002 1.30419083324604E+003
1.0915995 5.52676075456676E+002 1.18803841821085E+003
1.1807797 5.23897021013345E+002 1.08440283074875E+003
1.2708868 4.95836120379248E+002 9.91821989617226E+002
1.3618115 4.68771196249530E+002 9.08992879352201E+002
1.4534610 4.42876761838074E+002 8.34762768449077E+002
1.5457546 4.18251842836883E+002 7.68117995263732E+002
1.6386236 3.94940497840820E+002 7.08168953242830E+002
1.7320075 3.72948126470662E+002 6.54137546976771E+002
1.8258543 3.52252919509247E+002 6.05342971875020E+002
1.9201186 3.32814825888485E+002 5.61190059746838E+002
2.0147601 3.14582140223791E+002 5.21158600625560E+002
2.1097440 2.97495895860226E+002 4.84792921385500E+002
2.2050388 2.81493610607258E+002 4.51694123261215E+002
2.3006174 2.66511413016892E+002 4.21512008793604E+002
2.3964555 2.52485867419650E+002 3.93938909432710E+002
2.4925310 2.39355218884605E+002 3.68704255999095E+002
2.5888248 2.27059926329680E+002 3.45569298527489E+002
2.6853193 2.15543388450687E+002 3.24323418764749E+002
2.7819988 2.04752000738322E+002 3.04780132911196E+002
2.8788497 1.94635370024205E+002 2.86774171167844E+002
2.9758588 1.85146393255125E+002 2.70158908844322E+002
3.0730149 1.76241034346920E+002 2.54803759642904E+002
3.1703074 1.67878399219773E+002 2.40592492666599E+002
3.2677268 1.60020446206854E+002 2.27421235759964E+002
3.3652646 1.52631916461829E+002 2.15197122420229E+002
3.4629133 1.45680114839833E+002 2.03836897259987E+002
3.5606650 1.39134872538255E+002 1.93265994394751E+002
3.6585133 1.32968182265029E+002 1.83417225155570E+002
3.7564523 1.27154171343328E+002 1.74230136683542E+002
3.8544764 1.21668912909309E+002 1.65650202700355E+002
3.9525810 1.16490255267048E+002 1.57628127329456E+002
4.0507604 1.11597781198395E+002 1.50119417437051E+002
4.1490108 1.06972530883815E+002 1.43083645791091E+002
4.2473280 1.02596981875169E+002 1.36484159851732E+002
4.3457083 9.84549122573800E+001 1.30287648646472E+002
4.4441489 9.45312793892704E+001 1.24463768427798E+002
4.5426454 9.08121986120821E+001 1.18984944795976E+002
4.6411954 8.72847435230618E+001 1.13825934253593E+002
4.7397961 8.39369412304458E+001 1.08963695624373E+002
4.8384450 8.07576791328254E+001 1.04377147073178E+002
4.9371399 7.77366229358895E+001 1.00046955330207E+002
5.0358779 7.48642111751842E+001 9.59554471115995E+001
5.1346571 7.21315116720135E+001 9.20863337033112E+001
5.2334756 6.95302274178278E+001 8.84246591364102E+001
5.3323316 6.70526337166755E+001 8.49566576404078E+001
5.4312238 6.46915231012783E+001 8.16696296660355E+001
5.5301496 6.24402093700619E+001 7.85519061409440E+001
5.6291079 6.02924229888855E+001 7.55926668265844E+001
5.7280973 5.82423226054412E+001 7.27819249036582E+001
5.8271164 5.62844522770396E+001 7.01104397811781E+001
5.9261644 5.44137040637008E+001 6.75696411393061E+001
6.0252392 5.26253269396872E+001 6.51516188255864E+001
6.1243401 5.09148490871662E+001 6.28489978203518E+001
6.2234659 4.92780916978215E+001 6.06549398301645E+001
6.3226158 4.77111393634752E+001 5.85630878567310E+001
6.4217891 4.62103142165609E+001 5.65675178671118E+001
6.5209840 4.47721868742116E+001 5.46627409274203E+001
6.6202001 4.33935175236592E+001 5.28436138892543E+001
6.7194366 4.20712700916167E+001 5.11053485053934E+001
6.8186927 4.08025913241174E+001 4.94434749144878E+001
6.9179682 3.95847925351976E+001 4.78538097961845E+001
7.0172613 3.84153609883738E+001 4.63324640304589E+001
7.1165720 3.72919143513852E+001 4.48757768433561E+001
7.2158999 3.62122091898184E+001 4.34803212650307E+001
7.3152432 3.51741511050829E+001 4.21429118434073E+001
7.4146030 3.41757310970530E+001 4.08605178420437E+001
7.5139770 3.32150915183830E+001 3.96303439216414E+001
7.6133666 3.22904425253832E+001 3.84497189562713E+001
7.7127702 3.14001203526906E+001 3.73161672595409E+001
7.8121865 3.05425520781277E+001 3.62273601835121E+001
7.9116168 2.97162267333753E+001 3.51810766902474E+001
8.0110589 2.89197463962294E+001 3.41752655354827E+001
8.1105143 2.81517580503725E+001 3.32079565950806E+001
8.2099815 2.74110027911684E+001 3.22773208998286E+001
8.3094593 2.66962875106072E+001 3.13816328148157E+001
8.4089492 2.60064615603090E+001 3.05192390826246E+001
8.5084489 2.53404600918116E+001 2.96886114364753E+001
8.6079599 2.46972478541565E+001 2.88882748189617E+001
8.7074812 2.40758609386135E+001 2.81168581127138E+001
8.8070112 2.34753837181490E+001 2.73730640487062E+001
8.9065517 2.28949297392152E+001 2.66556444490401E+001
9.0061006 2.23336786553206E+001 2.59634448722328E+001
9.1056593 2.17908294024999E+001 2.52953457544295E+001
9.2052267 2.12656357875523E+001 2.46503054381060E+001
9.3048016 2.07573874821633E+001 2.40273358542161E+001
9.4043856 2.02653941894228E+001 2.34254824082696E+001
9.5039766 1.97890172665028E+001 2.28438620101091E+001
9.6035763 1.93276303599807E+001 2.22816142669510E+001
9.7031836 1.88806498948229E+001 2.17379381386505E+001
9.8027972 1.84475192434368E+001 2.12120720187347E+001
9.9024188 1.80276954665267E+001 2.07032771694413E+001
10.0020464 1.76206765167102E+001 2.02108702563438E+001
10.1016817 1.72259678755020E+001 1.97341824750052E+001
10.2013235 1.68431088005499E+001 1.92725909220461E+001
10.3009707 1.64716590139104E+001 1.88255020858948E+001
10.4006251 1.61111874942238E+001 1.83923380429924E+001
10.5002846 1.57612959878465E+001 1.79725644174160E+001
10.5999509 1.54215905239994E+001 1.75656558500888E+001
10.6996230 1.50917041173622E+001 1.71711229745508E+001
10.7992996 1.47712854793407E+001 1.67884985912191E+001
10.8989827 1.44599894647973E+001 1.64173260455937E+001
10.9986702 1.41574974840431E+001 1.60571833661102E+001
11.0983637 1.38634930199301E+001 1.57076538618757E+001
11.1980623 1.35776813543523E+001 1.53683494279315E+001
11.2977649 1.32997799216726E+001 1.50388988601168E+001
11.3974732 1.30295101046427E+001 1.47189379814236E+001
11.4971853 1.27666150333805E+001 1.44081305745811E+001
11.5969029 1.25108384133940E+001 1.41061431689415E+001
11.6966250 1.22619417414896E+001 1.38126652670443E+001
11.7963505 1.20196960053194E+001 1.35273993875749E+001
11.8960812 1.17838745903580E+001 1.32500526093753E+001
11.9958151 1.15542688656550E+001 1.29803548042423E+001
12.0955540 1.13306697722904E+001 1.27180368769755E+001
12.1952970 1.11128829114331E+001 1.24628483978190E+001
12.2950428 1.09007213571786E+001 1.22145490554905E+001
12.3947934 1.06939994866343E+001 1.19729013632892E+001
12.4945468 1.04925466826023E+001 1.17376866077680E+001
12.5943047 1.02961912398110E+001 1.15086859588114E+001
12.6940662 1.01047736412286E+001 1.12856959061549E+001
12.7938302 9.91814029910003E+000 1.10685208740773E+001
12.8935986 9.73613815817619E+000 1.08569668893192E+001
12.9933693 9.55862678915321E+000 1.06508555886657E+001
13.0931443 9.38546425369603E+000 1.04500077323279E+001
13.1929224 9.21651883126590E+000 1.02542567730998E+001
13.2927027 9.05166353976583E+000 1.00634424363826E+001
13.3924871 8.89077139106089E+000 9.87740519104114E+000
13.4922734 8.73372610327966E+000 9.69599860013337E+000
13.5920637 8.58040963121177E+000 9.51907486059384E+000
13.6918568 8.43071256222205E+000 9.34649677730179E+000
13.7916517 8.28452929614430E+000 9.17813215160024E+000
13.8914504 8.14175385480951E+000 9.01384892769308E+000
13.9912508 8.00228940406599E+000 8.85352612303418E+000
14.0910548 7.86603720797980E+000 8.69704108722159E+000
14.1908615 7.73290587682276E+000 8.54428010761315E+000
14.2906697 7.60280710791129E+000 8.39513347983369E+000
14.3904813 7.47565196854965E+000 8.24949122654752E+000
14.4902944 7.35135938815240E+000 8.10725280515795E+000
14.5901109 7.22984633602447E+000 7.96831583384012E+000
14.6899298 7.11103607529580E+000 7.83258551819608E+000
14.7897500 6.99485438380545E+000 7.69997030080368E+000
14.8895734 6.88122624386728E+000 7.57037806807508E+000
14.9893980 6.77008343984578E+000 7.44372480115495E+000
15.0892259 6.66135579252684E+000 7.31992456071463E+000
15.1890558 6.55497854894777E+000 7.19889789378301E+000
15.2888878 6.45088803430576E+000 7.08056686200824E+000
15.3887200 6.34902456404914E+000 6.96485833779423E+000
15.4885562 6.24932463665520E+000 6.85169512326935E+000
15.5883943 6.15173251466965E+000 6.74100909160031E+000
15.6882343 6.05619234034842E+000 6.63273221646039E+000
15.7880763 5.96265003106730E+000 6.52679871374013E+000
15.8879183 5.87105494251887E+000 6.42314691115166E+000
15.9877640 5.78135285482725E+000 6.32171130144132E+000
16.0876115 5.69349639324042E+000 6.22243432408526E+000
16.1874608 5.60743794618119E+000 6.12525833975091E+000
16.2873119 5.52313137535960E+000 6.03012755678598E+000
16.3871628 5.44053352216255E+000 5.93698972005503E+000
16.4870172 5.35959788763925E+000 5.84578897703929E+000
16.5868734 5.28028403517168E+000 5.75647647201780E+000
16.6867312 5.20255121025552E+000 5.66900314271100E+000
16.7865905 5.12635988715773E+000 5.58332145752833E+000
16.8864496 5.05167313624748E+000 5.49938694451123E+000
16.9863121 4.97845091313046E+000 5.41715176762091E+000
17.0861762 4.90665856517681E+000 5.33657428001240E+000
17.1860417 4.83626106727341E+000 5.25761253891663E+000
17.2859087 4.76722442391582E+000 5.18022587605076E+000
17.3857753 4.69951691294406E+000 5.10437628482482E+000
17.4856452 4.63310391133753E+000 5.03002261947628E+000
17.5855166 4.56795561037152E+000 4.95712923283600E+000
17.6853893 4.50404179396542E+000 4.88566012104353E+000
17.7852633 4.44133311258543E+000 4.81558034648562E+000
17.8851368 4.37980221688315E+000 4.74685729908387E+000
17.9850136 4.31941905786673E+000 4.67945544365112E+000
18.0848916 4.26015790108044E+000 4.61334414982770E+000
18.1847709 4.20199258450455E+000 4.54849239109408E+000
18.2846515 4.14489767850293E+000 4.48487003701807E+000
18.3845314 4.08884952117026E+000 4.42244900242643E+000
18.4844144 4.03382193914803E+000 4.36119847894462E+000
18.5842986 3.97979263909186E+000 4.30109204991069E+000
18.6841841 3.92673889073958E+000 4.24210287886654E+000
18.7840706 3.87463858530782E+000 4.18420488569088E+000
18.8839565 3.82347118289523E+000 4.12737379572319E+000
18.9838453 3.77321380741468E+000 4.07158280030684E+000
19.0837353 3.72384708333883E+000 4.01680903695703E+000
19.1836263 3.67535119684701E+000 3.96302921148101E+000
19.2835185 3.62770686350807E+000 3.91022067069248E+000
19.3834098 3.58089619682800E+000 3.85836236206113E+000
19.4833041 3.53489913686256E+000 3.80743087552766E+000
19.5831994 3.48969879149571E+000 3.75740635860032E+000
19.6830957 3.44527783474677E+000 3.70826852379746E+000
19.7829930 3.40161939323129E+000 3.65999762902840E+000
19.8828894 3.35870784385319E+000 3.61257535705122E+000
19.9827887 3.31652554083735E+000 3.56598119711997E+000
20.0826889 3.27505771334159E+000 3.52019785568072E+000
20.1825901 3.23428916524649E+000 3.47520760720106E+000
20.2824922 3.19420508872919E+000 3.43099319192095E+000
20.3823934 3.15479179815710E+000 3.38753862328611E+000
20.4822973 3.11603372469317E+000 3.34482587332460E+000
20.5822022 3.07791791566005E+000 3.30283983193886E+000
20.6821079 3.04043100460442E+000 3.26156496459170E+000
20.7820145 3.00355995932004E+000 3.22098613594254E+000
20.8819201 2.96729275818213E+000 3.18108935245788E+000
20.9818284 2.93161562525588E+000 3.14185871996027E+000
21.0817375 2.89651717134804E+000 3.10328099794799E+000
21.1816475 2.86198560696360E+000 3.06534253221085E+000
21.2815583 2.82800943125119E+000 3.02803001184295E+000
21.3814680 2.79457805630542E+000 2.99133115339369E+000
21.4813803 2.76167925895470E+000 2.95523190291895E+000
21.5812935 2.72930299871011E+000 2.91972062612589E+000
21.6812074 2.69743884951835E+000 2.88478528792774E+000
21.7811221 2.66607663535441E+000 2.85041414943918E+000
21.8810357 2.63520700739905E+000 2.81659639930288E+000
21.9809519 2.60481909147956E+000 2.78331957590844E+000
22.0808688 2.57490401404042E+000 2.75057342930785E+000
22.1807864 2.54545253142919E+000 2.71834732309628E+000
22.2807048 2.51645561721101E+000 2.68663087722941E+000
22.3806219 2.48790499658696E+000 2.65541455152589E+000
22.4805416 2.45979097088059E+000 2.62468726659197E+000
22.5804621 2.43210567911288E+000 2.59443996926268E+000
22.6803832 2.40484090600718E+000 2.56466323510404E+000
22.7803050 2.37798862553361E+000 2.53534786222547E+000
22.8802255 2.35154149646014E+000 2.50648541140507E+000
22.9801486 2.32549084737659E+000 2.47806600673962E+000
23.0800723 2.29982969837648E+000 2.45008163273583E+000
23.1799967 2.27455073109157E+000 2.42252391824203E+000
23.2799217 2.24964679247988E+000 2.39538468584947E+000
23.3798454 2.22511135498568E+000 2.36865645260239E+000
23.4797716 2.20093664741884E+000 2.34233039354464E+000
23.5796984 2.17711645856057E+000 2.31639939543045E+000
23.6796259 2.15364425438671E+000 2.29085600507183E+000
23.7795539 2.13051364568020E+000 2.26569293841616E+000
23.8794806 2.10771881591098E+000 2.24090354537888E+000
23.9794098 2.08525278488195E+000 2.21647992132786E+000
24.0793395 2.06311001372804E+000 2.19241573963492E+000
24.1792698 2.04128465609997E+000 2.16870434931787E+000
24.2792007 2.01977099280237E+000 2.14533924743972E+000
24.3791302 1.99856383018313E+000 2.12231451122849E+000
24.4790621 1.97765688485126E+000 2.09962304417153E+000
24.5789946 1.95704520748128E+000 2.07725920722747E+000
24.6789277 1.93672355613984E+000 2.05521705229245E+000
24.7788612 1.91668680081704E+000 2.03349076117822E+000
24.8787934 1.89693029483103E+000 2.01207504785558E+000
24.9787279 1.87744837014612E+000 1.99096352725627E+000
25.0786630 1.85823659558663E+000 1.97015116286213E+000
25.1785986 1.83929026172619E+000 1.94963262396775E+000
25.2785347 1.82060475788594E+000 1.92940269415401E+000
25.3784693 1.80217591880920E+000 1.90945664620205E+000
25.4784064 1.78399862118387E+000 1.88978872295040E+000
25.5783439 1.76606889027764E+000 1.87039441713129E+000
25.6782819 1.74838248689822E+000 1.85126894166674E+000
25.7782204 1.73093525917212E+000 1.83240761025387E+000
25.8781574 1.71372346652245E+000 1.81380618724060E+000
25.9780968 1.69674246894750E+000 1.79545947098426E+000
26.0780366 1.67998869468428E+000 1.77736342017943E+000
26.1779769 1.66345832070651E+000 1.75951372753594E+000
26.2779176 1.64714760136866E+000 1.74190617482749E+000
26.3778568 1.63105317152233E+000 1.72453695979381E+000
26.4777984 1.61517082094100E+000 1.70740137341477E+000
26.5777404 1.59949733437544E+000 1.69049578554024E+000
26.6776829 1.58402925790399E+000 1.67381631327748E+000
26.7776257 1.56876320632266E+000 1.65735915262055E+000
26.8775671 1.55369614706046E+000 1.64112088424256E+000
26.9775108 1.53882425288224E+000 1.62509723695421E+000
27.0774549 1.52414462459737E+000 1.60928494417827E+000
27.1773994 1.50965413632719E+000 1.59368049923826E+000
27.2773442 1.49534972334114E+000 1.57828046547866E+000
27.3772876 1.48122864827536E+000 1.56308176263252E+000
27.4772333 1.46728742590399E+000 1.54808050948962E+000
27.5771793 1.45352343778352E+000 1.53327376163496E+000
27.6771257 1.43993385016791E+000 1.51865834659561E+000
27.7770725 1.42651588383018E+000 1.50423115417754E+000
27.8770178 1.41326706394904E+000 1.48998940493485E+000
27.9769653 1.40018421132471E+000 1.47592956574410E+000
28.0769132 1.38726495736986E+000 1.46204897822829E+000
28.1768615 1.37450672899508E+000 1.44834476739753E+000
28.2768101 1.36190700181171E+000 1.43481411376453E+000
28.3767572 1.34946353492694E+000 1.42145450529989E+000
28.4767065 1.33717342350204E+000 1.40826272020553E+000
28.5766562 1.32503452172357E+000 1.39523635455836E+000
28.6766062 1.31304448950933E+000 1.38237279868340E+000
28.7765565 1.30120103036031E+000 1.36966949246403E+000
28.8765053 1.28950211219305E+000 1.35712416204100E+000
28.9764563 1.27794507660425E+000 1.34473386460940E+000
29.0764077 1.26652797676135E+000 1.33249642302493E+000
29.1763593 1.25524868125015E+000 1.32040946468526E+000
29.2763113 1.24410509772908E+000 1.30847066132077E+000
29.3762617 1.23309538082773E+000 1.29667795158159E+000
29.4762144 1.22221709389853E+000 1.28502864315691E+000
29.5761673 1.21146846814424E+000 1.27352076137981E+000
29.6761206 1.20084755934958E+000 1.26215214587219E+000
29.7760741 1.19035245838842E+000 1.25092067598514E+000
29.8760261 1.17998148712747E+000 1.23982448031673E+000
29.9759803 1.16973240881937E+000 1.22886109187616E+000
30.0759347 1.15960361422709E+000 1.21802871709135E+000
30.1758895 1.14959332735948E+000 1.20732538590089E+000
30.2758445 1.13969980378960E+000 1.19674916390885E+000
30.3757980 1.12992151542199E+000 1.18629834978481E+000
30.4757536 1.12025640601670E+000 1.17597067957536E+000
30.5757095 1.11070300956994E+000 1.16576452195147E+000
30.6756657 1.10125970151213E+000 1.15567807781509E+000
30.7756221 1.09192488571304E+000 1.14570958013950E+000
30.8755770 1.08269716889782E+000 1.13585748012072E+000
30.9755340 1.07357465809334E+000 1.12611969707996E+000
31.0754913 1.06455601607390E+000 1.11649474527887E+000
31.1754469 1.05563992388143E+000 1.10698115986273E+000
31.2754067 1.04682441183583E+000 1.09757678322326E+000
31.3753629 1.03810871528465E+000 1.08828074479664E+000
31.4753231 1.02949075662495E+000 1.07909077493123E+000
31.5752798 1.02096980492136E+000 1.07000604156933E+000
31.6752368 1.01254416486121E+000 1.06102468559401E+000
31.7751978 1.00421217887065E+000 1.05214488972204E+000
31.8751552 9.95973163789641E-001 1.04336587641848E+000
31.9751168 9.87825194413737E-001 1.03468554583780E+000
32.0750747 9.79767617671228E-001 1.02610315475897E+000
32.1750329 9.71798867769989E-001 1.01761698878655E+000
32.2749952 9.63917413466454E-001 1.00922537175269E+000
32.3749539 9.56122644345498E-001 1.00092760905108E+000
32.4749166 9.48412774116174E-001 9.92721755331589E-001
32.5748758 9.40787219242189E-001 9.84607146600888E-001
32.6748352 9.33244531706413E-001 9.76582199822434E-001
32.7747986 9.25783295166236E-001 9.68645366945487E-001
32.8747585 9.18402964211286E-001 9.60796027371758E-001
32.9747223 9.11101879360872E-001 9.53032376533398E-001
33.0746827 9.03879519240657E-001 9.45353821172919E-001
33.1746432 8.96734543084558E-001 9.37758897664591E-001
33.2746078 8.89665639207543E-001 9.30246174449063E-001
33.3745687 8.82672320345368E-001 9.22815097045479E-001
33.4745337 8.75753042946344E-001 9.15463989364859E-001
33.5744951 8.68907341260759E-001 9.08192321369798E-001
33.6744568 8.62133972328758E-001 9.00998738143867E-001
33.7744224 8.55431719927419E-001 8.93881914203489E-001
33.8743844 8.48800148852772E-001 8.86841354195673E-001
33.9743505 8.42237821683590E-001 8.79875499453002E-001
34.0743130 8.35744322490893E-001 8.72983876496863E-001
34.1742756 8.29318497631189E-001 8.66165229519311E-001
34.2742423 8.22959218075873E-001 8.59418329765749E-001
34.3742054 8.16666095273872E-001 8.52742734810959E-001
34.4741725 8.10437789096941E-001 8.46136993455430E-001
34.5741359 8.04273928277323E-001 8.39600682867258E-001
34.6740996 7.98173440844622E-001 8.33132637719815E-001
34.7740673 7.92135277519351E-001 8.26731717586424E-001
34.8740313 7.86159091592661E-001 8.20397527462476E-001
34.9739994 7.80243632246337E-001 8.14128714641931E-001
35.0739638 7.74388568281378E-001 8.07924901685480E-001
35.1739284 7.68592902509014E-001 8.01785005983466E-001
35.2738971 7.62855658684397E-001 7.95707967874391E-001
35.3738621 7.57176527655759E-001 7.89693434876224E-001
35.4738310 7.51554340693094E-001 7.83740144672305E-001
35.5737964 7.45988802573414E-001 7.77847760540597E-001
35.6737620 7.40478984666843E-001 7.72015275589970E-001
35.7737315 7.35023977698843E-001 7.66241704105743E-001
35.8736974 7.29623506253160E-001 7.60526731766731E-001
35.9736673 7.24276477145216E-001 7.54869179316495E-001
36.0736335 7.18982627476352E-001 7.49268746584827E-001
36.1735999 7.13741091548665E-001 7.43724496081715E-001
36.2735704 7.08551021573009E-001 7.38235509882994E-001
36.3735371 7.03412172456573E-001 7.32801507939505E-001
36.4735079 6.98323520624216E-001 7.27421387416949E-001
36.5734750 6.93284832239757E-001 7.22094880981391E-001
36.6734423 6.88295299442025E-001 7.16821114833072E-001
36.7734135 6.83354130959524E-001 7.11599233271852E-001
36.8733811 6.78461108973060E-001 7.06428987049380E-001
36.9733527 6.73615274124004E-001 7.01309343732759E-001
37.0733206 6.68816418721836E-001 6.96240065506258E-001
37.1732887 6.64063788122058E-001 6.91220337090575E-001
37.2732608 6.59356643065420E-001 6.86249359969395E-001
37.3732292 6.54694790277389E-001 6.81326912593232E-001
37.4732015 6.50077329709711E-001 6.76452027462187E-001
37.5731702 6.45504077206506E-001 6.71624493312363E-001
37.6731391 6.40974327145216E-001 6.66843548698534E-001
37.7731119 6.36487388187354E-001 6.62108447718321E-001
37.8730811 6.32043089158694E-001 6.57418993746176E-001
37.9730543 6.27640584852217E-001 6.52774279241714E-001
38.0730237 6.23279712307023E-001 6.48174116838109E-001
38.1729934 6.18959811109016E-001 6.43617794670379E-001
38.2729669 6.14680234120123E-001 6.39104615301131E-001
38.3729369 6.10440830074824E-001 6.34634404543791E-001
38.4729107 6.06240804531044E-001 6.30206310288150E-001
38.5728809 6.02080013624333E-001 6.25820166686132E-001
38.6728513 5.97957838677817E-001 6.21475307586785E-001
38.7728256 5.93873673366711E-001 6.17171080246044E-001
38.8727962 5.89827384367348E-001 6.12907330688780E-001
38.9727708 5.85818224279997E-001 6.08683258104801E-001
39.0727417 5.81846066452622E-001 6.04498716032017E-001
39.1727127 5.77910330781992E-001 6.00353080515131E-001
39.2726877 5.74010448669082E-001 5.96245740070415E-001
39.3726590 5.70146302965322E-001 5.92176558935501E-001
39.4726343 5.66317189909568E-001 5.88144783829316E-001
39.5726059 5.62522998369232E-001 5.84150285761395E-001
39.6725776 5.58763183928061E-001 5.80192479766308E-001
39.7725533 5.55037212895025E-001 5.76270792492078E-001
39.8725252 5.51344982708222E-001 5.72385104594102E-001
39.9725012 5.47685830129183E-001 5.68534706873317E-001
40.0724734 5.44059658022177E-001 5.64719486090987E-001
40.1724458 5.40465955020869E-001 5.60938893347067E-001
40.2724221 5.36904219767632E-001 5.57192390566736E-001
40.3723947 5.33374362857951E-001 5.53479873209654E-001
40.4723712 5.29875758720308E-001 5.49800673003872E-001
40.5723441 5.26408322845324E-001 5.46154690915871E-001
40.6723171 5.22971574504794E-001 5.42541411439970E-001
40.7722940 5.19565042319427E-001 5.38960329170850E-001
40.8722673 5.16188648754960E-001 5.35411352920849E-001
40.9722444 5.12841803286600E-001 5.31893852454317E-001
41.0722179 5.09524432796747E-001 5.28407741551162E-001
41.1721915 5.06236084987092E-001 5.24952535657748E-001
41.2721690 5.02976316300018E-001 5.21527759653462E-001
41.3721428 4.99745059911510E-001 5.18133334396333E-001
41.4721206 4.96541757936688E-001 5.14768665035143E-001
41.5720946 4.93366347536755E-001 5.11433676909690E-001
41.6720688 4.90218402819240E-001 5.08127914182671E-001
41.7720469 4.87097506071085E-001 5.04850929834753E-001
41.8720213 4.84003600132319E-001 5.01602655591947E-001
41.9719996 4.80936157544798E-001 4.98382529552093E-001
42.0719743 4.77895124744453E-001 4.95190487484993E-001
42.1719490 4.74880100387431E-001 4.92026100220855E-001
42.2719276 4.71890690790792E-001 4.88888946840372E-001
42.3719026 4.68926847514370E-001 4.85778968875540E-001
42.4718815 4.65988071489502E-001 4.82695635134263E-001
42.5718566 4.63074317520385E-001 4.79638890797176E-001
42.6718319 4.60185207105874E-001 4.76608331482419E-001
42.7718111 4.57320368926261E-001 4.73603560534486E-001
42.8717866 4.54479762408414E-001 4.70624528333009E-001
42.9717660 4.51662914995883E-001 4.67670732335332E-001
43.0717417 4.48869789042269E-001 4.64742126212967E-001
43.1717175 4.46100027320602E-001 4.61838328645874E-001
43.2716972 4.43353279341526E-001 4.58958965555775E-001
43.3716732 4.40629511628293E-001 4.56103995304547E-001
43.4716531 4.37928276405069E-001 4.53272942100521E-001
43.5716293 4.35249542834670E-001 4.50465767275160E-001
43.6716056 4.32592973520648E-001 4.47682110983430E-001
43.7715858 4.29958237392954E-001 4.44921620173581E-001
43.8715623 4.27345307374357E-001 4.42184260407788E-001
43.9715428 4.24753758870847E-001 4.39469580894558E-001
44.0715195 4.22183567184982E-001 4.36777549874302E-001
44.1714963 4.19634413420826E-001 4.34107827516783E-001
44.2714770 4.17105984627476E-001 4.31460080369588E-001
44.3714539 4.14598259496717E-001 4.28834280488200E-001
44.4714348 4.12110835138762E-001 4.26230000465054E-001
44.5714120 4.09643692390060E-001 4.23647214770339E-001
44.6713893 4.07196529628708E-001 4.21085602243592E-001
44.7713704 4.04769050823816E-001 4.18544847716929E-001
44.8713479 4.02361239865435E-001 4.16024929099563E-001
44.9713293 3.99972714201100E-001 4.13525440874371E-001
45.0713069 3.97603459652606E-001 4.11046363126783E-001
45.1712846 3.95253190740009E-001 4.08587392125987E-001
45.2712662 3.92921627245450E-001 4.06148229776200E-001
45.3712441 3.90608757740320E-001 4.03728859261455E-001
45.4712259 3.88314218743825E-001 4.01328895573722E-001
45.5712040 3.86038000566193E-001 3.98948323857306E-001
45.6711822 3.83779832823552E-001 3.96586856666583E-001
45.7711643 3.81539450088237E-001 3.94244211858798E-001
45.8711426 3.79316845144576E-001 3.91920377368552E-001
45.9711248 3.77111672410487E-001 3.89614987418074E-001
46.0711034 3.74923926234287E-001 3.87328031706611E-001
46.1710820 3.72753350361051E-001 3.85059238016563E-001
46.2710644 3.70599693207365E-001 3.82808339124354E-001
46.3710432 3.68462951345894E-001 3.80575327240166E-001
46.4710259 3.66342796005233E-001 3.78359854631497E-001
46.5710048 3.64239225163486E-001 3.76161915095878E-001
46.6709838 3.62151995799599E-001 3.73981250666329E-001
46.7709667 3.60080869298814E-001 3.71817608082488E-001
46.8709459 3.58025845637077E-001 3.69670983399579E-001
46.9709290 3.55986611843537E-001 3.67541045831351E-001
47.0709083 3.53963169155763E-001 3.65427792859626E-001
47.1708877 3.51955286957447E-001 3.63330979863599E-001
47.2708710 3.49962738791331E-001 3.61250366661379E-001
47.3708506 3.47985527687317E-001 3.59185952762831E-001
47.4708341 3.46023355536522E-001 3.57137423307788E-001
47.5708138 3.44076226499976E-001 3.55104779086907E-001
47.6707936 3.42143921597462E-001 3.53087787987884E-001
47.7707773 3.40226225777106E-001 3.51086222087787E-001
47.8707573 3.38323144805771E-001 3.49100083996985E-001
47.9707411 3.36434394563694E-001 3.47129073833605E-001
48.0707212 3.34559981830414E-001 3.45173195356513E-001
48.1707014 3.32699698548607E-001 3.43232228185431E-001
48.2706855 3.30853340373852E-001 3.41305955896643E-001
48.3706658 3.29020915522221E-001 3.39394383879673E-001
48.4706500 3.27202153050699E-001 3.37497226349664E-001
48.5706305 3.25397062080491E-001 3.35614489724570E-001
48.6706110 3.23605444814888E-001 3.33745964635786E-001
48.7705955 3.21827106968750E-001 3.31891445453902E-001
48.8705762 3.20062058946089E-001 3.30050940055913E-001
48.9705608 3.18310042223945E-001 3.28224175933881E-001
49.0705416 3.16571068013806E-001 3.26411161884228E-001
49.1705225 3.14844948164100E-001 3.24611698881200E-001
49.2705073 3.13131497846524E-001 3.22825591435124E-001
49.3704883 3.11430729415760E-001 3.21052849645652E-001
49.4704733 3.09742396063527E-001 3.19293213517970E-001
49.5704545 3.08066510863283E-001 3.17546693972177E-001
49.6704357 3.06402894736160E-001 3.15813101703892E-001
49.7704208 3.04751371750323E-001 3.14092250754876E-001
49.8704022 3.03111955995614E-001 3.12384153206955E-001
49.9703875 3.01484411720374E-001 3.10688560866541E-001
50.0703690 2.99868753652649E-001 3.09005486546011E-001
50.1703506 2.98264811253471E-001 3.07334750084423E-001
50.2703361 2.96672416965843E-001 3.05676174489223E-001
50.3703178 2.95091586418986E-001 3.04029773605996E-001
50.4703034 2.93522094303510E-001 3.02395310378326E-001
50.5702853 2.91963956813645E-001 3.00772799300691E-001
50.6702672 2.90417011454038E-001 2.99162068817732E-001
50.7702530 2.88881098556589E-001 2.97562950376009E-001
50.8702350 2.87356235112046E-001 2.95975459386462E-001
50.9702209 2.85842205679288E-001 2.94399369309958E-001
51.0702031 2.84339027747571E-001 2.92834696132154E-001
51.1701853 2.82846546402542E-001 2.91281276402335E-001
51.2701714 2.81364609411984E-001 2.89738949515706E-001
51.3701538 2.79893234966582E-001 2.88207732268316E-001
51.4701400 2.78432216956821E-001 2.86687408059234E-001
51.5701225 2.76981574011476E-001 2.85177994191835E-001
51.6701050 2.75541158365659E-001 2.83679334853172E-001
51.7700914 2.74110824800409E-001 2.82191276929898E-001
51.8700741 2.72690592559545E-001 2.80713838439423E-001
51.9700606 2.71280264363032E-001 2.79246812177657E-001
52.0700434 2.69879859837893E-001 2.77790216608112E-001
52.1700263 2.68489237965873E-001 2.76343903120137E-001
52.2700130 2.67108260146710E-001 2.74907725665362E-001
52.3699959 2.65736946543997E-001 2.73481703333799E-001
52.4699827 2.64375108237045E-001 2.72065637811734E-001
52.5699658 2.63022765722795E-001 2.70659548579661E-001
52.6699489 2.61679784353322E-001 2.69263293822767E-001
52.7699359 2.60346031778464E-001 2.67876734159565E-001
52.8699192 2.59021528960449E-001 2.66499889617522E-001
52.9699063 2.57706094897454E-001 2.65132570299169E-001
53.0698897 2.56399750839773E-001 2.63774796571931E-001
53.1698731 2.55102368158066E-001 2.62426433037197E-001
53.2698603 2.53813820407672E-001 2.61087346608490E-001
53.3698439 2.52534129239444E-001 2.59757558127984E-001
53.4698313 2.51263121157449E-001 2.58436885670263E-001
53.5698149 2.50000818059485E-001 2.57125350371574E-001
53.6697986 2.48747097005769E-001 2.55822822894668E-001
53.7697861 2.47501837134783E-001 2.54529176100473E-001
53.8697699 2.46265060686111E-001 2.53244431534383E-001
53.9697576 2.45036601282274E-001 2.51968414826640E-001
54.0697415 2.43816481372476E-001 2.50701147775042E-001
54.1697254 2.42604583398520E-001 2.49442506771834E-001
54.2697133 2.41400791780267E-001 2.48192370300200E-001
54.3696973 2.40205129255367E-001 2.46950760507530E-001
54.4696852 2.39017436201071E-001 2.45717510189109E-001
54.5696694 2.37837735530775E-001 2.44492641706906E-001
54.6696536 2.36665914779417E-001 2.43276036872053E-001
54.7696417 2.35501863365581E-001 2.42067579485655E-001
54.8696260 2.34345604442711E-001 2.40867292205216E-001
54.9696142 2.33196984801119E-001 2.39675014624399E-001
55.0695986 2.32056027739270E-001 2.38490769580962E-001
55.1695831 2.30922625614904E-001 2.37314444014039E-001
55.2695714 2.29796672580386E-001 2.36145926757612E-001
55.3695560 2.28678192130344E-001 2.34985240895925E-001
55.4695444 2.27567037146994E-001 2.33832232476625E-001
55.5695291 2.26463231242128E-001 2.32686924733067E-001
55.6695138 2.25366671342762E-001 2.31549209459799E-001
55.7695023 2.24277256086570E-001 2.30418980256539E-001
55.8694872 2.23195009241725E-001 2.29296260558649E-001
55.9694758 2.22119789480291E-001 2.28180902544070E-001
56.0694607 2.21051620662366E-001 2.27072929769046E-001
56.1694457 2.19990404046348E-001 2.25972238627926E-001
56.2694345 2.18936042522036E-001 2.24878727235642E-001
56.3694196 2.17888560069875E-001 2.23792419310125E-001
56.4694085 2.16847820867512E-001 2.22713172855200E-001
56.5693936 2.15813848964460E-001 2.21641011684094E-001
56.6693788 2.14786549727137E-001 2.20575836551127E-001
56.7693678 2.13765830078501E-001 2.19517549851368E-001
56.8693531 2.12751714155801E-001 2.18466175523209E-001
56.9693423 2.11744071374586E-001 2.17421577109905E-001
57.0693276 2.10742925920496E-001 2.16383778621975E-001
57.1693130 2.09748187058110E-001 2.15352684948546E-001
57.2693023 2.08759765537822E-001 2.14328202544105E-001
57.3692878 2.07777685603508E-001 2.13310355511271E-001
57.4692772 2.06801821656411E-001 2.12299012663019E-001
57.5692628 2.05832197970106E-001 2.11294198153134E-001
57.6692484 2.04868727510074E-001 2.10295820794029E-001
57.7692379 2.03911324660728E-001 2.09303790892246E-001
57.8692236 2.02960013727232E-001 2.08318132663767E-001
57.9692132 2.02014673858757E-001 2.07338719937181E-001
58.0691990 2.01075329373284E-001 2.06365576960682E-001
58.1691849 2.00141896751648E-001 2.05398616271156E-001
58.2691746 1.99214293830356E-001 2.04437751832272E-001
58.3691605 1.98292544934922E-001 2.03483007927398E-001
58.4691503 1.97376533738173E-001 2.02534263161210E-001
58.5691363 1.96466284563216E-001 2.01591541832170E-001
58.6691224 1.95561717231624E-001 2.00654760014650E-001
58.7691123 1.94662752860769E-001 1.99723835146109E-001
58.8690985 1.93769415759609E-001 1.98798791535789E-001
58.9690885 1.92881593912958E-001 1.97879512338533E-001
59.0690747 1.91999311613652E-001 1.96966021863237E-001
59.1690610 1.91122491859583E-001 1.96058239545804E-001
59.2690511 1.90251058887739E-001 1.95156086124939E-001
59.3690374 1.89385036957292E-001 1.94259585898327E-001
59.4690277 1.88524318165165E-001 1.93368626357776E-001
59.5690141 1.87668926742070E-001 1.92483231786710E-001
59.6690006 1.86818788707310E-001 1.91603324816895E-001
59.7689909 1.85973831265565E-001 1.90728829325813E-001
59.8689774 1.85134078596341E-001 1.89859769565881E-001
59.9689678 1.84299426719828E-001 1.88996037164560E-001
60.0689545 1.83469899775999E-001 1.88137656347491E-001
60.1689411 1.82645426659544E-001 1.87284552786230E-001
60.2689316 1.81825937399611E-001 1.86436653343972E-001
60.3689184 1.81011456069230E-001 1.85593982197550E-001
60.4689090 1.80201882433347E-001 1.84756434919901E-001
60.5688958 1.79397240515531E-001 1.83924035649838E-001
60.6688827 1.78597461948144E-001 1.83096712951605E-001
60.7688734 1.77802479449710E-001 1.82274396529825E-001
60.8688603 1.77012316962769E-001 1.81457110458533E-001
60.9688511 1.76226877828192E-001 1.80644754076382E-001
61.0688381 1.75446185930179E-001 1.79837351409311E-001
61.1688251 1.74670175508811E-001 1.79034833775520E-001
61.2688160 1.73898781844504E-001 1.78237133584982E-001
61.3688031 1.73132028727850E-001 1.77444274784553E-001
61.4687941 1.72369822915887E-001 1.76656160308604E-001
61.5687813 1.71612188132945E-001 1.75872814046880E-001
61.6687685 1.70859061104132E-001 1.75094169940643E-001
61.7687596 1.70110379551393E-001 1.74320162976806E-001
61.8687469 1.69366167094241E-001 1.73550816953256E-001
61.9687381 1.68626333754638E-001 1.72786038239228E-001
62.0687254 1.67890903078794E-001 1.72025850567454E-001
62.1687128 1.67159814160953E-001 1.71270190378682E-001
62.2687041 1.66433007050882E-001 1.70518995115540E-001
62.3686916 1.65710505180021E-001 1.69772288407513E-001
62.4686829 1.64992221691999E-001 1.69029979906429E-001
62.5686704 1.64278179938706E-001 1.68292093169463E-001
62.6686580 1.63568321274000E-001 1.67558567020137E-001
62.7686494 1.62862587968009E-001 1.66829341242281E-001
62.8686371 1.62161003249049E-001 1.66104439279703E-001
62.9686286 1.61463483246654E-001 1.65383773922611E-001
63.0686163 1.60770051104078E-001 1.64667368536153E-001
63.1686040 1.60080650331235E-001 1.63955164216335E-001
63.2685918 1.59395251387335E-001 1.63247129910599E-001
63.3685872 1.58713773153951E-001 1.62543181296583E-001
63.4685751 1.58036290586835E-001 1.61843395278013E-001
63.5685630 1.57362722779638E-001 1.61147687762906E-001
63.6685509 1.56693041219717E-001 1.60456028788780E-001
63.7685388 1.56027217644872E-001 1.59768388658620E-001
63.8685344 1.55365173679302E-001 1.59084685930370E-001
63.9685224 1.54706982565968E-001 1.58404995746264E-001
64.0685105 1.54052566126075E-001 1.57729236878310E-001
64.1684986 1.53401897073767E-001 1.57057380664172E-001
64.2684867 1.52754948361054E-001 1.56389398693539E-001
64.3684824 1.52111644238398E-001 1.55725212281230E-001
64.4684706 1.51472056279045E-001 1.55064894852087E-001
64.5684588 1.50836108916408E-001 1.54408367919783E-001
64.6684470 1.50203776030008E-001 1.53755604056496E-001
64.7684353 1.49575031725380E-001 1.53106576073761E-001
64.8684312 1.48949802768780E-001 1.52461207926157E-001
64.9684195 1.48328159105868E-001 1.51819571364298E-001
65.0684079 1.47710027672751E-001 1.51181590527440E-001
65.1683963 1.47095383456417E-001 1.50547239160410E-001
65.2683847 1.46484201658688E-001 1.49916491235454E-001
65.3683808 1.45876411456701E-001 1.49289273235743E-001
65.4683692 1.45272081209715E-001 1.48665655279881E-001
65.5683578 1.44671140252495E-001 1.48045564022494E-001
65.6683463 1.44073564624865E-001 1.47428974322727E-001
65.7683349 1.43479330570931E-001 1.46815861255884E-001
65.8683311 1.42888369579029E-001 1.46206153728150E-001
65.9683197 1.42300748462246E-001 1.45599920267395E-001
66.0683084 1.41716398855144E-001 1.44997089938929E-001
66.1682971 1.41135297798817E-001 1.44397638661188E-001
66.2682858 1.40557422528683E-001 1.43801542558136E-001
66.3682821 1.39982706749520E-001 1.43208732858672E-001
66.4682709 1.39411215767531E-001 1.42619276540253E-001
66.5682597 1.38842883423080E-001 1.42033104979398E-001
66.6682485 1.38277687709845E-001 1.41450195101897E-001
66.7682374 1.37715606806417E-001 1.40870524029036E-001
66.8682339 1.37156576543909E-001 1.40294025217087E-001
66.9682228 1.36600660759985E-001 1.39720764132474E-001
67.0682118 1.36047795411411E-001 1.39150674368354E-001
67.1682007 1.35497959398456E-001 1.38583733808837E-001
67.2681897 1.34951131797411E-001 1.38019920524052E-001
67.3681864 1.34407250479998E-001 1.37459170106984E-001
67.4681754 1.33866377852751E-001 1.36901546551464E-001
67.5681645 1.33328451903775E-001 1.36346985577343E-001
67.6681536 1.32793452396464E-001 1.35795465980733E-001
67.7681428 1.32261359261831E-001 1.35246966734811E-001
67.8681396 1.31732112330619E-001 1.34701425483034E-001
67.9681288 1.31205772614717E-001 1.34158904784140E-001
68.0681180 1.30682280052594E-001 1.33619342399100E-001
68.1681072 1.30161615229678E-001 1.33082717992258E-001
68.2680965 1.29643758891070E-001 1.32549011396561E-001
68.3680934 1.29128652748849E-001 1.32018162223860E-001
68.4680827 1.28616356455829E-001 1.31490231634380E-001
68.5680721 1.28106811823735E-001 1.30965159348754E-001
68.6680615 1.27600000221164E-001 1.30442925858181E-001
68.7680509 1.27095903168870E-001 1.29923511814464E-001
68.8680479 1.26594464186271E-001 1.29406858719702E-001
68.9680374 1.26095741601779E-001 1.28893026371270E-001
69.0680269 1.25599679026912E-001 1.28381956371899E-001
69.1680164 1.25106258576666E-001 1.27873630000512E-001
69.2680059 1.24615462511077E-001 1.27368028689067E-001
69.3680031 1.24127236086395E-001 1.26865095755484E-001
69.4679927 1.23641636340411E-001 1.26364889669050E-001
69.5679823 1.23158608614425E-001 1.25867353840701E-001
69.6679719 1.22678135735025E-001 1.25372470300065E-001
69.7679615 1.22200200667106E-001 1.24880221222639E-001
69.8679589 1.21724750336534E-001 1.24390551671241E-001
69.9679486 1.21251840523389E-001 1.23903518820946E-001
70.0679383 1.20781418232002E-001 1.23419067820481E-001
70.1679281 1.20313466967600E-001 1.22937181415134E-001
70.2679178 1.19847970367332E-001 1.22457842489283E-001
70.3679153 1.19384876962583E-001 1.21980997783046E-001
70.4679051 1.18924241307777E-001 1.21506703210284E-001
70.5678949 1.18466012006612E-001 1.21034905590381E-001
70.6678848 1.18010173211731E-001 1.20565588351109E-001
70.7678747 1.17556709201661E-001 1.20098735052911E-001
70.8678723 1.17105570052153E-001 1.19634294048738E-001
70.9678622 1.16656809123188E-001 1.19172320023381E-001
71.0678522 1.16210376557087E-001 1.18712761402854E-001
71.1678422 1.15766257124328E-001 1.18255602265990E-001
71.2678322 1.15324435715545E-001 1.17800826818205E-001
71.3678299 1.14884863892503E-001 1.17348384963793E-001
71.4678200 1.14447593851124E-001 1.16898330189771E-001
71.5678100 1.14012577214374E-001 1.16450612467702E-001
71.6678002 1.13579799342525E-001 1.16005216497698E-001
71.7677903 1.13149245710570E-001 1.15562127100690E-001
71.8677881 1.12720869310576E-001 1.15121295673632E-001
71.9677783 1.12294721203989E-001 1.14682774536244E-001
72.0677685 1.11870754439056E-001 1.14246515147330E-001
72.1677587 1.11448954939251E-001 1.13812502800058E-001
72.2677489 1.11029308737615E-001 1.13380722902950E-001
72.3677468 1.10611770203307E-001 1.12951128289596E-001
72.4677371 1.10196389292088E-001 1.12523770142082E-001
72.5677275 1.09783120424610E-001 1.12098601350791E-001
72.6677178 1.09371950062320E-001 1.11675607775181E-001
72.7677082 1.08962864771344E-001 1.11254775384879E-001
72.8677062 1.08555820247101E-001 1.10836058396614E-001
72.9676966 1.08150865367683E-001 1.10419506883712E-001
73.0676870 1.07747955875622E-001 1.10005075114965E-001
73.1676774 1.07347078746399E-001 1.09592749490734E-001
73.2676679 1.06948221055535E-001 1.09182516516628E-001
73.3676660 1.06551339776124E-001 1.08774331741404E-001
73.4676565 1.06156482735857E-001 1.08368244157727E-001
73.5676471 1.05763606950848E-001 1.07964209362000E-001
73.6676376 1.05372699887887E-001 1.07562214271394E-001
73.7676282 1.04983749109397E-001 1.07162245903658E-001
73.8676264 1.04596712819706E-001 1.06764261090735E-001
73.9676171 1.04211637822624E-001 1.06368307771971E-001
74.0676077 1.03828482361674E-001 1.05974342822826E-001
74.1675984 1.03447234373372E-001 1.05582353654412E-001
74.2675890 1.03067881885686E-001 1.05192327773985E-001
74.3675874 1.02690384289752E-001 1.04804223249977E-001
74.4675781 1.02314787391312E-001 1.04418086995023E-001
74.5675688 1.01941050617127E-001 1.04033877117215E-001
74.6675596 1.01569162352940E-001 1.03651581499890E-001
74.7675504 1.01199111071968E-001 1.03271188118317E-001
74.8675488 1.00830857309664E-001 1.02892656232764E-001
74.9675396 1.00464445898806E-001 1.02516031755035E-001
75.0675305 1.00099837407133E-001 1.02141273981456E-001
75.1675213 9.97370206501305E-002 1.01768371246958E-001
75.2675122 9.93759845269833E-002 1.01397311974407E-001
75.3675108 9.90166906767920E-002 1.01028056573186E-001
75.4675017 9.86591829837915E-002 1.00660649979452E-001
75.5674926 9.83034231162492E-002 1.00295052635280E-001
75.6674836 9.79494003008788E-002 9.99312533075951E-002
75.7674746 9.75971038444967E-002 9.95692408474544E-002
75.8674732 9.72464964509189E-002 9.92089767724807E-002
75.9674642 9.68976210795933E-002 9.88505050676734E-002
76.0674553 9.65504404605892E-002 9.84937872802016E-002
76.1674463 9.62049442142371E-002 9.81388125903519E-002
76.2674374 9.58611220375529E-002 9.77855702589279E-002
76.3674361 9.55189376617849E-002 9.74340228726572E-002
76.4674273 9.51784331447003E-002 9.70842134892104E-002
76.5674184 9.48395722410798E-002 9.67361047219230E-002
76.6674096 9.45023449481204E-002 9.63896861467273E-002
76.7674007 9.41667413364539E-002 9.60449474166341E-002
76.8673996 9.38327261290469E-002 9.57018521500028E-002
76.9673908 9.35003405044592E-002 9.53604425003502E-002
77.0673820 9.31695492066485E-002 9.50206821098991E-002
77.1673732 9.28403425937413E-002 9.46825609333762E-002
77.2673645 9.25127110942042E-002 9.43460689993163E-002
77.3673634 9.21866203884997E-002 9.40111709218154E-002
77.4673547 9.18621107978387E-002 9.36779079727775E-002
77.5673461 9.15391480213023E-002 9.33462447875995E-002
77.6673374 9.12177227627761E-002 9.30161716837691E-002
77.7673288 9.08978257935411E-002 9.26876790494702E-002
77.8673278 9.05794237187528E-002 9.23607324601417E-002
77.9673192 9.02625560235320E-002 9.20353723279983E-002
78.0673106 8.99471893294380E-002 9.17115642473868E-002
78.1673020 8.96333146716731E-002 9.13892988832965E-002
78.2672935 8.93209231500297E-002 9.10685669684503E-002
78.3672925 8.90099822629047E-002 9.07493350066634E-002
78.4672840 8.87005306800052E-002 9.04316425717852E-002
78.5672755 8.83925359140642E-002 9.01154561843044E-002
78.6672671 8.80859893178451E-002 8.98007668421845E-002
78.7672586 8.77808823060302E-002 8.94875656083005E-002
78.8672578 8.74771832400913E-002 8.91758198832370E-002
78.9672493 8.71749299944315E-002 8.88655684232163E-002
79.0672409 8.68740909429300E-002 8.85567786434115E-002
79.1672325 8.65746577428072E-002 8.82494418609237E-002
79.2672242 8.62766221106564E-002 8.79435494550788E-002
79.3672234 8.59799532420842E-002 8.76390696929173E-002
79.4672151 8.56846882357473E-002 8.73360405332044E-002
79.5672068 8.53907962978599E-002 8.70344302556234E-002
79.6671985 8.50982693776115E-002 8.67342304832331E-002
79.7671902 8.48070994811380E-002 8.64354328987564E-002
79.8671895 8.45172566104068E-002 8.61380066066086E-002
79.9671813 8.42287771073505E-002 8.58419887877150E-002
80.0671730 8.39416309828658E-002 8.55473485573183E-002
80.1671648 8.36558104662078E-002 8.52540778318754E-002
80.2671566 8.33713078412631E-002 8.49621685850661E-002
80.3671560 8.30880938896996E-002 8.46715907307735E-002
80.4671478 8.28062042152257E-002 8.43823806911620E-002
80.5671397 8.25256096068744E-002 8.40945083892497E-002
80.6671315 8.22463025626141E-002 8.38079660229184E-002
80.7671234 8.19682756328395E-002 8.35227458449471E-002
80.8671229 8.16915003533181E-002 8.32388185518984E-002
80.9671148 8.14160116075284E-002 8.29562198257321E-002
81.0671067 8.11417809371452E-002 8.26749203705679E-002
81.1670987 8.08688010980244E-002 8.23949126542977E-002
81.2670906 8.05970648963439E-002 8.21161891974917E-002
81.3670902 8.03265445973813E-002 8.18387214536706E-002
81.4670822 8.00572743818877E-002 8.15625443826383E-002
81.5670742 7.97892265196899E-002 8.12876294440015E-002
81.6670662 7.95223940142026E-002 8.10139693647747E-002
81.7670583 7.92567699171538E-002 8.07415569225347E-002
81.8670579 7.89923271997074E-002 8.04703643030552E-002
81.9670500 7.87290993569100E-002 8.02004257615388E-002
82.0670421 7.84670593632107E-002 7.99317134884758E-002
82.1670342 7.82062004597248E-002 7.96642204596164E-002
82.2670263 7.79465159339646E-002 7.93979396992534E-002
82.3670260 7.76879794402771E-002 7.91328441016800E-002
82.4670182 7.74306238045631E-002 7.88689672345724E-002
82.5670103 7.71744226832781E-002 7.86062819956640E-002
82.6670025 7.69193695458287E-002 7.83447815995291E-002
82.7669947 7.66654579061878E-002 7.80844593073562E-002
82.8669945 7.64126620800611E-002 7.78252886991494E-002
82.9669867 7.61610142403114E-002 7.75673026716674E-002
83.0669790 7.59104887036582E-002 7.73104748071674E-002
83.1669712 7.56610791588142E-002 7.70547985495852E-002
83.2669635 7.54127793373101E-002 7.68002673876308E-002
83.3669634 7.51655641952255E-002 7.65468555650950E-002
83.4669556 7.49194652680537E-002 7.62945953239746E-002
83.5669479 7.46744575118706E-002 7.60434609092091E-002
83.6669403 7.44305348261128E-002 7.57934459850616E-002
83.7669326 7.41876911513652E-002 7.55445442588119E-002
83.8669326 7.39459020638981E-002 7.52967306169573E-002
83.9669249 7.37051984770779E-002 7.50500366624484E-002
84.0669173 7.34655559662263E-002 7.48044372819045E-002
84.1669097 7.32269686333048E-002 7.45599263512874E-002
84.2669021 7.29894306198274E-002 7.43164977878965E-002
84.3669022 7.27529181028383E-002 7.40741271006615E-002
84.4668946 7.25174613884062E-002 7.38328452687756E-002
84.5668870 7.22830366517491E-002 7.35926278003364E-002
84.6668795 7.20496381895181E-002 7.33534687747611E-002
84.7668720 7.18172603363916E-002 7.31153623112001E-002
84.8668721 7.15858798515032E-002 7.28782845215115E-002
84.9668646 7.13555264480503E-002 7.26422657760044E-002
85.0668571 7.11261768825271E-002 7.24072821848198E-002
85.1668496 7.08978256387839E-002 7.21733280229523E-002
85.2668422 7.06704672372412E-002 7.19403976035971E-002
85.3668424 7.04440790011369E-002 7.17084676227732E-002
85.4668349 7.02186900648349E-002 7.14775678563759E-002
85.5668275 6.99942777481794E-002 7.12476749978856E-002
85.6668201 6.97708367150597E-002 7.10187835103451E-002
85.7668127 6.95483616645406E-002 7.07908878935324E-002
85.8668130 6.93268304666495E-002 7.05639654095632E-002
85.9668056 6.91062716905742E-002 7.03380452539978E-002
86.0667983 6.88866632022502E-002 7.01131046856525E-002
86.1667909 6.86679998387566E-002 6.98891383484192E-002
86.2667836 6.84502764710148E-002 6.96661409215236E-002
86.3667839 6.82334714991664E-002 6.94440902157873E-002
86.4667766 6.80176129405137E-002 6.92230148601347E-002
86.5667694 6.78026791904608E-002 6.90028926613829E-002
86.6667621 6.75886652527253E-002 6.87837184373886E-002
86.7667548 6.73755661635909E-002 6.85654870400012E-002
86.8667552 6.71633608372519E-002 6.83481768120011E-002
86.9667480 6.69520767520575E-002 6.81318158290065E-002
87.0667408 6.67416928168675E-002 6.79163824291409E-002
87.1667336 6.65322041957691E-002 6.77018715976399E-002
87.2667264 6.63236060841945E-002 6.74882783524491E-002
87.3667268 6.61158778949149E-002 6.72755815521766E-002
87.4667197 6.59090465799123E-002 6.70638087321051E-002
87.5667125 6.57030915460732E-002 6.68529387455834E-002
87.6667054 6.54980081118543E-002 6.66429667389243E-002
87.7666983 6.52937916258881E-002 6.64338878899233E-002
87.8666988 6.50904219846092E-002 6.62256815574744E-002
87.9666917 6.48879256258814E-002 6.60183747491484E-002
88.0666846 6.46862824397471E-002 6.58119468180240E-002
88.1666775 6.44854878932885E-002 6.56063930654604E-002
88.2666705 6.42855374826444E-002 6.54017088231246E-002
88.3666710 6.40864115735367E-002 6.51978739352195E-002
88.4666640 6.38881361016326E-002 6.49949148938890E-002
88.5666570 6.36906914257950E-002 6.47928115370082E-002
88.6666500 6.34940731562314E-002 6.45915593152093E-002
88.7666429 6.32982769311342E-002 6.43911537083076E-002
88.8666436 6.31032835716515E-002 6.41915750313780E-002
88.9666366 6.29091185228583E-002 6.39928492730946E-002
89.0666296 6.27157625986152E-002 6.37949567417335E-002
89.1666227 6.25232115469867E-002 6.35978930316713E-002
89.2666157 6.23314611429960E-002 6.34016537653912E-002
89.3666164 6.21404926498503E-002 6.32062197149215E-002
89.4666095 6.19503310333279E-002 6.30116163771049E-002
89.5666026 6.17609575489557E-002 6.28178245167374E-002
89.6665957 6.15723680776087E-002 6.26248398666462E-002
89.7665889 6.13845585261364E-002 6.24326581867325E-002
89.8665896 6.11975105869113E-002 6.22412606925557E-002
89.9665828 6.10112487574114E-002 6.20506724004556E-002
90.0665759 6.08257547219692E-002 6.18608745183619E-002
90.1665691 6.06410244894338E-002 6.16718629124796E-002
90.2665622 6.04570540936863E-002 6.14836334750995E-002
90.3665631 6.02738256438237E-002 6.12961678523642E-002
90.4665563 6.00913631797296E-002 6.11094905911401E-002
90.5665495 5.99096488021325E-002 6.09235833295763E-002
90.6665427 5.97286786432205E-002 6.07384420623958E-002
90.7665359 5.95484488593103E-002 6.05540628094596E-002
90.8665368 5.93689419642178E-002 6.03704276350027E-002
90.9665301 5.91901815506552E-002 6.01875606271541E-002
91.0665233 5.90121501237711E-002 6.00054438418231E-002
91.1665166 5.88348439346490E-002 5.98240733975924E-002
91.2665099 5.86582592576342E-002 5.96434454372742E-002
91.3665108 5.84823789996736E-002 5.94635424311416E-002
91.4665041 5.83072263164569E-002 5.92843880190398E-002
91.5664975 5.81327841059921E-002 5.91059646626138E-002
91.6664908 5.79590487339970E-002 5.89282685998401E-002
91.7664842 5.77860165886199E-002 5.87512960920542E-002
91.8664851 5.76136709587508E-002 5.85750300039319E-002
91.9664785 5.74420345729395E-002 5.83994935372137E-002
92.0664719 5.72710907108913E-002 5.82246695476724E-002
92.1664653 5.71008358488713E-002 5.80505543883968E-002
92.2664587 5.69312664847781E-002 5.78771444349992E-002
92.3664597 5.67623662786407E-002 5.77044229353257E-002
92.4664531 5.65941575414932E-002 5.75324126629229E-002
92.5664466 5.64266239239588E-002 5.73610968564854E-002
92.6664400 5.62597620089291E-002 5.71904719801068E-002
92.7664335 5.60935684001644E-002 5.70205345196039E-002
92.8664346 5.59280271183979E-002 5.68512680951462E-002
92.9664281 5.57631600665214E-002 5.66826950617387E-002
93.0664215 5.55989512556631E-002 5.65147990301748E-002
93.1664150 5.54353973715791E-002 5.63475765716139E-002
93.2664086 5.52724951201606E-002 5.61810242781699E-002
93.3664097 5.51102288727637E-002 5.60151261318593E-002
93.4664032 5.49486201332671E-002 5.58499040785458E-002
93.5663968 5.47876532632442E-002 5.56853420906682E-002
93.6663903 5.46273250477055E-002 5.55214368426716E-002
93.7663839 5.44676322910913E-002 5.53581850292177E-002
93.8663851 5.43085597056399E-002 5.51955709840499E-002
93.9663787 5.41501284051095E-002 5.50336162530458E-002
94.0663723 5.39923230917975E-002 5.48723051601904E-002
94.1663659 5.38351406465025E-002 5.47116344795866E-002
94.2663595 5.36785779687764E-002 5.45516010048461E-002
94.3663607 5.35226201023252E-002 5.43921894116598E-002
94.4663544 5.33672877794490E-002 5.42334208548375E-002
94.5663480 5.32125660337733E-002 5.40752800001511E-002
94.6663417 5.30584518385572E-002 5.39177637178793E-002
94.7663353 5.29049421851628E-002 5.37608688971292E-002
94.8663366 5.27520224396638E-002 5.36045805460889E-002
94.9663303 5.25997129613407E-002 5.34489194371870E-002
95.0663240 5.24479991060646E-002 5.32938705685511E-002
95.1663177 5.22968779363581E-002 5.31394309032911E-002
95.2663114 5.21463465322244E-002 5.29855974226937E-002
95.3663128 5.19963905733050E-002 5.28323554583083E-002
95.4663065 5.18470300540832E-002 5.26797254086455E-002
95.5663002 5.16982506438930E-002 5.25276925950704E-002
95.6662940 5.15500494914511E-002 5.23762540703138E-002
95.7662878 5.14024237623554E-002 5.22254069046563E-002
95.8662892 5.12553594413071E-002 5.20751367441761E-002
95.9662829 5.11088761660033E-002 5.19254636217114E-002
96.0662767 5.09629599107468E-002 5.17763731730486E-002
96.1662705 5.08176079074992E-002 5.16278625374551E-002
96.2662643 5.06728174045272E-002 5.14799288711457E-002
96.3662658 5.05285746833613E-002 5.13325581261868E-002
96.4662596 5.03848990327188E-002 5.11857699777775E-002
96.5662535 5.02417767236555E-002 5.10395503675999E-002
96.6662473 5.00992050685437E-002 5.08938965184946E-002
96.7662412 4.99571813955067E-002 5.07488056696714E-002
96.8662427 4.98156922749427E-002 5.06042640709234E-002
96.9662365 4.96747566541962E-002 5.04602910476394E-002
97.0662304 4.95343610931276E-002 5.03168728391500E-002
97.1662243 4.93945029817952E-002 5.01740067490219E-002
97.2662182 4.92551797254766E-002 5.00316900966350E-002
97.3662198 4.91163781757333E-002 4.98899094215174E-002
97.4662137 4.89781169459514E-002 4.97486837068760E-002
97.5662076 4.88403828771040E-002 4.96079994817120E-002
97.6662016 4.87031734343167E-002 4.94678541275815E-002
97.7661955 4.85664860974230E-002 4.93282450413191E-002
97.8661971 4.84303079916914E-002 4.91891590444552E-002
97.9661911 4.82946574037763E-002 4.90506147854500E-002
98.0661851 4.81595214483189E-002 4.89125990752546E-002
98.1661791 4.80248976629941E-002 4.87751093707839E-002
98.2661730 4.78907835996925E-002 4.86381431437171E-002
98.3661747 4.77571666501729E-002 4.85016874901035E-002
98.4661687 4.76240647814015E-002 4.83657607309029E-002
98.5661627 4.74914653744812E-002 4.82303499515447E-002
98.6661568 4.73593660372145E-002 4.80954526817728E-002
98.7661508 4.72277643911463E-002 4.79610664656015E-002
98.8661525 4.70966480875383E-002 4.78271786663550E-002
98.9661465 4.69660347805348E-002 4.76938072845563E-002
99.0661406 4.68359121107237E-002 4.75609396728805E-002
99.1661347 4.67062777537052E-002 4.74285734314677E-002
99.2661288 4.65771293983671E-002 4.72967061742536E-002
99.3661305 4.64484549487079E-002 4.71653255248245E-002
99.4661246 4.63202717527444E-002 4.70344491701524E-002
99.5661187 4.61925677037925E-002 4.69040647231550E-002
99.6661128 4.60653405430092E-002 4.67741698520291E-002
99.7661070 4.59385880244013E-002 4.66447622383099E-002
99.8661087 4.58122982981509E-002 4.65158297590554E-002
99.9661029 4.56864884126744E-002 4.63873897943988E-002
100.0660970 4.55611465074713E-002 4.62594302107199E-002
100.1660912 4.54362703870990E-002 4.61319487420210E-002
100.2660854 4.53118578685428E-002 4.60049431352025E-002
100.3660872 4.51878973418212E-002 4.58784015142181E-002
100.4660814 4.50644055621138E-002 4.57523409589070E-002
100.5660756 4.49413709087644E-002 4.56267495825430E-002
100.6660698 4.48187912476549E-002 4.55016251827679E-002
100.7660640 4.46966644566896E-002 4.53769655696982E-002
100.8660658 4.45749791595732E-002 4.52527591078121E-002
100.9660601 4.44537518244543E-002 4.51290225830368E-002
101.0660543 4.43329710643789E-002 4.50057443491781E-002
101.1660486 4.42126348045552E-002 4.48829222654322E-002
101.2660428 4.40927409818233E-002 4.47605542030626E-002
101.3660447 4.39732784476150E-002 4.46386287609010E-002
101.4660390 4.38542633890999E-002 4.45171624371847E-002
101.5660333 4.37356846470738E-002 4.43961438200875E-002
101.6660275 4.36175402041473E-002 4.42755708283533E-002
101.7660218 4.34998280541874E-002 4.41554413924012E-002
101.8660238 4.33825372705767E-002 4.40357443394353E-002
101.9660181 4.32656837654088E-002 4.39164958860722E-002
102.0660124 4.31492566014596E-002 4.37976848488802E-002
102.1660067 4.30332538168902E-002 4.36793092042187E-002
102.2660011 4.29176734607551E-002 4.35613669397446E-002
102.3660031 4.28025048227895E-002 4.34438471052391E-002
102.4659974 4.26877635457679E-002 4.33267656416158E-002
102.5659918 4.25734389088540E-002 4.32101115880486E-002
102.6659861 4.24595290039747E-002 4.30938829766518E-002
102.7659805 4.23460319336010E-002 4.29780778504734E-002
102.8659825 4.22329371983928E-002 4.28626854762531E-002
102.9659769 4.21202601774213E-002 4.27477215249750E-002
103.0659713 4.20079903608158E-002 4.26331752528061E-002
103.1659657 4.18961258925496E-002 4.25190447458235E-002
103.2659601 4.17846649268048E-002 4.24053281006878E-002
103.3659622 4.16735971699017E-002 4.22920147956504E-002
103.4659566 4.15629377426875E-002 4.21791202373969E-002
103.5659511 4.14526763409982E-002 4.20666338936461E-002
103.6659455 4.13428111591978E-002 4.19545539027118E-002
103.7659400 4.12333404015351E-002 4.18428784131539E-002
103.8659421 4.11242539748866E-002 4.17315971094536E-002
103.9659365 4.10155667472200E-002 4.16207251394914E-002
104.0659310 4.09072686149783E-002 4.15102521772616E-002
104.1659255 4.07993578213203E-002 4.14001764116516E-002
104.2659200 4.06918326189768E-002 4.12904960414692E-002
104.3659221 4.05846831104294E-002 4.11812009523038E-002
104.4659166 4.04779239159811E-002 4.10723060385898E-002
104.5659112 4.03715451277350E-002 4.09638011754797E-002
104.6659057 4.02655450361060E-002 4.08556846008317E-002
104.7659002 4.01599219407802E-002 4.07479545621105E-002
104.8659024 4.00546661350402E-002 4.06406011410453E-002
104.9658969 3.99497919966131E-002 4.05336389838534E-002
105.0658915 3.98452898084626E-002 4.04270581618817E-002
105.1658860 3.97411579067766E-002 4.03208569604142E-002
105.2658806 3.96373946367245E-002 4.02150336740394E-002
105.3658828 3.95339904777283E-002 4.01095785758057E-002
105.4658774 3.94309595699056E-002 4.00045060688160E-002
105.5658720 3.93282923824229E-002 3.98998064157955E-002
105.6658666 3.92259872958115E-002 3.97954779479649E-002
105.7658612 3.91240426993043E-002 3.96915190055580E-002
105.8658634 3.90224492539395E-002 3.95879200482660E-002
105.9658580 3.89212208670715E-002 3.94846952410561E-002
106.0658527 3.88203481895494E-002 3.93818350333588E-002
106.1658473 3.87198296448691E-002 3.92793378008958E-002
106.2658419 3.86196636649582E-002 3.91772019281208E-002
106.3658442 3.85198410880804E-002 3.90754180568290E-002
106.4658389 3.84203755935570E-002 3.89740001187112E-002
106.5658335 3.83212580095323E-002 3.88729387453682E-002
106.6658282 3.82224868011369E-002 3.87722323556379E-002
106.7658229 3.81240604416727E-002 3.86718793768196E-002
106.8658252 3.80259699423666E-002 3.85718706284069E-002
106.9658199 3.79282287591238E-002 3.84722198135573E-002
107.0658146 3.78308278931245E-002 3.83729177416395E-002
107.1658093 3.77337658498510E-002 3.82739628732723E-002
107.2658040 3.76370411427059E-002 3.81753536772747E-002
107.3658063 3.75406449517406E-002 3.80770811465628E-002
107.4658011 3.74445905139517E-002 3.79791587603893E-002
107.5657958 3.73488689994193E-002 3.78815775016178E-002
107.6657905 3.72534789527397E-002 3.77843358713599E-002
107.7657853 3.71584189261870E-002 3.76874323786751E-002
107.8657877 3.70636802646189E-002 3.75908581857500E-002
107.9657824 3.69692759905230E-002 3.74946265524517E-002
108.0657772 3.68751974388633E-002 3.73987286309890E-002
108.1657720 3.67814431921555E-002 3.73031629617236E-002
108.2657667 3.66880118403595E-002 3.72079280927218E-002
108.3657692 3.65948948892359E-002 3.71130153514086E-002
108.4657639 3.65021051510594E-002 3.70184377826771E-002
108.5657587 3.64096341217771E-002 3.69241867040520E-002
108.6657536 3.63174804206714E-002 3.68302606939459E-002
108.7657484 3.62256426742429E-002 3.67366583382407E-002
108.8657508 3.61341125453645E-002 3.66433711256847E-002
108.9657456 3.60429026402922E-002 3.65504118905037E-002
109.0657405 3.59520046121669E-002 3.64577721116252E-002
