0.0053140 6.01797341037468E+000 2.39796413599945E+003
0.0210792 2.31630105374810E+001 2.34783975425503E+003
0.0467942 4.89809038430602E+001 2.26910625184289E+003
0.0817065 8.01526524897797E+001 2.16787561967988E+003
0.1249105 1.13273746164260E+002 2.05095495290339E+003
0.1754417 1.45453057634784E+002 1.92486539651237E+003
0.2323515 1.74611837101067E+002 1.79520096831580E+003
0.2947571 1.99515580884394E+002 1.66634595110075E+003
0.3618673 2.19642038753616E+002 1.54146568693820E+003
0.4329916 2.34987555248784E+002 1.42265433665253E+003
0.5075377 2.45878434386144E+002 1.31114742889619E+003
0.5850032 2.52819045051238E+002 1.20753688260317E+003
0.6649650 2.56383605929840E+002 1.11195937641879E+003
0.7470680 2.57146669782251E+002 1.02424650009585E+003
0.8310139 2.55643048260061E+002 9.44038976408732E+002
0.9165527 2.52348166107641E+002 8.70868023690294E+002
1.0034738 2.47671417620780E+002 8.04212241850443E+002
1.0915995 2.41957230439917E+002 7.43535637482630E+002
1.1807797 2.35490195679859E+002 6.88311688066021E+002
1.2708868 2.28502093609396E+002 6.38038555661987E+002
1.3618115 2.21179326375673E+002 5.92247069014524E+002
1.4534610 2.13670040683296E+002 5.50504384220978E+002
1.5457546 2.06090721138581E+002 5.12415549177836E+002
1.6386236 1.98531739715827E+002 4.77621984357204E+002
1.7320075 1.91062353198351E+002 4.45800374596069E+002
1.8258543 1.83734652987903E+002 4.16659657059671E+002
1.9201186 1.76587001625508E+002 3.89938632835999E+002
2.0147601 1.69646861492383E+002 3.65403411274258E+002
2.1097440 1.62932945184853E+002 3.42844332300537E+002
2.2050388 1.56457189251917E+002 3.22073938002533E+002
2.3006174 1.50226129247018E+002 3.02924269532190E+002
2.3964555 1.44242148830452E+002 2.85244931238088E+002
2.4925310 1.38504481746826E+002 2.68901286517028E+002
2.5888248 1.33009882835104E+002 2.53772452029969E+002
2.6853193 1.27753351095592E+002 2.39750074735124E+002
2.7819988 1.22728524233405E+002 2.26736704224231E+002
2.8788497 1.17928106620706E+002 2.14644696987488E+002
2.9758588 1.13344205632503E+002 2.03395215041083E+002
3.0730149 1.08968491655067E+002 1.92917075365523E+002
3.1703074 1.04792471790226E+002 1.83146121201908E+002
3.2677268 1.00807559581152E+002 1.74024295700134E+002
3.3652646 9.70052274878363E+001 1.65499082719413E+002
3.4629133 9.33770626692857E+001 1.57522859313764E+002
3.5606650 8.99148972777180E+001 1.50052527326778E+002
3.6585133 8.66107496309309E+001 1.43048826577716E+002
3.7564523 8.34569256520190E+001 1.36476082382167E+002
3.8544764 8.04460220072206E+001 1.30301805011644E+002
3.9525810 7.75709252420761E+001 1.24496341904701E+002
4.0507604 7.48248720257236E+001 1.19032701187112E+002
4.1490108 7.22013680013668E+001 1.13886131635751E+002
4.2473280 6.96942404722895E+001 1.09034008493903E+002
4.3457083 6.72976187364999E+001 1.04455602803431E+002
4.4441489 6.50059156376583E+001 1.00131880790150E+002
4.5426454 6.28138614804765E+001 9.60454235963882E+001
4.6411954 6.07164281553367E+001 9.21801590727544E+001
4.7397961 5.87088622884519E+001 8.85213156922528E+001
4.8384450 5.67866626467660E+001 8.50552849518915E+001
4.9371399 5.49455599602704E+001 8.17695015226205E+001
5.0358779 5.31815400745909E+001 7.86524109510222E+001
5.1346571 5.14907798760326E+001 7.56932909709527E+001
5.2334756 4.98696715864847E+001 7.28822385269292E+001
5.3323316 4.83148029277160E+001 7.02100846745316E+001
5.4312238 4.68229396567952E+001 6.76683203830020E+001
5.5301496 4.53910436283755E+001 6.52490879488235E+001
5.6291079 4.40162204718968E+001 6.29450572057219E+001
5.7280973 4.26957391071533E+001 6.07494282185766E+001
5.8271164 4.14270157041974E+001 5.86558767716705E+001
5.9261644 4.02075996451936E+001 5.66585068182393E+001
6.0252392 3.90351886429817E+001 5.47518533226545E+001
6.1243401 3.79075863901313E+001 5.29307934717677E+001
6.2234659 3.68227189696572E+001 5.11905563186982E+001
6.3226158 3.57786222504163E+001 4.95266866830597E+001
6.4217891 3.47734308886957E+001 4.79350136605868E+001
6.5209840 3.38053913809587E+001 4.64116586338596E+001
6.6202001 3.28728277297063E+001 4.49529696299332E+001
6.7194366 3.19741555309314E+001 4.35555335619541E+001
6.8186927 3.11078721398502E+001 4.22161515673573E+001
6.9179682 3.02725481033960E+001 4.09318175011645E+001
7.0172613 2.94668385656657E+001 3.96997279256958E+001
7.1165720 2.86894552620597E+001 3.85172322948387E+001
7.2158999 2.79391752066112E+001 3.73818403492246E+001
7.3152432 2.72148505722326E+001 3.62912313031512E+001
7.4146030 2.65153668446976E+001 3.52431856754972E+001
7.5139770 2.58396911454967E+001 3.42356534196568E+001
7.6133666 2.51868157971298E+001 3.32666651780499E+001
7.7127702 2.45558011601745E+001 3.23343924868554E+001
7.8121865 2.39457526919925E+001 3.14371099511592E+001
7.9116168 2.33558019197857E+001 3.05731642848867E+001
8.0110589 2.27851443260844E+001 2.97410270644830E+001
8.1105143 2.22329920806501E+001 2.89392228596230E+001
8.2099815 2.16986105084364E+001 2.81663800919455E+001
8.3094593 2.11812990322220E+001 2.74212009211222E+001
8.4089492 2.06803752831683E+001 2.67024364694336E+001
8.5084489 2.01952075023451E+001 2.60089315755254E+001
8.6079599 1.97251746529060E+001 2.53395658476043E+001
8.7074812 1.92696976401163E+001 2.46932967928165E+001
8.8070112 1.88282233482632E+001 2.40691354712510E+001
8.9065517 1.84002112614757E+001 2.34661263588367E+001
9.0061006 1.79851613208957E+001 2.28833854637749E+001
9.1056593 1.75825800265433E+001 2.23200514381618E+001
9.2052267 1.71920073043517E+001 2.17753223146791E+001
9.3048016 1.68130030292344E+001 2.12484355590440E+001
9.4043856 1.64451356716746E+001 2.07386514814168E+001
9.5039766 1.60880063663000E+001 2.02452858418910E+001
9.6035763 1.57412199135292E+001 1.97676689045358E+001
9.7031836 1.54044080144274E+001 1.93051768755973E+001
9.8027972 1.50772178086541E+001 1.88572153675564E+001
9.9024188 1.47593021701748E+001 1.84232055731910E+001
10.0020464 1.44503405998191E+001 1.80026122840848E+001
10.1016817 1.41500142658616E+001 1.75949092962640E+001
10.2013235 1.38580261914667E+001 1.71996064420588E+001
10.3009707 1.35740914394275E+001 1.68162357404035E+001
10.4006251 1.32979287618370E+001 1.64443397551010E+001
10.5002846 1.30292788163570E+001 1.60834957821638E+001
10.5999509 1.27678825603733E+001 1.57332863924028E+001
10.6996230 1.25134988683974E+001 1.53933227840063E+001
10.7992996 1.22658960736612E+001 1.50632330763263E+001
10.8989827 1.20248447384442E+001 1.47426524186346E+001
10.9986702 1.17901336040454E+001 1.44312439646467E+001
11.0983637 1.15615507885547E+001 1.41286736117717E+001
11.1980623 1.13388992261090E+001 1.38346302678843E+001
11.2977649 1.11219893350108E+001 1.35488158759326E+001
11.3974732 1.09106327226851E+001 1.32709369425773E+001
11.4971853 1.07046562075102E+001 1.30007228067652E+001
11.5969029 1.05038853755183E+001 1.27379038386833E+001
11.6966250 1.03081581649423E+001 1.24822291065677E+001
11.7963505 1.01173184763364E+001 1.22334578138349E+001
11.8960812 9.93121066256805E+000 1.19913519918294E+001
11.9958151 9.74969190280877E+000 1.17556924791775E+001
12.0955540 9.57261775596922E+000 1.15262599963988E+001
12.1952970 9.39985415882012E+000 1.13028506119454E+001
12.2950428 9.23127182909084E+000 1.10852683431479E+001
12.3947934 9.06674141921661E+000 1.08733188125393E+001
12.4945468 8.90614447594784E+000 1.06668232818748E+001
12.5943047 8.74936069347232E+000 1.04656021348556E+001
12.6940662 8.59627854871616E+000 1.02694884717545E+001
12.7938302 8.44679037614504E+000 1.00783216775497E+001
12.8935986 8.30078808617512E+000 9.89194188271938E+000
12.9933693 8.15817290574628E+000 9.71020233684463E+000
13.0931443 8.01884408591731E+000 9.53295492173436E+000
13.1929224 7.88270836158660E+000 9.36006214755290E+000
13.2927027 7.74967559858066E+000 9.19139153104114E+000
13.3924871 7.61965499517752E+000 9.02681073317039E+000
13.4922734 7.49256376782746E+000 8.86619850939586E+000
13.5920637 7.36831710954784E+000 8.70943194548474E+000
13.6918568 7.24683663155417E+000 8.55639708230837E+000
13.7916517 7.12804650058377E+000 8.40698397741250E+000
13.8914504 7.01187005595540E+000 8.26108241617664E+000
13.9912508 6.89823757902599E+000 8.11859163682609E+000
14.0910548 6.78707733223276E+000 7.97940903637564E+000
14.1908615 6.67832311567672E+000 7.84343961401253E+000
14.2906697 6.57191082652398E+000 7.71059161287020E+000
14.3904813 6.46777543524715E+000 7.58077272024149E+000
14.4902944 6.36585795628899E+000 7.45389873361568E+000
14.5901109 6.26609742482592E+000 7.32988352792538E+000
14.6899298 6.16843768116210E+000 7.20864747701702E+000
14.7897500 6.07282429525096E+000 7.09011359100585E+000
14.8895734 5.97920185484049E+000 6.97420413597743E+000
14.9893980 5.88752023731516E+000 6.86084838118868E+000
15.0892259 5.79772740350643E+000 6.74997365386662E+000
15.1890558 5.70977550601872E+000 6.64151287329087E+000
15.2888878 5.62361731774463E+000 6.53540011281545E+000
15.3887200 5.53920865512702E+000 6.43157356569120E+000
15.4885562 5.45650191998028E+000 6.32996758485788E+000
15.5883943 5.37545570859072E+000 6.23052448446614E+000
15.6882343 5.29602829182763E+000 6.13318650076211E+000
15.7880763 5.21817919598119E+000 6.03789772179655E+000
15.8879183 5.14187059996271E+000 5.94460577901480E+000
15.9877640 5.06706150067463E+000 5.85325470152971E+000
16.0876115 4.99371640442406E+000 5.76379552779741E+000
16.1874608 4.92179943759100E+000 5.67617909029872E+000
16.2873119 4.85127577932972E+000 5.59035775563484E+000
16.3871628 4.78211293211760E+000 5.50628695591525E+000
16.4870172 4.71427543648832E+000 5.42391875459340E+000
16.5868734 4.64773275210159E+000 5.34321141522117E+000
16.6867312 4.58245392386915E+000 5.26412290576145E+000
16.7865905 4.51840888333001E+000 5.18661247152429E+000
16.8864496 4.45556960641229E+000 5.11064202455010E+000
16.9863121 4.39390531376135E+000 5.03617033348177E+000
17.0861762 4.33338963409434E+000 4.96316167506553E+000
17.1860417 4.27399576123370E+000 4.89157996950157E+000
17.2859087 4.21569763876382E+000 4.82139020562842E+000
17.3857753 4.15847101712705E+000 4.75255970415281E+000
17.4856452 4.10228908451877E+000 4.68505285677597E+000
17.5855166 4.04712899273487E+000 4.61883896834789E+000
17.6853893 3.99296744941417E+000 4.55388694756049E+000
17.7852633 3.93978179870329E+000 4.49016660119664E+000
17.8851368 3.88755098830683E+000 4.42764978503899E+000
17.9850136 3.83625158328790E+000 4.36630562807797E+000
18.0848916 3.78586372409181E+000 4.30610765832154E+000
18.1847709 3.73636710575948E+000 4.24702898387642E+000
18.2846515 3.68774196571772E+000 4.18904347086957E+000
18.3845314 3.63996997010858E+000 4.13212679412950E+000
18.4844144 3.59303056906885E+000 4.07625209118149E+000
18.5842986 3.54690644766211E+000 4.02139645215589E+000
18.6841841 3.50157985014033E+000 3.96753653529189E+000
18.7840706 3.45703348459501E+000 3.91464964125351E+000
18.8839565 3.41325133677211E+000 3.86271467417802E+000
18.9838453 3.37021533070269E+000 3.81170817762921E+000
19.0837353 3.32791032563564E+000 3.76161025842171E+000
19.1836263 3.28632074879126E+000 3.71240058814123E+000
19.2835185 3.24543142542047E+000 3.66405938496277E+000
19.3834098 3.20522832734287E+000 3.61656829436779E+000
19.4833041 3.16569550732138E+000 3.56990676553147E+000
19.5831994 3.12681968854477E+000 3.52405746985687E+000
19.6830957 3.08858717389563E+000 3.47900264649118E+000
19.7829930 3.05098460893989E+000 3.43472500136922E+000
19.8828894 3.01399967158489E+000 3.39120851578282E+000
19.9827887 2.97761825246187E+000 3.34843512702688E+000
20.0826889 2.94182867788551E+000 3.30638969474590E+000
20.1825901 2.90661886757882E+000 3.26505665384239E+000
20.2824922 2.87197703722892E+000 3.22442083927808E+000
20.3823934 2.83789233493144E+000 3.18446822971091E+000
20.4822973 2.80435224317083E+000 3.14518290078054E+000
20.5822022 2.77134647133824E+000 3.10655158579062E+000
20.6821079 2.73886433722407E+000 3.06856060401920E+000
20.7820145 2.70689541500808E+000 3.03119661878353E+000
20.8819201 2.67543012351968E+000 2.99444732252051E+000
20.9818284 2.64445732827355E+000 2.95829863498726E+000
21.0817375 2.61396793543794E+000 2.92273889915598E+000
21.1816475 2.58395247530927E+000 2.88775605688096E+000
21.2815583 2.55440170093726E+000 2.85333834684576E+000
21.3814680 2.52530713267462E+000 2.81947493673283E+000
21.4813803 2.49665884120619E+000 2.78615334195755E+000
21.5812935 2.46844877122671E+000 2.75336329279070E+000
21.6812074 2.44066850762327E+000 2.72109413272121E+000
21.7811221 2.41330982935479E+000 2.68933546213625E+000
21.8810357 2.38636521427844E+000 2.65807772258983E+000
21.9809519 2.35982578626221E+000 2.62730981456745E+000
22.0808688 2.33368439367255E+000 2.59702266765126E+000
22.1807864 2.30793354116884E+000 2.56720683983269E+000
22.2807048 2.28256590294921E+000 2.53785311210849E+000
22.3806219 2.25757479141452E+000 2.50895302930313E+000
22.4805416 2.23295225332663E+000 2.48049669784829E+000
22.5804621 2.20869192545232E+000 2.45247608716751E+000
22.6803832 2.18478711676913E+000 2.42488281071100E+000
22.7803050 2.16123128474551E+000 2.39770867606945E+000
22.8802255 2.13801847102854E+000 2.37094618631991E+000
22.9801486 2.11514153324401E+000 2.34458650095988E+000
23.0800723 2.09259479773531E+000 2.31862249352723E+000
23.1799967 2.07037227863371E+000 2.29304669731148E+000
23.2799217 2.04846812045133E+000 2.26785181508072E+000
23.3798454 2.02687700364883E+000 2.24303118449483E+000
23.4797716 2.00559250010308E+000 2.21857688720809E+000
23.5796984 1.98460954076959E+000 2.19448258498602E+000
23.6796259 1.96392275951680E+000 2.17074161494446E+000
23.7795539 1.94352690496818E+000 2.14734746254138E+000
23.8794806 1.92341721851518E+000 2.12429419422773E+000
23.9794098 1.90358790273201E+000 2.10157470136655E+000
24.0793395 1.88403441993658E+000 2.07918333470216E+000
24.1792698 1.86475194995723E+000 2.05711413563217E+000
24.2792007 1.84573577385862E+000 2.03536127572739E+000
24.3791302 1.82698162670797E+000 2.01391945946155E+000
24.4790621 1.80848426931936E+000 1.99278229102369E+000
24.5789946 1.79023963205569E+000 1.97194472488754E+000
24.6789277 1.77224337681175E+000 1.95140142106756E+000
24.7788612 1.75449125499249E+000 1.93114715408835E+000
24.8787934 1.73697943711294E+000 1.91117718834481E+000
24.9787279 1.71970317922620E+000 1.89148575713659E+000
25.0786630 1.70265882486832E+000 1.87206834523549E+000
25.1785986 1.68584246252492E+000 1.85292015734348E+000
25.2785347 1.66925025999493E+000 1.83403649913268E+000
25.3784693 1.65287877270239E+000 1.81541312753092E+000
25.4784064 1.63672369702128E+000 1.79704483240799E+000
25.5783439 1.62078174199076E+000 1.77892756541002E+000
25.6782819 1.60504937440104E+000 1.76105701195124E+000
25.7782204 1.58952313146729E+000 1.74342894668007E+000
25.8781574 1.57419990955157E+000 1.72603956075832E+000
25.9780968 1.55907579735832E+000 1.70888413759851E+000
26.0780366 1.54414782791758E+000 1.69195904079771E+000
26.1779769 1.52941280419516E+000 1.67526038097546E+000
26.2779176 1.51486759181568E+000 1.65878434778720E+000
26.3778568 1.50050938973333E+000 1.64252751606376E+000
26.4777984 1.48633463694639E+000 1.62648560785573E+000
26.5777404 1.47234065424280E+000 1.61065535102860E+000
26.6776829 1.45852454392186E+000 1.59503323312577E+000
26.7776257 1.44488346414079E+000 1.57961581184231E+000
26.8775671 1.43141488292998E+000 1.56440000171290E+000
26.9775108 1.41811555267515E+000 1.54938191547689E+000
27.0774549 1.40498305022668E+000 1.53455860377126E+000
27.1773994 1.39201474492656E+000 1.51992688896391E+000
27.2773442 1.37920805600616E+000 1.50548365581656E+000
27.3772876 1.36656069121380E+000 1.49122612024973E+000
27.4772333 1.35406968384810E+000 1.47715074371467E+000
27.5771793 1.34173283903590E+000 1.46325486342113E+000
27.6771257 1.32954776479898E+000 1.44953559976615E+000
27.7770725 1.31751211379914E+000 1.43599012875054E+000
27.8770178 1.30562380773215E+000 1.42261593420764E+000
27.9769653 1.29388013217279E+000 1.40940978946588E+000
28.0769132 1.28227909611497E+000 1.39636928665921E+000
28.1768615 1.27081852129514E+000 1.38349181198076E+000
28.2768101 1.25949626946348E+000 1.37077480127124E+000
28.3767572 1.24831045359568E+000 1.35821597697114E+000
28.4767065 1.23725858623738E+000 1.34581239189011E+000
28.5766562 1.22633885876323E+000 1.33356186535527E+000
28.6766062 1.21554928460531E+000 1.32146202105716E+000
28.7765565 1.20488791312414E+000 1.30951052709788E+000
28.8765053 1.19435302859782E+000 1.29770531881282E+000
28.9764563 1.18394234813594E+000 1.28604369993815E+000
29.0764077 1.17365422654362E+000 1.27452369264419E+000
29.1763593 1.16348684948976E+000 1.26314313322138E+000
29.2763113 1.15343843495716E+000 1.25189989775914E+000
29.3762617 1.14350742088577E+000 1.24079211188146E+000
29.4762144 1.13369170906970E+000 1.22981730502848E+000
29.5761673 1.12398980099931E+000 1.21897368078881E+000
29.6761206 1.11440003735120E+000 1.20825926610242E+000
29.7760741 1.10492078791190E+000 1.19767212363670E+000
29.8760261 1.09555062867734E+000 1.18721054938870E+000
29.9759803 1.08628762845527E+000 1.17687227617742E+000
30.0759347 1.07713042059751E+000 1.16665567012105E+000
30.1758895 1.06807748550519E+000 1.15655892941837E+000
30.2758445 1.05912732984416E+000 1.14658028439449E+000
30.3757980 1.05027865383562E+000 1.13671818384034E+000
30.4757536 1.04152967756421E+000 1.12697054415377E+000
30.5757095 1.03287915309695E+000 1.11733587729791E+000
30.6756657 1.02432568697820E+000 1.10781253556755E+000
30.7756221 1.01586790948591E+000 1.09839890019279E+000
30.8755770 1.00750463278761E+000 1.08909355721235E+000
30.9755340 9.99234214205320E-001 1.07989458900833E+000
31.0754913 9.91055512842570E-001 1.07080063862364E+000
31.1754469 9.82967402713269E-001 1.06181036773046E+000
31.2754067 9.74968165643903E-001 1.05292178210048E+000
31.3753629 9.67057175077692E-001 1.04413410274911E+000
31.4753231 9.59232611191555E-001 1.03544522709100E+000
31.5752798 9.51493874989770E-001 1.02685441051933E+000
31.6752368 9.43839490286704E-001 1.01835993631253E+000
31.7751978 9.36268013233059E-001 1.00996012603357E+000
31.8751552 9.28778883925446E-001 1.00165428378041E+000
31.9751168 9.21370412095154E-001 9.93440461702824E-001
32.0750747 9.14042062483296E-001 9.85317994568334E-001
32.1750329 9.06792468524220E-001 9.77285297222908E-001
32.2749952 8.99620293334701E-001 9.69340819549634E-001
32.3749539 8.92525036628353E-001 9.61483939790943E-001
32.4749166 8.85505126550272E-001 9.53712851094445E-001
32.5748758 8.78560084871865E-001 9.46026959093548E-001
32.6748352 8.71688644974875E-001 9.38424798232253E-001
32.7747986 8.64889567525216E-001 9.30904935067313E-001
32.8747585 8.58162405610425E-001 9.23466814079704E-001
32.9747223 8.51505695759100E-001 9.16108757089969E-001
33.0746827 8.44919010819336E-001 9.08830233067114E-001
33.1746432 8.38401175427115E-001 9.01629885332720E-001
33.2746078 8.31951039331910E-001 8.94506386683192E-001
33.3745687 8.25568203448636E-001 8.87459240835010E-001
33.4745337 8.19251303644440E-001 8.80486887205288E-001
33.5744951 8.12999958551980E-001 8.73588851424546E-001
33.6744568 8.06813076236477E-001 8.66763876074333E-001
33.7744224 8.00689587908940E-001 8.60010730827582E-001
33.8743844 7.94629137377599E-001 8.53328972424344E-001
33.9743505 7.88630451679232E-001 8.46717147907692E-001
34.0743130 7.82693190520978E-001 8.40174833646306E-001
34.1742756 7.76816338343141E-001 8.33700862839616E-001
34.2742423 7.70998900945466E-001 8.27294093621534E-001
34.3742054 7.65240560634853E-001 8.20954130238063E-001
34.4741725 7.59540128228956E-001 8.14679618368694E-001
34.5741359 7.53897300312219E-001 8.08470179856228E-001
34.6740996 7.48311131331475E-001 8.02324730740352E-001
34.7740673 7.42780695468919E-001 7.96242210040307E-001
34.8740313 7.37305709611261E-001 7.90222264600797E-001
34.9739994 7.31885061664199E-001 7.84263630620178E-001
35.0739638 7.26518481344966E-001 7.78365970731262E-001
35.1739284 7.21205087349115E-001 7.72528276803729E-001
35.2738971 7.15944016628934E-001 7.66749561912277E-001
35.3738621 7.10735017152320E-001 7.61029511130440E-001
35.4738310 7.05577047841975E-001 7.55366943834227E-001
35.5737964 7.00469868203448E-001 7.49761559273272E-001
35.6737620 6.95412655968136E-001 7.44212418819276E-001
35.7737315 6.90404605776127E-001 7.38718603435827E-001
35.8736974 6.85445493549592E-001 7.33279832529256E-001
35.9736673 6.80534343713609E-001 7.27895002004370E-001
36.0736335 6.75670942571612E-001 7.22563844005198E-001
36.1735999 6.70854522164928E-001 7.17285483685160E-001
36.2735704 6.66084330212930E-001 7.12059064321068E-001
36.3735371 6.61360167794387E-001 7.06884336174437E-001
36.4735079 6.56681119820792E-001 7.01760265648476E-001
36.5734750 6.52046996716789E-001 6.96686614457452E-001
36.6734423 6.47457080543522E-001 6.91662566358265E-001
36.7734135 6.42910667915246E-001 6.86687321892523E-001
36.8733811 6.38407582561644E-001 6.81760659069322E-001
36.9733527 6.33946965312255E-001 6.76881609313195E-001
37.0733206 6.29528648314654E-001 6.72049960936869E-001
37.1732887 6.25151959750281E-001 6.67264951606772E-001
37.2732608 6.20816241324080E-001 6.62525834552054E-001
37.3732292 6.16521337170253E-001 6.57832412749433E-001
37.4732015 6.12266439870338E-001 6.53183777663478E-001
37.5731702 6.08051401143912E-001 6.48579741545814E-001
37.6731391 6.03875591743762E-001 6.44019591711771E-001
37.7731119 5.99738395002648E-001 6.39502629922473E-001
37.8730811 5.95639673443440E-001 6.35028681632813E-001
37.9730543 5.91578667595776E-001 6.30596893811048E-001
38.0730237 5.87555246820328E-001 6.26207100265107E-001
38.1729934 5.83568821207371E-001 6.21858634086894E-001
38.2729669 5.79618812561453E-001 6.17550841791904E-001
38.3729369 5.75705099983484E-001 6.13283569081688E-001
38.4729107 5.71826968473733E-001 6.09056014291710E-001
38.5728809 5.67984303299024E-001 6.04868030649625E-001
38.6728513 5.64176550936831E-001 6.00718993500045E-001
38.7728256 5.60403168783695E-001 5.96608290674487E-001
38.8727962 5.56664050890830E-001 5.92535786118925E-001
38.9727708 5.52958523546305E-001 5.88500725759418E-001
39.0727417 5.49286486362876E-001 5.84502980325595E-001
39.1727127 5.45647419510492E-001 5.80541964204033E-001
39.2726877 5.42040813346862E-001 5.76617103408859E-001
39.3726590 5.38466575408972E-001 5.72728278332300E-001
39.4726343 5.34924070356142E-001 5.68874779038741E-001
39.5726059 5.31413210742804E-001 5.65056492036864E-001
39.6725776 5.27933507967263E-001 5.61272867826252E-001
39.7725533 5.24484482942296E-001 5.57523367744691E-001
39.8725252 5.21066055371883E-001 5.53807887014329E-001
39.9725012 5.17677625611036E-001 5.50125756678317E-001
40.0724734 5.14319117890963E-001 5.46476877475157E-001
40.1724458 5.10990072582568E-001 5.42860733342385E-001
40.2724221 5.07690038950672E-001 5.39276818329860E-001
40.3723947 5.04418947677810E-001 5.35725041035527E-001
40.4723712 5.01176232357464E-001 5.32204770586254E-001
40.5723441 4.97961827757401E-001 5.28715920556157E-001
40.6723171 4.94775301153844E-001 5.25258005874753E-001
40.7722940 4.91616228144373E-001 5.21830550915610E-001
40.8722673 4.88484549318303E-001 5.18433476343218E-001
40.9722444 4.85379729248457E-001 5.15066186712462E-001
41.0722179 4.82301712210569E-001 5.11728607177361E-001
41.1721915 4.79250090489619E-001 5.08420281420392E-001
41.2721690 4.76224464163112E-001 5.05140761952182E-001
41.3721428 4.73224782759896E-001 5.01889980324024E-001
41.4721206 4.70250539752922E-001 4.98667374079962E-001
41.5720946 4.67301687997367E-001 4.95472878822087E-001
41.6720688 4.64377843045202E-001 4.92306064934012E-001
41.7720469 4.61478627751986E-001 4.89166511059246E-001
41.8720213 4.58603999712602E-001 4.86054158572066E-001
41.9719996 4.55753479384524E-001 4.82968475763510E-001
42.0719743 4.52927027363628E-001 4.79909407662825E-001
42.1719490 4.50124280867643E-001 4.76876549472459E-001
42.2719276 4.47344883965383E-001 4.73869504129924E-001
42.3719026 4.44588801528420E-001 4.70888221872493E-001
42.4718815 4.41855579232108E-001 4.67932199674690E-001
42.5718566 4.39145184654895E-001 4.65001391071397E-001
42.6718319 4.36457275206758E-001 4.62095414355311E-001
42.7718111 4.33791514729568E-001 4.59213895068955E-001
42.8717866 4.31147874657868E-001 4.56356791445742E-001
42.9717660 4.28525924253996E-001 4.53523627242602E-001
43.0717417 4.25925637393319E-001 4.50714363667711E-001
43.1717175 4.23346690320766E-001 4.47928640514952E-001
43.2716972 4.20788765324452E-001 4.45166104378970E-001
43.3716732 4.18251839756176E-001 4.42426720706038E-001
43.4716531 4.15735504958237E-001 4.39710038282291E-001
43.5716293 4.13239740482468E-001 4.37016025236927E-001
43.6716056 4.10764240157293E-001 4.34344341402756E-001
43.7715858 4.08308703493566E-001 4.31694652997350E-001
43.8715623 4.05873113175840E-001 4.29066931971668E-001
43.9715428 4.03457081232492E-001 4.26460750522607E-001
44.0715195 4.01060592330063E-001 4.23876083020080E-001
44.1714963 3.98683356725544E-001 4.21312607988931E-001
44.2714770 3.96325090023218E-001 4.18770009953028E-001
44.3714539 3.93985779711032E-001 4.16248266727364E-001
44.4714348 3.91665057213014E-001 4.13746972424113E-001
44.5714120 3.89362911801559E-001 4.11266107038333E-001
44.6713893 3.87079069095388E-001 4.08805366545079E-001
44.7713704 3.84813259748901E-001 4.06364452560419E-001
44.8713479 3.82565475573798E-001 4.03943348183505E-001
44.9713293 3.80335366194022E-001 4.01541668058608E-001
45.0713069 3.78122925026676E-001 3.99159397248639E-001
45.1712846 3.75927892065861E-001 3.96796248032838E-001
45.2712662 3.73750012051379E-001 3.94451937998884E-001
45.3712441 3.71589280683891E-001 3.92126455004961E-001
45.4712259 3.69445364678283E-001 3.89819432946926E-001
45.5712040 3.67318261178279E-001 3.87530861450773E-001
45.6711822 3.65207723640631E-001 3.85260468041341E-001
45.7711643 3.63113509997701E-001 3.83007985242678E-001
45.8711426 3.61035619444841E-001 3.80773405196227E-001
45.9711248 3.58973734758467E-001 3.78556379862902E-001
46.0711034 3.56927856429734E-001 3.76356902974365E-001
46.1710820 3.54897750532705E-001 3.74174716322348E-001
46.2710644 3.52883187365295E-001 3.72009566410028E-001
46.3710432 3.50884169259861E-001 3.69861449230857E-001
46.4710259 3.48900394097999E-001 3.67730033710379E-001
46.5710048 3.46931865374246E-001 3.65615317271246E-001
46.6709838 3.44978360996408E-001 3.63517055066440E-001
46.7709667 3.43039662861253E-001 3.61435006692363E-001
46.8709459 3.41115776113569E-001 3.59369171603431E-001
46.9709290 3.39206412850890E-001 3.57319234668350E-001
47.0709083 3.37311579258903E-001 3.55285196624690E-001
47.1708877 3.35431064352213E-001 3.53266825147917E-001
47.2708710 3.33564660915098E-001 3.51263892107075E-001
47.3708506 3.31712376610138E-001 3.49276400062820E-001
47.4708341 3.29873936923311E-001 3.47304048878042E-001
47.5708138 3.28049350447987E-001 3.45346842264044E-001
47.6707936 3.26238416630647E-001 3.43404559641295E-001
47.7707773 3.24440938482529E-001 3.41476984390753E-001
47.8707573 3.22656925916495E-001 3.39564121857441E-001
47.9707411 3.20886117036303E-001 3.37665686016062E-001
48.0707212 3.19128522585608E-001 3.35781683242015E-001
48.1707014 3.17383951815622E-001 3.33911903979501E-001
48.2706855 3.15652217350698E-001 3.32056142415579E-001
48.3706658 3.13933331111035E-001 3.30214406387482E-001
48.4706500 3.12227043099870E-001 3.28386423160606E-001
48.5706305 3.10533365977374E-001 3.26572201493381E-001
48.6706110 3.08852118216290E-001 3.24771542184060E-001
48.7705955 3.07183121483191E-001 3.22984249570410E-001
48.8705762 3.05526389484940E-001 3.21210333716619E-001
48.9705608 3.03881683454251E-001 3.19449534414061E-001
49.0705416 3.02249017755460E-001 3.17701862548978E-001
49.1705225 3.00628219540097E-001 3.15967128651422E-001
49.2705073 2.99019118985597E-001 3.14245146600799E-001
49.3704883 2.97421731385024E-001 3.12535928447379E-001
49.4704733 2.95835828575142E-001 3.10839225795753E-001
49.5704545 2.94261426431533E-001 3.09155051428203E-001
49.6704357 2.92698360279041E-001 3.07483225027922E-001
49.7704208 2.91146468311038E-001 3.05823569449507E-001
49.8704022 2.89605767224665E-001 3.04176098510535E-001
49.9703875 2.88076038876483E-001 3.02540574963966E-001
50.0703690 2.86557300478052E-001 3.00917013277602E-001
50.1703506 2.85049395056415E-001 2.99305241749260E-001
50.2703361 2.83552168359555E-001 2.97705091681506E-001
50.3703178 2.82065638323217E-001 2.96116578460496E-001
50.4703034 2.80589596277580E-001 2.94539475366943E-001
50.5702853 2.79124060610940E-001 2.92973798362925E-001
50.6702672 2.77668881613137E-001 2.91419383859342E-001
50.7702530 2.76223912156437E-001 2.89876071115655E-001
50.8702350 2.74789171264854E-001 2.88343876906065E-001
50.9702209 2.73364459231234E-001 2.86822584459268E-001
51.0702031 2.71949795475928E-001 2.85312211057888E-001
51.1701853 2.70545037141452E-001 2.83812600758455E-001
51.2701714 2.69150043822673E-001 2.82323600319581E-001
51.3701538 2.67764835495294E-001 2.80845227739496E-001
51.4701400 2.66389220936490E-001 2.79377275652892E-001
51.5701225 2.65023220467236E-001 2.77919762505096E-001
51.6701050 2.63666697699669E-001 2.76472539562276E-001
51.7700914 2.62319518576047E-001 2.75035460655217E-001
51.8700741 2.60981703899685E-001 2.73608544857170E-001
51.9700606 2.59653070483991E-001 2.72191593701781E-001
52.0700434 2.58333639431173E-001 2.70784626653687E-001
52.1700263 2.57023280464973E-001 2.69387501781756E-001
52.2700130 2.55721865524313E-001 2.68000079590378E-001
52.3699959 2.54429416127431E-001 2.66622380092461E-001
52.4699827 2.53145756703909E-001 2.65254213245927E-001
52.5699658 2.51870909028758E-001 2.63895599404466E-001
52.6699489 2.50604748602484E-001 2.62546403059561E-001
52.7699359 2.49347153032617E-001 2.61206491016897E-001
52.8699192 2.48098144449995E-001 2.59875884106086E-001
52.9699063 2.46857554506333E-001 2.58554400264642E-001
53.0698897 2.45625405550997E-001 2.57242060616995E-001
53.1698731 2.44401578547884E-001 2.55938735721996E-001
53.2698603 2.43185956466083E-001 2.54644298338613E-001
53.3698439 2.41978561956136E-001 2.53358770001494E-001
53.4698313 2.40779233522027E-001 2.52081976210880E-001
53.5698149 2.39587993998123E-001 2.50813938754501E-001
53.6697986 2.38404729518235E-001 2.49554533926318E-001
53.7697861 2.37229328125437E-001 2.48303640113061E-001
53.8697699 2.36061812905676E-001 2.47061279453023E-001
53.9697576 2.34902028867811E-001 2.45827284618124E-001
54.0697415 2.33749999250129E-001 2.44601677961851E-001
54.1697254 2.32605615081349E-001 2.43384341202318E-001
54.2697133 2.31468769209019E-001 2.42175158049330E-001
54.3696973 2.30339485078026E-001 2.40974151152791E-001
54.4696852 2.29217613875610E-001 2.39781159989236E-001
54.5696694 2.28103179170447E-001 2.38596207389380E-001
54.6696536 2.26996076628295E-001 2.37419180204270E-001
54.7696417 2.25896203648442E-001 2.36249967181425E-001
54.8696260 2.24803583965389E-001 2.35088591398846E-001
54.9696142 2.23718074637718E-001 2.33934898792912E-001
55.0695986 2.22639699497841E-001 2.32788912591243E-001
55.1695831 2.21568358606613E-001 2.31650524504926E-001
55.2695714 2.20503953677913E-001 2.30519628051750E-001
55.3695560 2.19446508673040E-001 2.29396246662065E-001
55.4695444 2.18395886232997E-001 2.28280232408060E-001
55.5695291 2.17352110393561E-001 2.27171608841425E-001
55.6695138 2.16315085383540E-001 2.26070272277390E-001
55.7695023 2.15284717008748E-001 2.24976120753217E-001
55.8694872 2.14261029400401E-001 2.23889177982937E-001
55.9694758 2.13243890509899E-001 2.22809301869815E-001
56.0694607 2.12233324521731E-001 2.21736516223595E-001
56.1694457 2.11229239619287E-001 2.20670721723556E-001
56.2694345 2.10231545491140E-001 2.19611820691093E-001
56.3694196 2.09240266386963E-001 2.18559837061709E-001
56.4694085 2.08255275312280E-001 2.17514634282986E-001
56.5693936 2.07276596550860E-001 2.16476236362931E-001
56.6693788 2.06304142040130E-001 2.15444548119460E-001
56.7693678 2.05337825154792E-001 2.14419475937143E-001
56.8693531 2.04377670216459E-001 2.13401043916624E-001
56.9693423 2.03423555043212E-001 2.12389120779809E-001
57.0693276 2.02475503973437E-001 2.11383730678849E-001
57.1693130 2.01533432509983E-001 2.10384782358549E-001
57.2693023 2.00597257528755E-001 2.09392186059064E-001
57.3692878 1.99667003381296E-001 2.08405965995227E-001
57.4692772 1.98742552470409E-001 2.07425995908902E-001
57.5692628 1.97823929148784E-001 2.06452300047439E-001
57.6692484 1.96911052307215E-001 2.05484790883505E-001
57.7692379 1.96003842148770E-001 2.04523382317706E-001
57.8692236 1.95102323017037E-001 2.03568098633005E-001
57.9692132 1.94206381684540E-001 2.02618818351447E-001
58.0691990 1.93316042481929E-001 2.01675565771371E-001
58.1691849 1.92431227520845E-001 2.00738256906116E-001
58.2691746 1.91551860167652E-001 1.99806809133202E-001
58.3691605 1.90677964723853E-001 1.98881246762144E-001
58.4691503 1.89809432128694E-001 1.97961452869017E-001
58.5691363 1.88946286658069E-001 1.97047451763238E-001
58.6691224 1.88088453487051E-001 1.96139162822683E-001
58.7691123 1.87235858990922E-001 1.95236506729062E-001
58.8690985 1.86388527398405E-001 1.94339507780936E-001
58.9690885 1.85546353623696E-001 1.93448053394999E-001
59.0690747 1.84709361858526E-001 1.92562167855776E-001
59.1690610 1.83877480193038E-001 1.91681773739834E-001
59.2690511 1.83050637865909E-001 1.90806794870437E-001
59.3690374 1.82228859005524E-001 1.89937255501421E-001
59.4690277 1.81412042319772E-001 1.89073047188584E-001
59.5690141 1.80600211889834E-001 1.88214194159189E-001
59.6690006 1.79793298581012E-001 1.87360622032260E-001
59.7689909 1.78991234358140E-001 1.86512257619390E-001
59.8689774 1.78194043224567E-001 1.85669125099320E-001
59.9689678 1.77401627510462E-001 1.84831119976586E-001
60.0689545 1.76614011162837E-001 1.83998266392091E-001
60.1689411 1.75831127690142E-001 1.83170492860062E-001
60.2689316 1.75052911653869E-001 1.82347729035988E-001
60.3689184 1.74279386910249E-001 1.81529998996251E-001
60.4689090 1.73510459249552E-001 1.80717202014187E-001
60.5688958 1.72746152463519E-001 1.79909362118241E-001
60.6688827 1.71986402579129E-001 1.79106410578973E-001
60.7688734 1.71231146632280E-001 1.78308279759551E-001
60.8688603 1.70480408312387E-001 1.77514993609570E-001
60.9688511 1.69734096716299E-001 1.76726455000999E-001
61.0688381 1.68992235461687E-001 1.75942687826469E-001
61.1688251 1.68254762976361E-001 1.75163625981838E-001
61.2688160 1.67521618655149E-001 1.74389204409417E-001
61.3688031 1.66792826003135E-001 1.73619446910178E-001
61.4687941 1.66068297278349E-001 1.72854259793721E-001
61.5687813 1.65348055907691E-001 1.72093666795992E-001
61.6687685 1.64632042608587E-001 1.71337604314459E-001
61.7687596 1.63920199025669E-001 1.70586009749219E-001
61.8687469 1.63212548464163E-001 1.69838906733156E-001
61.9687381 1.62509006205511E-001 1.69096204861080E-001
62.0687254 1.61809595471063E-001 1.68357927693676E-001
62.1687128 1.61114259162713E-001 1.67624014013186E-001
62.2687041 1.60422941071723E-001 1.66894403562873E-001
62.3686916 1.59735664289754E-001 1.66169119790220E-001
62.4686829 1.59052346991052E-001 1.65448075430895E-001
62.5686704 1.58373012178389E-001 1.64731293853821E-001
62.6686580 1.57697604838677E-001 1.64018716115613E-001
62.7686494 1.57026070812211E-001 1.63310284194376E-001
62.8686371 1.56358432965035E-001 1.62606021336855E-001
62.9686286 1.55694612240329E-001 1.61905843282790E-001
63.0686163 1.55034631410860E-001 1.61209773194743E-001
63.1686040 1.54378437454444E-001 1.60517754299328E-001
63.2685918 1.53726002985461E-001 1.59829756876159E-001
63.3685872 1.53077251506012E-001 1.59145699433087E-001
63.4685751 1.52432255089553E-001 1.58465657143575E-001
63.5685630 1.51790937424828E-001 1.57789548729812E-001
63.6685509 1.51153272066997E-001 1.57117345507038E-001
63.7685388 1.50519232800461E-001 1.56449019042747E-001
63.8685344 1.49888745673798E-001 1.55784490603791E-001
63.9685224 1.49261881120136E-001 1.55123833645454E-001
64.0685105 1.48638565361345E-001 1.54466969633700E-001
64.1684986 1.48018773075814E-001 1.53813871119402E-001
64.2684867 1.47402479159811E-001 1.53164510893011E-001
64.3684824 1.46789612101971E-001 1.52518812863158E-001
64.4684706 1.46180240736587E-001 1.51876848810129E-001
64.5684588 1.45574293713137E-001 1.51238542827470E-001
64.6684470 1.44971746777733E-001 1.50603868639765E-001
64.7684353 1.44372575883646E-001 1.49972800199221E-001
64.8684312 1.43776711858473E-001 1.49345263944978E-001
64.9684195 1.43184221978205E-001 1.48721330024558E-001
65.0684079 1.42595037219662E-001 1.48100925048781E-001
65.1683963 1.42009134344299E-001 1.47484023857547E-001
65.2683847 1.41426490310611E-001 1.46870601507106E-001
65.3683808 1.40847038189058E-001 1.46260586861435E-001
65.4683692 1.40270843736922E-001 1.45654048476588E-001
65.5683578 1.39697840163046E-001 1.45050915375874E-001
65.6683463 1.39128005194773E-001 1.44451163459427E-001
65.7683349 1.38561316746929E-001 1.43854768833090E-001
65.8683311 1.37997710041466E-001 1.43261662685284E-001
65.9683197 1.37437249355597E-001 1.42671912020934E-001
66.0683084 1.36879870039542E-001 1.42085448176275E-001
66.1682971 1.36325550739817E-001 1.41502248059685E-001
66.2682858 1.35774270281393E-001 1.40922288775209E-001
66.3682821 1.35225965950798E-001 1.40345503740286E-001
66.4682709 1.34680700582876E-001 1.39771958448111E-001
66.5682597 1.34138411582979E-001 1.39201586453189E-001
66.6682485 1.33599078472657E-001 1.38634365623058E-001
66.7682374 1.33062680943378E-001 1.38070274011438E-001
66.8682339 1.32529158263528E-001 1.37509247174049E-001
66.9682228 1.31998571862358E-001 1.36951349130808E-001
67.0682118 1.31470861118263E-001 1.36396515564469E-001
67.1682007 1.30946006386094E-001 1.35844725255368E-001
67.2681897 1.30423988182560E-001 1.35295957161057E-001
67.3681864 1.29904747679151E-001 1.34750148889220E-001
67.4681754 1.29388344935380E-001 1.34207363024013E-001
67.5681645 1.28874721224518E-001 1.33667537290793E-001
67.6681536 1.28363857695260E-001 1.33130651338876E-001
67.7681428 1.27855735650523E-001 1.32596684986330E-001
67.8681396 1.27350298089902E-001 1.32065577810649E-001
67.9681288 1.26847603738120E-001 1.31537390996830E-001
68.0681180 1.26347595688863E-001 1.31012064231299E-001
68.1681072 1.25850255847337E-001 1.30489577990939E-001
68.2680965 1.25355566265744E-001 1.29969912913374E-001
68.3680934 1.24863471700317E-001 1.29453010467702E-001
68.4680827 1.24374029575048E-001 1.28938930475435E-001
68.5680721 1.23887184733080E-001 1.28427614506439E-001
68.6680615 1.23402919800794E-001 1.27919043825995E-001
68.7680509 1.22921217544731E-001 1.27413199852547E-001
68.8680479 1.22442024409641E-001 1.26910025872301E-001
68.9680374 1.21965396551963E-001 1.26409580378063E-001
69.0680269 1.21491280496654E-001 1.25911806749188E-001
69.1680164 1.21019659557813E-001 1.25416687002294E-001
69.2680059 1.20550517183227E-001 1.24924203299995E-001
69.3680031 1.20083801441212E-001 1.24434300674624E-001
69.4679927 1.19619567252969E-001 1.23947036324174E-001
69.5679823 1.19157762760753E-001 1.23462355367010E-001
69.6679719 1.18698371934699E-001 1.22980240536013E-001
69.7679615 1.18241378872490E-001 1.22500674703274E-001
69.8679589 1.17786733204048E-001 1.22023604579598E-001
69.9679486 1.17334488646805E-001 1.21549086101179E-001
70.0679383 1.16884594898768E-001 1.21077066058202E-001
70.1679281 1.16437036556081E-001 1.20607527866604E-001
70.2679178 1.15991798336622E-001 1.20140455075102E-001
70.3679153 1.15548831372791E-001 1.19675796008456E-001
70.4679051 1.15108188208891E-001 1.19213605373217E-001
70.5678949 1.14669820039941E-001 1.18753831567312E-001
70.6678848 1.14233712059631E-001 1.18296458658278E-001
70.7678747 1.13799849577879E-001 1.17841470840342E-001
70.8678723 1.13368185173121E-001 1.17388817990672E-001
70.9678622 1.12938770246358E-001 1.16938553617493E-001
71.0678522 1.12511557433533E-001 1.16490627665337E-001
71.1678422 1.12086532498904E-001 1.16045024823535E-001
71.2678322 1.11663681317722E-001 1.15601729902337E-001
71.3678299 1.11242957860563E-001 1.15160694272587E-001
71.4678200 1.10824412414152E-001 1.14721970274674E-001
71.5678100 1.10407999001797E-001 1.14285509341383E-001
71.6678002 1.09993703932722E-001 1.13851296755588E-001
71.7677903 1.09581513622183E-001 1.13419317915609E-001
71.8677881 1.09171383381408E-001 1.12989525629900E-001
71.9677783 1.08763362411095E-001 1.12561971100689E-001
72.0677685 1.08357406070743E-001 1.12136607193308E-001
72.1677587 1.07953501190250E-001 1.11713419757381E-001
72.2677489 1.07551634700845E-001 1.11292394752792E-001
72.3677468 1.07151763205196E-001 1.10873486372059E-001
72.4677371 1.06753934845473E-001 1.10456744708143E-001
72.5677275 1.06358106268446E-001 1.10042124005704E-001
72.6677178 1.05964264801638E-001 1.09629610655710E-001
72.7677082 1.05572397869427E-001 1.09219191154459E-001
72.8677062 1.05182463318889E-001 1.08810821027384E-001
72.9676966 1.04794508260409E-001 1.08404549286288E-001
73.0676870 1.04408490581269E-001 1.08000331504326E-001
73.1676774 1.04024398084717E-001 1.07598154589691E-001
73.2676679 1.03642218666619E-001 1.07198005551230E-001
73.3676660 1.03261911373473E-001 1.06799841198413E-001
73.4676565 1.02883522309902E-001 1.06403709489239E-001
73.5676471 1.02507010558976E-001 1.06009567276765E-001
73.6676376 1.02132364378875E-001 1.05617401963517E-001
73.7676282 1.01759572116363E-001 1.05227201048243E-001
73.8676264 1.01388593974334E-001 1.04838922577712E-001
73.9676171 1.01019475076968E-001 1.04452613482740E-001
74.0676077 1.00652175660326E-001 1.04068231849825E-001
74.1675984 1.00286684417764E-001 1.03685765554093E-001
74.2675890 9.99229901273845E-002 1.03305202562673E-001
74.3675874 9.95610541072999E-002 1.02926502114950E-001
74.4675781 9.92009205258730E-002 1.02549710140450E-001
74.5675688 9.88425507312057E-002 1.02174785914677E-001
74.6675596 9.84859338330447E-002 1.01801717764706E-001
74.7675504 9.81310590222416E-002 1.01430494105617E-001
74.8675488 9.77778886927095E-002 1.01061075326654E-001
74.9675396 9.74264660809495E-002 1.00693506381248E-001
75.0675305 9.70767536078978E-002 1.00327747691392E-001
75.1675213 9.67287407818339E-002 9.99637880164954E-002
75.2675122 9.63824171886778E-002 9.96016162001637E-002
75.3675108 9.60377462604015E-002 9.92411937405895E-002
75.4675017 9.56947703249446E-002 9.88825646396171E-002
75.5674926 9.53534528385305E-002 9.85256904250383E-002
75.6674836 9.50137836909867E-002 9.81705602699459E-002
75.7674746 9.46757528464841E-002 9.78171634280119E-002
75.8674732 9.43393247389021E-002 9.74654624672147E-002
75.9674642 9.40045408102821E-002 9.71155004616482E-002
76.0674553 9.36713655161651E-002 9.67672400059480E-002
76.1674463 9.33397891117662E-002 9.64206706691590E-002
76.2674374 9.30098019235070E-002 9.60757820974641E-002
76.3674361 9.26813693525349E-002 9.57325378911255E-002
76.4674273 9.23545319770343E-002 9.53909802196735E-002
76.5674184 9.20292552173974E-002 9.50510727072806E-002
76.6674096 9.17055296788460E-002 9.47128053020770E-002
76.7674007 9.13833460348226E-002 9.43761680260584E-002
76.8673996 9.10626706205426E-002 9.40411254758487E-002
76.9673908 9.07435431717719E-002 9.37077189389668E-002
77.0673820 9.04259300407141E-002 9.33759130333815E-002
77.1673732 9.01098221679552E-002 9.30456980702615E-002
77.2673645 8.97952105594587E-002 9.27170644315262E-002
77.3673634 8.94820624526779E-002 9.23899776757412E-002
77.4673547 8.91704167618103E-002 9.20644782303494E-002
77.5673461 8.88602407391906E-002 9.17405316728649E-002
77.6673374 8.85515256468252E-002 9.14181286622228E-002
77.7673288 8.82442628093885E-002 9.10972599251425E-002
77.8673278 8.79384203360462E-002 9.07778919491410E-002
77.9673192 8.76340363397050E-002 9.04600643229181E-002
78.0673106 8.73310789424459E-002 9.01437435507025E-002
78.1673020 8.70295397144114E-002 8.98289206246545E-002
78.2672935 8.67294102858316E-002 8.95155866018949E-002
78.3672925 8.64306596083001E-002 8.92037088672613E-002
78.4672840 8.61333250131547E-002 8.88933261914594E-002
78.5672755 8.58373754630704E-002 8.85844059739509E-002
78.6672671 8.55428028236678E-002 8.82769395262735E-002
78.7672586 8.52495990181961E-002 8.79709182222359E-002
78.8672578 8.49577338125750E-002 8.76663103136605E-002
78.9672493 8.46672437757555E-002 8.73631537734393E-002
79.0672409 8.43780986830283E-002 8.70614168660704E-002
79.1672325 8.40902906834273E-002 8.67610912092776E-002
79.2672242 8.38038119812699E-002 8.64621684804927E-002
79.3672234 8.35186331298284E-002 8.61646177694203E-002
79.4672151 8.32347899543226E-002 8.58684762707654E-002
79.5672068 8.29522530158009E-002 8.55737130850913E-002
79.6671985 8.26710147352065E-002 8.52803201237366E-002
79.7671902 8.23910675865304E-002 8.49882893553063E-002
79.8671895 8.21123828844988E-002 8.46975906794597E-002
79.9671813 8.18349957287444E-002 8.44082605318036E-002
80.0671730 8.15588774402831E-002 8.41202688211611E-002
80.1671648 8.12840207009962E-002 8.38336077405041E-002
80.2671566 8.10104182436797E-002 8.35482695377417E-002
80.3671560 8.07380421196395E-002 8.32642248956804E-002
80.4671478 8.04669267205698E-002 8.29815095093947E-002
80.5671397 8.01970441026817E-002 8.27000940692746E-002
80.6671315 7.99283871983274E-002 8.24199710385001E-002
80.7671234 7.96609489887392E-002 8.21411329329679E-002
80.8671229 7.93947022379066E-002 8.18635511928915E-002
80.9671148 7.91296806467507E-002 8.15872607908702E-002
81.0671067 7.88658569828768E-002 8.13122331732286E-002
81.1670987 7.86032244191202E-002 8.10384610624582E-002
81.2670906 7.83417761752539E-002 8.07659372316490E-002
81.3670902 7.80814857049877E-002 8.04946338536994E-002
81.4670822 7.78223860351666E-002 8.02245851962970E-002
81.5670742 7.75644506219160E-002 7.99557634370795E-002
81.6670662 7.73076728690203E-002 7.96881615474545E-002
81.7670583 7.70520462253472E-002 7.94217725474067E-002
81.8670579 7.67975448122542E-002 7.91565693187684E-002
81.9670500 7.65442009987515E-002 7.88925854413989E-002
82.0670421 7.62919889074960E-002 7.86297938005926E-002
82.1670342 7.60409021641177E-002 7.83681876067525E-002
82.2670263 7.57909344375595E-002 7.81077601169299E-002
82.3670260 7.55420604956047E-002 7.78484848990665E-002
82.4670182 7.52943120652271E-002 7.75903948618105E-002
82.5670103 7.50476639144716E-002 7.73334635753769E-002
82.6670025 7.48021098821200E-002 7.70776844796949E-002
82.7669947 7.45576438485752E-002 7.68230510594997E-002
82.8669945 7.43142412076363E-002 7.65695375469033E-002
82.9669867 7.40719330596106E-002 7.63171761955061E-002
83.0669790 7.38306947975939E-002 7.60659412385874E-002
83.1669712 7.35905204652143E-002 7.58158263365604E-002
83.2669635 7.33514041461048E-002 7.55668251928859E-002
83.3669634 7.31133218404465E-002 7.53189126827506E-002
83.4669556 7.28763040368309E-002 7.50721204204310E-002
83.5669479 7.26403267338407E-002 7.48264232812537E-002
83.6669403 7.24053841720136E-002 7.45818151374803E-002
83.7669326 7.21714706303473E-002 7.43382899027397E-002
83.8669326 7.19385626965127E-002 7.40958230750056E-002
83.9669249 7.17066902619323E-002 7.38544456445269E-002
84.0669173 7.14758299118475E-002 7.36141331084616E-002
84.1669097 7.12459760761198E-002 7.33748795426702E-002
84.2669021 7.10171232215939E-002 7.31366790627744E-002
84.3669022 7.07892485052469E-002 7.28995077700177E-002
84.4668946 7.05623812354851E-002 7.26633960455019E-002
84.5668870 7.03364985660862E-002 7.24283199887681E-002
84.6668795 7.01115951089823E-002 7.21942738713914E-002
84.7668720 6.98876655116774E-002 7.19612520031740E-002
84.8668721 6.96646874829494E-002 7.17292310698487E-002
84.9668646 6.94426897619587E-002 7.14982408578475E-002
85.0668571 6.92216500535706E-002 7.12682580503785E-002
85.1668496 6.90015631448528E-002 7.10392771071958E-002
85.2668422 6.87824238570931E-002 7.08112925248140E-002
85.3668424 6.85642104340140E-002 7.05842815553788E-002
85.4668349 6.83469510589288E-002 7.03582734047385E-002
85.5668275 6.81306239709877E-002 7.01332453217519E-002
85.6668201 6.79152241257584E-002 6.99091919471477E-002
85.7668127 6.77007465117372E-002 6.96861079570122E-002
85.8668130 6.74871698913545E-002 6.94639711525014E-002
85.9668056 6.72745219051155E-002 6.92428101725854E-002
86.0667983 6.70627813102686E-002 6.90226028144276E-002
86.1667909 6.68519432245337E-002 6.88033438928410E-002
86.2667836 6.66420027973234E-002 6.85850282566543E-002
86.3667839 6.64329392941335E-002 6.83676342392760E-002
86.4667766 6.62247798253497E-002 6.81511899261337E-002
86.5667694 6.60175036507232E-002 6.79356736459900E-002
86.6667621 6.58111060440510E-002 6.77210803811512E-002
86.7667548 6.56055823096394E-002 6.75074051466559E-002
86.8667552 6.54009122009760E-002 6.72946267920226E-002
86.9667480 6.51971223106756E-002 6.70827728621143E-002
87.0667408 6.49941923859625E-002 6.68718222012005E-002
87.1667336 6.47921178508951E-002 6.66617699527743E-002
87.2667264 6.45908941589081E-002 6.64526112918332E-002
87.3667268 6.43905015369514E-002 6.62443255684536E-002
87.4667197 6.41909660718882E-002 6.60369397995636E-002
87.5667125 6.39922679839271E-002 6.58304333294338E-002
87.6667054 6.37944028418199E-002 6.56248014567090E-002
87.7666983 6.35973662426088E-002 6.54200395103620E-002
87.8666988 6.34011388726986E-002 6.52161273260408E-002
87.9666917 6.32057463248984E-002 6.50130914050292E-002
88.0666846 6.30111692784329E-002 6.48109115766559E-002
88.1666775 6.28174034414134E-002 6.46095832889393E-002
88.2666705 6.26244445492027E-002 6.44091020191001E-002
88.3666710 6.24322737341519E-002 6.42094480739115E-002
88.4666640 6.22409161064038E-002 6.40106474509761E-002
88.5666570 6.20503527907267E-002 6.38126804502757E-002
88.6666500 6.18605796294826E-002 6.36155426636695E-002
88.7666429 6.16715924912896E-002 6.34192297111416E-002
88.8666436 6.14833729414159E-002 6.32237223566626E-002
88.9666366 6.12959456184226E-002 6.30290461057976E-002
89.0666296 6.11092920796267E-002 6.28351817152921E-002
89.1666227 6.09234082967459E-002 6.26421249155477E-002
89.2666157 6.07382902667994E-002 6.24498714640585E-002
89.3666164 6.05539199754020E-002 6.22584025685610E-002
89.4666095 6.03703216003255E-002 6.20677432539175E-002
89.5666026 6.01874771188971E-002 6.18778747202417E-002
89.6665957 6.00053826274981E-002 6.16887928314016E-002
89.7665889 5.98240342468966E-002 6.15004934773682E-002
89.8665896 5.96434143709248E-002 6.13129582966889E-002
89.9665828 5.94635467270714E-002 6.11262118445567E-002
90.0665759 5.92844137005738E-002 6.09402357515318E-002
90.1665691 5.91060115079794E-002 6.07550260100847E-002
90.2665622 5.89283363893455E-002 6.05705786378407E-002
90.3665631 5.87513711350134E-002 6.03868756916586E-002
90.4665563 5.85751390324194E-002 6.02039412678043E-002
90.5665495 5.83996228630312E-002 6.00217574148167E-002
90.6665427 5.82248189592499E-002 5.98403202491072E-002
90.7665359 5.80507236761452E-002 5.96596259113328E-002
90.8665368 5.78773201892651E-002 5.94796568646017E-002
90.9665301 5.77046313559550E-002 5.93004367567118E-002
91.0665233 5.75326403426364E-002 5.91219480421479E-002
91.1665166 5.73613435934281E-002 5.89441869567935E-002
91.2665099 5.71907375743109E-002 5.87671497599059E-002
91.3665108 5.70208058351251E-002 5.85908193092006E-002
91.4665041 5.68515708128262E-002 5.84152188141902E-002
91.5664975 5.66830160479002E-002 5.82403311236916E-002
91.6664908 5.65151380922162E-002 5.80661525887748E-002
91.7664842 5.63479335187307E-002 5.78926795830483E-002
91.8664851 5.61813862410359E-002 5.77198953475949E-002
91.9664785 5.60155182851448E-002 5.75478226635581E-002
92.0664719 5.58503135550902E-002 5.73764447628729E-002
92.1664653 5.56857687066842E-002 5.72057581076864E-002
92.2664587 5.55218804160842E-002 5.70357591818823E-002
92.3664597 5.53586329504512E-002 5.68664315990572E-002
92.4664531 5.51960479340572E-002 5.66977977216423E-002
92.5664466 5.50341096243208E-002 5.65298411538617E-002
92.6664400 5.48728147773438E-002 5.63625584649966E-002
92.7664335 5.47121601688608E-002 5.61959462452962E-002
92.8664346 5.45521304097629E-002 5.60299884703883E-002
92.9664281 5.43927467315441E-002 5.58647070933961E-002
93.0664215 5.42339937351898E-002 5.57000860803727E-002
93.1664150 5.40758682735852E-002 5.55361221039512E-002
93.2664086 5.39183672185632E-002 5.53728118569942E-002
93.3664097 5.37614755152371E-002 5.52101396670336E-002
93.4664032 5.36052140110533E-002 5.50481270870450E-002
93.5663968 5.34495676410747E-002 5.48867584348049E-002
93.6663903 5.32945333516028E-002 5.47260304826676E-002
93.7663839 5.31401081072293E-002 5.45659400225083E-002
93.8663851 5.29862771780986E-002 5.44064717239786E-002
93.9663787 5.28330610361149E-002 5.42476467488280E-002
94.0663723 5.26804449412458E-002 5.40894497567920E-002
94.1663659 5.25284259299752E-002 5.39318776164608E-002
94.2663595 5.23770010564467E-002 5.37749272152659E-002
94.3663607 5.22261559069500E-002 5.36185835555218E-002
94.4663544 5.20759105861333E-002 5.34628674164433E-002
94.5663480 5.19262506699995E-002 5.33077637902869E-002
94.6663417 5.17771732821098E-002 5.31532696385333E-002
94.7663353 5.16286755630785E-002 5.29993819408506E-002
94.8663366 5.14807434067482E-002 5.28460860230755E-002
94.9663303 5.13333965585849E-002 5.26934022903551E-002
95.0663240 5.11866209020500E-002 5.25413160583438E-002
95.1663177 5.10404136447980E-002 5.23898243781987E-002
95.2663114 5.08947720109542E-002 5.22389243186380E-002
95.3663128 5.07496821936036E-002 5.20886015201824E-002
95.4663065 5.06051635868971E-002 5.19388760221606E-002
95.5663002 5.04612023734584E-002 5.17897334548032E-002
95.6662940 5.03177958421685E-002 5.16411709558578E-002
95.7662878 5.01749412978194E-002 5.14931856800304E-002
95.8662892 5.00326252246992E-002 5.13457635739798E-002
95.9662829 4.98908666733099E-002 5.11989243192536E-002
96.0662767 4.97496521174118E-002 5.10526538521279E-002
96.1662705 4.96089789243571E-002 5.09069493939755E-002
96.2662643 4.94688444768705E-002 5.07618081825486E-002
96.3662658 4.93292355426647E-002 5.06172164623781E-002
96.4662596 4.91901708360644E-002 5.04731935650624E-002
96.5662535 4.90516371142006E-002 5.03297257246714E-002
96.6662473 4.89136318202476E-002 5.01868102433539E-002
96.7662412 4.87761524122350E-002 5.00444444390813E-002
96.8662427 4.86391859337724E-002 4.99026148462601E-002
96.9662365 4.85027507702894E-002 4.97613404541720E-002
97.0662304 4.83668339547715E-002 4.96206077866976E-002
97.1662243 4.82314330036687E-002 4.94804142240228E-002
97.2662182 4.80965454477884E-002 4.93407571616214E-002
97.3662198 4.79621585993509E-002 4.92016234160384E-002
97.4662137 4.78282905219886E-002 4.90630316416768E-002
97.5662076 4.76949285172667E-002 4.89249686445032E-002
97.6662016 4.75620701724612E-002 4.87874318801081E-002
97.7661955 4.74297130887277E-002 4.86504188188558E-002
97.8661971 4.72978448398431E-002 4.85139165519415E-002
97.9661911 4.71664831745618E-002 4.83779434061398E-002
98.0661851 4.70356156559850E-002 4.82424864620268E-002
98.1661791 4.69052399398594E-002 4.81075432480666E-002
98.2661730 4.67753536953508E-002 4.79731113070022E-002
98.3661747 4.66459447509628E-002 4.78391779974313E-002
98.4661687 4.65170305473174E-002 4.77057613255667E-002
98.5661627 4.63885989022311E-002 4.75728486393573E-002
98.6661568 4.62606475376548E-002 4.74404375377061E-002
98.7661508 4.61331741885159E-002 4.73085256333196E-002
98.8661525 4.60061669314301E-002 4.71771005451812E-002
98.9661465 4.58796429054632E-002 4.70461799658306E-002
99.0661406 4.57535901765415E-002 4.69157515035828E-002
99.1661347 4.56280065306395E-002 4.67858128254381E-002
99.2661288 4.55028897662818E-002 4.66563616117433E-002
99.3661305 4.53782282017893E-002 4.65273857350730E-002
99.4661246 4.52540386810838E-002 4.63989025810094E-002
99.5661187 4.51303095118027E-002 4.62709000114487E-002
99.6661128 4.50070385418454E-002 4.61433757592363E-002
99.7661070 4.48842236312511E-002 4.60163275701233E-002
99.8661087 4.47618533338381E-002 4.58897435636957E-002
99.9661029 4.46399442046376E-002 4.57636408251257E-002
100.0660970 4.45184847867983E-002 4.56380074633193E-002
100.1660912 4.43974729881241E-002 4.55128412747993E-002
100.2660854 4.42769067281640E-002 4.53881400685703E-002
100.3660872 4.41567747902194E-002 4.52638922048554E-002
100.4660814 4.40370934465283E-002 4.51401144748014E-002
100.5660756 4.39178514697431E-002 4.50167952279585E-002
100.6660698 4.37990468256276E-002 4.48939323224403E-002
100.7660640 4.36806774913100E-002 4.47715236284349E-002
100.8660658 4.35627324737457E-002 4.46495577406271E-002
100.9660601 4.34452277683264E-002 4.45280511623639E-002
101.0660543 4.33281523713864E-002 4.44069924776722E-002
101.1660486 4.32115043047758E-002 4.42863796042483E-002
101.2660428 4.30952816013434E-002 4.41662104714706E-002
101.3660447 4.29794734860486E-002 4.40464739025020E-002
101.4660390 4.28640956832371E-002 4.39271861189610E-002
101.5660333 4.27491374072810E-002 4.38083359333743E-002
101.6660275 4.26345967343131E-002 4.36899213210875E-002
101.7660218 4.25204717511124E-002 4.35719402687506E-002
101.8660238 4.24067518951643E-002 4.34543818222052E-002
101.9660181 4.22934526254270E-002 4.33372619272627E-002
102.0660124 4.21805633688380E-002 4.32205696191569E-002
102.1660067 4.20680822540755E-002 4.31043029290209E-002
102.2660011 4.19560074201237E-002 4.29884598989283E-002
102.3660031 4.18443285116831E-002 4.28730297917783E-002
102.4659974 4.17330607278433E-002 4.27580282833502E-002
102.5659918 4.16221937028016E-002 4.26434446259698E-002
102.6659861 4.15117256161072E-002 4.25292769047648E-002
102.7659805 4.14016546572880E-002 4.24155232154522E-002
102.8659825 4.12919706731083E-002 4.23021730325391E-002
102.9659769 4.11826886081743E-002 4.21892417674064E-002
103.0659713 4.10737982987967E-002 4.20767188840276E-002
103.1659657 4.09652979737827E-002 4.19646025197975E-002
103.2659601 4.08571858716023E-002 4.18528908223621E-002
103.3659622 4.07494520360877E-002 4.17415734725517E-002
103.4659566 4.06421111626153E-002 4.16306656228446E-002
103.5659511 4.05351532846177E-002 4.15201569435830E-002
103.6659455 4.04285766786050E-002 4.14100456227641E-002
103.7659400 4.03223796304461E-002 4.13003298583112E-002
103.8659421 4.02165523761940E-002 4.11909995322527E-002
103.9659365 4.01111093671217E-002 4.10820695435260E-002
104.0659310 4.00060408289412E-002 4.09735297637217E-002
104.1659255 3.99013450843668E-002 4.08653784298359E-002
104.2659200 3.97970204651779E-002 4.07576137884767E-002
104.3659221 3.96930573949460E-002 4.06502259178998E-002
104.4659166 3.95894700858430E-002 4.05432294687330E-002
104.5659112 3.94862489511615E-002 4.04366145088487E-002
104.6659057 3.93833923583746E-002 4.03303793226958E-002
104.7659002 3.92808986837381E-002 4.02245222040332E-002
104.8659024 3.91787585337779E-002 4.01190334225209E-002
104.9658969 3.90769858864470E-002 4.00139273855817E-002
105.0658915 3.89755713380584E-002 3.99091943525514E-002
105.1658860 3.88745132994505E-002 3.98048326538416E-002
105.2658806 3.87738101899721E-002 3.97008406288824E-002
105.3658828 3.86734527946742E-002 3.95972087340589E-002
105.4658774 3.85734548620556E-002 3.94939511385704E-002
105.5658720 3.84738071670233E-002 3.93910582885401E-002
105.6658666 3.83745081624375E-002 3.92885285589058E-002
105.7658612 3.82755563094054E-002 3.91863603333427E-002
105.8658634 3.81769425672033E-002 3.90845442504198E-002
105.9658580 3.80786804595267E-002 3.89830942459738E-002
106.0658527 3.79807609355799E-002 3.88820009483782E-002
106.1658473 3.78831824889482E-002 3.87812627757115E-002
106.2658419 3.77859436212101E-002 3.86808781545183E-002
106.3658442 3.76890354616928E-002 3.85808379011441E-002
106.4658389 3.75924713138282E-002 3.84811557228078E-002
106.5658335 3.74962422969463E-002 3.83818224257288E-002
106.6658282 3.74003469441064E-002 3.82828364697899E-002
106.7658229 3.73047837961167E-002 3.81841963230785E-002
106.8658252 3.72095441483017E-002 3.80858929754379E-002
106.9658199 3.71146410882616E-002 3.79879399101007E-002
107.0658146 3.70200659014005E-002 3.78903281068561E-002
107.1658093 3.69258171590454E-002 3.77930560661024E-002
107.2658040 3.68318934400356E-002 3.76961222961900E-002
107.3658063 3.67382862017560E-002 3.75995179563061E-002
107.4658011 3.66450083203020E-002 3.75032563102173E-002
107.5657958 3.65520512432176E-002 3.74073285071315E-002
107.6657905 3.64594135789324E-002 3.73117330867187E-002
107.7657853 3.63670939431603E-002 3.72164685963578E-002
107.8657877 3.62750839515226E-002 3.71215263605456E-002
107.9657824 3.61833962728350E-002 3.70269194279964E-002
108.0657772 3.60920225129592E-002 3.69326391133053E-002
108.1657720 3.60009613163031E-002 3.68386839942140E-002
108.2657667 3.59102113343390E-002 3.67450526559382E-002
108.3657692 3.58197643372098E-002 3.66517365843669E-002
108.4657639 3.57296327905764E-002 3.65587486174709E-002
108.5657587 3.56398084549055E-002 3.64660802313167E-002
108.6657536 3.55502900094981E-002 3.63737300405599E-002
108.7657484 3.54610761405067E-002 3.62816966671028E-002
108.8657508 3.53721587689866E-002 3.61899717544212E-002
108.9657456 3.52835501614727E-002 3.60985679339494E-002
109.0657405 3.51952422294286E-002 3.60074768394223E-002
