0.0053140 3.67562581352210E+001 6.23996184715152E+003
0.0210792 1.38543511176122E+002 6.05620376208554E+003
0.0467942 2.83465588377509E+002 5.77193968515526E+003
0.0817065 4.44522330593718E+002 5.41431570869671E+003
0.1249105 5.97834099283563E+002 5.01228640680997E+003
0.1754417 7.27307508844809E+002 4.59199182146499E+003
0.2323515 8.25305279559067E+002 4.17416097019073E+003
0.2947571 8.90839951170022E+002 3.77342014695640E+003
0.3618673 9.27034222861899E+002 3.39886461590724E+003
0.4329916 9.38922098442339E+002 3.05520206211074E+003
0.5075377 9.31954894734843E+002 2.74399163389896E+003
0.5850032 9.11167031063170E+002 2.46471988698987E+003
0.6649650 8.80812269611041E+002 2.21563156973079E+003
0.7470680 8.44282370817944E+002 1.99431780741312E+003
0.8310139 8.04170731391517E+002 1.79810950123128E+003
0.9165527 7.62394345809441E+002 1.62432061768108E+003
1.0034738 7.20327526741151E+002 1.47039049153039E+003
1.0915995 6.78924779788677E+002 1.33395802513754E+003
1.1807797 6.38824120165276E+002 1.21289205219188E+003
1.2708868 6.00430300747313E+002 1.10529728642604E+003
1.3618115 5.63978958509269E+002 1.00950394561699E+003
1.4534610 5.29585198486110E+002 9.24049932027672E+002
1.5457546 4.97280395132791E+002 8.47661315259607E+002
1.6386236 4.67038324940330E+002 7.79229528972834E+002
1.7320075 4.38795240234137E+002 7.17792395960974E+002
1.8258543 4.12463360275213E+002 6.62514092754592E+002
1.9201186 3.87941081492467E+002 6.12668775520349E+002
2.0147601 3.65120143162958E+002 5.67625915089165E+002
2.1097440 3.43890078320487E+002 5.26836432773358E+002
2.2050388 3.24141934813386E+002 4.89822246977419E+002
2.3006174 3.05770068994942E+002 4.56165808476532E+002
2.3964555 2.88673664656339E+002 4.25502044421465E+002
2.4925310 2.72757622514406E+002 3.97511352949923E+002
2.5888248 2.57932664503133E+002 3.71912950423024E+002
2.6853193 2.44115745532850E+002 3.48460136964075E+002
2.7819988 2.31229720662366E+002 3.26935340297441E+002
2.8788497 2.19203260545068E+002 3.07146451200409E+002
2.9758588 2.07970650879077E+002 2.88923626179856E+002
3.0730149 1.97471276276894E+002 2.72116116963791E+002
3.1703074 1.87649494178152E+002 2.56590169157500E+002
3.2677268 1.78454108915630E+002 2.42226622355571E+002
3.3652646 1.69838132430536E+002 2.28919252350948E+002
3.4629133 1.61758392215087E+002 2.16573098869136E+002
3.5606650 1.54175370382037E+002 2.05103333803176E+002
3.6585133 1.47052679138442E+002 1.94433726685177E+002
3.7564523 1.40356943510373E+002 1.84495857201823E+002
3.8544764 1.34057508029403E+002 1.75228159964841E+002
3.9525810 1.28126175547396E+002 1.66575104760689E+002
4.0507604 1.22537103907074E+002 1.58486677169267E+002
4.1490108 1.17266439791742E+002 1.50917534778867E+002
4.2473280 1.12292253745677E+002 1.43826651656710E+002
4.3457083 1.07594347056607E+002 1.37176815975364E+002
4.4441489 1.03154081730577E+002 1.30934196569269E+002
4.5426454 9.89543278752929E+001 1.25068103315192E+002
4.6411954 9.49792129626248E+001 1.19550493682288E+002
4.7397961 9.12140950099127E+001 1.14355814822748E+002
4.8384450 8.76454383610223E+001 1.09460725850670E+002
4.9371399 8.42607047918596E+001 1.04843857212082E+002
5.0358779 8.10483324332061E+001 1.00485702491991E+002
5.1346571 7.79975619076018E+001 9.63683129091504E+001
5.2334756 7.50984315217762E+001 9.24752318153631E+001
5.3323316 7.23416968065098E+001 8.87913338036208E+001
5.4312238 6.97187601190797E+001 8.53026848811177E+001
5.5301496 6.72216669929139E+001 8.19964973285362E+001
5.6291079 6.48429827920541E+001 7.88609306468096E+001
5.7280973 6.25757992094155E+001 7.58850697310639E+001
5.8271164 6.04136811670850E+001 7.30588275313730E+001
5.9261644 5.83506204095187E+001 7.03728602922820E+001
6.0252392 5.63810407410586E+001 6.78185529353920E+001
6.1243401 5.44997082728036E+001 6.53878834283367E+001
6.2234659 5.27017430475136E+001 6.30734214347569E+001
6.3226158 5.09825831713913E+001 6.08682670271845E+001
6.4217891 4.93379534940597E+001 5.87659972629085E+001
6.5209840 4.77638749258873E+001 5.67606661991115E+001
6.6202001 4.62565974994301E+001 5.48467088319296E+001
6.7194366 4.48126137770205E+001 5.30189489543488E+001
6.8186927 4.34286340173270E+001 5.12725591292222E+001
6.9179682 4.21015645080169E+001 4.96030257839488E+001
7.0172613 4.08285183624363E+001 4.80061559454928E+001
7.1165720 3.96067644524087E+001 4.64780069141544E+001
7.2158999 3.84337353980833E+001 4.50148909732799E+001
7.3152432 3.73070373538047E+001 4.36133824915481E+001
7.4146030 3.62243798347218E+001 4.22702260785799E+001
7.5139770 3.51836463162085E+001 4.09824203473654E+001
7.6133666 3.41828027414605E+001 3.97471007521037E+001
7.7127702 3.32199598683019E+001 3.85616135259179E+001
7.8121865 3.22933343279625E+001 3.74234644107712E+001
7.9116168 3.14012167679535E+001 3.63302769331258E+001
8.0110589 3.05420264239120E+001 3.52798569100395E+001
8.1105143 2.97142369865645E+001 3.42700993574510E+001
8.2099815 2.89164291829270E+001 3.32990507975929E+001
8.3094593 2.81472597364177E+001 3.23648693795758E+001
8.4089492 2.74054358434652E+001 3.14657922730919E+001
8.5084489 2.66897614043863E+001 3.06001902264986E+001
8.6079599 2.59990762164926E+001 2.97664924493050E+001
8.7074812 2.53323005093966E+001 2.89632392300912E+001
8.8070112 2.46884098380304E+001 2.81890503302145E+001
8.9065517 2.40664143278658E+001 2.74425990106045E+001
9.0061006 2.34653980063694E+001 2.67226582952137E+001
9.1056593 2.28844683838963E+001 2.60280395458124E+001
9.2052267 2.23227943503542E+001 2.53576370531288E+001
9.3048016 2.17795856032668E+001 2.47104025802683E+001
9.4043856 2.12540755500248E+001 2.40853243320114E+001
9.5039766 2.07455549220773E+001 2.34814663285619E+001
9.6035763 2.02533295645397E+001 2.28979175923793E+001
9.7031836 1.97767528394329E+001 2.23338300974389E+001
9.8027972 1.93152085762881E+001 2.17883979777020E+001
9.9024188 1.88680968256042E+001 2.12608402572713E+001
10.0020464 1.84348627209699E+001 2.07504345024186E+001
10.1016817 1.80149608351398E+001 2.02564743577731E+001
10.2013235 1.76078830202829E+001 1.97783019915726E+001
10.3009707 1.72131441342693E+001 1.93152909065567E+001
10.4006251 1.68302700500294E+001 1.88668315848379E+001
10.5002846 1.64588225528573E+001 1.84323603790118E+001
10.5999509 1.60983690071262E+001 1.80113237047995E+001
10.6996230 1.57485063900732E+001 1.76032059116340E+001
10.7992996 1.54088492336088E+001 1.72075149193686E+001
10.8989827 1.50790194421482E+001 1.68237701587191E+001
10.9986702 1.47586678679322E+001 1.64515274883954E+001
11.0983637 1.44474483153199E+001 1.60903487569093E+001
11.1980623 1.41450383846773E+001 1.57398258563085E+001
11.2977649 1.38511292031620E+001 1.53995686064433E+001
11.3974732 1.35654167094281E+001 1.50691945291052E+001
11.4971853 1.32876204331856E+001 1.47483504352198E+001
11.5969029 1.30174610740715E+001 1.44366863627973E+001
11.6966250 1.27546786598099E+001 1.41338764323447E+001
11.7963505 1.24990237366601E+001 1.38396085408914E+001
11.8960812 1.22502498564706E+001 1.35535756192787E+001
11.9958151 1.20081299926734E+001 1.32754944172343E+001
12.0955540 1.17724370889501E+001 1.30050830415576E+001
12.1952970 1.15429599455400E+001 1.27420791193314E+001
12.2950428 1.13194956119068E+001 1.24862309652570E+001
12.3947934 1.11018428686493E+001 1.22372900519186E+001
12.4945468 1.08898166362782E+001 1.19950274264702E+001
12.5943047 1.06832310095628E+001 1.17592142357917E+001
12.6940662 1.04819132131938E+001 1.15296376130609E+001
12.7938302 1.02856969931026E+001 1.13060930563489E+001
12.8935986 1.00944169285670E+001 1.10883779007355E+001
12.9933693 9.90792112880527E+000 1.08763057242646E+001
13.0931443 9.72605636198415E+000 1.06696893703038E+001
13.1929224 9.54868036278749E+000 1.04683549000478E+001
13.2927027 9.37565605974560E+000 1.02721349757917E+001
13.3924871 9.20684658547765E+000 1.00808631678646E+001
13.4922734 9.04212650642989E+000 9.89438664593987E+000
13.5920637 8.88136872810701E+000 9.71255130376988E+000
13.6918568 8.72445538958471E+000 9.53521406123241E+000
13.7916517 8.57127279566608E+000 9.36223708763666E+000
13.8914504 8.42170701832833E+000 9.19348280985180E+000
13.9912508 8.27565386449207E+000 9.02882513511047E+000
14.0910548 8.13300729617564E+000 8.86813635709214E+000
14.1908615 7.99366910834769E+000 8.71129804335372E+000
14.2906697 7.85754445918137E+000 8.55819596614246E+000
14.3904813 7.72453797535806E+000 8.40871570373994E+000
14.4902944 7.59456262972597E+000 8.26275260026102E+000
14.5901109 7.46752946045783E+000 8.12020019001010E+000
14.6899298 7.34335619708201E+000 7.98095986729175E+000
14.7897500 7.22196330130663E+000 7.84493641709130E+000
14.8895734 7.10327050425806E+000 7.71203412158127E+000
14.9893980 6.98720473880259E+000 7.58216562922991E+000
15.0892259 6.87369097812729E+000 7.45524168028892E+000
15.1890558 6.76265994890508E+000 7.33117972426218E+000
15.2888878 6.65404358583989E+000 7.20989881869515E+000
15.3887200 6.54777806632792E+000 7.09132300469297E+000
15.4885562 6.44379566228406E+000 6.97537220334872E+000
15.5883943 6.34203681774885E+000 6.86197568002781E+000
15.6882343 6.24244191965746E+000 6.75106284873012E+000
15.7880763 6.14495327195861E+000 6.64256546467588E+000
15.8879183 6.04951682499214E+000 6.53641953646737E+000
15.9877640 5.95607486472211E+000 6.43255718619868E+000
16.0876115 5.86457686741311E+000 6.33091871257559E+000
16.1874608 5.77497211740822E+000 6.23144437005742E+000
16.2873119 5.68721148647915E+000 6.13407634000603E+000
16.3871628 5.60124899877400E+000 6.03876045711664E+000
16.4870172 5.51703525125044E+000 5.94543890724299E+000
16.5868734 5.43452719697852E+000 5.85406106770702E+000
16.6867312 5.35368150243121E+000 5.76457613374983E+000
16.7865905 5.27445615520924E+000 5.67693489508699E+000
16.8864496 5.19681188329853E+000 5.59109129813161E+000
16.9863121 5.12070621642670E+000 5.50699587505669E+000
17.0861762 5.04610232755756E+000 5.42460551308568E+000
17.1860417 4.97296303831504E+000 5.34387682048669E+000
17.2859087 4.90125227507720E+000 5.26476773167109E+000
17.3857753 4.83093635886025E+000 5.18723892392536E+000
17.4856452 4.76197863050592E+000 5.11124788725230E+000
17.5855166 4.69434746156558E+000 5.03675775236031E+000
17.6853893 4.62801082982210E+000 4.96373130464148E+000
17.7852633 4.56293764107017E+000 4.89213243780164E+000
17.8851368 4.49909890385916E+000 4.82192744140024E+000
17.9850136 4.43646285239013E+000 4.75307963425925E+000
18.0848916 4.37500222258160E+000 4.68555736244393E+000
18.1847709 4.31468933076083E+000 4.61932858307136E+000
18.2846515 4.25549727616626E+000 4.55436218378274E+000
18.3845314 4.19740101298772E+000 4.49062915530898E+000
18.4844144 4.14037291402798E+000 4.42809772225185E+000
18.5842986 4.08438939476662E+000 4.36674060690132E+000
18.6841841 4.02942643758309E+000 4.30653011587199E+000
18.7840706 3.97546068807072E+000 4.24743934044698E+000
18.8839565 3.92247043526669E+000 4.18944322659507E+000
18.9838453 3.87043156684528E+000 4.13251414613583E+000
19.0837353 3.81932361302353E+000 4.07662850923346E+000
19.1836263 3.76912566648837E+000 4.02176229618070E+000
19.2835185 3.71981738394572E+000 3.96789215169662E+000
19.3834098 3.67137988409954E+000 3.91499636327644E+000
19.4833041 3.62379205165466E+000 3.86305082348650E+000
19.5831994 3.57703606359383E+000 3.81203506298096E+000
19.6830957 3.53109366157495E+000 3.76192817758443E+000
19.7829930 3.48594706871070E+000 3.71270982795970E+000
19.8828894 3.44157981370355E+000 3.66436113583916E+000
19.9827887 3.39797334645694E+000 3.61686099472157E+000
20.0826889 3.35511210131761E+000 3.57019158592934E+000
20.1825901 3.31298008429989E+000 3.52433465774990E+000
20.2824922 3.27156171386364E+000 3.47927244046124E+000
20.3823934 3.23084257861497E+000 3.43498846884242E+000
20.4822973 3.19080633202420E+000 3.39146420407468E+000
20.5822022 3.15143934044274E+000 3.34868408741237E+000
20.6821079 3.11272755227101E+000 3.30663213374395E+000
20.7820145 3.07465727044471E+000 3.26529277073562E+000
20.8819201 3.03721585024593E+000 3.22465159502178E+000
20.9818284 3.00038884464337E+000 3.18469227281997E+000
21.0817375 2.96416427907198E+000 3.14540117899711E+000
21.1816475 2.92852977372907E+000 3.10676427217808E+000
21.2815583 2.89347325456484E+000 3.06876786570977E+000
21.3814680 2.85898359699735E+000 3.03139932406798E+000
21.4813803 2.82504799683554E+000 2.99464421371688E+000
21.5812935 2.79165590880034E+000 2.95849056952801E+000
21.6812074 2.75879639662223E+000 2.92292602263631E+000
21.7811221 2.72645878854077E+000 2.88793851001325E+000
21.8810357 2.69463327206248E+000 2.85351691687595E+000
21.9809519 2.66330846839284E+000 2.81964845276966E+000
22.0808688 2.63247506735225E+000 2.78632258228540E+000
22.1807864 2.60212338295123E+000 2.75352838035487E+000
22.2807048 2.57224395871668E+000 2.72125518643038E+000
22.3806219 2.54282811806072E+000 2.68949319802788E+000
22.4805416 2.51386572270927E+000 2.65823104997829E+000
22.5804621 2.48534853292036E+000 2.62745944206356E+000
22.6803832 2.45726794880638E+000 2.59716869944629E+000
22.7803050 2.42961557020701E+000 2.56734937676739E+000
22.8802255 2.40238370673790E+000 2.53799280738448E+000
22.9801486 2.37556330292238E+000 2.50908886629958E+000
23.0800723 2.34914704936645E+000 2.48062932358786E+000
23.1799967 2.32312729234404E+000 2.45260559025168E+000
23.2799217 2.29749655241495E+000 2.42500927694942E+000
23.3798454 2.27224799778499E+000 2.39783270299187E+000
23.4797716 2.24737352077557E+000 2.37106682567283E+000
23.5796984 2.22286662277668E+000 2.34470434511267E+000
23.6796259 2.19872047656275E+000 2.31873761807262E+000
23.7795539 2.17492840739837E+000 2.29315917550732E+000
23.8794806 2.15148433295722E+000 2.26796219494491E+000
23.9794098 2.12838097744505E+000 2.24313858087486E+000
24.0793395 2.10561255067770E+000 2.21868184379648E+000
24.1792698 2.08317294929626E+000 2.19458516648090E+000
24.2792007 2.06105620370368E+000 2.17084188408431E+000
24.3791302 2.03925688745203E+000 2.14744592315374E+000
24.4790621 2.01776845680319E+000 2.12439001940656E+000
24.5789946 1.99658574211265E+000 2.10166839130123E+000
24.6789277 1.97570327559927E+000 2.07927494493483E+000
24.7788612 1.95511570710473E+000 2.05720372005463E+000
24.8787934 1.93481818556112E+000 2.03544929859428E+000
24.9787279 1.91480481306044E+000 2.01400514764718E+000
25.0786630 1.89507096482393E+000 1.99286610571228E+000
25.1785986 1.87561173248371E+000 1.97202671390050E+000
25.2785347 1.85642231134865E+000 1.95148163083182E+000
25.3784693 1.83749835630069E+000 1.93122601330904E+000
25.4784064 1.81883454057534E+000 1.91125397357335E+000
25.5783439 1.80042671892330E+000 1.89156089447846E+000
25.6782819 1.78227047650548E+000 1.87214187598049E+000
25.7782204 1.76436149007614E+000 1.85299212159947E+000
25.8781574 1.74669586042377E+000 1.83410729357484E+000
25.9780968 1.72926876706041E+000 1.81548207462146E+000
26.0780366 1.71207648770729E+000 1.79711232661416E+000
26.1779769 1.69511504391197E+000 1.77899364247882E+000
26.2779176 1.67838053831892E+000 1.76112170662476E+000
26.3778568 1.66186946556424E+000 1.74349262669402E+000
26.4777984 1.64557745495073E+000 1.72610159103046E+000
26.5777404 1.62950115808543E+000 1.70894488398370E+000
26.6776829 1.61363698321685E+000 1.69201853432506E+000
26.7776257 1.59798141054986E+000 1.67531865181724E+000
26.8775671 1.58253128332004E+000 1.65884173746285E+000
26.9775108 1.56728263130922E+000 1.64258342877774E+000
27.0774549 1.55223243730806E+000 1.62654038352064E+000
27.1773994 1.53737745295787E+000 1.61070901664624E+000
27.2773442 1.52271449387738E+000 1.59508581496521E+000
27.3772876 1.50824071247921E+000 1.57966762761455E+000
27.4772333 1.49395249587050E+000 1.56445049200285E+000
27.5771793 1.47984712078836E+000 1.54943139661895E+000
27.6771257 1.46592164442823E+000 1.53460709931975E+000
27.7770725 1.45217318098198E+000 1.51997442184490E+000
27.8770178 1.43859915761329E+000 1.50553052206824E+000
27.9769653 1.42519628090074E+000 1.49127179417179E+000
28.0769132 1.41196208898238E+000 1.47719552016277E+000
28.1768615 1.39889391147239E+000 1.46329876299053E+000
28.2768101 1.38598912885963E+000 1.44957864251202E+000
28.3767572 1.37324541292898E+000 1.43603259093831E+000
28.4767065 1.36065975644990E+000 1.42265732140596E+000
28.5766562 1.34822993045400E+000 1.40945037692172E+000
28.6766062 1.33595350789302E+000 1.39640909242139E+000
28.7765565 1.32382810721374E+000 1.38353085363256E+000
28.8765053 1.31185161839553E+000 1.37081333700062E+000
28.9764563 1.30002129107444E+000 1.35825354137076E+000
29.0764077 1.28833510415207E+000 1.34584924226857E+000
29.1763593 1.27679084834038E+000 1.33359801756447E+000
29.2763113 1.26538635510873E+000 1.32149749054678E+000
29.3762617 1.25411970940400E+000 1.30954555549508E+000
29.4762144 1.24298839183531E+000 1.29773946767269E+000
29.5761673 1.23199056716371E+000 1.28607721012676E+000
29.6761206 1.22112422131891E+000 1.27455657811347E+000
29.7760741 1.21038737680746E+000 1.26317540757492E+000
29.8760261 1.19977829308788E+000 1.25193178742381E+000
29.9759803 1.18929465883093E+000 1.24082320348042E+000
30.0759347 1.17893480525819E+000 1.22984782432828E+000
30.1758895 1.16869689360971E+000 1.21900364009438E+000
30.2758445 1.15857911800607E+000 1.20828867741627E+000
30.3757980 1.14857989436686E+000 1.19770119940876E+000
30.4757536 1.13869709911112E+000 1.18723889956843E+000
30.5757095 1.12892921279089E+000 1.17690011264058E+000
30.6756657 1.11927455434194E+000 1.16668300374156E+000
30.7756221 1.10973147230622E+000 1.15658577080704E+000
30.8755770 1.10029852310624E+000 1.14660683312697E+000
30.9755340 1.09097375286437E+000 1.13674407158980E+000
31.0754913 1.08175577630822E+000 1.12699596999550E+000
31.1754469 1.07264322727073E+000 1.11736103356742E+000
31.2754067 1.06363407501859E+000 1.10783706624793E+000
31.3753629 1.05472752079291E+000 1.09842317568918E+000
31.4753231 1.04592142453567E+000 1.08911705297109E+000
31.5752798 1.03721502273945E+000 1.07991784523985E+000
31.6752368 1.02860656688258E+000 1.07082365986193E+000
31.7751978 1.02009434750595E+000 1.06183264687781E+000
31.8751552 1.01167765104021E+000 1.05294400934792E+000
31.9751168 1.00335449544282E+000 1.04415561173420E+000
32.0750747 9.95124198587720E-001 1.03546669228226E+000
32.1750329 9.86985146374747E-001 1.02687550620419E+000
32.2749952 9.78935760442669E-001 1.01838034769425E+000
32.3749539 9.70975403233244E-001 1.00998050484096E+000
32.4749166 9.63102236649743E-001 1.00167399980086E+000
32.5748758 9.55315651211044E-001 9.93460152045073E-001
32.6748352 9.47614154975408E-001 9.85337350934957E-001
32.7747986 9.39996288747911E-001 9.77304021496481E-001
32.8747585 9.32461482864817E-001 9.69359527681489E-001
32.9747223 9.25008030555942E-001 9.61502035296074E-001
33.0746827 9.17635387254855E-001 9.53730936313693E-001
33.1746432 9.10342172198046E-001 9.46044742003145E-001
33.2746078 9.03127034670585E-001 9.38441996311273E-001
33.3745687 8.95989465715253E-001 9.30922130949320E-001
33.4745337 8.88927878550828E-001 9.23483442776397E-001
33.5744951 8.81941786675860E-001 9.16125388550333E-001
33.6744568 8.75029910657246E-001 9.08846590486753E-001
33.7744224 8.68190998673261E-001 9.01645700786237E-001
33.8743844 8.61424596098658E-001 8.94522211743120E-001
33.9743505 8.54729225938367E-001 8.87474539952939E-001
34.0743130 8.48104453678045E-001 8.80502200119484E-001
34.1742756 8.41549092368551E-001 8.73603915575456E-001
34.2742423 8.35061980467184E-001 8.66778437206061E-001
34.3742054 8.28642712019862E-001 8.60025311524923E-001
34.4741725 8.22289910621380E-001 8.53343064680545E-001
34.5741359 8.16003188344308E-001 8.46731263255190E-001
34.6740996 8.09781442764119E-001 8.40188722868839E-001
34.7740673 8.03623594864820E-001 8.33714284493415E-001
34.8740313 7.97529282329952E-001 8.27307543210880E-001
34.9739994 7.91497221042238E-001 8.20967125544251E-001
35.0739638 7.85527064856912E-001 8.14692644563588E-001
35.1739284 7.79617788701935E-001 8.08483000232121E-001
35.2738971 7.73768389100756E-001 8.02337115871145E-001
35.3738621 7.67978542893142E-001 7.96254630106464E-001
35.4738310 7.62247050743816E-001 7.90234261550062E-001
35.5737964 7.56573604011323E-001 7.84275664964275E-001
35.6737620 7.50957248503750E-001 7.78377817497536E-001
35.7737315 7.45397049976978E-001 7.72539717847019E-001
35.8736974 7.39892720432328E-001 7.66761043709229E-001
35.9736673 7.34443138520306E-001 7.61040598294291E-001
36.0736335 7.29048029286398E-001 7.55378073785434E-001
36.1735999 7.23706503569511E-001 7.49772518056880E-001
36.2735704 7.18417690656779E-001 7.44222998887313E-001
36.3735371 7.13181334146117E-001 7.38729229056832E-001
36.4735079 7.07996384511369E-001 7.33290089591358E-001
36.5734750 7.02862597077562E-001 7.27905306285930E-001
36.6734423 6.97779142420756E-001 7.22573991903142E-001
36.7734135 6.92745208198585E-001 7.17295277613638E-001
36.8733811 6.87760566420487E-001 7.12068907723036E-001
36.9733527 6.82824233788070E-001 7.06893834923381E-001
37.0733206 6.77935992860277E-001 7.01769815220768E-001
37.1732887 6.73095069152935E-001 6.96696020983422E-001
37.2732608 6.68300704016235E-001 6.91671641623858E-001
37.3732292 6.63552695022405E-001 6.86696449794444E-001
37.4732015 6.58850120013043E-001 6.81769464269505E-001
37.5731702 6.54192786055837E-001 6.76890468226640E-001
37.6731391 6.49579969252931E-001 6.72058688852339E-001
37.7731119 6.45010960401148E-001 6.67273369132857E-001
37.8730811 6.40485580084912E-001 6.62534307224313E-001
37.9730543 6.36002962653625E-001 6.57840582906334E-001
38.0730237 6.31562937242771E-001 6.53192003808375E-001
38.1729934 6.27164826585085E-001 6.48587847590964E-001
38.2729669 6.22807967065186E-001 6.44027406577162E-001
38.3729369 6.18492199993762E-001 6.39510501881483E-001
38.4729107 6.14216712005166E-001 6.35036269666593E-001
38.5728809 6.09981352114146E-001 6.30604539577898E-001
38.6728513 6.05785486085102E-001 6.26214635802693E-001
38.7728256 6.01628492379004E-001 6.21865896150290E-001
38.8727962 5.97510230982070E-001 6.17558162412421E-001
38.9727708 5.93429936959054E-001 6.13290622921074E-001
39.0727417 5.89387477239887E-001 6.09063127153664E-001
39.1727127 5.85382257342275E-001 6.04875042233104E-001
39.2726877 5.81413694604241E-001 6.00725747951104E-001
39.3726590 5.77481665846101E-001 5.96615104730227E-001
39.4726343 5.73585451040317E-001 5.92542349225634E-001
39.5726059 5.69724933267739E-001 5.88507348786854E-001
39.6725776 5.65899554809405E-001 5.84509510201199E-001
39.7725533 5.62108768961995E-001 5.80548252050461E-001
39.8725252 5.58352467724952E-001 5.76623451550561E-001
39.9725012 5.54629972755165E-001 5.72734390164870E-001
40.0724734 5.50941181698231E-001 5.68880951354574E-001
40.1724458 5.47285570868356E-001 5.65062578587983E-001
40.2724221 5.43662626855577E-001 5.61278726324992E-001
40.3723947 5.40072255349798E-001 5.57529286923509E-001
40.4723712 5.36513816739563E-001 5.53813583438958E-001
40.5723441 5.32987221807965E-001 5.50131513861480E-001
40.6723171 5.29491978406564E-001 5.46482555616260E-001
40.7722940 5.26027603981804E-001 5.42866196381893E-001
40.8722673 5.22594016573874E-001 5.39282342172890E-001
40.9722444 5.19190612594920E-001 5.35730354690518E-001
41.0722179 5.15817314680239E-001 5.32210145029786E-001
41.1721915 5.12473659934587E-001 5.28721222082486E-001
41.2721690 5.09159194430151E-001 5.25263104314398E-001
41.3721428 5.05873847349977E-001 5.21835710059453E-001
41.4721206 5.02617048643403E-001 5.18438436962748E-001
41.5720946 4.99388731639587E-001 5.15071207941749E-001
41.6720688 4.96188460603737E-001 5.11733561075812E-001
41.7720469 4.93015808189701E-001 5.08425043392233E-001
41.8720213 4.89870713634721E-001 5.05145584339653E-001
41.9719996 4.86752638139938E-001 5.01894615026168E-001
42.0719743 4.83661524683674E-001 4.98672069035981E-001
42.1719490 4.80596962772140E-001 4.95477511547971E-001
42.2719276 4.77558549765744E-001 4.92310516111476E-001
42.3719026 4.74546233973641E-001 4.89171022203660E-001
42.4718815 4.71559505745920E-001 4.86058492115378E-001
42.5718566 4.68598316767187E-001 4.82972869055256E-001
42.6718319 4.65662280022324E-001 4.79913743386591E-001
42.7718111 4.62751015856379E-001 4.76880713309887E-001
42.8717866 4.59864480763535E-001 4.73873727350822E-001
42.9717660 4.57002192305897E-001 4.70892276884892E-001
43.0717417 4.54164110022819E-001 4.67936313804450E-001
43.1717175 4.51349868758090E-001 4.65005451898870E-001
43.2716972 4.48559110258549E-001 4.62099312301813E-001
43.3716732 4.45791798402121E-001 4.59217851702642E-001
43.4716531 4.43047476177014E-001 4.56360588628945E-001
43.5716293 4.40326110207796E-001 4.53527482807255E-001
43.6716056 4.37627355706941E-001 4.50718169836939E-001
43.7715858 4.34950874366602E-001 4.47932292205570E-001
43.8715623 4.32296636724058E-001 4.45169813966784E-001
43.9715428 4.29664209545313E-001 4.42430279018407E-001
44.0715195 4.27053565844296E-001 4.39713654153418E-001
44.1714963 4.24464379829781E-001 4.37019595294358E-001
44.2714770 4.21896331797728E-001 4.34347764829557E-001
44.3714539 4.19349398289519E-001 4.31698133454252E-001
44.4714348 4.16823168326160E-001 4.29070268791935E-001
44.5714120 4.14317620681364E-001 4.26464144007836E-001
44.6713893 4.11832447295125E-001 4.23879433978421E-001
44.7713704 4.09367345830402E-001 4.21315819654337E-001
44.8713479 4.06922298239648E-001 4.18773277718727E-001
44.9713293 4.04496914390697E-001 4.16251398001428E-001
45.0713069 4.02091178247128E-001 4.13750159411843E-001
45.1712846 3.99704798312877E-001 4.11269254518180E-001
45.2712662 3.97337488476571E-001 4.08808381599429E-001
45.3712441 3.94989235564725E-001 4.06367522735033E-001
45.4712259 3.92659668988605E-001 4.03946288556203E-001
45.5712040 3.90348777385486E-001 4.01544663147970E-001
45.6711822 3.88056284745228E-001 3.99162355605685E-001
45.7711643 3.85781920127909E-001 3.96799080397966E-001
45.8711426 3.83525674747616E-001 3.94454824464847E-001
45.9711248 3.81287196351524E-001 3.92129217938486E-001
46.0711034 3.79066477782895E-001 3.89822249564626E-001
46.1710820 3.76863257521025E-001 3.87533643890214E-001
46.2710644 3.74677278822831E-001 3.85263130521705E-001
46.3710432 3.72508536849034E-001 3.83010700774417E-001
46.4710259 3.70356696563026E-001 3.80776003076683E-001
46.5710048 3.68221754590076E-001 3.78559030368391E-001
46.6709838 3.66103462976974E-001 3.76359521653888E-001
46.7709667 3.64001578275660E-001 3.74177220705092E-001
46.8709459 3.61916099193683E-001 3.72012122772749E-001
46.9709290 3.59846706871485E-001 3.69863893464226E-001
47.0709083 3.57793401331855E-001 3.67732529490622E-001
47.1708877 3.55755947335370E-001 3.65617783393860E-001
47.2708710 3.53734113893807E-001 3.63519412211574E-001
47.3708506 3.51727902898898E-001 3.61437414731127E-001
47.4708341 3.49737010702882E-001 3.59371472702117E-001
47.5708138 3.47761440377265E-001 3.57321586223315E-001
47.6707936 3.45800968605212E-001 3.55287520522480E-001
47.7707773 3.43855376084211E-001 3.53269045069699E-001
47.8707573 3.41924667561130E-001 3.51266161827204E-001
47.9707411 3.40008553702646E-001 3.49278567723768E-001
48.0707212 3.38107040312457E-001 3.47306265897906E-001
48.1707014 3.36219915262439E-001 3.45349033473828E-001
48.2706855 3.34346970217667E-001 3.43406651581731E-001
48.3706658 3.32488212481482E-001 3.41479125030490E-001
48.4706500 3.30643366200087E-001 3.39566165032737E-001
48.5706305 3.28812439622046E-001 3.37667777450998E-001
48.6706110 3.26995231126690E-001 3.35783750573748E-001
48.7705955 3.25191542679954E-001 3.33913876474814E-001
48.8705762 3.23401383870514E-001 3.32058162511809E-001
48.9705608 3.21624491546649E-001 3.30216333348208E-001
49.0705416 3.19860876140913E-001 3.28388397283946E-001
49.1705225 3.18110345907166E-001 3.26574153092070E-001
49.2705073 3.16372712492718E-001 3.24773403124847E-001
49.3704883 3.14647987525357E-001 3.22986157018173E-001
49.4704733 3.12935919830935E-001 3.21212152110679E-001
49.5704545 3.11236521789082E-001 3.19451398879500E-001
49.6704357 3.09549610939708E-001 3.17703705950781E-001
49.7704208 3.07875008035444E-001 3.15968885337162E-001
49.8704022 3.06212726519569E-001 3.14246948707232E-001
49.9703875 3.04562526519812E-001 3.12537645351914E-001
50.0703690 3.02924422147692E-001 3.10840987689235E-001
50.1703506 3.01298239681596E-001 3.09156793611307E-001
50.2703361 2.99683808443402E-001 3.07484884216413E-001
50.3703178 2.98081143488746E-001 3.05825272982785E-001
50.4703034 2.96490015616590E-001 3.04177720479473E-001
50.5702853 2.94910440474862E-001 3.02542240850758E-001
50.6702672 2.93342252570529E-001 3.00918660708406E-001
50.7702530 2.91785289295474E-001 2.99306809701493E-001
50.8702350 2.90239567133149E-001 2.97706702915286E-001
50.9702209 2.88704866964712E-001 2.96118111567739E-001
51.0702031 2.87181205796912E-001 2.94541051334420E-001
51.1701853 2.85668425890129E-001 2.92975357038011E-001
51.2701714 2.84166372240963E-001 2.91420866380282E-001
51.3701538 2.82675062593033E-001 2.89877595869477E-001
51.4701400 2.81194287359111E-001 2.88345326784743E-001
51.5701225 2.79724064743425E-001 2.86824076155807E-001
51.6701050 2.78264244316649E-001 2.85313686542188E-001
51.7700914 2.76814678246146E-001 2.83814003234124E-001
51.8700741 2.75375385383389E-001 2.82325043995626E-001
51.9700606 2.73946165157761E-001 2.80846599617685E-001
52.0700434 2.72527036824393E-001 2.79378688323275E-001
52.1700263 2.71117856850722E-001 2.77921159966640E-001
52.2700130 2.69718484169858E-001 2.76473866993521E-001
52.3699959 2.68328938602750E-001 2.75036828271782E-001
52.4699827 2.66949028113339E-001 2.73609843590415E-001
52.5699658 2.65578772874503E-001 2.72192932219449E-001
52.6699489 2.64218035864253E-001 2.70785950895263E-001
52.7699359 2.62866682403166E-001 2.69388758815005E-001
52.8699192 2.61524733155978E-001 2.68001375812386E-001
52.9699063 2.60192004169653E-001 2.66623610193418E-001
53.0698897 2.58868516413867E-001 2.65255482142388E-001
53.1698731 2.57554139016305E-001 2.63896854892495E-001
53.2698603 2.56248743331469E-001 2.62547594014875E-001
53.3698439 2.54952350753720E-001 2.61207720183730E-001
53.4698313 2.53664784989821E-001 2.59877049771569E-001
53.5698149 2.52386067696401E-001 2.58555603756305E-001
53.6697986 2.51116073813321E-001 2.57243251507879E-001
53.7697861 2.49854680398367E-001 2.55939864618673E-001
53.8697699 2.48601909471857E-001 2.54645464489528E-001
53.9697576 2.47357592003396E-001 2.53359875137161E-001
54.0697415 2.46121750236835E-001 2.52083118223569E-001
54.1697254 2.44894264608395E-001 2.50815068918701E-001
54.2697133 2.43675017569698E-001 2.49555604506283E-001
54.3696973 2.42464031672922E-001 2.48304747010412E-001
54.4696852 2.41261144777950E-001 2.47062327695939E-001
54.5696694 2.40066379625328E-001 2.45828368809483E-001
54.6696536 2.38879621851911E-001 2.44602751005894E-001
54.7696417 2.37700759013383E-001 2.43385356951500E-001
54.8696260 2.36529814108375E-001 2.42176209199808E-001
54.9696142 2.35366631537163E-001 2.40975145892062E-001
55.0695986 2.34211234454851E-001 2.39782189769228E-001
55.1695831 2.33063513421838E-001 2.38597226675996E-001
55.2695714 2.31923360826329E-001 2.37420144372168E-001
55.3695560 2.30790800035942E-001 2.36250965855496E-001
55.4695444 2.29665681662543E-001 2.35089535794501E-001
55.5695291 2.28548029201300E-001 2.33935877342585E-001
55.6695138 2.27437737876369E-001 2.32789881257812E-001
55.7695023 2.26334704653863E-001 2.31651440122522E-001
55.8694872 2.25238953200150E-001 2.30520577301464E-001
55.9694758 2.24150340029514E-001 2.29397143662355E-001
56.0694607 2.23068888909657E-001 2.28281162696749E-001
56.1694457 2.21994499484775E-001 2.27172529816873E-001
56.2694345 2.20927073060005E-001 2.26071142173567E-001
56.3694196 2.19866633536821E-001 2.24977023428534E-001
56.4694085 2.18813043041028E-001 2.23890030340192E-001
56.5693936 2.17766325551687E-001 2.22810186670907E-001
56.6693788 2.16726384904255E-001 2.21737392243897E-001
56.7693678 2.15693126518630E-001 2.20671548540150E-001
56.8693531 2.14666574473760E-001 2.19612679454860E-001
56.9693423 2.13646596233107E-001 2.18560647346881E-001
57.0693276 2.12633215931718E-001 2.17515476188396E-001
57.1693130 2.11626341381418E-001 2.16477069985339E-001
57.2693023 2.10625881906206E-001 2.15445334325082E-001
57.3692878 2.09631861710357E-001 2.14420293278843E-001
57.4692772 2.08644153337016E-001 2.13401814532647E-001
57.5692628 2.07662781027123E-001 2.12389922213274E-001
57.6692484 2.06687656366916E-001 2.11384524294963E-001
57.7692379 2.05718692386495E-001 2.10385530261274E-001
57.8692236 2.04755913368315E-001 2.09392964307454E-001
57.9692132 2.03799196692058E-001 2.08406699189283E-001
58.0691990 2.02848566659291E-001 2.07426759138192E-001
58.1691849 2.01903938440752E-001 2.06453055895216E-001
58.2691746 2.00965228586432E-001 2.05485502642540E-001
58.3691605 2.00032461414391E-001 2.04524123652431E-001
58.4691503 1.99105518911546E-001 2.03568796507804E-001
58.5691363 1.98184425399225E-001 2.02619545499609E-001
58.6691224 1.97269099453980E-001 2.01676285946179E-001
58.7691123 1.96359460970474E-001 2.00738934542525E-001
58.8690985 1.95455534263967E-001 1.99807515595489E-001
58.9690885 1.94557205712241E-001 1.98881911286307E-001
59.0690747 1.93664499619545E-001 1.97962145924707E-001
59.1690610 1.92777337800021E-001 1.97048138228027E-001
59.2690511 1.91895643328042E-001 1.96139808229270E-001
59.3690374 1.91019440481462E-001 1.95237180231559E-001
59.4690277 1.90148619824661E-001 1.94340140798550E-001
59.5690141 1.89283205611630E-001 1.93448714222016E-001
59.6690006 1.88423122735652E-001 1.92562822450448E-001
59.7689909 1.87568297295409E-001 1.91682388690234E-001
59.8689774 1.86718753500221E-001 1.90807437206285E-001
59.9689678 1.85874385908110E-001 1.89937858740839E-001
60.0689545 1.85035218692991E-001 1.89073677534645E-001
60.1689411 1.84201179677952E-001 1.88214818609236E-001
60.2689316 1.83372197839515E-001 1.87361208189327E-001
60.3689184 1.82548297290514E-001 1.86512870470585E-001
60.4689090 1.81729376400253E-001 1.85669700181284E-001
60.5688958 1.80915459235803E-001 1.84831721481422E-001
60.6688827 1.80106476409246E-001 1.83998862316565E-001
60.7688734 1.79302359636825E-001 1.83171051783604E-001
60.8688603 1.78503132909830E-001 1.82348313981096E-001
60.9688511 1.77708698236408E-001 1.81530547441379E-001
61.0688381 1.76919079552816E-001 1.80717776217018E-001
61.1688251 1.76134210127285E-001 1.79909931037105E-001
61.2688160 1.75354024285457E-001 1.79106943732886E-001
61.3688031 1.74578545874668E-001 1.78308838280831E-001
61.4687941 1.73807680378770E-001 1.77515516845267E-001
61.5687813 1.73041451581788E-001 1.76727003347435E-001
61.6687685 1.72279795282701E-001 1.75943231167391E-001
61.7687596 1.71522648293536E-001 1.75164134740699E-001
61.8687469 1.70770034297675E-001 1.74389737899405E-001
61.9687381 1.70021862100260E-001 1.73619946277028E-001
62.0687254 1.69278155313993E-001 1.72854783642137E-001
62.1687128 1.68538852150177E-001 1.72094185900625E-001
62.2687041 1.67803891791036E-001 1.71338089969618E-001
62.3686916 1.67073297738211E-001 1.70586519516811E-001
62.4686829 1.66346981971895E-001 1.69839383490819E-001
62.5686704 1.65624967916507E-001 1.69096705488516E-001
62.6686580 1.64907196083779E-001 1.68358423823461E-001
62.7686494 1.64193607916341E-001 1.67624477778401E-001
62.8686371 1.63484226718319E-001 1.66894890838953E-001
62.9686286 1.62778967506402E-001 1.66169575122898E-001
63.0686163 1.62077853501707E-001 1.65448554038511E-001
63.1686040 1.61380827410615E-001 1.64731768195358E-001
63.2685918 1.60687859190392E-001 1.64019186235726E-001
63.3685872 1.59998866654727E-001 1.63310723192155E-001
63.4685751 1.59313925414287E-001 1.62606456358341E-001
63.5685630 1.58632953500866E-001 1.61906301000916E-001
63.6685509 1.57955921920366E-001 1.61210226864773E-001
63.7685388 1.57282801934106E-001 1.60518203963307E-001
63.8685344 1.56613514144105E-001 1.59830150237160E-001
63.9685224 1.55948132431830E-001 1.59146141208801E-001
64.0685105 1.55286577601925E-001 1.58466095036396E-001
64.1684986 1.54628821911353E-001 1.57789982779820E-001
64.2684867 1.53974837859636E-001 1.57117775753839E-001
64.3684824 1.53324548718420E-001 1.56449394682334E-001
64.4684706 1.52678026683400E-001 1.55784913360847E-001
64.5684588 1.52035195214415E-001 1.55124252715341E-001
64.6684470 1.51396027756690E-001 1.54467385054187E-001
64.7684353 1.50760497985884E-001 1.53814282927816E-001
64.8684312 1.50128531730607E-001 1.53164869724890E-001
64.9684195 1.49500199543266E-001 1.52519217557392E-001
65.0684079 1.48875427427202E-001 1.51877250001667E-001
65.1683963 1.48254189956691E-001 1.51238940551922E-001
65.2683847 1.47636461925008E-001 1.50604262932326E-001
65.3683808 1.47022171610741E-001 1.49973143083883E-001
65.4683692 1.46411387964544E-001 1.49345651477446E-001
65.5683578 1.45804039427188E-001 1.48721714228281E-001
65.6683463 1.45200101646143E-001 1.48101305957344E-001
65.7683349 1.44599550477092E-001 1.47484401504149E-001
65.8683311 1.44002316546971E-001 1.46870929255279E-001
65.9683197 1.43408467245268E-001 1.46260958081934E-001
66.0683084 1.42817933349390E-001 1.45654416532439E-001
66.1682971 1.42230691527296E-001 1.45051280298770E-001
66.2682858 1.41646718644974E-001 1.44451525280697E-001
66.3682821 1.41065947581116E-001 1.43855082208954E-001
66.4682709 1.40488444203681E-001 1.43262018395621E-001
66.5682597 1.39914141530907E-001 1.42672264721495E-001
66.6682485 1.39343017201481E-001 1.42085797896978E-001
66.7682374 1.38775049042502E-001 1.41502594830107E-001
66.8682339 1.38210172092578E-001 1.40922588499372E-001
66.9682228 1.37648450736834E-001 1.40345844697315E-001
67.0682118 1.37089820143230E-001 1.39772296541589E-001
67.1682007 1.36534258874180E-001 1.39201921711373E-001
67.2681897 1.35981745671431E-001 1.38634698073883E-001
67.3681864 1.35432217646146E-001 1.38070560763708E-001
67.4681754 1.34885737738377E-001 1.37509574092496E-001
67.5681645 1.34342243179123E-001 1.36951673323826E-001
67.6681536 1.33801713410120E-001 1.36396837058757E-001
67.7681428 1.33264128043854E-001 1.35845044077320E-001
67.8681396 1.32729426180914E-001 1.35296231583019E-001
67.9681288 1.32197669353107E-001 1.34750462444311E-001
68.0681180 1.31668796771973E-001 1.34207673984199E-001
68.1681072 1.31142788716596E-001 1.33667845681306E-001
68.2680965 1.30619625628690E-001 1.33130957184669E-001
68.3680934 1.30099248519133E-001 1.32596947683738E-001
68.4680827 1.29581717547397E-001 1.32065878640561E-001
68.5680721 1.29066973827015E-001 1.31537689355226E-001
68.6680615 1.28554998434723E-001 1.31012360142040E-001
68.7680509 1.28045772602210E-001 1.30489871477622E-001
68.8680479 1.27539239175271E-001 1.29970164458388E-001
68.9680374 1.27035456976050E-001 1.29453299175838E-001
69.0680269 1.26534368945253E-001 1.28939216828751E-001
69.1680164 1.26035956919714E-001 1.28427898527508E-001
69.2680059 1.25540202883961E-001 1.27919325537140E-001
69.3680031 1.25047051446896E-001 1.27413440785807E-001
69.4679927 1.24556560127450E-001 1.26910303029418E-001
69.5679823 1.24068673622201E-001 1.26409855290770E-001
69.6679719 1.23583374492548E-001 1.25912079438845E-001
69.7679615 1.23100645440705E-001 1.25416957490029E-001
69.8679589 1.22620432770239E-001 1.24924434132556E-001
69.9679486 1.22142792730104E-001 1.24434566820813E-001
70.0679383 1.21667671704786E-001 1.23947300330454E-001
70.1679281 1.21195052946600E-001 1.23462617253603E-001
70.2679178 1.20724919842167E-001 1.22980500322923E-001
70.3679153 1.20257220324460E-001 1.22500895918415E-001
70.4679051 1.19792009404827E-001 1.22023860226132E-001
70.5678949 1.19329235090849E-001 1.21549339706752E-001
70.6678848 1.18868881293892E-001 1.21077317641966E-001
70.7678747 1.18410932053459E-001 1.20607777447506E-001
70.8678723 1.17955336869682E-001 1.20140667130005E-001
70.9678622 1.17502149547830E-001 1.19676041639511E-001
71.0678522 1.17051319656743E-001 1.19213849057037E-001
71.1678422 1.16602831736650E-001 1.18754073322044E-001
71.2678322 1.16156670450065E-001 1.18296698501873E-001
71.3678299 1.15712786804882E-001 1.17841674167665E-001
71.4678200 1.15271233430985E-001 1.17389054064943E-001
71.5678100 1.14831961399467E-001 1.16938787833344E-001
71.6678002 1.14394955850798E-001 1.16490860039965E-001
71.7677903 1.13960202042195E-001 1.16045255373957E-001
71.8677881 1.13527652432614E-001 1.15601924911682E-001
71.9677783 1.13097358506437E-001 1.15160921224790E-001
72.0677685 1.12669272780671E-001 1.14722195452646E-001
72.1677587 1.12243380968897E-001 1.14285732761431E-001
72.2677489 1.11819668896186E-001 1.13851518433846E-001
72.3677468 1.11398090418415E-001 1.13419504994889E-001
72.4677371 1.10978695903549E-001 1.12989743872176E-001
72.5677275 1.10561439260707E-001 1.12562187648571E-001
72.6677178 1.10146306750843E-001 1.12136822062261E-001
72.7677082 1.09733284741418E-001 1.11713632962711E-001
72.8677062 1.09322328433511E-001 1.11292574269512E-001
72.9676966 1.08913487106977E-001 1.10873696295295E-001
73.0676870 1.08506716011643E-001 1.10456953012717E-001
73.1676774 1.08102001931419E-001 1.10042330706293E-001
73.2676679 1.07699331751986E-001 1.09629815766837E-001
73.3676660 1.07298661970211E-001 1.09219363456914E-001
73.4676565 1.06900040805377E-001 1.08811023002434E-001
73.5676471 1.06503424798897E-001 1.08404749714547E-001
73.6676376 1.06108801234458E-001 1.08000530399724E-001
73.7676282 1.05716157493026E-001 1.07598351966012E-001
73.8676264 1.05325451320006E-001 1.07198170969625E-001
73.9676171 1.04936729900918E-001 1.06800035577258E-001
74.0676077 1.04549951021791E-001 1.06403902389518E-001
74.1675984 1.04165102444081E-001 1.06009758711705E-001
74.2675890 1.03782172022256E-001 1.05617591946209E-001
74.3675874 1.03401118705089E-001 1.05227359895737E-001
74.4675781 1.03021988670410E-001 1.04839109694533E-001
74.5675688 1.02644740903945E-001 1.04452799185786E-001
74.6675596 1.02269363624018E-001 1.04068416151658E-001
74.7675504 1.01895845137909E-001 1.03685948467146E-001
74.8675488 1.01524145554544E-001 1.03305355136364E-001
74.9675396 1.01154310069431E-001 1.02926682287140E-001
75.0675305 1.00786298825022E-001 1.02549888960412E-001
75.1675213 1.00420100476649E-001 1.02174963394347E-001
75.2675122 1.00055703764742E-001 1.01801893915900E-001
75.3675108 9.96930699170319E-002 1.01430640687456E-001
75.4675017 9.93322431713797E-002 1.01061248855764E-001
75.5674926 9.89731847858434E-002 1.00693678616618E-001
75.6674836 9.86158838338794E-002 1.00327918644366E-001
75.7674746 9.82603294703851E-002 9.99639576983039E-002
75.8674732 9.79064840023154E-002 9.96017570578167E-002
75.9674642 9.75543907338890E-002 9.92413609132160E-002
76.0674553 9.72040119993990E-002 9.88827305741003E-002
76.1674463 9.68553372724806E-002 9.85258551321651E-002
76.2674374 9.65083561047281E-002 9.81707237603954E-002
76.3674361 9.61630318444236E-002 9.78172988156691E-002
76.4674273 9.58194068854914E-002 9.74656235558306E-002
76.5674184 9.54774446007595E-002 9.71156603649894E-002
76.6674096 9.51371348469721E-002 9.67673987342744E-002
76.7674007 9.47984675555189E-002 9.64208282326278E-002
76.8673996 9.44614070797110E-002 9.60759122565931E-002
76.9673908 9.41259949258879E-002 9.57326931548628E-002
77.0673820 9.37921954692982E-002 9.53911343484263E-002
77.1673732 9.34599989335543E-002 9.50512257108098E-002
77.2673645 9.31293956137621E-002 9.47129571900473E-002
77.3673634 9.28003508334830E-002 9.43762931861149E-002
77.4673547 9.24729052335591E-002 9.40412751612312E-002
77.5673461 9.21470241570543E-002 9.37078675372173E-002
77.6673374 9.18226981789936E-002 9.33760605537895E-002
77.7673288 9.14999179428946E-002 9.30458445220256E-002
77.8673278 9.11786497092373E-002 9.27171848106196E-002
77.9673192 9.08589332748492E-002 9.23901220173735E-002
78.0673106 9.05407349174388E-002 9.20646215303969E-002
78.1673020 9.02240455487301E-002 9.17406739401716E-002
78.2672935 8.99088561460826E-002 9.14182699055463E-002
78.3672925 8.95951338749391E-002 9.10973757306612E-002
78.4672840 8.92829177090060E-002 9.07780311703543E-002
78.5672755 8.89721748288329E-002 9.04602025459139E-002
78.6672671 8.86628964688308E-002 9.01438807839029E-002
78.7672586 8.83550739263254E-002 8.98290568763999E-002
78.8672578 8.80486752410775E-002 8.95156980310937E-002
78.9672493 8.77437385839931E-002 8.92038431807229E-002
79.0672409 8.74402320079592E-002 8.88934595480074E-002
79.1672325 8.71381470567273E-002 8.85845383816082E-002
79.2672242 8.68374753343707E-002 8.82770709929857E-002
79.3672234 8.65381857255712E-002 8.79710254627872E-002
79.4672151 8.62403156181975E-002 8.76664399219444E-002
79.5672068 8.59438339082101E-002 8.73632824641606E-002
79.6671985 8.56487324359829E-002 8.70615446468740E-002
79.7671902 8.53550030997412E-002 8.67612180877352E-002
79.8671895 8.50626156008793E-002 8.64622717110054E-002
79.9671813 8.47716065634505E-002 8.61647428655456E-002
80.0671730 8.44819456984038E-002 8.58686004868297E-002
80.1671648 8.41936251306151E-002 8.55738364283817E-002
80.2671566 8.39066370404545E-002 8.52804426014707E-002
80.3671560 8.36209519189534E-002 8.49883887458137E-002
80.4671478 8.33366056450446E-002 8.46977114473962E-002
80.5671397 8.30535687177071E-002 8.44083804554292E-002
80.6671315 8.27718335347607E-002 8.41203879074235E-002
80.7671234 8.24913925472737E-002 8.38337259962856E-002
80.8671229 8.22122170099182E-002 8.35483652501597E-002
80.9671148 8.19343420746895E-002 8.32643415108254E-002
81.0671067 8.16577390027103E-002 8.29816253143188E-002
81.1670987 8.13824004537223E-002 8.27002090706043E-002
81.2670906 8.11083191385738E-002 8.24200852427996E-002
81.3670902 8.08354670506118E-002 8.21412251215271E-002
81.4670822 8.05638786325795E-002 8.18636638225180E-002
81.5670742 8.02935258828792E-002 8.15873726427927E-002
81.6670662 8.00244017126605E-002 8.13123442537688E-002
81.7670583 7.97564990821353E-002 8.10385713778788E-002
81.8670579 7.94897906993419E-002 8.07660260433008E-002
81.9670500 7.92243103149730E-002 8.04947426573788E-002
82.0670421 7.89600306408229E-002 8.02246932532975E-002
82.1670342 7.86969448294159E-002 7.99558707534338E-002
82.2670263 7.84350460803875E-002 7.96882681291394E-002
82.3670260 7.81743077934206E-002 7.94218581222060E-002
82.4670182 7.79147630438896E-002 7.91566744487689E-002
82.5670103 7.76563852340241E-002 7.88926898543307E-002
82.6670025 7.73991677481467E-002 7.86298975022143E-002
82.7669947 7.71431040158276E-002 7.83682906027695E-002
82.8669945 7.68881681062430E-002 7.81078425883955E-002
82.9669867 7.66343924357244E-002 7.78485865007282E-002
83.0669790 7.63817510748694E-002 7.75904957746712E-002
83.1669712 7.61302376306546E-002 7.73335638049351E-002
83.2669635 7.58798457535264E-002 7.70777840313986E-002
83.3669634 7.56305501608559E-002 7.68231305549545E-002
83.4669556 7.53823826257642E-002 7.65696357589924E-002
83.5669479 7.51353178659979E-002 7.63172737457879E-002
83.6669403 7.48893497024558E-002 7.60660381323134E-002
83.7669326 7.46444719978074E-002 7.58159225789344E-002
83.8669326 7.44006600971374E-002 7.55669018337763E-002
83.9669249 7.41579451457576E-002 7.53190076377934E-002
84.0669173 7.39163024881558E-002 7.50722147394506E-002
84.1669097 7.36757261508115E-002 7.48265169692671E-002
84.2669021 7.34362102003512E-002 7.45819081994591E-002
84.3669022 7.31977305898705E-002 7.43383638049383E-002
84.4668946 7.29603178518550E-002 7.40959148996036E-002
84.5668870 7.27239479379013E-002 7.38545368577370E-002
84.6668795 7.24886150720980E-002 7.36142237150783E-002
84.7668720 7.22543135171301E-002 7.33749695474445E-002
84.8668721 7.20210198151463E-002 7.31367503368644E-002
84.9668646 7.17887639003833E-002 7.28995965851450E-002
85.0668571 7.15575223126533E-002 7.26634842727855E-002
85.1668496 7.13272894660364E-002 7.24284076327909E-002
85.2668422 7.10980598117252E-002 7.21943609366950E-002
85.3668424 7.08698104626763E-002 7.19613207547184E-002
85.4668349 7.06425707690599E-002 7.17293169911333E-002
85.5668275 7.04163178407196E-002 7.14983262137958E-002
85.6668201 7.01910462744426E-002 7.12683428453721E-002
85.7668127 6.99667507027114E-002 7.10393613455773E-002
85.8668130 6.97434087917254E-002 7.08113588546090E-002
85.9668056 6.95210493213875E-002 7.05843646933678E-002
86.0667983 6.92996499540652E-002 7.03583559989129E-002
86.1667909 6.90792054622883E-002 7.01333273763022E-002
86.2667836 6.88597106529252E-002 6.99092734662271E-002
86.3667839 6.86411437285049E-002 6.96861719613270E-002
86.4667766 6.84235329120902E-002 6.94640516129119E-002
86.5667694 6.82068564017129E-002 6.92428901097661E-002
86.6667621 6.79911091389826E-002 6.90226822323869E-002
86.7667548 6.77762860985506E-002 6.88034227955520E-002
86.8667552 6.75623660029849E-002 6.85850900274577E-002
86.9667480 6.73493765315740E-002 6.83677121232324E-002
87.0667408 6.71372964017741E-002 6.81512673065536E-002
87.1667336 6.69261207179005E-002 6.79357505267088E-002
87.2667264 6.67158446160687E-002 6.77211567659709E-002
87.3667268 6.65064473231919E-002 6.75074647718296E-002
87.4667197 6.62979559874995E-002 6.72947021962803E-002
87.5667125 6.60903498302253E-002 6.70828477816810E-002
87.6667054 6.58836241122900E-002 6.68718966397470E-002
87.7666983 6.56777741252262E-002 6.66618439139396E-002
87.8666988 6.54727795851694E-002 6.64526688553744E-002
87.9666917 6.52686671216642E-002 6.62443985856116E-002
88.0666846 6.50654164446430E-002 6.60370123500690E-002
88.1666775 6.48630229657928E-002 6.58305054168010E-002
88.2666705 6.46614821262747E-002 6.56248730844218E-002
88.3666710 6.44607741168697E-002 6.54200950925743E-002
88.4666640 6.42609250604815E-002 6.52161980447419E-002
88.5666570 6.40619151412063E-002 6.50131616743482E-002
88.6666500 6.38637399159061E-002 6.48109813999581E-002
88.7666429 6.36663949698279E-002 6.46096526695609E-002
88.8666436 6.34698609543450E-002 6.44091556967743E-002
88.9666366 6.32741634974432E-002 6.42095165790327E-002
89.0666296 6.30792832433685E-002 6.40107155232545E-002
89.1666227 6.28852158888033E-002 6.38127480929343E-002
89.2666157 6.26919571577716E-002 6.36156098799040E-002
89.3666164 6.24994881486885E-002 6.34192815577267E-002
89.4666095 6.23078340060321E-002 6.32237887294945E-002
89.5666026 6.21169758206834E-002 6.30291120616293E-002
89.6665957 6.19269094240164E-002 6.28352472572115E-002
89.7665889 6.17376306737465E-002 6.26421900466164E-002
89.8665896 6.15491211022599E-002 6.24499215498236E-002
89.9665828 6.13614053816351E-002 6.22584668869783E-002
90.0665759 6.11744650363522E-002 6.20678071705138E-002
90.1665691 6.09882960275617E-002 6.18779382379760E-002
90.2665622 6.08028943417976E-002 6.16888559532078E-002
90.3665631 6.06182419328078E-002 6.15005418695556E-002
90.4665563 6.04343630110850E-002 6.13130206353117E-002
90.5665495 6.02512395221311E-002 6.11262737959054E-002
90.6665427 6.00688675521630E-002 6.09402973184424E-002
90.7665359 5.98872432118629E-002 6.07550871953695E-002
90.8665368 5.97063488641727E-002 6.05706254008108E-002
90.9665301 5.95262082685281E-002 6.03869361220053E-002
91.0665233 5.93468037793147E-002 6.02040013248210E-002
91.1665166 5.91681316033012E-002 6.00218171012223E-002
91.2665099 5.89901879708406E-002 5.98403795675980E-002
91.3665108 5.88129556423251E-002 5.96596711067019E-002
91.4665041 5.86364579363843E-002 5.94797154552339E-002
91.5664975 5.84606776045725E-002 5.93004949873834E-002
91.6664908 5.82856109698805E-002 5.91220059154663E-002
91.7664842 5.81112543780395E-002 5.89442444753443E-002
91.8664851 5.79375909755546E-002 5.87671934466760E-002
91.9664785 5.77646436502315E-002 5.85908761258604E-002
92.0664719 5.75923955394823E-002 5.84152752837110E-002
92.1664653 5.74208430783683E-002 5.82403872485741E-002
92.2664587 5.72499827238812E-002 5.80662083714991E-002
92.3664597 5.70797979976924E-002 5.78927218177307E-002
92.4664531 5.69103113665041E-002 5.77199504533354E-002
92.5664466 5.67415063426639E-002 5.75478774344583E-002
92.6664400 5.65733794693210E-002 5.73764992013320E-002
92.7664335 5.64059273107781E-002 5.72058122160837E-002
92.8664346 5.62391337533004E-002 5.70358000186143E-002
92.9664281 5.60730208519530E-002 5.68664850543662E-002
93.0664215 5.59075724834702E-002 5.66978508539111E-002
93.1664150 5.57427852952676E-002 5.65298939653922E-002
93.2664086 5.55786559551692E-002 5.63626109580722E-002
93.3664097 5.54151687038208E-002 5.61959857359523E-002
93.4664032 5.52523451938712E-002 5.60300403333054E-002
93.5663968 5.50901696562495E-002 5.58647586445968E-002
93.6663903 5.49286388389711E-002 5.57001373220666E-002
93.7663839 5.47677495097442E-002 5.55361730383298E-002
93.8663851 5.46074862537273E-002 5.53728500512910E-002
93.9663787 5.44478703301338E-002 5.52101899932618E-002
94.0663723 5.42888863142402E-002 5.50481771124262E-002
94.1663659 5.41305310511418E-002 5.48868081614603E-002
94.2663595 5.39728014049396E-002 5.47260799127011E-002
94.3663607 5.38156822957693E-002 5.45659769681047E-002
94.4663544 5.36591945981562E-002 5.44065205669900E-002
94.5663480 5.35033232222076E-002 5.42476953014278E-002
94.6663417 5.33480651067194E-002 5.40894980210172E-002
94.7663353 5.31934172088333E-002 5.39319255943315E-002
94.8663366 5.30393647744445E-002 5.37749629578573E-002
94.9663303 5.28859283019130E-002 5.36186309666581E-002
95.0663240 5.27330930269770E-002 5.34629145471890E-002
95.1663177 5.25808559788876E-002 5.33078106425983E-002
95.2663114 5.24292142046084E-002 5.31533162143506E-002
95.3663128 5.22781532668829E-002 5.29994165242592E-002
95.4663065 5.21276932962083E-002 5.28461320516433E-002
95.5663002 5.19778198450595E-002 5.26934480481575E-002
95.6662940 5.18285300300257E-002 5.25413615472597E-002
95.7662878 5.16798209848007E-002 5.23898696000923E-002
95.8662892 5.15316785803587E-002 5.22389577848980E-002
95.9662829 5.13841225874246E-002 5.20886462135441E-002
96.0662767 5.12371388666080E-002 5.19389204540035E-002
96.1662705 5.10907246188423E-002 5.17897776269327E-002
96.2662643 5.09448770615804E-002 5.16412148700651E-002
96.3662658 5.07995823656940E-002 5.14932180694692E-002
96.4662596 5.06548599500175E-002 5.13458069776396E-002
96.5662535 5.05106959749764E-002 5.11989674702797E-002
96.6662473 5.03670877229707E-002 5.10526967522553E-002
96.7662412 5.02240324923583E-002 5.09069920449256E-002
96.8662427 5.00815167458461E-002 5.07618395338637E-002
96.9662365 4.99395595580599E-002 5.06172586200643E-002
97.0662304 4.97981473811925E-002 5.04732354786543E-002
97.1662243 4.96572775763454E-002 5.03297673958366E-002
97.2662182 4.95169475200380E-002 5.01868516737470E-002
97.3662198 4.93771439590122E-002 5.00444747894136E-002
97.4662137 4.92378856311715E-002 4.99026558000029E-002
97.5662076 4.90991592726884E-002 4.97613811720291E-002
97.6662016 4.89609623207078E-002 4.96206482702724E-002
97.7661955 4.88232922272733E-002 4.94804544749060E-002
97.8661971 4.86861360156133E-002 4.93407865466248E-002
97.9661911 4.85495120942054E-002 4.92016632062438E-002
98.0661851 4.84134074756651E-002 4.90630712038891E-002
98.1661791 4.82778196706250E-002 4.89250079802640E-002
98.2661730 4.81427462041174E-002 4.87874709909472E-002
98.3661747 4.80081743685509E-002 4.86504472727631E-002
98.4661687 4.78741222500890E-002 4.85139552174623E-002
98.5661627 4.77405771304952E-002 4.83779818512574E-002
98.6661568 4.76075365914323E-002 4.82425246882241E-002
98.7661508 4.74749982284823E-002 4.81075812568149E-002
98.8661525 4.73429495961614E-002 4.79731388626885E-002
98.9661465 4.72114084652513E-002 4.78392155756340E-002
99.0661406 4.70803623796012E-002 4.77057986906668E-002
99.1661347 4.69498089895399E-002 4.75728857927813E-002
99.2661288 4.68197459588538E-002 4.74404744808693E-002
99.3661305 4.66901610973181E-002 4.73085523223618E-002
99.4661246 4.65610718670912E-002 4.71771370720102E-002
99.5661187 4.64324660672689E-002 4.70462162865805E-002
99.6661128 4.63043414145722E-002 4.69157876196260E-002
99.7661070 4.61766956387352E-002 4.67858487381366E-002
99.8661087 4.60495167981596E-002 4.66563874644770E-002
99.9661029 4.59228220529699E-002 4.65274212451112E-002
100.0660970 4.57965994508850E-002 4.63989378917267E-002
100.1660912 4.56708467728302E-002 4.62709351241660E-002
100.2660854 4.55455618123157E-002 4.61434106752642E-002
100.3660872 4.54207328699456E-002 4.60163526156973E-002
100.4660814 4.52963768102352E-002 4.58897780902226E-002
100.5660756 4.51724819231108E-002 4.57636751588360E-002
100.6660698 4.50490460515957E-002 4.56380416054845E-002
100.7660640 4.49260670508870E-002 4.55128752266809E-002
100.8660658 4.48035334575673E-002 4.53881643349978E-002
100.9660601 4.46814618468074E-002 4.52639257799025E-002
101.0660543 4.45598407445253E-002 4.51401478632930E-002
101.1660486 4.44386680538156E-002 4.50168284311187E-002
101.2660428 4.43179416895500E-002 4.48939653414836E-002
101.3660447 4.41976504182597E-002 4.47715471426428E-002
101.4660390 4.40778105318803E-002 4.46495903950305E-002
101.5660333 4.39584107862983E-002 4.45280836362400E-002
101.6660275 4.38394491427278E-002 4.44070247721995E-002
101.7660218 4.37209235737788E-002 4.42864117205965E-002
101.8660238 4.36028230700867E-002 4.41662332593463E-002
101.9660181 4.34851636463103E-002 4.40465056659524E-002
102.0660124 4.33679342824669E-002 4.39272177076891E-002
102.1660067 4.32511329960112E-002 4.38083673485149E-002
102.2660011 4.31347578154266E-002 4.36899525637673E-002
102.3660031 4.30187979497876E-002 4.35719623551867E-002
102.4659974 4.29032691422877E-002 4.34544127232962E-002
102.5659918 4.27881605914168E-002 4.33372926592223E-002
102.6659861 4.26734703690604E-002 4.32206001830782E-002
102.7659805 4.25591965577785E-002 4.31043333259893E-002
102.8659825 4.24453285795937E-002 4.29884813078647E-002
102.9659769 4.23318819119026E-002 4.28730598580514E-002
103.0659713 4.22188459661817E-002 4.27580581858778E-002
103.1659657 4.21062188670039E-002 4.26434743658052E-002
103.2659601 4.19939987492759E-002 4.25293064829535E-002
103.3659622 4.18821752426433E-002 4.24155439699169E-002
103.4659566 4.17707635642355E-002 4.23022022905279E-002
103.5659511 4.16597533331962E-002 4.21892708668390E-002
103.6659455 4.15491427251064E-002 4.20767478259190E-002
103.7659400 4.14389299255520E-002 4.19646313051551E-002
103.8659421 4.13291047666376E-002 4.18529109445093E-002
103.9659365 4.12196822106206E-002 4.17416019478230E-002
104.0659310 4.11106520791529E-002 4.16306939445605E-002
104.1659255 4.10020125972049E-002 4.15201851127217E-002
104.2659200 4.08937619994352E-002 4.14100736402967E-002
104.3659221 4.07858903153991E-002 4.13003493694588E-002
104.4659166 4.06784122577451E-002 4.11910272494462E-002
104.5659112 4.05713178456294E-002 4.10820971119841E-002
104.6659057 4.04646053518518E-002 4.09735571843873E-002
104.7659002 4.03582730585956E-002 4.08654057036451E-002
104.8659024 4.02523111880074E-002 4.07576327091406E-002
104.9658969 4.01467342082631E-002 4.06502529007661E-002
105.0658915 4.00415323311683E-002 4.05432563075104E-002
105.1658860 3.99367038758487E-002 4.04366412044463E-002
105.2658806 3.98322471705194E-002 4.03304058760162E-002
105.3658828 3.97281526252045E-002 4.02245405539613E-002
105.4658774 3.96244344686185E-002 4.01190596939574E-002
105.5658720 3.95210831005060E-002 4.00139535174095E-002
105.6658666 3.94180968848693E-002 3.99092203456470E-002
105.7658612 3.93154741945160E-002 3.98048585090754E-002
105.8658634 3.92132056227725E-002 3.97008584270862E-002
105.9658580 3.91113051637833E-002 3.95972343161446E-002
106.0658527 3.90097634006608E-002 3.94939765853676E-002
106.1658473 3.89085787408855E-002 3.93910836008944E-002
106.2658419 3.88077496004701E-002 3.92885537376566E-002
106.3658442 3.87072667516033E-002 3.91863775981279E-002
106.4658389 3.86071439586328E-002 3.90845691644477E-002
106.5658335 3.85073719836019E-002 3.89831190288804E-002
106.6658282 3.84079492761214E-002 3.88820256009791E-002
106.7658229 3.83088742940705E-002 3.87812872988164E-002
106.8658252 3.82101379841898E-002 3.86808949035139E-002
106.9658199 3.81117538856899E-002 3.85808621676532E-002
107.0658146 3.80137129352375E-002 3.84811798622156E-002
107.1658093 3.79160136232735E-002 3.83818464388220E-002
107.2658040 3.78186544482523E-002 3.82828603573498E-002
107.3658063 3.77216265272821E-002 3.81842125732644E-002
107.4658011 3.76249431789840E-002 3.80859166142432E-002
107.5657958 3.75285955104668E-002 3.79879634256832E-002
107.6657905 3.74325820517465E-002 3.78903514999750E-002
107.7657853 3.73369013406072E-002 3.77930793375116E-002
107.8657877 3.72415446604613E-002 3.76961380639236E-002
107.9657824 3.71465251137807E-002 3.75995409865270E-002
108.0657772 3.70518339740551E-002 3.75032792209582E-002
108.1657720 3.69574698096651E-002 3.74073512991251E-002
108.2657667 3.68634311965228E-002 3.73117557606927E-002
108.3657692 3.67697095803984E-002 3.72164838973992E-002
108.4657639 3.66763178519492E-002 3.71215488006336E-002
108.5657587 3.65832474471022E-002 3.70269417522168E-002
108.6657536 3.64904969714344E-002 3.69326613223655E-002
108.7657484 3.63980650378252E-002 3.68387060888163E-002
108.8657508 3.63059432505703E-002 3.67450675054746E-002
108.9657456 3.62141442927448E-002 3.66517584521320E-002
109.0657405 3.61226597588818E-002 3.65587703728556E-002
