0.0053140 4.93239957168631E+000 2.14941415728126E+003
0.0210792 1.90171621011786E+001 2.10622471307087E+003
0.0467942 4.03236447172575E+001 2.03828463785911E+003
0.0817065 6.62217726408392E+001 1.95074818384339E+003
0.1249105 9.39826062728516E+001 1.84937926500940E+003
0.1754417 1.21249520956856E+002 1.73973031668457E+003
0.2323515 1.46284964358399E+002 1.62659868230999E+003
0.2947571 1.68011763467277E+002 1.51377915925217E+003
0.3618673 1.85923507110893E+002 1.40404520152740E+003
0.4329916 1.99941027031873E+002 1.29926381025744E+003
0.5075377 2.10267172766854E+002 1.20056801009198E+003
0.5850032 2.17266333990582E+002 1.10853445745890E+003
0.6649650 2.21375979258640E+002 1.02334108669561E+003
0.7470680 2.23047795260368E+002 9.44894197001914E+002
0.8310139 2.22712066443207E+002 8.72926272147723E+002
0.9165527 2.20758717915993E+002 8.07066470875468E+002
1.0034738 2.17529317881059E+002 7.46890584970836E+002
1.0915995 2.13315866108028E+002 6.91954966882976E+002
1.1807797 2.08363402372833E+002 6.41818438191093E+002
1.2708868 2.02874595432104E+002 5.96056521948793E+002
1.3618115 1.97015026143356E+002 5.54269282934467E+002
1.4534610 1.90918489846380E+002 5.16085296622722E+002
1.5457546 1.84692069276542E+002 4.81163708302346E+002
1.6386236 1.78420501725210E+002 4.49193436449519E+002
1.7320075 1.72170195877988E+002 4.19892697324851E+002
1.8258543 1.65992457990975E+002 3.93006720812231E+002
1.9201186 1.59926342630122E+002 3.68305975341400E+002
2.0147601 1.54001033770577E+002 3.45584181520831E+002
2.1097440 1.48237678704908E+002 3.24655787621542E+002
2.2050388 1.42651091318106E+002 3.05354367213908E+002
2.3006174 1.37250956582075E+002 2.87530348826876E+002
2.3964555 1.32042934852152E+002 2.71049419532521E+002
2.4925310 1.27029559315913E+002 2.55791019963282E+002
2.5888248 1.22210848761014E+002 2.41646622917717E+002
2.6853193 1.17584967604393E+002 2.28518718570163E+002
2.7819988 1.13148599114880E+002 2.16319401495321E+002
2.8788497 1.08897347340687E+002 2.04969437502966E+002
2.9758588 1.04826058195576E+002 1.94397404861185E+002
3.0730149 1.00928983196314E+002 1.84538682594192E+002
3.1703074 9.72000428615069E+001 1.75334918299587E+002
3.2677268 9.36329074644319E+001 1.66733207109180E+002
3.3652646 9.02211499931162E+001 1.58685608295275E+002
3.4629133 8.69583114303710E+001 1.51148572164791E+002
3.5606650 8.38380317633300E+001 1.44082624890753E+002
3.6585133 8.08540096598392E+001 1.37451747564413E+002
3.7564523 7.80001050878792E+001 1.31223161535462E+002
3.8544764 7.52703524822472E+001 1.25366970413098E+002
3.9525810 7.26589691415357E+001 1.19855848815409E+002
4.0507604 7.01604182782797E+001 1.14664891115618E+002
4.1490108 6.77693427979622E+001 1.09771226682922E+002
4.2473280 6.54806198711119E+001 1.05153923517878E+002
4.3457083 6.32893491369273E+001 1.00793779688040E+002
4.4441489 6.11908412916890E+001 9.66731417852184E+001
4.5426454 5.91806540990379E+001 9.27758368164681E+001
4.6411954 5.72545273465584E+001 8.90869238604002E+001
4.7397961 5.54084171742437E+001 8.55926564537986E+001
4.8384450 5.36384789707607E+001 8.22803569659706E+001
4.9371399 5.19410520501163E+001 7.91383071205080E+001
5.0358779 5.03126839631612E+001 7.61557216095522E+001
5.1346571 4.87500740788554E+001 7.33225811512968E+001
5.2334756 4.72500983643616E+001 7.06296235190550E+001
5.3323316 4.58097932525443E+001 6.80682651943915E+001
5.4312238 4.44263414335568E+001 6.56305330377290E+001
5.5301496 4.30970904065605E+001 6.33090585583580E+001
5.6291079 4.18195055759461E+001 6.10969613942546E+001
5.7280973 4.05911898014710E+001 5.89878538373486E+001
5.8271164 3.94098698439240E+001 5.69757902784863E+001
5.9261644 3.82733845062191E+001 5.50552231028748E+001
6.0252392 3.71796998386824E+001 5.32210068654852E+001
6.1243401 3.61268706712101E+001 5.14683141933527E+001
6.2234659 3.51130568115274E+001 4.97926461910246E+001
6.3226158 3.41365121227164E+001 4.81897987432143E+001
6.4217891 3.31955749965997E+001 4.66558331195549E+001
6.5209840 3.22886812752209E+001 4.51870845514476E+001
6.6202001 3.14143327456053E+001 4.37800997321135E+001
6.7194366 3.05711108997853E+001 4.24316492945186E+001
6.8186927 2.97576682548748E+001 4.11387046572994E+001
6.9179682 2.89727207939868E+001 3.98984178337756E+001
7.0172613 2.82150591357179E+001 3.87081316020339E+001
7.1165720 2.74835226259493E+001 3.75653318655475E+001
7.2158999 2.67770078635561E+001 3.64676552075241E+001
7.3152432 2.60944783665802E+001 3.54128981769604E+001
7.4146030 2.54349254679347E+001 3.43989517240934E+001
7.5139770 2.47974141457584E+001 3.34238674165552E+001
7.6133666 2.41810300805526E+001 3.24857718773694E+001
7.7127702 2.35849203097453E+001 3.15829253115179E+001
7.8121865 2.30082718237020E+001 3.07136851552981E+001
7.9116168 2.24502937754383E+001 2.98764762976825E+001
8.0110589 2.19102534937096E+001 2.90698423981295E+001
8.1105143 2.13874319571432E+001 2.82923764320025E+001
8.2099815 2.08811584634965E+001 2.75427701581878E+001
8.3094593 2.03907927585007E+001 2.68197850955402E+001
8.4089492 1.99157101040212E+001 2.61222286232375E+001
8.5084489 1.94553321290716E+001 2.54489975414224E+001
8.6079599 1.90090891222330E+001 2.47990209888677E+001
8.7074812 1.85764497632811E+001 2.41713024213739E+001
8.8070112 1.81569060885949E+001 2.35648960892652E+001
8.9065517 1.77499608644773E+001 2.29788875636542E+001
9.0061006 1.73551541552858E+001 2.24124308622694E+001
9.1056593 1.69720311782535E+001 2.18647010231713E+001
9.2052267 1.66001679334132E+001 2.13349298881712E+001
9.3048016 1.62391584629881E+001 2.08223867887164E+001
9.4043856 1.58886040972500E+001 2.03263624693548E+001
9.5039766 1.55481364467955E+001 1.98462008694723E+001
9.6035763 1.52173898280147E+001 1.93812593395798E+001
9.7031836 1.48960234648877E+001 1.89309392878446E+001
9.8027972 1.45837106178202E+001 1.84946701393124E+001
9.9024188 1.42801293623802E+001 1.80718959118299E+001
10.0020464 1.39849825791186E+001 1.76621025475311E+001
10.1016817 1.36979741613894E+001 1.72647842535226E+001
10.2013235 1.34188283360080E+001 1.68794698738526E+001
10.3009707 1.31472803272945E+001 1.65057094324403E+001
10.4006251 1.28830684003332E+001 1.61430628113440E+001
10.5002846 1.26259513165833E+001 1.57911233629677E+001
10.5999509 1.23756876930393E+001 1.54494892129955E+001
10.6996230 1.21320528888778E+001 1.51177860605887E+001
10.7992996 1.18948309396586E+001 1.47956557874573E+001
10.8989827 1.16638076515273E+001 1.44827468247301E+001
10.9986702 1.14387859072952E+001 1.41787346439957E+001
11.0983637 1.12195676682021E+001 1.38832971207823E+001
11.1980623 1.10059687941904E+001 1.35961343368553E+001
11.2977649 1.07978120364820E+001 1.33169588608700E+001
11.3974732 1.05949210114233E+001 1.30454874875862E+001
11.4971853 1.03971336747895E+001 1.27814590982190E+001
11.5969029 1.02042865530897E+001 1.25246133763133E+001
11.6966250 1.00162278013876E+001 1.22747080821950E+001
11.7963505 9.83281108373904E+000 1.20315107001446E+001
11.8960812 9.65389028822705E+000 1.17947913046850E+001
11.9958151 9.47933143330166E+000 1.15643381937192E+001
12.0955540 9.30899879096113E+000 1.13399393945607E+001
12.1952970 9.14276643463871E+000 1.11213977970088E+001
12.2950428 8.98051286918643E+000 1.09085239281665E+001
12.3947934 8.82211637435423E+000 1.07011297530880E+001
12.4945468 8.66746556324996E+000 1.04990424138632E+001
12.5943047 8.51644711955677E+000 1.03020880749808E+001
12.6940662 8.36895604631558E+000 1.01101052341081E+001
12.7938302 8.22489093245372E+000 9.92293843534336E+000
12.8935986 8.08414983223222E+000 9.74043285101660E+000
12.9933693 7.94663966028104E+000 9.56244640294658E+000
13.0931443 7.81226531281887E+000 9.38883558238826E+000
13.1929224 7.68093879416817E+000 9.21946720311889E+000
13.2927027 7.55257502687634E+000 9.05421290168314E+000
13.3924871 7.42708819076092E+000 8.89294437725407E+000
13.4922734 7.30440010979974E+000 8.73554412506306E+000
13.5920637 7.18443056577893E+000 8.58189293339012E+000
13.6918568 7.06710545152491E+000 8.43188029936236E+000
13.7916517 6.95235304766168E+000 8.28539959382892E+000
13.8914504 6.84010075777620E+000 8.14234385942880E+000
13.9912508 6.73028261844124E+000 8.00261534853481E+000
14.0910548 6.62283064485821E+000 7.86611445273326E+000
14.1908615 6.51768213686210E+000 7.73274896574958E+000
14.2906697 6.41477635821153E+000 7.60242981322562E+000
14.3904813 6.31405161479069E+000 7.47506732728557E+000
14.4902944 6.21545199920818E+000 7.35057975053698E+000
14.5901109 6.11891963337283E+000 7.22888339563724E+000
14.6899298 6.02440123436700E+000 7.10990091032873E+000
14.7897500 5.93184514256386E+000 6.99355749019346E+000
14.8895734 5.84119869822038E+000 6.87977756232275E+000
14.9893980 5.75241431563304E+000 6.76849239163005E+000
15.0892259 5.66544250837822E+000 6.65963130190767E+000
15.1890558 5.58023780640122E+000 6.55312907378250E+000
15.2888878 5.49675529964586E+000 6.44892158960303E+000
15.3887200 5.41495298793733E+000 6.34694874753424E+000
15.4885562 5.33478552384406E+000 6.24714664480838E+000
15.5883943 5.25621352691447E+000 6.14945917002187E+000
15.6882343 5.17919726710974E+000 6.05383010912384E+000
15.7880763 5.10369819832506E+000 5.96020504188056E+000
15.8879183 5.02968031536155E+000 5.86853300544971E+000
15.9877640 4.95710449570869E+000 5.77875947376079E+000
16.0876115 4.88593693150563E+000 5.69083678608718E+000
16.1874608 4.81614341860142E+000 5.60471705825897E+000
16.2873119 4.74769074742271E+000 5.52035389348435E+000
16.3871628 4.68054793777917E+000 5.43770388892751E+000
16.4870172 4.61468110894790E+000 5.35672031107924E+000
16.5868734 4.55006113171768E+000 5.27736250370961E+000
16.6867312 4.48665845158789E+000 5.19958950295008E+000
16.7865905 4.42444435306194E+000 5.12336158438377E+000
16.8864496 4.36339208557927E+000 5.04864163040908E+000
16.9863121 4.30347220110721E+000 4.97538941636899E+000
17.0861762 4.24465951470993E+000 4.90357012036709E+000
17.1860417 4.18692840034636E+000 4.83314855594793E+000
17.2859087 4.13025394257393E+000 4.76409057440277E+000
17.3857753 4.07461296523661E+000 4.69636430841326E+000
17.4856452 4.01997978402742E+000 4.62993499606273E+000
17.5855166 3.96633255225929E+000 4.56477269775492E+000
17.6853893 3.91364897608606E+000 4.50084707272618E+000
17.7852633 3.86190736581116E+000 4.43812865299064E+000
17.8851368 3.81108757752810E+000 4.37658997678842E+000
17.9850136 3.76116713508890E+000 4.31620088789748E+000
18.0848916 3.71212702777091E+000 4.25693555041368E+000
18.1847709 3.66394779880632E+000 4.19876770575089E+000
18.2846515 3.61661050695755E+000 4.14167183249853E+000
18.3845314 3.57009759006963E+000 4.08562418150279E+000
18.4844144 3.52438931679089E+000 4.03059849651955E+000
18.5842986 3.47946909432725E+000 3.97657240540381E+000
18.6841841 3.43531989015299E+000 3.92352310298403E+000
18.7840706 3.39192511319740E+000 3.87142840926765E+000
18.8839565 3.34926940719949E+000 3.82026771652140E+000
18.9838453 3.30733539755822E+000 3.77001808456129E+000
19.0837353 3.26610856009976E+000 3.72066007656242E+000
19.1836263 3.22557394093758E+000 3.67217382054106E+000
19.2835185 3.18571696548147E+000 3.62453997677044E+000
19.3834098 3.14652416855845E+000 3.57774060596419E+000
19.4833041 3.10798020606836E+000 3.53175559863220E+000
19.5831994 3.07007232945865E+000 3.48656801493751E+000
19.6830957 3.03278737305547E+000 3.44216048373044E+000
19.7829930 2.99611249812743E+000 3.39851608868698E+000
19.8828894 2.96003586593221E+000 3.35561916560795E+000
19.9827887 2.92454388753909E+000 3.31345203047544E+000
20.0826889 2.88962534334577E+000 3.27199987529196E+000
20.1825901 2.85526861093473E+000 3.23124746888289E+000
20.2824922 2.82146235057711E+000 3.19117997010839E+000
20.3823934 2.78819612666486E+000 3.15178366134573E+000
20.4822973 2.75545787223282E+000 3.11304294431816E+000
20.5822022 2.72323768822694E+000 3.07494483743912E+000
20.6821079 2.69152528815106E+000 3.03747594709319E+000
20.7820145 2.66031063066187E+000 3.00062321527061E+000
20.8819201 2.62958449423633E+000 2.96437459547981E+000
20.9818284 2.59933613566309E+000 2.92871628921698E+000
21.0817375 2.56955679976830E+000 2.89363688483174E+000
21.1816475 2.54023735988981E+000 2.85912457184099E+000
21.2815583 2.51136890257512E+000 2.82516782946925E+000
21.3814680 2.48294325980072E+000 2.79175605052522E+000
21.4813803 2.45495084307301E+000 2.75887699463978E+000
21.5812935 2.42738389084333E+000 2.72652060392588E+000
21.6812074 2.40023428624593E+000 2.69467643618043E+000
21.7811221 2.37349409835428E+000 2.66333430006316E+000
21.8810357 2.34715607580211E+000 2.63248483184951E+000
21.9809519 2.32121164019276E+000 2.60211714437347E+000
22.0808688 2.29565389541037E+000 2.57222235065494E+000
22.1807864 2.27047560614240E+000 2.54279119468852E+000
22.2807048 2.24566969966270E+000 2.51381463834169E+000
22.3806219 2.22122972429484E+000 2.48528439535355E+000
22.4805416 2.19714798762161E+000 2.45719075734707E+000
22.5804621 2.17341834926029E+000 2.42952585304362E+000
22.6803832 2.15003434550502E+000 2.40228145779584E+000
22.7803050 2.12698965517931E+000 2.37544953671802E+000
22.8802255 2.10427852602189E+000 2.34902273982551E+000
22.9801486 2.08189404475459E+000 2.32299238858636E+000
23.0800723 2.05983073257976E+000 2.29735149525402E+000
23.1799967 2.03808280286323E+000 2.27209273443290E+000
23.2799217 2.01664459422465E+000 2.24720894645824E+000
23.3798454 1.99551096760907E+000 2.22269359715457E+000
23.4797716 1.97467569664287E+000 2.19853891022826E+000
23.5796984 1.95413388308590E+000 2.17473866855686E+000
23.6796259 1.93388033586332E+000 2.15128633292982E+000
23.7795539 1.91390997423345E+000 2.12817550926138E+000
23.8794806 1.89421819802828E+000 2.10540037608068E+000
23.9794098 1.87479938793125E+000 2.08295394966438E+000
24.0793395 1.85564915633546E+000 2.06083068676787E+000
24.1792698 1.83676283725127E+000 2.03902473730047E+000
24.2792007 1.81813586210127E+000 2.01753037857456E+000
24.3791302 1.79976410536511E+000 1.99634241331796E+000
24.4790621 1.78164248547301E+000 1.97545455584305E+000
24.5789946 1.76376706495160E+000 1.95486185364328E+000
24.6789277 1.74613364180630E+000 1.93455906217622E+000
24.7788612 1.72873810023683E+000 1.91454104901791E+000
24.8787934 1.71157673370250E+000 1.89480316490392E+000
24.9787279 1.69464493806013E+000 1.87533974045705E+000
25.0786630 1.67793917349259E+000 1.85614634226139E+000
25.1785986 1.66145564891090E+000 1.83721825916656E+000
25.2785347 1.64519064965694E+000 1.81855087892174E+000
25.3784693 1.62914083981023E+000 1.80014003450094E+000
25.4784064 1.61330204002612E+000 1.78198060198870E+000
25.5783439 1.59767106251449E+000 1.76406860514922E+000
25.6782819 1.58224448084269E+000 1.74639980375535E+000
25.7782204 1.56701893649107E+000 1.72897004501688E+000
25.8781574 1.55199142204914E+000 1.71177558722298E+000
25.9780968 1.53715813694211E+000 1.69481179033521E+000
26.0780366 1.52251620563891E+000 1.67807508166178E+000
26.1779769 1.50806252597782E+000 1.66156163767557E+000
26.2779176 1.49379405626177E+000 1.64526771232131E+000
26.3778568 1.47970808083712E+000 1.62918993981089E+000
26.4777984 1.46580113754770E+000 1.61332411031192E+000
26.5777404 1.45207062838316E+000 1.59766700809253E+000
26.6776829 1.43851374010719E+000 1.58221517914107E+000
26.7776257 1.42512771342045E+000 1.56696523823329E+000
26.8775671 1.41191009227737E+000 1.55191415254062E+000
26.9775108 1.39885771748566E+000 1.53705809554552E+000
27.0774549 1.38596823814433E+000 1.52239416791873E+000
27.1773994 1.37323909893961E+000 1.50791924400484E+000
27.2773442 1.36066779276150E+000 1.49363025934930E+000
27.3772876 1.34825209499071E+000 1.47952447662373E+000
27.4772333 1.33598911817780E+000 1.46559841155850E+000
27.5771793 1.32387673185124E+000 1.45184944583439E+000
27.6771257 1.31191261136790E+000 1.43827474616441E+000
27.7770725 1.30009447524244E+000 1.42487153381998E+000
27.8770178 1.28842030552608E+000 1.41163733423762E+000
27.9769653 1.27688745896073E+000 1.39856896934548E+000
28.0769132 1.26549400204988E+000 1.38566407087900E+000
28.1768615 1.25423781681667E+000 1.37292006638232E+000
28.2768101 1.24311682399197E+000 1.36033443212903E+000
28.3767572 1.23212919050736E+000 1.34790492765041E+000
28.4767065 1.22127249293254E+000 1.33562864935461E+000
28.5766562 1.21054497408607E+000 1.32350345189834E+000
28.6766062 1.19994470147118E+000 1.31152699595897E+000
28.7765565 1.18946977736646E+000 1.29969698581738E+000
28.8765053 1.17911853436674E+000 1.28801138993598E+000
28.9764563 1.16888874728170E+000 1.27646755123590E+000
29.0764077 1.15877881701153E+000 1.26506352346170E+000
29.1763593 1.14878697780426E+000 1.25379717604652E+000
29.2763113 1.13891149520179E+000 1.24266641750982E+000
29.3762617 1.12915085048210E+000 1.23166940311371E+000
29.4762144 1.11950299752947E+000 1.22080369758027E+000
29.5761673 1.10996647920359E+000 1.21006753276435E+000
29.6761206 1.10053967989819E+000 1.19945896535574E+000
29.7760741 1.09122101221281E+000 1.18897608714182E+000
29.8760261 1.08200909107759E+000 1.17861722068074E+000
29.9759803 1.07290203240441E+000 1.16838013061488E+000
30.0759347 1.06389850673146E+000 1.15826320840914E+000
30.1758895 1.05499703386467E+000 1.14826467901154E+000
30.2758445 1.04619615907191E+000 1.13838279893881E+000
30.3757980 1.03749461760613E+000 1.12861604082405E+000
30.4757536 1.02889067221630E+000 1.11896234981772E+000
30.5757095 1.02038310844667E+000 1.10942026064811E+000
30.6756657 1.01197056841468E+000 1.09998814970060E+000
30.7756221 1.00365171725730E+000 1.09066442180129E+000
30.8755770 9.95425398709620E-001 1.08144768442409E+000
30.9755340 9.87290008797395E-001 1.07233604597212E+000
31.0754913 9.79244436806663E-001 1.06332816996649E+000
31.1754469 9.71287586427774E-001 1.05442273820343E+000
31.2754067 9.63417778471456E-001 1.04561778256542E+000
31.3753629 9.55634407410045E-001 1.03691253854871E+000
31.4753231 9.47935693454463E-001 1.02830493030010E+000
31.5752798 9.40321057709171E-001 1.01979422704456E+000
31.6752368 9.32789057942655E-001 1.01137873481359E+000
31.7751978 9.25338283430074E-001 1.00305679735927E+000
31.8751552 9.17968193057028E-001 9.94827731696295E-001
31.9751168 9.10677133093079E-001 9.86689614317193E-001
32.0750747 9.03464586245690E-001 9.78641792332726E-001
32.1750329 8.96329216862976E-001 9.70682701258491E-001
32.2749952 8.89269718226989E-001 9.62810811139752E-001
32.3749539 8.82285606855710E-001 9.55025511753054E-001
32.4749166 8.75375344290439E-001 9.47325018446637E-001
32.5748758 8.68538468377419E-001 9.39708747880577E-001
32.6748352 8.61773740684184E-001 9.32175253303853E-001
32.7747986 8.55079949386058E-001 9.24723119620774E-001
32.8747585 8.48456662614257E-001 9.17351801622501E-001
32.9747223 8.41902447464791E-001 9.10059641406474E-001
33.0746827 8.35416891181592E-001 9.02846117802209E-001
33.1746432 8.28998844134814E-001 8.95709891264629E-001
33.2746078 8.22647181195929E-001 8.88649651310476E-001
33.3745687 8.16361516759404E-001 8.81664910881395E-001
33.4745337 8.10140514709016E-001 8.74754127940937E-001
33.5744951 8.03983806580940E-001 8.67916836945771E-001
33.6744568 7.97890323967883E-001 8.61151796109737E-001
33.7744224 7.91859021053436E-001 8.54457790364576E-001
33.8743844 7.85889553734094E-001 8.47834384712320E-001
33.9743505 7.79980674759617E-001 8.41280143183362E-001
34.0743130 7.74132055412570E-001 8.34794650053822E-001
34.1742756 7.68342701671531E-001 8.28376752805436E-001
34.2742423 7.62611640370759E-001 8.22025323516137E-001
34.3742054 7.56938564666328E-001 8.15739973837755E-001
34.4741725 7.51322309005301E-001 8.09519365030159E-001
34.5741359 7.45762580364164E-001 8.03363126026542E-001
34.6740996 7.40258452932204E-001 7.97270185932905E-001
34.7740673 7.34809020176082E-001 7.91239496527925E-001
34.8740313 7.29414008726810E-001 7.85270711300148E-001
34.9739994 7.24072328232216E-001 7.79362580756743E-001
35.0739638 7.18783717745885E-001 7.73514773893381E-001
35.1739284 7.13547314082272E-001 7.67726294549104E-001
35.2738971 7.08362271895603E-001 7.61996167489187E-001
35.3738621 7.03228347911751E-001 7.56324083752001E-001
35.4738310 6.98144521083634E-001 7.50708875871450E-001
35.5737964 6.93110559310309E-001 7.45150248811408E-001
35.6737620 6.88125656972215E-001 7.39647274921945E-001
35.7737315 6.83189024978341E-001 7.34199045891382E-001
35.8736974 6.78300447127355E-001 7.28805286485105E-001
35.9736673 6.73458966319555E-001 7.23464904722599E-001
36.0736335 6.68664376408897E-001 7.18177637883196E-001
36.1735999 6.63915924753223E-001 7.12942621202139E-001
36.2735704 6.59212874041383E-001 7.07759007806985E-001
36.3735371 6.54555032440017E-001 7.02626552777242E-001
36.4735079 6.49941501921473E-001 6.97544233683860E-001
36.5734750 6.45372099706412E-001 6.92511816859092E-001
36.6734423 6.40846121962862E-001 6.87528495329441E-001
36.7734135 6.36362879094736E-001 6.82593478695305E-001
36.8733811 6.31922201213300E-001 6.77706549299978E-001
36.9733527 6.27523244920803E-001 6.72866748875019E-001
37.0733206 6.23165848484840E-001 6.68073869888388E-001
37.1732887 6.18849353094245E-001 6.63327158539295E-001
37.2732608 6.14573113171011E-001 6.58625876397092E-001
37.3732292 6.10336978597758E-001 6.53969830339657E-001
37.4732015 6.06140156554029E-001 6.49358121355195E-001
37.5731702 6.01982504273170E-001 6.44790565436181E-001
37.6731391 5.97863404514728E-001 6.40266457761432E-001
37.7731119 5.93782252352145E-001 6.35785107779410E-001
37.8730811 5.89738915488545E-001 6.31346344458160E-001
37.9730543 5.85732647978982E-001 6.26949323575636E-001
38.0730237 5.81763324153690E-001 6.22593882309176E-001
38.1729934 5.77830365197903E-001 6.18279361005439E-001
38.2729669 5.73933203767008E-001 6.14005113273345E-001
38.3729369 5.70071723631866E-001 6.09770987979600E-001
38.4729107 5.66245222337613E-001 6.05576191617886E-001
38.5728809 5.62453589631672E-001 6.01420580452010E-001
38.6728513 5.58696282254639E-001 5.97303536526988E-001
38.7728256 5.54972767641921E-001 5.93224454226806E-001
38.8727962 5.51282944055955E-001 5.89183200350191E-001
38.9727708 5.47626149432196E-001 5.85179028386202E-001
39.0727417 5.44002287424296E-001 5.81211811801336E-001
39.1727127 5.40410847705537E-001 5.77280971177135E-001
39.2726877 5.36851329930731E-001 5.73385938586882E-001
39.3726590 5.33323645435351E-001 5.69526596994847E-001
39.4726343 5.29827169703708E-001 5.65702243483947E-001
39.5726059 5.26361818935392E-001 5.61912767030718E-001
39.6725776 5.22927113337271E-001 5.58157623868321E-001
39.7725533 5.19522582440812E-001 5.54436280943287E-001
39.8725252 5.16148149376844E-001 5.50748635797365E-001
39.9725012 5.12803224570912E-001 5.47094025993600E-001
40.0724734 5.09487735542930E-001 5.43472354496342E-001
40.1724458 5.06201230836340E-001 5.39883110555033E-001
40.2724221 5.02943267713489E-001 5.36325793416569E-001
40.3723947 4.99713779948864E-001 5.32800313771286E-001
40.4723712 4.96512210513581E-001 5.29306046808754E-001
40.5723441 4.93338497142805E-001 5.25842908111045E-001
40.6723171 4.90192214702405E-001 5.22410417533773E-001
40.7722940 4.87072946218131E-001 5.19008104270791E-001
40.8722673 4.83980635069233E-001 5.15635890874308E-001
40.9722444 4.80914754569118E-001 5.12293187542253E-001
41.0722179 4.77875251671073E-001 5.08979921240265E-001
41.1721915 4.74861725714963E-001 5.05695640223539E-001
41.2721690 4.71873783684029E-001 5.02439901477829E-001
41.3721428 4.68911377624501E-001 4.99212638257649E-001
41.4721206 4.65974009163585E-001 4.96013293364450E-001
41.5720946 4.63061633572377E-001 4.92841804034910E-001
41.6720688 4.60173872966608E-001 4.89697744901317E-001
41.7720469 4.57310356627698E-001 4.86580698765766E-001
41.8720213 4.54471044421780E-001 4.83490608539315E-001
41.9719996 4.51655464420386E-001 4.80426947415661E-001
42.0719743 4.48863579398973E-001 4.77389661898886E-001
42.1719490 4.46095032687527E-001 4.74378351142670E-001
42.2719276 4.43349474339488E-001 4.71392621952498E-001
42.3719026 4.40626871275272E-001 4.68432425952175E-001
42.4718815 4.37926776286080E-001 4.65497264692205E-001
42.5718566 4.35249158916332E-001 4.62587093038055E-001
42.6718319 4.32593682272761E-001 4.59701532960335E-001
42.7718111 4.29960015775760E-001 4.56840213602468E-001
42.8717866 4.27348132707616E-001 4.54003094448671E-001
42.9717660 4.24757608986581E-001 4.51189703530718E-001
43.0717417 4.22188420260807E-001 4.48400003257029E-001
43.1717175 4.19640248089241E-001 4.45633636848004E-001
43.2716972 4.17112779964380E-001 4.42890254253488E-001
43.3716732 4.14605994903836E-001 4.40169822047878E-001
43.4716531 4.12119490480809E-001 4.37471893014281E-001
43.5716293 4.09653247845102E-001 4.34796436364299E-001
43.6716056 4.07206965786263E-001 4.32143115125792E-001
43.7715858 4.04780348674506E-001 4.29511598645279E-001
43.8715623 4.02373380695517E-001 4.26901859890886E-001
43.9715428 3.99985679715459E-001 4.24313474799830E-001
44.0715195 3.97617231840574E-001 4.21746418717825E-001
44.1714963 3.95267751963289E-001 4.19200373151442E-001
44.2714770 3.92936960228785E-001 4.16675025544947E-001
44.3714539 3.90624845476999E-001 4.14170354630096E-001
44.4714348 3.88331044605799E-001 4.11685958022097E-001
44.5714120 3.86055548183919E-001 4.09221816595321E-001
44.6713893 3.83798086164661E-001 4.06777629109762E-001
44.7713704 3.81558393449108E-001 4.04353099909478E-001
44.8713479 3.79336463065817E-001 4.01948212919478E-001
44.9713293 3.77131949775323E-001 3.99562586067480E-001
45.0713069 3.74944848161146E-001 3.97196205208332E-001
45.1712846 3.72774902273811E-001 3.94848785224512E-001
45.2712662 3.70621860827736E-001 3.92520046254006E-001
45.3712441 3.68485720617954E-001 3.90209976898505E-001
45.4712259 3.66366153183148E-001 3.87918214133925E-001
45.5712040 3.64263156715679E-001 3.85644748299034E-001
45.6711822 3.62176488471312E-001 3.83389309353982E-001
45.7711643 3.60105910105232E-001 3.81151632208889E-001
45.8711426 3.58051421796085E-001 3.78931709674081E-001
45.9711248 3.56012710853732E-001 3.76729196601971E-001
46.0711034 3.53989778711136E-001 3.74544087365239E-001
46.1710820 3.51982395002969E-001 3.72376126035599E-001
46.2710644 3.49990333516726E-001 3.70225061350361E-001
46.3710432 3.48013597467298E-001 3.68090889904202E-001
46.4710259 3.46051888999963E-001 3.65973283339199E-001
46.5710048 3.44105212454153E-001 3.63872239653963E-001
46.6709838 3.42173349077281E-001 3.61787516137646E-001
46.7709667 3.40256084039466E-001 3.59718874480102E-001
46.8709459 3.38353423276592E-001 3.57666314675607E-001
46.9709290 3.36465082899042E-001 3.55629524146912E-001
47.0709083 3.34591069849436E-001 3.53608504148527E-001
47.1708877 3.32731176276965E-001 3.51603024358835E-001
47.2708710 3.30885198038621E-001 3.49612858609957E-001
47.3708506 3.29053143505085E-001 3.47638009946737E-001
47.4708341 3.27234741941757E-001 3.45678180635079E-001
47.5708138 3.25430002619091E-001 3.43733374849672E-001
47.6707936 3.23638727927788E-001 3.41803373890327E-001
47.7707773 3.21860723765495E-001 3.39887962980159E-001
47.8707573 3.20096000677818E-001 3.37987147897849E-001
47.9707411 3.18344300330534E-001 3.36100644880619E-001
48.0707212 3.16605634071878E-001 3.34228460718648E-001
48.1707014 3.14879813920391E-001 3.32370387620781E-001
48.2706855 3.13166655213691E-001 3.30526221503991E-001
48.3706658 3.11466170436289E-001 3.28695970593298E-001
48.4706500 3.09778112950805E-001 3.26879364285819E-001
48.5706305 3.08102495956141E-001 3.25076411710627E-001
48.6706110 3.06439140527868E-001 3.23286915324085E-001
48.7705955 3.04787870884792E-001 3.21510681089596E-001
48.8705762 3.03148701235932E-001 3.19747719417489E-001
48.9705608 3.01521395984364E-001 3.17997772108982E-001
49.0705416 2.99905969973344E-001 3.16260850380887E-001
49.1705225 2.98302252804134E-001 3.14536766322324E-001
49.2705073 2.96710077056518E-001 3.12825335341391E-001
49.3704883 2.95129458469252E-001 3.11126569796672E-001
49.4704733 2.93560171873014E-001 3.09440223188956E-001
49.5704545 2.92002233567968E-001 3.07766308594700E-001
49.6704357 2.90455481186105E-001 3.06104647164024E-001
49.7704208 2.88919755183531E-001 3.04455063190013E-001
49.8704022 2.87395072651786E-001 3.02817570764201E-001
49.9703875 2.85881218276505E-001 3.01191934429698E-001
50.0703690 2.84378209644467E-001 2.99578168915415E-001
50.1703506 2.82885891956963E-001 2.97976103900310E-001
50.2703361 2.81404113094570E-001 2.96385572041447E-001
50.3703178 2.79932891340829E-001 2.94806588967727E-001
50.4703034 2.78472020700892E-001 2.93238929650973E-001
50.5702853 2.77021519893425E-001 2.91682610284339E-001
50.6702672 2.75581241258555E-001 2.90137468579936E-001
50.7702530 2.74151039679749E-001 2.88603345073455E-001
50.8702350 2.72730934486478E-001 2.87080256753486E-001
50.9702209 2.71320728502388E-001 2.85567988447282E-001
51.0702031 2.69920441437460E-001 2.84066557641254E-001
51.1701853 2.68529932368795E-001 2.82575809618614E-001
51.2701714 2.67149062789140E-001 2.81095592341222E-001
51.3701538 2.65777852941188E-001 2.79625923995935E-001
51.4701400 2.64416113997950E-001 2.78166598729441E-001
51.5701225 2.63063866533014E-001 2.76717635166062E-001
51.6701050 2.61720975985035E-001 2.75278885729110E-001
51.7700914 2.60387310088293E-001 2.73850205384508E-001
51.8700741 2.59062889878156E-001 2.72431613370736E-001
51.9700606 2.57747534437423E-001 2.71022912652418E-001
52.0700434 2.56441265087295E-001 2.69624122850670E-001
52.1700263 2.55143953277026E-001 2.68235103126571E-001
52.2700130 2.53855472638604E-001 2.66855715056047E-001
52.3699959 2.52575844890594E-001 2.65485978795976E-001
52.4699827 2.51304896613429E-001 2.64125705659388E-001
52.5699658 2.50042649770583E-001 2.62774916135995E-001
52.6699489 2.48788981493600E-001 2.61433475748820E-001
52.7699359 2.47543770990521E-001 2.60101252315651E-001
52.8699192 2.46307040563693E-001 2.58778266790761E-001
52.9699063 2.45078623904488E-001 2.57464338395668E-001
53.0698897 2.43858543523017E-001 2.56159488372246E-001
53.1698731 2.42646681925794E-001 2.54863588254157E-001
53.2698603 2.41442923595785E-001 2.53576511756895E-001
53.3698439 2.40247291328886E-001 2.52298280522237E-001
53.4698313 2.39059625564362E-001 2.51028721267744E-001
53.5698149 2.37879949272162E-001 2.49767855881724E-001
53.6697986 2.36708150045909E-001 2.48515561579868E-001
53.7697861 2.35544117361410E-001 2.47271717653430E-001
53.8697699 2.34387874426235E-001 2.46036346331915E-001
53.9697576 2.33239268086481E-001 2.44809281441988E-001
54.0697415 2.32098321693191E-001 2.43590545422400E-001
54.1697254 2.30964927657299E-001 2.42380020863303E-001
54.2697133 2.29838980183035E-001 2.41177592330331E-001
54.3696973 2.28720502815383E-001 2.39983282550154E-001
54.4696852 2.27609348486676E-001 2.38796932095295E-001
54.5696694 2.26505540857646E-001 2.37618563867837E-001
54.6696536 2.25408976903500E-001 2.36448065544310E-001
54.7696417 2.24319555308892E-001 2.35285326682440E-001
54.8696260 2.23237299888905E-001 2.34130370423888E-001
54.9696142 2.22162069360551E-001 2.32983043745810E-001
55.0695986 2.21093887629544E-001 2.31843369934594E-001
55.1695831 2.20032655997910E-001 2.30711241483165E-001
55.2695714 2.18978277397972E-001 2.29586552676746E-001
55.3695560 2.17930775853929E-001 2.28469326997467E-001
55.4695444 2.16890015583671E-001 2.27359417506384E-001
55.5695291 2.15856020679281E-001 2.26256847802530E-001
55.6695138 2.14828696546638E-001 2.25161514942035E-001
55.7695023 2.13807950147167E-001 2.24073317689470E-001
55.8694872 2.12793805658975E-001 2.22992279799879E-001
55.9694758 2.11786132533569E-001 2.21918260116557E-001
56.0694607 2.10784954996358E-001 2.20851282486244E-001
56.1694457 2.09790182347593E-001 2.19791248290694E-001
56.2694345 2.08801725372424E-001 2.18738060540946E-001
56.3694196 2.07819608352933E-001 2.17691743203761E-001
56.4694085 2.06843705722411E-001 2.16652160620787E-001
56.5693936 2.05874041791642E-001 2.15619336827653E-001
56.6693788 2.04910529558310E-001 2.14593177308666E-001
56.7693678 2.03953083438204E-001 2.13573589102663E-001
56.8693531 2.03001727772256E-001 2.12560596332720E-001
56.9693423 2.02056341738126E-001 2.11554068571515E-001
57.0693276 2.01116949688645E-001 2.10554029990339E-001
57.1693130 2.00183468133690E-001 2.09560389966480E-001
57.2693023 1.99255814938057E-001 2.08573059361115E-001
57.3692878 1.98334014460791E-001 2.07592062403527E-001
57.4692772 1.97417950399958E-001 2.06617273645550E-001
57.5692628 1.96507647111351E-001 2.05648717346013E-001
57.6692484 1.95603024442700E-001 2.04686306578180E-001
57.7692379 1.94704003536845E-001 2.03729955832415E-001
57.8692236 1.93810608734217E-001 2.02779689398926E-001
57.9692132 1.92922728041907E-001 2.01835386571253E-001
58.0691990 1.92040385783449E-001 2.00897071652292E-001
58.1691849 1.91163504980252E-001 1.99964661225985E-001
58.2691746 1.90292009892201E-001 1.99038073230198E-001
58.3691605 1.89425924808044E-001 1.98117331975184E-001
58.4691503 1.88565141844284E-001 1.97202321272214E-001
58.5691363 1.87709685260496E-001 1.96293065429024E-001
58.6691224 1.86859481097092E-001 1.95389484365854E-001
58.7691123 1.86014456579299E-001 1.94491499297073E-001
58.8690985 1.85174635914452E-001 1.93599134516120E-001
58.9690885 1.84339915139865E-001 1.92712278140614E-001
59.0690747 1.83510318422678E-001 1.91830954447783E-001
59.1690610 1.82685774676496E-001 1.90955086529964E-001
59.2690511 1.81866213948865E-001 1.90084598716997E-001
59.3690374 1.81051660339032E-001 1.89219515252325E-001
59.4690277 1.80242013626828E-001 1.88359728360306E-001
59.5690141 1.79437297861429E-001 1.87505262255849E-001
59.6690006 1.78637444692102E-001 1.86656043048690E-001
59.7689909 1.77842386853808E-001 1.85811998032422E-001
59.8689774 1.77052148313820E-001 1.84973151370651E-001
59.9689678 1.76266632425849E-001 1.84139399205889E-001
60.0689545 1.75485863098264E-001 1.83310765662150E-001
60.1689411 1.74709774586213E-001 1.82487179720744E-001
60.2689316 1.73938302184763E-001 1.81668571495984E-001
60.3689184 1.73171469707857E-001 1.80854965044869E-001
60.4689090 1.72409183923520E-001 1.80046260249794E-001
60.5688958 1.71651468578917E-001 1.79242481118250E-001
60.6688827 1.70898260412549E-001 1.78443559365591E-001
60.7688734 1.70149497159372E-001 1.77649427791945E-001
60.8688603 1.69405202460983E-001 1.76860110323723E-001
60.9688511 1.68665286348636E-001 1.76075510414598E-001
61.0688381 1.67929772390142E-001 1.75295651932612E-001
61.1688251 1.67198599691608E-001 1.74520469197381E-001
61.2688160 1.66471708314320E-001 1.73749897567538E-001
61.3688031 1.65749121710625E-001 1.72983960817480E-001
61.4687941 1.65030753031899E-001 1.72222565812617E-001
61.5687813 1.64316625650495E-001 1.71465736261069E-001
61.6687685 1.63606680930735E-001 1.70713408964194E-001
61.7687596 1.62900861152902E-001 1.69965521718927E-001
61.8687469 1.62199189565124E-001 1.69222098128552E-001
61.9687381 1.61501582303287E-001 1.68483048319175E-001
62.0687254 1.60808062530043E-001 1.67748395820772E-001
62.1687128 1.60118573764498E-001 1.67018079800710E-001
62.2687041 1.59433060404435E-001 1.66292040380673E-001
62.3686916 1.58751545480569E-001 1.65570300975865E-001
62.4686829 1.58073947984707E-001 1.64852774830026E-001
62.5686704 1.57400290857270E-001 1.64139485278813E-001
62.6686580 1.56730519674301E-001 1.63430373746230E-001
62.7686494 1.56064580855059E-001 1.62725382571396E-001
62.8686371 1.55402497201263E-001 1.62024534966405E-001
62.9686286 1.54744190438674E-001 1.61327747157054E-001
63.0686163 1.54089683274500E-001 1.60635042270389E-001
63.1686040 1.53438923249116E-001 1.59946363883635E-001
63.2685918 1.52791883324747E-001 1.59261682494921E-001
63.3685872 1.52148487754898E-001 1.58580917078580E-001
63.4685751 1.51508808136609E-001 1.57904142519813E-001
63.5685630 1.50872768905990E-001 1.57231278004687E-001
63.6685509 1.50240343952041E-001 1.56562295058065E-001
63.7685388 1.49611507389606E-001 1.55897165454907E-001
63.8685344 1.48986185987014E-001 1.55235810908654E-001
63.9685224 1.48364449712997E-001 1.54578304593561E-001
64.0685105 1.47746225505414E-001 1.53924568419752E-001
64.1684986 1.47131488359887E-001 1.53274575137186E-001
64.2684867 1.46520213486710E-001 1.52628297733367E-001
64.3684824 1.45912330064219E-001 1.51985660544634E-001
64.4684706 1.45307906474055E-001 1.51346735077320E-001
64.5684588 1.44706872051881E-001 1.50711445850418E-001
64.6684470 1.44109202845377E-001 1.50079766777662E-001
64.7684353 1.43514875106357E-001 1.49451671998490E-001
64.8684312 1.42923820323558E-001 1.48827088361825E-001
64.9684195 1.42336105331799E-001 1.48206085748159E-001
65.0684079 1.41751661765765E-001 1.47588591175983E-001
65.1683963 1.41170466673694E-001 1.46974579664977E-001
65.2683847 1.40592497298006E-001 1.46364026449360E-001
65.3683808 1.40017687343162E-001 1.45756860785865E-001
65.4683692 1.39446102136475E-001 1.45153150970277E-001
65.5683578 1.38877675517736E-001 1.44552826416692E-001
65.6683463 1.38312385487106E-001 1.43955863196179E-001
65.7683349 1.37750210229536E-001 1.43362237583812E-001
65.8683311 1.37191085575172E-001 1.42771881144584E-001
65.9683197 1.36635075382195E-001 1.42184860629757E-001
66.0683084 1.36082115606167E-001 1.41601107750303E-001
66.1682971 1.35532185153239E-001 1.41020599577190E-001
66.2682858 1.34985263105467E-001 1.40443313375440E-001
66.3682821 1.34441287333020E-001 1.39869182923682E-001
66.4682709 1.33900320262385E-001 1.39298273467894E-001
66.5682597 1.33362299879895E-001 1.38730518922058E-001
66.6682485 1.32827205954272E-001 1.38165897308418E-001
66.7682374 1.32295018421748E-001 1.37604386833877E-001
66.8682339 1.31765677110985E-001 1.37045923400714E-001
66.9682228 1.31239243053288E-001 1.36490570787921E-001
67.0682118 1.30715656184841E-001 1.35938265023212E-001
67.1682007 1.30194897095891E-001 1.35388985034179E-001
67.2681897 1.29676946536258E-001 1.34842709924195E-001
67.3681864 1.29161746215465E-001 1.34299377633578E-001
67.4681754 1.28649355805228E-001 1.33759050511701E-001
67.5681645 1.28139717114525E-001 1.33221666615060E-001
67.6681536 1.27632811516307E-001 1.32687205733192E-001
67.7681428 1.27128620535585E-001 1.32155647823022E-001
67.8681396 1.26627087688797E-001 1.31626932781427E-001
67.9681288 1.26128271322763E-001 1.31101121564603E-001
68.0681180 1.25632115045843E-001 1.30578154176965E-001
68.1681072 1.25138600976954E-001 1.30058011228959E-001
68.2680965 1.24647711379973E-001 1.29540673490483E-001
68.3680934 1.24159391507783E-001 1.29026082737397E-001
68.4680827 1.23673698416114E-001 1.28514298568249E-001
68.5680721 1.23190577442738E-001 1.28005262858364E-001
68.6680615 1.22710011417771E-001 1.27498957000288E-001
68.7680509 1.22231983309559E-001 1.26995362538514E-001
68.8680479 1.21756440040261E-001 1.26494423053984E-001
68.9680374 1.21283437407446E-001 1.25996196822231E-001
69.0680269 1.20812922411585E-001 1.25500627516126E-001
69.1680164 1.20344878561071E-001 1.25007697273598E-001
69.2680059 1.19879289496149E-001 1.24517388377415E-001
69.3680031 1.19416103744195E-001 1.24029646143187E-001
69.4679927 1.18955375876685E-001 1.23544527557173E-001
69.5679823 1.18497054493165E-001 1.23061978019878E-001
69.6679719 1.18041123749113E-001 1.22581980379852E-001
69.7679615 1.17587567925824E-001 1.22104517623760E-001
69.8679589 1.17136337094771E-001 1.21629536734759E-001
69.9679486 1.16687484632569E-001 1.21157093442706E-001
70.0679383 1.16240960677128E-001 1.20687134809075E-001
70.1679281 1.15796750001455E-001 1.20219644360131E-001
70.2679178 1.15354837498654E-001 1.19754605753881E-001
70.3679153 1.14915174725972E-001 1.19291967577014E-001
70.4679051 1.14477813895567E-001 1.18831784335004E-001
70.5678949 1.14042706625761E-001 1.18374004686714E-001
70.6678848 1.13609838279077E-001 1.17918612804948E-001
70.7678747 1.13179194332703E-001 1.17465592988217E-001
70.8678723 1.12750727773976E-001 1.17014895365676E-001
70.9678622 1.12324489680194E-001 1.16566573249589E-001
71.0678522 1.11900433094759E-001 1.16120576835549E-001
71.1678422 1.11478543943137E-001 1.15676890913355E-001
71.2678322 1.11058808260314E-001 1.15235500392798E-001
71.3678299 1.10641180410537E-001 1.14796356887218E-001
71.4678200 1.10225710365041E-001 1.14359512546024E-001
71.5678100 1.09812352539462E-001 1.13924919043634E-001
71.6678002 1.09401093397002E-001 1.13492561758844E-001
71.7677903 1.08991919505500E-001 1.13062426185013E-001
71.8677881 1.08584786555304E-001 1.12634465364030E-001
71.9677783 1.08179743439622E-001 1.12208730311996E-001
72.0677685 1.07776745895816E-001 1.11785174126868E-001
72.1677587 1.07375780900907E-001 1.11363782749880E-001
72.2677489 1.06976835531916E-001 1.10944542231686E-001
72.3677468 1.06579866756730E-001 1.10527406989587E-001
72.4677371 1.06184922417807E-001 1.10112426935132E-001
72.5677275 1.05791959525961E-001 1.09699556537009E-001
72.6677178 1.05400965549325E-001 1.09288782273701E-001
72.7677082 1.05011928051628E-001 1.08880090728227E-001
72.8677062 1.04624805231869E-001 1.08473437642533E-001
72.9676966 1.04239643908296E-001 1.08068871851604E-001
73.0676870 1.03856402319017E-001 1.07666349144401E-001
73.1676774 1.03475068401711E-001 1.07265856512748E-001
73.2676679 1.03095630185471E-001 1.06867381048372E-001
73.3676660 1.02718047056010E-001 1.06470879769347E-001
73.4676565 1.02342364833180E-001 1.06076400461327E-001
73.5676471 1.01968542938236E-001 1.05683900185314E-001
73.6676376 1.01596569757915E-001 1.05293366423779E-001
73.7676282 1.01226433766398E-001 1.04904786754698E-001
73.8676264 1.00858095493632E-001 1.04518119425889E-001
73.9676171 1.00491599786190E-001 1.04133411200169E-001
74.0676077 1.00126907206229E-001 1.03750620364466E-001
74.1675984 9.97640065700788E-002 1.03369734870347E-001
74.2675890 9.94028867777361E-002 1.02990742760707E-001
74.3675874 9.90435094627287E-002 1.02613603468747E-001
74.4675781 9.86859185227841E-002 1.02238362760224E-001
74.5675688 9.83300756205247E-002 1.01864980103884E-001
74.6675596 9.79759699833680E-002 1.01493443899916E-001
74.7675504 9.76235909188075E-002 1.01123742635871E-001
74.8675488 9.72729011250327E-002 1.00755836887892E-001
74.9675396 9.69239435746897E-002 1.00389771449756E-001
75.0675305 9.65766809921547E-002 1.00025506929819E-001
75.1675213 9.62311029983342E-002 9.96630321574418E-002
75.2675122 9.58871992907965E-002 9.93023360455698E-002
75.3675108 9.55449335951232E-002 9.89433802726738E-002
75.4675017 9.52043479819942E-002 9.85862086849480E-002
75.5674926 9.48654062004606E-002 9.82307829899598E-002
75.6674836 9.45280982481797E-002 9.78770924277484E-002
75.7674746 9.41924141962212E-002 9.75251263183489E-002
75.8674732 9.38583187618563E-002 9.71748474036783E-002
75.9674642 9.35258531362808E-002 9.68262986060744E-002
76.0674553 9.31949820576979E-002 9.64794426936421E-002
76.1674463 9.28656958845882E-002 9.61342692995137E-002
76.2674374 9.25379850457519E-002 9.57907681334040E-002
76.3674361 9.22118152159380E-002 9.54489029634425E-002
76.4674273 9.18872267287246E-002 9.51087158111909E-002
76.5674184 9.15641852774237E-002 9.47701704682501E-002
76.6674096 9.12426815661783E-002 9.44332569441178E-002
76.7674007 9.09227063665078E-002 9.40979653216286E-002
76.8673996 9.06042262778455E-002 9.37642603594565E-002
76.9673908 9.02872807974187E-002 9.34321832008359E-002
77.0673820 8.99718365410123E-002 9.31016986253758E-002
77.1673732 8.96578845439973E-002 9.27727970030240E-002
77.2673645 8.93454159063186E-002 9.24454687739757E-002
77.3673634 8.90343981206503E-002 9.21196796532723E-002
77.4673547 8.87248698685527E-002 9.17954699276543E-002
77.5673461 8.84167986569875E-002 9.14728053307293E-002
77.6673374 8.81101758388068E-002 9.11516765777469E-002
77.7673288 8.78049928287660E-002 9.08320744512627E-002
77.8673278 8.75012179826228E-002 9.05139655899250E-002
77.9673192 8.71988891863863E-002 9.01973894452162E-002
78.0673106 8.68979748081756E-002 8.98823126721396E-002
78.1673020 8.65984665052266E-002 8.95687263168236E-002
78.2672935 8.63003559941341E-002 8.92566214899018E-002
78.3672925 8.60036124648057E-002 8.89459657222183E-002
78.4672840 8.57082730272644E-002 8.86367976506508E-002
78.5672755 8.54143068819822E-002 8.83290848203342E-002
78.6672671 8.51217059780975E-002 8.80228185945398E-002
78.7672586 8.48304623216828E-002 8.77179903983759E-002
78.8672578 8.45405459090279E-002 8.74145686247553E-002
78.9672493 8.42519930931986E-002 8.71125911160381E-002
79.0672409 8.39647738793736E-002 8.68120262775026E-002
79.1672325 8.36788804966963E-002 8.65128657764765E-002
79.2672242 8.33943052289314E-002 8.62151013395822E-002
79.3672234 8.31110188520964E-002 8.59187021928983E-002
79.4672151 8.28290569808061E-002 8.56237054038037E-002
79.5672068 8.25483903984045E-002 8.53300802089456E-002
79.6671985 8.22690116026946E-002 8.50378185672377E-002
79.7671902 8.19909131438955E-002 8.47469124944649E-002
79.8671895 8.17140665521570E-002 8.44573320221337E-002
79.9671813 8.14385067216429E-002 8.41691134616428E-002
80.0671730 8.11642051883738E-002 8.38822268533917E-002
80.1671648 8.08911547079911E-002 8.35966644359924E-002
80.2671566 8.06193480864488E-002 8.33124185026179E-002
80.3671560 8.03487575834442E-002 8.30294598635753E-002
80.4671478 8.00794173901981E-002 8.27478240927634E-002
80.5671397 7.98112997709230E-002 8.24674820078212E-002
80.6671315 7.95443977287743E-002 8.21884261157234E-002
80.7671234 7.92787043152128E-002 8.19106489758028E-002
80.8671229 7.90141924958636E-002 8.16341221515997E-002
80.9671148 7.87508957760334E-002 8.13588804974873E-002
81.0671067 7.84887871246000E-002 8.10848955828826E-002
81.1670987 7.82278597823800E-002 8.08121601723116E-002
81.2670906 7.79681070365792E-002 8.05406670805569E-002
81.3670902 7.77095025360511E-002 8.02703885998342E-002
81.4670822 7.74520791167524E-002 8.00013588824741E-002
81.5670742 7.71958104296139E-002 7.97335502252132E-002
81.6670662 7.69406899437079E-002 7.94669556398142E-002
81.7670583 7.66867111726660E-002 7.92015681862907E-002
81.8670579 7.64338484267489E-002 7.89373608619396E-002
81.9670500 7.61821338886757E-002 7.86743671340539E-002
82.0670421 7.59315418696921E-002 7.84125600031893E-002
82.1670342 7.56820660581438E-002 7.81519327185012E-002
82.2670263 7.54337001851894E-002 7.78924785754815E-002
82.3670260 7.51864192015149E-002 7.76341712538340E-002
82.4670182 7.49402546522756E-002 7.73770435523546E-002
82.5670103 7.46951814881266E-002 7.71210691528314E-002
82.6670025 7.44511936081093E-002 7.68662415324153E-002
82.7669947 7.42082849524081E-002 7.66125542127660E-002
82.8669945 7.39664310919544E-002 7.63599815341977E-002
82.9669867 7.37256629495869E-002 7.61085556430991E-002
83.0669790 7.34859560952622E-002 7.58582508807758E-002
83.1669712 7.32473046305209E-002 7.56090609434016E-002
83.2669635 7.30097026964522E-002 7.53609795699134E-002
83.3669634 7.27731264648179E-002 7.51139817402771E-002
83.4669556 7.25376062509736E-002 7.48680989641259E-002
83.5669479 7.23031182248304E-002 7.46233062214019E-002
83.6669403 7.20696566825962E-002 7.43795974187313E-002
83.7669326 7.18372159585026E-002 7.41369665038358E-002
83.8669326 7.16057728064592E-002 7.38953890761754E-002
83.9669249 7.13753569487703E-002 7.36548960238545E-002
84.0669173 7.11459451366821E-002 7.34154629453656E-002
84.1669097 7.09175318535829E-002 7.31770839495997E-002
84.2669021 7.06901116194268E-002 7.29397531849497E-002
84.3669022 7.04636617522880E-002 7.27034468509769E-002
84.4668946 7.02382113954610E-002 7.24681952290699E-002
84.5668870 7.00137378636039E-002 7.22339745169469E-002
84.6668795 6.97902358201262E-002 7.20007790179388E-002
84.7668720 6.95676999636098E-002 7.17686030733555E-002
84.8668721 6.93461081589803E-002 7.15374234641986E-002
84.9668646 6.91254889841840E-002 7.13072698795522E-002
85.0668571 6.89058203000329E-002 7.10781190977624E-002
85.1668496 6.86870969431117E-002 7.08499656091206E-002
85.2668422 6.84693137838443E-002 7.06228039404412E-002
85.3668424 6.82524492173337E-002 7.03966114362038E-002
85.4668349 6.80365312694723E-002 7.01714172072097E-002
85.5668275 6.78215383306051E-002 6.99471985945305E-002
85.6668201 6.76074654039423E-002 6.97239502682667E-002
85.7668127 6.73943075252578E-002 6.95016669336493E-002
85.8668130 6.71820436037712E-002 6.92803264813421E-002
85.9668056 6.69707011262578E-002 6.90599574575075E-002
86.0667983 6.67602589965836E-002 6.88405377487044E-002
86.1667909 6.65507123783172E-002 6.86220621980028E-002
86.2667836 6.63420564663705E-002 6.84045256822719E-002
86.3667839 6.61342706686050E-002 6.81879066217052E-002
86.4667766 6.59273819452685E-002 6.79722330111022E-002
86.5667694 6.57213696983196E-002 6.77574832659074E-002
86.6667621 6.55162292456870E-002 6.75436523956176E-002
86.7667548 6.53119559354745E-002 6.73307354422547E-002
86.8667552 6.51085296592727E-002 6.71187113395003E-002
86.9667480 6.49059768630542E-002 6.69076075437097E-002
87.0667408 6.47042774319999E-002 6.66974029832198E-002
87.1667336 6.45034268326570E-002 6.64880928276941E-002
87.2667264 6.43034205606280E-002 6.62796722781014E-002
87.3667268 6.41042389768570E-002 6.60721207661548E-002
87.4667197 6.39059080249672E-002 6.58654652223380E-002
87.5667125 6.37084080590269E-002 6.56596850724701E-002
87.6667054 6.35117346887024E-002 6.54547756403892E-002
87.7666983 6.33158835516440E-002 6.52507322800713E-002
87.8666988 6.31208354642890E-002 6.50475349063657E-002
87.9666917 6.29266158795183E-002 6.48452099361203E-002
88.0666846 6.27332056064653E-002 6.46437372777841E-002
88.1666775 6.25406003926491E-002 6.44431124036334E-002
88.2666705 6.23487960125459E-002 6.42433308149649E-002
88.3666710 6.21577737247190E-002 6.40443728954057E-002
88.4666640 6.19675585026066E-002 6.38462645600771E-002
88.5666570 6.17781315970759E-002 6.36489861857401E-002
88.6666500 6.15894888884525E-002 6.34525333876164E-002
88.7666429 6.14016262830366E-002 6.32569018088781E-002
88.8666436 6.12145254686232E-002 6.30620722880856E-002
88.9666366 6.10282109502073E-002 6.28680702502260E-002
89.0666296 6.08426644075294E-002 6.26748765265661E-002
89.1666227 6.06578818488869E-002 6.24824868700123E-002
89.2666157 6.04738593076095E-002 6.22908970603957E-002
89.3666164 6.02905788882837E-002 6.21000883778596E-002
89.4666095 6.01080646381702E-002 6.19100857685406E-002
89.5666026 5.99262986534733E-002 6.17208705048960E-002
89.6665957 5.97452770658284E-002 6.15324384724766E-002
89.7665889 5.95649960309989E-002 6.13447855827755E-002
89.8665896 5.93854380583580E-002 6.11578935446406E-002
89.9665828 5.92066267478577E-002 6.09717868363424E-002
90.0665759 5.90285446001903E-002 6.07864471586840E-002
90.1665691 5.88511878658860E-002 6.06018705250307E-002
90.2665622 5.86745528187368E-002 6.04180529737492E-002
90.3665631 5.84986223613137E-002 6.02349766299660E-002
90.4665563 5.83234196564125E-002 6.00526655147804E-002
90.5665495 5.81489275976520E-002 5.98711017449468E-002
90.6665427 5.79751425501975E-002 5.96902814570164E-002
90.7665359 5.78020609016446E-002 5.95102008116387E-002
90.8665368 5.76296659365738E-002 5.93308423382285E-002
90.9665301 5.74579803905104E-002 5.91522296111259E-002
91.0665233 5.72869875388378E-002 5.89743451510749E-002
91.1665166 5.71166838572693E-002 5.87971852133747E-002
91.2665099 5.69470658431525E-002 5.86207460765572E-002
91.3665108 5.67781171522733E-002 5.84450106627508E-002
91.4665041 5.66098601025134E-002 5.82700021096752E-002
91.5664975 5.64422783402404E-002 5.80957033305171E-002
91.6664908 5.62753684477965E-002 5.79221106950681E-002
91.7664842 5.61091270283932E-002 5.77492205955226E-002
91.8664851 5.59435380985861E-002 5.75770163355482E-002
91.9664785 5.57786235679895E-002 5.74055206261164E-002
92.0664719 5.56143674435424E-002 5.72347167617079E-002
92.1664653 5.54507664104544E-002 5.70646012225252E-002
92.2664587 5.52878171740701E-002 5.68951705103778E-002
92.3664597 5.51255041016341E-002 5.67264082996814E-002
92.4664531 5.49638487036244E-002 5.65583368842734E-002
92.5664466 5.48028353374917E-002 5.63909399291621E-002
92.6664400 5.46424607877026E-002 5.62242140210453E-002
92.7664335 5.44827218581546E-002 5.60581557674641E-002
92.8664346 5.43236032570394E-002 5.58927492031598E-002
92.9664281 5.41651261045943E-002 5.57280162141995E-002
93.0664215 5.40072750990597E-002 5.55639408257186E-002
93.1664150 5.38500471206938E-002 5.54005197271533E-002
93.2664086 5.36934390685096E-002 5.52377496280502E-002
93.3664097 5.35374359822310E-002 5.50756149134070E-002
93.4664032 5.33820586005197E-002 5.49141370706405E-002
93.5663968 5.32272919530092E-002 5.47533004749650E-002
93.6663903 5.30731330124222E-002 5.45931019149496E-002
93.7663839 5.29195787695864E-002 5.44335381985698E-002
93.8663851 5.27666145866569E-002 5.42745940513505E-002
93.9663787 5.26142608291613E-002 5.41162905709411E-002
94.0663723 5.24625028490426E-002 5.39586124729257E-002
94.1663659 5.23113377082921E-002 5.38015566415446E-002
94.2663595 5.21607624863825E-002 5.36451199797687E-002
94.3663607 5.20107628591006E-002 5.34892875442468E-002
94.4663544 5.18613588270642E-002 5.33340800515148E-002
94.5663480 5.17125360557424E-002 5.31794825481416E-002
94.6663417 5.15642916933261E-002 5.30254920107152E-002
94.7663353 5.14166229048876E-002 5.28721054339054E-002
94.8663366 5.12695156713359E-002 5.27193081963951E-002
94.9663303 5.11229896363923E-002 5.25671206420368E-002
95.0663240 5.09770307705582E-002 5.24155281393120E-002
95.1663177 5.08316363052741E-002 5.22645277539644E-002
95.2663114 5.06868034882868E-002 5.21141165691966E-002
95.3663128 5.05425185973964E-002 5.19642802769371E-002
95.4663065 5.03988009272367E-002 5.18150388565687E-002
95.5663002 5.02556367451242E-002 5.16663779897130E-002
95.6662940 5.01130233629157E-002 5.15182948282035E-002
95.7662878 4.99709581082204E-002 5.13707865407344E-002
95.8662892 4.98294275477670E-002 5.12238391239804E-002
95.9662829 4.96884506347113E-002 5.10774722008577E-002
96.0662767 4.95480139252358E-002 5.09316717576445E-002
96.1662705 4.94081148088891E-002 5.07864350293183E-002
96.2662643 4.92687506904406E-002 5.06417592671425E-002
96.3662658 4.91299084178430E-002 5.04976307643180E-002
96.4662596 4.89916066101899E-002 5.03540687950923E-002
96.5662535 4.88538321048375E-002 5.02110596421939E-002
96.6662473 4.87165823664079E-002 5.00686006209141E-002
96.7662412 4.85798548742322E-002 4.99266890622767E-002
96.8662427 4.84436367500302E-002 4.97853115480562E-002
96.9662365 4.83079462860624E-002 4.96444870114316E-002
97.0662304 4.81727705934131E-002 4.95042020236417E-002
97.1662243 4.80381072092598E-002 4.93644539775708E-002
97.2662182 4.79039536849973E-002 4.92252402813043E-002
97.3662198 4.77702974088946E-002 4.90865477974949E-002
97.4662137 4.76371563534247E-002 4.89483951256595E-002
97.5662076 4.75045178961931E-002 4.88107691178647E-002
97.6662016 4.73723796445112E-002 4.86736672419724E-002
97.7661955 4.72407392194345E-002 4.85370869805344E-002
97.8661971 4.71095842687931E-002 4.84010154696341E-002
97.9661911 4.69789324521412E-002 4.82654709823456E-002
98.0661851 4.68487714066274E-002 4.81304406441274E-002
98.1661791 4.67190988073676E-002 4.79959219953038E-002
98.2661730 4.65899123427667E-002 4.78619125903982E-002
98.3661747 4.64611999134491E-002 4.77283998317157E-002
98.4661687 4.63329788727464E-002 4.75954016729242E-002
98.5661627 4.62052371105927E-002 4.74629055056761E-002
98.6661568 4.60779723676676E-002 4.73309089403397E-002
98.7661508 4.59511823975016E-002 4.71994096010098E-002
98.8661525 4.58248553469594E-002 4.70683951492340E-002
98.9661465 4.56990082696787E-002 4.69378832261337E-002
99.0661406 4.55736293018345E-002 4.68078614825861E-002
99.1661347 4.54487162475132E-002 4.66783275966767E-002
99.2661288 4.53242669232309E-002 4.65492792597632E-002
99.3661305 4.52002697157444E-002 4.64207043858775E-002
99.4661246 4.50767413853631E-002 4.62926203102822E-002
99.5661187 4.49536703081627E-002 4.61650149363299E-002
99.6661128 4.48310543495608E-002 4.60378860075855E-002
99.7661070 4.47088913869992E-002 4.59112312804485E-002
99.8661087 4.45871700409761E-002 4.57850389148894E-002
99.9661029 4.44659067846807E-002 4.56593259468322E-002
100.0660970 4.43450902279455E-002 4.55340805255685E-002
100.1660912 4.42247182955218E-002 4.54093004579884E-002
100.2660854 4.41047889237940E-002 4.52849835633957E-002
100.3660872 4.39852909610416E-002 4.51611182413595E-002
100.4660814 4.38662405993872E-002 4.50377212348226E-002
100.5660756 4.37476266764672E-002 4.49147809326832E-002
100.6660698 4.36294471744427E-002 4.47922952030838E-002
100.7660640 4.35117000867318E-002 4.46702619261754E-002
100.8660658 4.33943744836181E-002 4.45486697349824E-002
100.9660601 4.32774862820623E-002 4.44275350856662E-002
101.0660543 4.31610245417348E-002 4.43068466005962E-002
101.1660486 4.30449873003537E-002 4.41866022071719E-002
101.2660428 4.29293726065319E-002 4.40667998444107E-002
101.3660447 4.28141697469582E-002 4.39474283728397E-002
101.4660390 4.26993943691898E-002 4.38285039678852E-002
101.5660333 4.25850357493379E-002 4.37100154794423E-002
101.6660275 4.24710919788932E-002 4.35919608922455E-002
101.7660218 4.23575611598923E-002 4.34743382022723E-002
101.8660238 4.22444327900004E-002 4.33571364917833E-002
101.9660181 4.21317222529890E-002 4.32403716613661E-002
102.0660124 4.20194190359864E-002 4.31240327826787E-002
102.1660067 4.19075212825371E-002 4.30081178959409E-002
102.2660011 4.17960271463958E-002 4.28926250522535E-002
102.3660031 4.16849263309390E-002 4.27775435500181E-002
102.4659974 4.15742339616332E-002 4.26628890207353E-002
102.5659918 4.14639397313647E-002 4.25486507522398E-002
102.6659861 4.13540418340758E-002 4.24348268384542E-002
102.7659805 4.12445384735944E-002 4.23214153838340E-002
102.8659825 4.11354195539040E-002 4.22084058975000E-002
102.9659769 4.10266999475118E-002 4.20958137474762E-002
103.0659713 4.09183695479618E-002 4.19836284323572E-002
103.1659657 4.08104265979977E-002 4.18718480980522E-002
103.2659601 4.07028693499369E-002 4.17604709006671E-002
103.3659622 4.05956879034167E-002 4.16494865547842E-002
103.4659566 4.04888968832024E-002 4.15389101704241E-002
103.5659511 4.03824863785473E-002 4.14287314516893E-002
103.6659455 4.02764546794582E-002 4.13189485948210E-002
103.7659400 4.01708000852151E-002 4.12095598059338E-002
103.8659421 4.00655128863043E-002 4.11005549999725E-002
103.9659365 3.99606074648395E-002 4.09919490342942E-002
104.0659310 3.98560741009828E-002 4.08837318134146E-002
104.1659255 3.97519111305215E-002 4.07759015823134E-002
104.2659200 3.96481168982252E-002 4.06684565955313E-002
104.3659221 3.95446818807679E-002 4.05613869634294E-002
104.4659166 3.94416202225788E-002 4.04547072959116E-002
104.5659112 3.93389223900706E-002 4.03484076929651E-002
104.6659057 3.92365867633810E-002 4.02424864467713E-002
104.7659002 3.91346117313503E-002 4.01369418587723E-002
104.8659024 3.90329879523151E-002 4.00317642299469E-002
104.9658969 3.89317293378684E-002 3.99269679278293E-002
105.0658915 3.88308265361528E-002 3.98225432430842E-002
105.1658860 3.87302779702770E-002 3.97184885136135E-002
105.2658806 3.86300820717832E-002 3.96148020862901E-002
105.3658828 3.85302296762795E-002 3.95114744480547E-002
105.4658774 3.84307344672541E-002 3.94085197290329E-002
105.5658720 3.83315872701909E-002 3.93059284059144E-002
105.6658666 3.82327865498403E-002 3.92036988608936E-002
105.7658612 3.81343307791253E-002 3.91018294848567E-002
105.8658634 3.80362109666628E-002 3.90003109461874E-002
105.9658580 3.79384405724546E-002 3.88991571424446E-002
106.0658527 3.78410105950657E-002 3.87983587318278E-002
106.1658473 3.77439195396052E-002 3.86979141394469E-002
106.2658419 3.76471659191033E-002 3.85978217988340E-002
106.3658442 3.75507409110463E-002 3.84980725554301E-002
106.4658389 3.74546577564579E-002 3.83986800789529E-002
106.5658335 3.73589076228481E-002 3.82996352047292E-002
106.6658282 3.72634890544464E-002 3.82009363994559E-002
106.7658229 3.71684006031616E-002 3.81025821379923E-002
106.8658252 3.70736336113296E-002 3.80045634385792E-002
106.9658199 3.69792011053978E-002 3.79068937477059E-002
107.0658146 3.68850944178038E-002 3.78095640735711E-002
107.1658093 3.67913121307033E-002 3.77125729231780E-002
107.2658040 3.66978528336972E-002 3.76159188114408E-002
107.3658063 3.66047080300676E-002 3.75195929252660E-002
107.4658011 3.65118905359827E-002 3.74236084924170E-002
107.5657958 3.64193918449062E-002 3.73279566898341E-002
107.6657905 3.63272105757669E-002 3.72326360635896E-002
107.7657853 3.62353453547134E-002 3.71376451674254E-002
107.8657877 3.61437878421819E-002 3.70429753528995E-002
107.9657824 3.60525506482570E-002 3.69486396334455E-002
108.0657772 3.59616254236387E-002 3.68546293507326E-002
108.1657720 3.58710108229161E-002 3.67609430887100E-002
108.2657667 3.57807055076803E-002 3.66675794387626E-002
108.3657692 3.56907012918377E-002 3.65745299132010E-002
108.4657639 3.56010105834866E-002 3.64818073154207E-002
108.5657587 3.55116251868808E-002 3.63894031479235E-002
108.6657536 3.54225437911956E-002 3.62973160313838E-002
108.7657484 3.53337650923974E-002 3.62055445936864E-002
108.8657508 3.52452810542836E-002 3.61140805041072E-002
108.9657456 3.51571038869671E-002 3.60229363601944E-002
109.0657405 3.50692255446778E-002 3.59321038214970E-002
