0.0053140 8.62207448992964E+001 9.42010503092885E+003
0.0210792 3.20124225225175E+002 9.10028156280850E+003
0.0467942 6.39928798946864E+002 8.60921303762776E+003
0.0817065 9.74626461797120E+002 7.99801415741198E+003
0.1249105 1.26835667218774E+003 7.32012046152617E+003
0.1754417 1.49056625048082E+003 6.62237637706400E+003
0.2323515 1.63353411612521E+003 5.94041308610689E+003
0.2947571 1.70431675737763E+003 5.29788837302153E+003
0.3618673 1.71680038118297E+003 4.70811907892124E+003
0.4329916 1.68622954409686E+003 4.17663716902954E+003
0.5075377 1.62630089130351E+003 3.70372558932873E+003
0.5850032 1.54806118419060E+003 3.28648303493145E+003
0.6649650 1.45981508917349E+003 2.92032300366959E+003
0.7470680 1.36748443749332E+003 2.59996824354954E+003
0.8310139 1.27510207009538E+003 2.32006650308031E+003
0.9165527 1.18528512820075E+003 2.07553510499525E+003
1.0034738 1.09963129273331E+003 1.86173386797027E+003
1.0915995 1.01902661204117E+003 1.67453067448730E+003
1.1807797 9.43873596776020E+002 1.51030385545960E+003
1.2708868 8.74256301491561E+002 1.36591347680000E+003
1.3618115 8.10055793721207E+002 1.23865492471883E+003
1.4534610 7.51029876966310E+002 1.12620760486705E+003
1.5457546 6.96868197198043E+002 1.02658625437033E+003
1.6386236 6.47227401092743E+002 9.38092303181049E+002
1.7320075 6.01755771792252E+002 8.59273999821857E+002
1.8258543 5.60107302122088E+002 7.88888273132595E+002
1.9201186 5.21951120634231E+002 7.25869889628439E+002
2.0147601 4.86976788224213E+002 6.69304847522439E+002
2.1097440 4.54896118742762E+002 6.18406474567128E+002
2.2050388 4.25444582262526E+002 5.72497165379690E+002
2.3006174 3.98380407868397E+002 5.30991176557677E+002
2.3964555 3.73483842815508E+002 4.93381288322970E+002
2.4925310 3.50555942365461E+002 4.59227444438614E+002
2.5888248 3.29416625407615E+002 4.28146385357504E+002
2.6853193 3.09903517662491E+002 3.99804071614694E+002
2.7819988 2.91870013651776E+002 3.73908193099189E+002
2.8788497 2.75183938035029E+002 3.50202535403773E+002
2.9758588 2.59726238197321E+002 3.28462137586857E+002
3.0730149 2.45389409983393E+002 3.08488674556634E+002
3.1703074 2.32076602461419E+002 2.90107271201585E+002
3.2677268 2.19700290875291E+002 2.73163085802784E+002
3.3652646 2.08181440210545E+002 2.57518878194501E+002
3.4629133 1.97448543402363E+002 2.43052644302122E+002
3.5606650 1.87437036311936E+002 2.29655955164760E+002
3.6585133 1.78088288126152E+002 2.17231882078132E+002
3.7564523 1.69349181545807E+002 2.05693844429638E+002
3.8544764 1.61171499481736E+002 1.94964299423504E+002
3.9525810 1.53511389959509E+002 1.84973623269989E+002
4.0507604 1.46329064103503E+002 1.75659366919333E+002
4.1490108 1.39588179855442E+002 1.66965160568653E+002
4.2473280 1.33255635815470E+002 1.58840201201490E+002
4.3457083 1.27301217158290E+002 1.51238586406757E+002
4.4441489 1.21697287226937E+002 1.44118741638498E+002
4.5426454 1.16418640334855E+002 1.37443080247548E+002
4.6411954 1.11442115922531E+002 1.31177384051619E+002
4.7397961 1.06746504985520E+002 1.25290575007173E+002
4.8384450 1.02312341617531E+002 1.19754357178841E+002
4.9371399 9.81217213758014E+001 1.14542907284649E+002
5.0358779 9.41582344725936E+001 1.09632719991186E+002
5.1346571 9.04067152331239E+001 1.05002235080152E+002
5.2334756 8.68532055043190E+001 1.00631739419969E+002
5.3323316 8.34848282619008E+001 9.65031644885990E+001
5.4312238 8.02896773983222E+001 9.25999106899511E+001
5.5301496 7.72567918081480E+001 8.89067801010472E+001
5.6291079 7.43759863780902E+001 8.54097392367470E+001
5.7280973 7.16378434840443E+001 8.20958820035557E+001
5.8271164 6.90336338276907E+001 7.89533097425123E+001
5.9261644 6.65552473711052E+001 7.59710268765205E+001
6.0252392 6.41951878391179E+001 7.31389156776202E+001
6.1243401 6.19464545229151E+001 7.04475777985171E+001
6.2234659 5.98025470975540E+001 6.78883258712030E+001
6.3226158 5.77574143977503E+001 6.54531093610135E+001
6.4217891 5.58054097205631E+001 6.31344499669744E+001
6.5209840 5.39412951698917E+001 6.09254366042634E+001
6.6202001 5.21601562611035E+001 5.88196150196448E+001
6.7194366 5.04574125577994E+001 5.68109925413942E+001
6.8186927 4.88287834678958E+001 5.48939904424726E+001
6.9179682 4.72702584031008E+001 5.30634024070720E+001
7.0172613 4.57781055082997E+001 5.13143989999683E+001
7.1165720 4.43488081693705E+001 4.96424479707194E+001
7.2158999 4.29790712994898E+001 4.80433171479940E+001
7.3152432 4.16658297835962E+001 4.65130800249655E+001
7.4146030 4.04061640172207E+001 4.50480135332993E+001
7.5139770 3.91973798115236E+001 4.36446877683421E+001
7.6133666 3.80368997883752E+001 4.22998366314286E+001
7.7127702 3.69223339003586E+001 4.10104370260878E+001
7.8121865 3.58514323691044E+001 3.97736516742883E+001
7.9116168 3.48220473289153E+001 3.85867826604524E+001
8.0110589 3.38321943881051E+001 3.74473404479579E+001
8.1105143 3.28799657428452E+001 3.63529418452247E+001
8.2099815 3.19635895709517E+001 3.53013767445334E+001
8.3094593 3.10813931071396E+001 3.42905640370301E+001
8.4089492 3.02317724025080E+001 3.33185156384797E+001
8.5084489 2.94132443851896E+001 3.23833948398761E+001
8.6079599 2.86243763558426E+001 3.14834344824364E+001
8.7074812 2.78638361668288E+001 3.06169932641390E+001
8.8070112 2.71303627497300E+001 2.97825210635184E+001
8.9065517 2.64227418531420E+001 2.89785305035836E+001
9.0061006 2.57398502163581E+001 2.82036463757195E+001
9.1056593 2.50805976463411E+001 2.74565390841708E+001
9.2052267 2.44439695835777E+001 2.67359722929576E+001
9.3048016 2.38290032247087E+001 2.60407751767909E+001
9.4043856 2.32347677610224E+001 2.53698195464386E+001
9.5039766 2.26604020130509E+001 2.47220618481711E+001
9.6035763 2.21050663247388E+001 2.40964883599357E+001
9.7031836 2.15679788346132E+001 2.34921556706425E+001
9.8027972 2.10483958781672E+001 2.29081681422915E+001
9.9024188 2.05455956804342E+001 2.23436592309576E+001
10.0020464 2.00589105621892E+001 2.17978273208456E+001
10.1016817 1.95876866020201E+001 2.12698901104141E+001
10.2013235 1.91313146900051E+001 2.07591191561181E+001
10.3009707 1.86892142581470E+001 2.02648213296251E+001
10.4006251 1.82608196691355E+001 1.97863233662900E+001
10.5002846 1.78456079037634E+001 1.93230025735805E+001
10.5999509 1.74430644458223E+001 1.88742485049342E+001
10.6996230 1.70527099956917E+001 1.84394925764216E+001
10.7992996 1.66740868268774E+001 1.80181926379518E+001
10.8989827 1.63067473111108E+001 1.76098200471776E+001
10.9986702 1.59502778304849E+001 1.72138861052120E+001
11.0983637 1.56042697026237E+001 1.68299095813215E+001
11.1980623 1.52683422689519E+001 1.64574422252395E+001
11.2977649 1.49421313505714E+001 1.60960558013341E+001
11.3974732 1.46252794886653E+001 1.57453311683660E+001
11.4971853 1.43174566894893E+001 1.54048811406577E+001
11.5969029 1.40183354724839E+001 1.50743227616526E+001
11.6966250 1.37276109166681E+001 1.47532993830691E+001
11.7963505 1.34449908143464E+001 1.44414696724879E+001
11.8960812 1.31701873050510E+001 1.41384983074032E+001
11.9958151 1.29029349519061E+001 1.38440758336422E+001
12.0955540 1.26429691924594E+001 1.35578948312230E+001
12.1952970 1.23900438209285E+001 1.32796691089591E+001
12.2950428 1.21439225293844E+001 1.30091243115419E+001
12.3947934 1.19043716857489E+001 1.27459899279800E+001
12.4945468 1.16711761514980E+001 1.24900166166049E+001
12.5943047 1.14441205635521E+001 1.22409555893441E+001
12.6940662 1.12230046450404E+001 1.19985753715807E+001
12.7938302 1.10076358910055E+001 1.17626537190719E+001
12.8935986 1.07978232944884E+001 1.15329707077313E+001
12.9933693 1.05933912439900E+001 1.13093239116724E+001
13.0931443 1.03941631781841E+001 1.10915104699680E+001
13.1929224 1.01999750492995E+001 1.08793417819529E+001
13.2927027 1.00106689609612E+001 1.06726365067436E+001
13.3924871 9.82608768662175E+000 1.04712145509078E+001
13.4922734 9.64608692728615E+000 1.02749104189542E+001
13.5920637 9.47052096841744E+000 1.00835575321652E+001
13.6918568 9.29925456462409E+000 9.89700116528118E+000
13.7916517 9.13215737570750E+000 9.71509234831599E+000
13.8914504 8.96909915234671E+000 9.53768260600402E+000
13.9912508 8.80996058758875E+000 9.36463574581318E+000
14.0910548 8.65462067370163E+000 9.19581408009021E+000
14.1908615 8.50296723191574E+000 9.03108985807867E+000
14.2906697 8.35489202234217E+000 8.87033992547368E+000
14.3904813 8.21028649547159E+000 8.71344109805640E+000
14.4902944 8.06905143264471E+000 8.56028060815435E+000
14.5901109 7.93108575451192E+000 8.41074394519679E+000
14.6899298 7.79629588298936E+000 8.26472499480362E+000
14.7897500 7.66459142374635E+000 8.12212133909519E+000
14.8895734 7.53588140053908E+000 7.98283016897263E+000
14.9893980 7.41008284857504E+000 7.84675757394811E+000
15.0892259 7.28711086910489E+000 7.71380776663046E+000
15.1890558 7.16688698084216E+000 7.58389210621351E+000
15.2888878 7.04933418325982E+000 7.45692374698009E+000
15.3887200 6.93438023233316E+000 7.33282116646537E+000
15.4885562 6.82194881857246E+000 7.21149863256572E+000
15.5883943 6.71197262384732E+000 7.09288028998131E+000
15.6882343 6.60438441059840E+000 6.97689053030674E+000
15.7880763 6.49911915058115E+000 6.86345628236714E+000
15.8879183 6.39611588384378E+000 6.75250900597756E+000
15.9877640 6.29530982252022E+000 6.64397618004388E+000
16.0876115 6.19664405972495E+000 6.53779390716065E+000
16.1874608 6.10006159518078E+000 6.43389831646669E+000
16.2873119 6.00550725040933E+000 6.33222762053286E+000
16.3871628 5.91292934823326E+000 6.23272391382860E+000
16.4870172 5.82227262241078E+000 6.13532554679284E+000
16.5868734 5.73348874882524E+000 6.03997843917268E+000
16.6867312 5.64652918616864E+000 5.94662837902086E+000
16.7865905 5.56134690332020E+000 5.85522287465236E+000
16.8864496 5.47789790007597E+000 5.76571278059409E+000
16.9863121 5.39613482108436E+000 5.67804544373805E+000
17.0861762 5.31601645439870E+000 5.59217488734030E+000
17.1860417 5.23750128444293E+000 5.50805489090168E+000
17.2859087 5.16054905377902E+000 5.42564066175149E+000
17.3857753 5.08512214307286E+000 5.34489030827756E+000
17.4856452 5.01117980292939E+000 5.26575866160258E+000
17.5855166 4.93868674394105E+000 5.18820646838825E+000
17.6853893 4.86760731448013E+000 5.11219415386729E+000
17.7852633 4.79790691604819E+000 5.03768333425075E+000
17.8851368 4.72955325816722E+000 4.96463815446820E+000
17.9850136 4.66251113425698E+000 4.89301970310381E+000
18.0848916 4.59675020981098E+000 4.82279433234087E+000
18.1847709 4.53223975025580E+000 4.75392802087849E+000
18.2846515 4.46894990651694E+000 4.68638774550114E+000
18.3845314 4.40685285852742E+000 4.62014269834803E+000
18.4844144 4.34591807173989E+000 4.55515922470635E+000
18.5842986 4.28611937536789E+000 4.49140837185240E+000
18.6841841 4.22743017613169E+000 4.42886078059160E+000
18.7840706 4.16982462849355E+000 4.36748793189577E+000
18.8839565 4.11327867875702E+000 4.30726325681751E+000
18.9838453 4.05776574755527E+000 4.24815753663150E+000
19.0837353 4.00326317770856E+000 4.19014576839398E+000
19.1836263 3.94974787853488E+000 4.13320252386055E+000
19.2835185 3.89719739334479E+000 4.07730308502180E+000
19.3834098 3.84559085462268E+000 4.02242445813891E+000
19.4833041 3.79490504519351E+000 3.96854118401751E+000
19.5831994 3.74512028476301E+000 3.91563159634752E+000
19.6830957 3.69621645692538E+000 3.86367359515129E+000
19.7829930 3.64817398491292E+000 3.81264568327444E+000
19.8828894 3.60097470707155E+000 3.76252789460500E+000
19.9827887 3.55459827562838E+000 3.71329796924988E+000
20.0826889 3.50902754207398E+000 3.66493707075395E+000
20.1825901 3.46424492529858E+000 3.61742592830488E+000
20.2824922 3.42023330522331E+000 3.57074578471668E+000
20.3823934 3.37697682667675E+000 3.52487924767381E+000
20.4822973 3.33445759996456E+000 3.47980679049046E+000
20.5822022 3.29266063765810E+000 3.43551198583424E+000
20.6821079 3.25157052763657E+000 3.39197797689942E+000
20.7820145 3.21117225304999E+000 3.34918834611606E+000
20.8819201 3.17145193174565E+000 3.30712789720436E+000
20.9818284 3.13239378733952E+000 3.26577944721795E+000
21.0817375 3.09398468347629E+000 3.22512862716586E+000
21.1816475 3.05621107011041E+000 3.18516064745055E+000
21.2815583 3.01905973723592E+000 3.14586109541271E+000
21.3814680 2.98251849618112E+000 3.10721665506605E+000
21.4813803 2.94657339372876E+000 3.06921216040864E+000
21.5812935 2.91121288433293E+000 3.03183500714275E+000
21.6812074 2.87642502186835E+000 2.99507218201159E+000
21.7811221 2.84219815368481E+000 2.95891099632068E+000
21.8810357 2.80852154936602E+000 2.92333974942876E+000
21.9809519 2.77538283374897E+000 2.88834501697865E+000
22.0808688 2.74277183277660E+000 2.85391571259147E+000
22.1807864 2.71067798628952E+000 2.82004035444952E+000
22.2807048 2.67909098820284E+000 2.78670774109719E+000
22.3806219 2.64800136769583E+000 2.75390756407251E+000
22.4805416 2.61739811982605E+000 2.72162790785980E+000
22.5804621 2.58727225654443E+000 2.68985899584637E+000
22.6803832 2.55761441898457E+000 2.65859067068980E+000
22.7803050 2.52841546889948E+000 2.62781301797447E+000
22.8802255 2.49966702669920E+000 2.59751693276555E+000
22.9801486 2.47135928081490E+000 2.56769181080329E+000
23.0800723 2.44348427180400E+000 2.53832900904177E+000
23.1799967 2.41603368508232E+000 2.50941951908999E+000
23.2799217 2.38899939818317E+000 2.48095454366831E+000
23.3798454 2.36237397957965E+000 2.45292602134063E+000
23.4797716 2.33614866008604E+000 2.42532449082022E+000
23.5796984 2.31031637485310E+000 2.39814229296869E+000
23.6796259 2.28486971964676E+000 2.37137141897985E+000
23.7795539 2.25980145799041E+000 2.34500404403002E+000
23.8794806 2.23510498428716E+000 2.31903301398315E+000
23.9794098 2.21077244240007E+000 2.29344986671790E+000
24.0793395 2.18679754761218E+000 2.26824779947156E+000
24.1792698 2.16317369143231E+000 2.24341967550021E+000
24.2792007 2.13989441224241E+000 2.21895851883616E+000
24.3791302 2.11695382586488E+000 2.19485796635659E+000
24.4790621 2.09434487808065E+000 2.17111043181687E+000
24.5789946 2.07206196624629E+000 2.14770985981306E+000
24.6789277 2.05009917924454E+000 2.12464987644906E+000
24.7788612 2.02845073487350E+000 2.10192424869324E+000
24.8787934 2.00711138067848E+000 2.07952730484613E+000
24.9787279 1.98607476858096E+000 2.05745222851429E+000
25.0786630 1.96533589375884E+000 2.03569361818208E+000
25.1785986 1.94488945779022E+000 2.01424576898423E+000
25.2785347 1.92473027568321E+000 1.99310309978485E+000
25.3784693 1.90485364950417E+000 1.97226054476659E+000
25.4784064 1.88525385453107E+000 1.95171196593545E+000
25.5783439 1.86592641116991E+000 1.93145253529084E+000
25.6782819 1.84686656059545E+000 1.91147713617442E+000
25.7782204 1.82806964402233E+000 1.89178076086981E+000
25.8781574 1.80953145140770E+000 1.87235887575948E+000
25.9780968 1.79124680963251E+000 1.85320594214097E+000
26.0780366 1.77321170161411E+000 1.83431763622499E+000
26.1779769 1.75542184485028E+000 1.81568935973547E+000
26.2779176 1.73787304526957E+000 1.79731661054203E+000
26.3778568 1.72056152306147E+000 1.77919532358676E+000
26.4777984 1.70348259434979E+000 1.76132049083900E+000
26.5777404 1.68663265023792E+000 1.74368823280176E+000
26.6776829 1.67000782963427E+000 1.72629440909661E+000
26.7776257 1.65360434978741E+000 1.70913496438858E+000
26.8775671 1.63741881109714E+000 1.69220624706843E+000
26.9775108 1.62144696459296E+000 1.67550372009641E+000
27.0774549 1.60568556238936E+000 1.65902389632872E+000
27.1773994 1.59013111702924E+000 1.64276304075494E+000
27.2773442 1.57478021060321E+000 1.62671749375112E+000
27.3772876 1.55962978021772E+000 1.61088396931124E+000
27.4772333 1.54467596434279E+000 1.59525834934624E+000
27.5771793 1.52991583503900E+000 1.57983749393150E+000
27.6771257 1.51534623681525E+000 1.56461802768953E+000
27.7770725 1.50096407604853E+000 1.54959664220895E+000
27.8770178 1.48676658862747E+000 1.53477037544794E+000
27.9769653 1.47275025889988E+000 1.52013548277752E+000
28.0769132 1.45891244304243E+000 1.50568913217742E+000
28.1768615 1.44525028110286E+000 1.49142826798767E+000
28.2768101 1.43176096827406E+000 1.47734989415496E+000
28.3767572 1.41844200609019E+000 1.46345133627864E+000
28.4767065 1.40529018829743E+000 1.44972918332910E+000
28.5766562 1.39230312385552E+000 1.43618087686503E+000
28.6766062 1.37947821643365E+000 1.42280364602649E+000
28.7765565 1.36681291894756E+000 1.40959477311330E+000
28.8765053 1.35430496955969E+000 1.39655183960830E+000
28.9764563 1.34195143932427E+000 1.38367173307256E+000
29.0764077 1.32975016252377E+000 1.37095213860750E+000
29.1763593 1.31769877842147E+000 1.35839053953895E+000
29.2763113 1.30579497034074E+000 1.34598446669261E+000
29.3762617 1.29403668760786E+000 1.33373172960779E+000
29.4762144 1.28242125029401E+000 1.32162948361990E+000
29.5761673 1.27094669388729E+000 1.30967563103307E+000
29.6761206 1.25961086858136E+000 1.29786788245924E+000
29.7760741 1.24841166406009E+000 1.28620399103050E+000
29.8760261 1.23734721842082E+000 1.27468196990801E+000
29.9759803 1.22641507575702E+000 1.26329921501656E+000
30.0759347 1.21561345153839E+000 1.25205382271608E+000
30.1758895 1.20494038514044E+000 1.24094370721887E+000
30.2758445 1.19439395139434E+000 1.22996682086720E+000
30.3757980 1.18397245743735E+000 1.21912135894415E+000
30.4757536 1.17367364925767E+000 1.20840493393205E+000
30.5757095 1.16349590359148E+000 1.19781581586447E+000
30.6756657 1.15343742978023E+000 1.18735210165578E+000
30.7756221 1.14349646905201E+000 1.17701192247209E+000
30.8755770 1.13367148016446E+000 1.16679363676330E+000
30.9755340 1.12396039137208E+000 1.15669505228143E+000
31.0754913 1.11436172414333E+000 1.14671459475087E+000
31.1754469 1.10487402069458E+000 1.13685071235523E+000
31.2754067 1.09549513228530E+000 1.12710113592746E+000
31.3753629 1.08622419364620E+000 1.11746493146785E+000
31.4753231 1.07705894412512E+000 1.10793971543802E+000
31.5752798 1.06799855671135E+000 1.09852459522714E+000
31.6752368 1.05904118002341E+000 1.08921761446663E+000
31.7751978 1.05018500431368E+000 1.08001686106470E+000
31.8751552 1.04142925674636E+000 1.07092150099325E+000
31.9751168 1.03277184561543E+000 1.06192933092484E+000
32.0750747 1.02421203218172E+000 1.05303955368693E+000
32.1750329 1.01574810903035E+000 1.04425036672568E+000
32.2749952 1.00737840679559E+000 1.03556000790794E+000
32.3749539 9.99102235047341E-001 1.02696773225821E+000
32.4749166 9.90917655809801E-001 1.01847150024975E+000
32.5748758 9.82824009074822E-001 1.01007059976442E+000
32.6748352 9.74819718115760E-001 1.00176336772623E+000
32.7747986 9.66903241032069E-001 9.93548178017146E-001
32.8747585 9.59073960941675E-001 9.85424365079769E-001
32.9747223 9.51330079968887E-001 9.77390038506455E-001
33.0746827 9.43671008404150E-001 9.69444562065457E-001
33.1746432 9.36095288334665E-001 9.61586399353251E-001
33.2746078 9.28601493770832E-001 9.53814047809191E-001
33.3745687 9.21189073542664E-001 9.46126912779898E-001
33.4745337 9.13856357644034E-001 9.38523239818539E-001
33.5744951 9.06602819199953E-001 9.31002460473067E-001
33.6744568 8.99427108474582E-001 9.23563153555090E-001
33.7744224 8.92327905036349E-001 9.16203928912042E-001
33.8743844 8.85304716485382E-001 9.08924255259402E-001
33.9743505 8.78355989691934E-001 9.01722502297937E-001
34.0743130 8.71481253999356E-001 8.94598162176562E-001
34.1742756 8.64679258304753E-001 8.87549918653648E-001
34.2742423 8.57948778442890E-001 8.80576483989667E-001
34.3742054 8.51289374625467E-001 8.73677383590686E-001
34.4741725 8.44699600701961E-001 8.66851100681729E-001
34.5741359 8.38179036361338E-001 8.60097181646768E-001
34.6740996 8.31726520556486E-001 8.53414405973087E-001
34.7740673 8.25340917035991E-001 8.46801579359360E-001
34.8740313 8.19021833152261E-001 8.40258277975279E-001
34.9739994 8.12767920809475E-001 8.33783089001330E-001
35.0739638 8.06578804822515E-001 8.27375607403756E-001
35.1739284 8.00453406479826E-001 8.21034700110817E-001
35.2738971 7.94390669923905E-001 8.14759258187902E-001
35.3738621 7.88390244781620E-001 8.08548903301158E-001
35.4738310 7.82450872951931E-001 8.02402317954016E-001
35.5737964 7.76572219730459E-001 7.96319140668885E-001
35.6737620 7.70753281781754E-001 7.90298318351647E-001
35.7737315 7.64993076861728E-001 7.84338820164174E-001
35.8736974 7.59291292537859E-001 7.78440308582257E-001
35.9736673 7.53646753413864E-001 7.72601553632488E-001
36.0736335 7.48059161127132E-001 7.66822232918899E-001
36.1735999 7.42527581435427E-001 7.61101366594074E-001
36.2735704 7.37051099585308E-001 7.55437995358062E-001
36.3735371 7.31629437220526E-001 7.49831818320754E-001
36.4735079 7.26261495046246E-001 7.44281685973995E-001
36.5734750 7.20947007349324E-001 7.38787311015099E-001
36.6734423 7.15685103300485E-001 7.33347780764106E-001
36.7734135 7.10474930100200E-001 7.27962201534514E-001
36.8733811 7.05316240018817E-001 7.22630305345847E-001
36.9733527 7.00208003873129E-001 7.17351016759338E-001
37.0733206 6.95149985301871E-001 7.12124080006436E-001
37.1732887 6.90141371746134E-001 7.06948644076140E-001
37.2732608 6.85181367346533E-001 7.01823875535466E-001
37.3732292 6.80269751917057E-001 6.96749535987625E-001
37.4732015 6.75405560945275E-001 6.91724618259124E-001
37.5731702 6.70588584473481E-001 6.86748894935824E-001
37.6731391 6.65818063550957E-001 6.81821571695553E-001
37.7731119 6.61093254712105E-001 6.76941870503148E-001
37.8730811 6.56413962556380E-001 6.72109579572180E-001
37.9730543 6.51779282293232E-001 6.67323754720053E-001
38.0730237 6.47189027729694E-001 6.62584194043199E-001
38.1729934 6.42642489290977E-001 6.57890155391534E-001
38.2729669 6.38138971777297E-001 6.53240911722907E-001
38.3729369 6.33678302103414E-001 6.48636275200323E-001
38.4729107 6.29259630693309E-001 6.44075359832648E-001
38.5728809 6.24882792754520E-001 6.39557986680794E-001
38.6728513 6.20547124241232E-001 6.35083461664893E-001
38.7728256 6.16251974466554E-001 6.30651104734764E-001
38.8727962 6.11997190446118E-001 6.26260749619054E-001
38.9727708 6.07781973707953E-001 6.21911564145129E-001
39.0727417 6.03606178739826E-001 6.17603390056556E-001
39.1727127 5.99469183523731E-001 6.13335577613787E-001
39.2726877 5.95370378469434E-001 6.09107490119663E-001
39.3726590 5.91309628706361E-001 6.04918980730860E-001
39.4726343 5.87286183113339E-001 6.00769267103764E-001
39.5726059 5.83299913555064E-001 5.96658209617639E-001
39.6725776 5.79350236850970E-001 5.92585199477333E-001
39.7725533 5.75436581393893E-001 5.88549640024964E-001
39.8725252 5.71558828642358E-001 5.84551401926556E-001
39.9725012 5.67716271394728E-001 5.80589749023367E-001
40.0724734 5.63908797182554E-001 5.76664558492362E-001
40.1724458 5.60135858752047E-001 5.72775259387166E-001
40.2724221 5.56396919637973E-001 5.68921292067878E-001
40.3723947 5.52691876023607E-001 5.65102542986140E-001
40.4723712 5.49020061486203E-001 5.61318318835316E-001
40.5723441 5.45381377686379E-001 5.57568511938254E-001
40.6723171 5.41775310638518E-001 5.53852586372092E-001
40.7722940 5.38201356423752E-001 5.50170016756985E-001
40.8722673 5.34659424506651E-001 5.46520703780248E-001
40.9722444 5.31148886365378E-001 5.42903993935760E-001
41.0722179 5.27669656405601E-001 5.39319793206463E-001
41.1721915 5.24221251478716E-001 5.35767598111495E-001
41.2721690 5.20803197838288E-001 5.32246915010616E-001
41.3721428 5.17415416930448E-001 5.28757657431977E-001
41.4721206 5.14057315493975E-001 5.25299208872594E-001
41.5720946 5.10728819432966E-001 5.21871487637965E-001
41.6720688 5.07429474210169E-001 5.18474020327730E-001
41.7720469 5.04158834077944E-001 5.15106342735237E-001
41.8720213 5.00916831292738E-001 5.11768379973206E-001
41.9719996 4.97702905429018E-001 5.08459549974549E-001
42.0719743 4.94516992765601E-001 5.05179782162290E-001
42.1719490 4.91358665336821E-001 5.01928631053953E-001
42.2719276 4.88227503401411E-001 4.98705659764283E-001
42.3719026 4.85123448969897E-001 4.95510803858245E-001
42.4718815 4.82045972222894E-001 4.92343513346019E-001
42.5718566 4.78995018800278E-001 4.89203727681689E-001
42.6718319 4.75970185436570E-001 4.86091027318001E-001
42.7718111 4.72971076568619E-001 4.83005000754369E-001
42.8717866 4.69997643007839E-001 4.79945592986644E-001
42.9717660 4.67049383488914E-001 4.76912283932960E-001
43.0717417 4.64126252097760E-001 4.73905022098190E-001
43.1717175 4.61227868550360E-001 4.70923412050710E-001
43.2716972 4.58353859782312E-001 4.67967065896857E-001
43.3716732 4.55504184545136E-001 4.65035937141465E-001
43.4716531 4.52678368236890E-001 4.62129533613327E-001
43.5716293 4.49876372563007E-001 4.59247811983055E-001
43.6716056 4.47097838640810E-001 4.56390399262960E-001
43.7715858 4.44342414360470E-001 4.53556929532818E-001
43.8715623 4.41610065635790E-001 4.50747363973761E-001
43.9715428 4.38900342784432E-001 4.47961236484432E-001
44.0715195 4.36213214384287E-001 4.45198511101566E-001
44.1714963 4.33548341499877E-001 4.42458835744058E-001
44.2714770 4.30905391554661E-001 4.39741864962660E-001
44.3714539 4.28284336921434E-001 4.37047566862221E-001
44.4714348 4.25684751227607E-001 4.34375499712946E-001
44.5714120 4.23106609247906E-001 4.31725634194838E-001
44.6713893 4.20549590654521E-001 4.29097637718139E-001
44.7713704 4.18013381094756E-001 4.26491183921270E-001
44.8713479 4.15497958764141E-001 4.23906247152215E-001
44.9713293 4.13002919112164E-001 4.21342408484394E-001
45.0713069 4.10528242499025E-001 4.18799644587223E-001
45.1712846 4.08073625969457E-001 4.16277641058221E-001
45.2712662 4.05638772187050E-001 4.13776089348632E-001
45.3712441 4.03223664594138E-001 4.11294969433759E-001
45.4712259 4.00827919086234E-001 4.08833883740491E-001
45.5712040 3.98451521055505E-001 4.06392814335902E-001
45.6711822 3.96094183779299E-001 4.03971463801995E-001
45.7711643 3.93755625822850E-001 4.01569540226843E-001
45.8711426 3.91435835353723E-001 3.99187028655562E-001
45.9711248 3.89134447439452E-001 3.96823551527134E-001
46.0711034 3.86851452002804E-001 3.94479095770456E-001
46.1710820 3.84586577500710E-001 3.92153379841614E-001
46.2710644 3.82339557370232E-001 3.89846127379681E-001
46.3710432 3.80110384031590E-001 3.87557327994623E-001
46.4710259 3.77898710543755E-001 3.85286622895267E-001
46.5710048 3.75704530905744E-001 3.83034003386905E-001
46.6709838 3.73527587780439E-001 3.80799202773654E-001
46.7709667 3.71367628524433E-001 3.78581959242115E-001
46.8709459 3.69224649382232E-001 3.76382266509512E-001
46.9709290 3.67098320309254E-001 3.74199783403036E-001
47.0709083 3.64988638968860E-001 3.72034505164414E-001
47.1708877 3.62895361328862E-001 3.69886178996837E-001
47.2708710 3.60818247784000E-001 3.67754556706244E-001
47.3708506 3.58757298014618E-001 3.65639635702283E-001
47.4708341 3.56712197856100E-001 3.63541091362215E-001
47.5708138 3.54682948262564E-001 3.61458922465292E-001
47.6707936 3.52669317672221E-001 3.59392889235357E-001
47.7707773 3.50671078701504E-001 3.57342756238378E-001
47.8707573 3.48688234114221E-001 3.55308524200214E-001
47.9707411 3.46720484681302E-001 3.53289884056222E-001
48.0707212 3.44767834308695E-001 3.51286837761346E-001
48.1707014 3.42830063131395E-001 3.49299157746267E-001
48.2706855 3.40906955230584E-001 3.47326620540755E-001
48.3706658 3.38998516133776E-001 3.45369229845573E-001
48.4706500 3.37104460669265E-001 3.43426691232285E-001
48.5706305 3.35224795387228E-001 3.41499009503228E-001
48.6706110 3.33359311401718E-001 3.39585968541309E-001
48.7705955 3.31507803556314E-001 3.37687356101723E-001
48.8705762 3.29670279851992E-001 3.35803178550390E-001
48.9705608 3.27846468357145E-001 3.33933155237626E-001
49.0705416 3.26036377986942E-001 3.32077293515180E-001
49.1705225 3.24239810168071E-001 3.30235388017912E-001
49.2705073 3.22456569854287E-001 3.28407237041140E-001
49.3704883 3.20686667256507E-001 3.26592849334762E-001
49.4704733 3.18929842922039E-001 3.24791957229665E-001
49.5704545 3.17186107877497E-001 3.23004570356495E-001
49.6704357 3.15455273242929E-001 3.21230493451673E-001
49.7704208 3.13737153476108E-001 3.19469534714092E-001
49.8704022 3.12031760758591E-001 3.17721705022329E-001
49.9703875 3.10338847407088E-001 3.15986748944240E-001
50.0703690 3.08658426329397E-001 3.14264678143722E-001
50.1703506 3.06990317763003E-001 3.12555306854235E-001
50.2703361 3.05334345105927E-001 3.10858452586512E-001
50.3703178 3.03690522293011E-001 3.09174128115952E-001
50.4703034 3.02058612748519E-001 3.07502089554097E-001
50.5702853 3.00438631052270E-001 3.05842350374990E-001
50.6702672 2.98830406023192E-001 3.04194733746799E-001
50.7702530 2.97233769474793E-001 3.02559065941597E-001
50.8702350 2.95648736897753E-001 3.00935361421011E-001
50.9702209 2.94075082206036E-001 2.99323387193394E-001
51.0702031 2.92512821461484E-001 2.97723158340284E-001
51.1701853 2.90961791565234E-001 2.96134506441069E-001
51.2701714 2.89421832257472E-001 2.94557266016638E-001
51.3701538 2.87892960405352E-001 2.92991453023538E-001
51.4701400 2.86374959835317E-001 2.91436844762919E-001
51.5701225 2.84867847918616E-001 2.89893457739709E-001
51.6701050 2.83371469173282E-001 2.88361131456833E-001
51.7700914 2.81885670810520E-001 2.86839708206472E-001
51.8700741 2.80410470910998E-001 2.85329205266297E-001
51.9700606 2.78945662674002E-001 2.83829409665831E-001
52.0700434 2.77491264623368E-001 2.82340339166145E-001
52.1700263 2.76047128459996E-001 2.80861840739035E-001
52.2700130 2.74613108441051E-001 2.79393764002731E-001
52.3699959 2.73189223712670E-001 2.77936127398136E-001
52.4699827 2.71775276342115E-001 2.76488727155349E-001
52.5699658 2.70371285863339E-001 2.75051582139638E-001
52.6699489 2.68977110754986E-001 2.73624546367483E-001
52.7699359 2.67592611923382E-001 2.72207476367730E-001
52.8699192 2.66217809445646E-001 2.70800391601068E-001
52.9699063 2.64852513784345E-001 2.69403097004277E-001
53.0698897 2.63496745354135E-001 2.68015612408783E-001
53.1698731 2.62150369032990E-001 2.66637798479724E-001
53.2698603 2.60813252005727E-001 2.65269518268659E-001
53.3698439 2.59485415158284E-001 2.63910792125762E-001
53.4698313 2.58166676905711E-001 2.62561433231993E-001
53.5698149 2.56857058425817E-001 2.61221462259554E-001
53.6697986 2.55556430642205E-001 2.59890746152238E-001
53.7697861 2.54264666671683E-001 2.58569154121882E-001
53.8697699 2.52981788098060E-001 2.57256707289795E-001
53.9697576 2.51707620873731E-001 2.55953226647724E-001
54.0697415 2.50442186832911E-001 2.54658733594764E-001
54.1697254 2.49185362614004E-001 2.53373101007461E-001
54.2697133 2.47937026941682E-001 2.52096203919046E-001
54.3696973 2.46697201996896E-001 2.50828064114486E-001
54.4696852 2.45465720879933E-001 2.49568509989930E-001
54.5696694 2.44242605984503E-001 2.48317563567963E-001
54.6696536 2.43027739354174E-001 2.47075103334271E-001
54.7696417 2.41821005018095E-001 2.45841009826422E-001
54.8696260 2.40622425662916E-001 2.44615305395463E-001
54.9696142 2.39431841171235E-001 2.43397825460632E-001
55.0695986 2.38249274408306E-001 2.42188592574134E-001
55.1695831 2.37074612532867E-001 2.40987490527853E-001
55.2695714 2.35907744594375E-001 2.39794405066853E-001
55.3695560 2.34748693702214E-001 2.38609359019700E-001
55.4695444 2.33597306177897E-001 2.37432194470701E-001
55.5695291 2.32453605278423E-001 2.36262934416499E-001
55.6695138 2.31317483005937E-001 2.35101467671396E-001
55.7695023 2.30188833163877E-001 2.33947684909862E-001
55.8694872 2.29067679209104E-001 2.32801609357636E-001
55.9694758 2.27953873579293E-001 2.31663089427736E-001
56.0694607 2.26847439850825E-001 2.30532148483972E-001
56.1694457 2.25748274614417E-001 2.29408680097068E-001
56.2694345 2.24656276177712E-001 2.28292579610214E-001
56.3694196 2.23571468276833E-001 2.27183870573460E-001
56.4694085 2.22493709162073E-001 2.26082407412327E-001
56.5693936 2.21423022663617E-001 2.24988213787739E-001
56.6693788 2.20359309721630E-001 2.23901187777358E-001
56.7693678 2.19302472913579E-001 2.22821229148569E-001
56.8693531 2.18252536193052E-001 2.21748361709695E-001
56.9693423 2.17209363337306E-001 2.20682445601322E-001
57.0693276 2.16172978370935E-001 2.19623504718005E-001
57.1693130 2.15143286359047E-001 2.18571441410208E-001
57.2693023 2.14120193928863E-001 2.17526159640007E-001
57.3692878 2.13103725195480E-001 2.16487683414186E-001
57.4692772 2.12093749194154E-001 2.15455878308432E-001
57.5692628 2.11090290090131E-001 2.14430768393453E-001
57.6692484 2.10093256862558E-001 2.13412260072649E-001
57.7692379 2.09102559981646E-001 2.12400261287248E-001
57.8692236 2.08118223673386E-001 2.11394796188361E-001
57.9692132 2.07140121977631E-001 2.10395735523114E-001
58.0691990 2.06168279151665E-001 2.09403103486363E-001
58.1691849 2.05202607890427E-001 2.08416810327850E-001
58.2691746 2.04243022312748E-001 2.07436767765423E-001
58.3691605 2.03289546709773E-001 2.06463000045557E-001
58.4691503 2.02342059887067E-001 2.05495382838370E-001
58.5691363 2.01400586150038E-001 2.04533940415847E-001
58.6691224 2.00465041722962E-001 2.03578586679847E-001
58.7691123 1.99535344190468E-001 2.02629236934407E-001
58.8690985 1.98611517867554E-001 2.01685915477133E-001
58.9690885 1.97693446100187E-001 2.00748502666883E-001
59.0690747 1.96781153202263E-001 1.99817022810310E-001
59.1690610 1.95874558751933E-001 1.98891393278686E-001
59.2690511 1.94973583627568E-001 1.97971532783083E-001
59.3690374 1.94078252130777E-001 1.97057465632319E-001
59.4690277 1.93188451935289E-001 1.96149076653003E-001
59.5690141 1.92304207327773E-001 1.95246390148154E-001
59.6690006 1.91425441075043E-001 1.94349326786491E-001
59.7689909 1.90552077187192E-001 1.93457808517486E-001
59.8689774 1.89684139918906E-001 1.92571859625191E-001
59.9689678 1.88821521070894E-001 1.91691369195369E-001
60.0689545 1.87964244870451E-001 1.90816361492905E-001
60.1689411 1.87112237117413E-001 1.89946760322016E-001
60.2689316 1.86265424800946E-001 1.89082490711755E-001
60.3689184 1.85423832098661E-001 1.88223576889017E-001
60.4689090 1.84587354748557E-001 1.87369912001726E-001
60.5688958 1.83756016889671E-001 1.86521520245594E-001
60.6688827 1.82929747208153E-001 1.85678328407743E-001
60.7688734 1.82108475528352E-001 1.84840264447143E-001
60.8688603 1.81292225923732E-001 1.84007352504432E-001
60.9688511 1.80480897890285E-001 1.83179489603550E-001
61.0688381 1.79674515452883E-001 1.82356699843163E-001
61.1688251 1.78873010045632E-001 1.81538912849439E-001
61.2688160 1.78076314192347E-001 1.80726059370163E-001
61.3688031 1.77284451838103E-001 1.79918163433609E-001
61.4687941 1.76497326067313E-001 1.79115125763752E-001
61.5687813 1.75714960767495E-001 1.78316970337230E-001
61.6687685 1.74937289990164E-001 1.77523629483565E-001
61.7687596 1.74164248830531E-001 1.76735036606251E-001
61.8687469 1.73395861083611E-001 1.75951215597823E-001
61.9687381 1.72632033261792E-001 1.75172070715840E-001
62.0687254 1.71872789094532E-001 1.74397625792566E-001
62.1687128 1.71118065127507E-001 1.73627815732819E-001
62.2687041 1.70367798906412E-001 1.72862576470176E-001
62.3686916 1.69622014056885E-001 1.72101931740563E-001
62.4686829 1.68880620367393E-001 1.71345789177595E-001
62.5686704 1.68143641390900E-001 1.70594172449228E-001
62.6686580 1.67411016050829E-001 1.69847018914661E-001
62.7686494 1.66682684229149E-001 1.69104266918928E-001
62.8686371 1.65958669364945E-001 1.68365940022759E-001
62.9686286 1.65238884378900E-001 1.67631949086668E-001
63.0686163 1.64523352631116E-001 1.66902317596574E-001
63.1686040 1.63812015312756E-001 1.66176985251829E-001
63.2685918 1.63104841432052E-001 1.65455920122733E-001
63.3685872 1.62401746791679E-001 1.64739036035774E-001
63.4685751 1.61702808224563E-001 1.64026411009410E-001
63.5685630 1.61007941762975E-001 1.63317959111224E-001
63.6685509 1.60317117502665E-001 1.62613649537659E-001
63.7685388 1.59630305804227E-001 1.61913451759374E-001
63.8685344 1.58947425345098E-001 1.61217282563069E-001
63.9685224 1.58268551198449E-001 1.60525218177902E-001
64.0685105 1.57593602255048E-001 1.59837175614620E-001
64.1684986 1.56922549907764E-001 1.59153125412531E-001
64.2684867 1.56255365800909E-001 1.58473038371208E-001
64.3684824 1.55591971363541E-001 1.57796834110008E-001
64.4684706 1.54932439953142E-001 1.57124587113468E-001
64.5684588 1.54276693196946E-001 1.56456217209106E-001
64.6684470 1.53624703719487E-001 1.55791696210989E-001
64.7684353 1.52976444384110E-001 1.55130996180313E-001
64.8684312 1.52331839254657E-001 1.54474039448105E-001
64.9684195 1.51690960016055E-001 1.53820898798023E-001
65.0684079 1.51053730916187E-001 1.53171496754447E-001
65.1683963 1.50420125749560E-001 1.52525806342035E-001
65.2683847 1.49790118537582E-001 1.51883800820186E-001
65.3683808 1.49163635867964E-001 1.51245405116785E-001
65.4683692 1.48540747795267E-001 1.50610690357415E-001
65.5683578 1.47921381078068E-001 1.49979581649508E-001
65.6683463 1.47305510622667E-001 1.49352053167817E-001
65.7683349 1.46693111551035E-001 1.48728079310159E-001
65.8683311 1.46084112869426E-001 1.48107587492268E-001
65.9683197 1.45478583043268E-001 1.47490647223517E-001
66.0683084 1.44876451237389E-001 1.46877186086314E-001
66.1682971 1.44277693415001E-001 1.46267179348454E-001
66.2682858 1.43682285744388E-001 1.45660602489780E-001
66.3682821 1.43090159550268E-001 1.45057385310343E-001
66.4682709 1.42501381749230E-001 1.44457595744215E-001
66.5682597 1.41915883813099E-001 1.43861163746108E-001
66.6682485 1.41333642710202E-001 1.43268065623031E-001
66.7682374 1.40754635603929E-001 1.42678277883643E-001
66.8682339 1.40178796042338E-001 1.42091732613927E-001
66.9682228 1.39606189432525E-001 1.41508496212616E-001
67.0682118 1.39036749458955E-001 1.40928500909151E-001
67.1682007 1.38470454046159E-001 1.40351723998941E-001
67.2681897 1.37907281304284E-001 1.39778142969229E-001
67.3681864 1.37347166914271E-001 1.39207692098398E-001
67.4681754 1.36790174812125E-001 1.38640436288869E-001
67.5681645 1.36236240805208E-001 1.38076309952026E-001
67.6681536 1.35685343728062E-001 1.37515291323697E-001
67.7681428 1.35137462591906E-001 1.36957358822267E-001
67.8681396 1.34592535124520E-001 1.36402448829575E-001
67.9681288 1.34050623828279E-001 1.35850624789804E-001
68.0681180 1.33511666548060E-001 1.35301823208029E-001
68.1681072 1.32975642984753E-001 1.34756023215166E-001
68.2680965 1.32442533007488E-001 1.34213204115926E-001
68.3680934 1.31912276308980E-001 1.33673304310963E-001
68.4680827 1.31384933994525E-001 1.33136385823378E-001
68.5680721 1.30860445865230E-001 1.32602387167953E-001
68.6680615 1.30338792447065E-001 1.32071288327848E-001
68.7680509 1.29819954426257E-001 1.31543069451735E-001
68.8680479 1.29303873382481E-001 1.31017670878531E-001
68.9680374 1.28790609059581E-001 1.30495153246480E-001
69.0680269 1.28280103137502E-001 1.29975457000119E-001
69.1680164 1.27772336928257E-001 1.29458562934345E-001
69.2680059 1.27267291896569E-001 1.28944452001735E-001
69.3680031 1.26764911434805E-001 1.28433066402756E-001
69.4679927 1.26265253960085E-001 1.27924465426118E-001
69.5679823 1.25768262957457E-001 1.27418591369968E-001
69.6679719 1.25273920488048E-001 1.26915425802625E-001
69.7679615 1.24782208758554E-001 1.26414950442677E-001
69.8679589 1.24293072903264E-001 1.25917109279071E-001
69.9679486 1.23806570046415E-001 1.25421960285402E-001
70.0679383 1.23322645407888E-001 1.24929447540881E-001
70.1679281 1.22841281762975E-001 1.24439553350994E-001
70.2679178 1.22362462025768E-001 1.23952260164480E-001
70.3679153 1.21886133005018E-001 1.23467513689129E-001
70.4679051 1.21412350565050E-001 1.22985370616965E-001
70.5678949 1.20941061593586E-001 1.22505776739109E-001
70.6678848 1.20472249546984E-001 1.22028715063898E-001
70.7678747 1.20005898013995E-001 1.21554168736277E-001
70.8678723 1.19541955413507E-001 1.21082085116487E-001
70.9678622 1.19080476382036E-001 1.20612519647654E-001
71.0678522 1.18621409411254E-001 1.20145419766879E-001
71.1678422 1.18164738607238E-001 1.19680769152847E-001
71.2678322 1.17710448202385E-001 1.19218551614560E-001
71.3678299 1.17258488164351E-001 1.18758716101399E-001
71.4678200 1.16808911933112E-001 1.18301316839405E-001
71.5678100 1.16361669543334E-001 1.17846302848774E-001
71.6678002 1.15916745721100E-001 1.17393658447749E-001
71.7677903 1.15474125313069E-001 1.16943368078933E-001
71.8677881 1.15033759777102E-001 1.16495382220434E-001
71.9677783 1.14595701387078E-001 1.16049753912199E-001
72.0677685 1.14159901662467E-001 1.15606433697502E-001
72.1677587 1.13726345921209E-001 1.15165406504970E-001
72.2677489 1.13295019596359E-001 1.14726657381941E-001
72.3677468 1.12865875580078E-001 1.14290138277595E-001
72.4677371 1.12438965009779E-001 1.13855901075946E-001
72.5677275 1.12014240834188E-001 1.13423897786065E-001
72.6677178 1.11591688936394E-001 1.12994113919303E-001
72.7677082 1.11171295309433E-001 1.12566535100361E-001
72.8677062 1.10753014226369E-001 1.12141114694445E-001
72.9676966 1.10336895716996E-001 1.11717903459001E-001
73.0676870 1.09922894106232E-001 1.11296854814193E-001
73.1676774 1.09510995816989E-001 1.10877954827863E-001
73.2676679 1.09101187377216E-001 1.10461189676119E-001
73.3676660 1.08693424389876E-001 1.10046514087617E-001
73.4676565 1.08287755805210E-001 1.09633977721810E-001
73.5676471 1.07884137273632E-001 1.09223535357703E-001
73.6676376 1.07482555733838E-001 1.08815173594740E-001
73.7676282 1.07082998224907E-001 1.08408879135812E-001
73.8676264 1.06685421630952E-001 1.08004608022787E-001
73.9676171 1.06289873849976E-001 1.07602408844935E-001
74.0676077 1.05896311809428E-001 1.07202237690170E-001
74.1675984 1.05504722940976E-001 1.06804081665921E-001
74.2675890 1.05115094772243E-001 1.06407927978483E-001
74.3675874 1.04727385421894E-001 1.06013733934925E-001
74.4675781 1.04341641762265E-001 1.05621547081394E-001
74.5675688 1.03957821951512E-001 1.05231324766982E-001
74.6675596 1.03575913892604E-001 1.04843054584679E-001
74.7675504 1.03195905580267E-001 1.04456724221990E-001
74.8675488 1.02817756323146E-001 1.04072292205280E-001
74.9675396 1.02441511993770E-001 1.03689805063900E-001
75.0675305 1.02067131936682E-001 1.03309221362478E-001
75.1675213 1.01694604505575E-001 1.02930529158266E-001
75.2675122 1.01323918141903E-001 1.02553716598907E-001
75.3675108 1.00955033301657E-001 1.02178743386150E-001
75.4675017 1.00587994882710E-001 1.01805655058166E-001
75.5674926 1.00222763373594E-001 1.01434411351458E-001
75.6674836 9.98593275591639E-002 1.01065000767311E-001
75.7674746 9.94976763082475E-002 1.00697411893474E-001
75.8674732 9.91377711833764E-002 1.00331605565077E-001
75.9674642 9.87796561322369E-002 9.99676263540266E-002
76.0674553 9.84232927467670E-002 9.96054351269214E-002
76.1674463 9.80686702243971E-002 9.92450208098520E-002
76.2674374 9.77157778429215E-002 9.88863724116458E-002
76.3674361 9.73645782323555E-002 9.85294518606017E-002
76.4674273 9.70151144139977E-002 9.81743027866028E-002
76.5674184 9.66673490443407E-002 9.78208871463548E-002
76.6674096 9.63212717157119E-002 9.74691942724755E-002
76.7674007 9.59768720973726E-002 9.71192135767733E-002
76.8673996 9.56341138494188E-002 9.67709080422263E-002
76.9673908 9.52930390899108E-002 9.64243203802697E-002
77.0673820 9.49536115026865E-002 9.60794135994252E-002
77.1673732 9.46158210581565E-002 9.57361774214565E-002
77.2673645 9.42796578004018E-002 9.53946016439442E-002
77.3673634 9.39450863837714E-002 9.50546502676813E-002
77.4673547 9.36121480456031E-002 9.47163651085874E-002
77.5673461 9.32808074614327E-002 9.43797101903250E-002
77.6673374 9.29510549637560E-002 9.40446756072682E-002
77.7673288 9.26228809556341E-002 9.37112515263994E-002
77.8673278 9.22962510513375E-002 9.33794029310099E-002
77.9673192 9.19712056293817E-002 9.30491707638085E-002
78.0673106 9.16477103228386E-002 9.27205200284595E-002
78.1673020 9.13257558110633E-002 9.23934411762135E-002
78.2672935 9.10053328410190E-002 9.20679247278746E-002
78.3672925 9.06864079539926E-002 9.17439366153895E-002
78.4672840 9.03690206909760E-002 9.14215169299499E-002
78.5672755 9.00531376098304E-002 9.11006316215439E-002
78.6672671 8.97387497222730E-002 9.07812714833218E-002
78.7672586 8.94258481048142E-002 9.04634273750789E-002
78.8672578 8.91144001942067E-002 9.01470661449753E-002
78.9672493 8.88044447146351E-002 8.98322270537847E-002
79.0672409 8.84959491173480E-002 8.95188769655321E-002
79.1672325 8.81889047326186E-002 8.92070070010066E-002
79.2672242 8.78833029528320E-002 8.88966083448731E-002
79.3672234 8.75791120799482E-002 8.85876487303964E-002
79.4672151 8.72763700414915E-002 8.82801666084532E-002
79.5672068 8.69750451519784E-002 8.79741297261424E-002
79.6671985 8.66751290470857E-002 8.76695295183091E-002
79.7671902 8.63766134220473E-002 8.73663574810364E-002
79.8671895 8.60794674150011E-002 8.70645822028560E-002
79.9671813 8.57837281764066E-002 8.67642413447051E-002
80.0671730 8.54893648551484E-002 8.64653035070544E-002
80.1671648 8.51963693797743E-002 8.61677604258648E-002
80.2671566 8.49047337359528E-002 8.58716038958203E-002
80.3671560 8.46144278701424E-002 8.55768033320912E-002
80.4671478 8.43254881747951E-002 8.52833956250863E-002
80.5671397 8.40378846054289E-002 8.49913502001470E-002
80.6671315 8.37516093715142E-002 8.47006590820166E-002
80.7671234 8.34666547373217E-002 8.44113143517653E-002
80.8671229 8.31829914308882E-002 8.41232862237260E-002
80.9671148 8.29006551051949E-002 8.38366108366580E-002
81.0671067 8.26196164957652E-002 8.35512584134167E-002
81.1670987 8.23398680816017E-002 8.32672212557710E-002
81.2670906 8.20614023942924E-002 8.29844917195317E-002
81.3670902 8.17841909177761E-002 8.27030407918167E-002
81.4670822 8.15082685835911E-002 8.24229038780979E-002
81.5670742 8.12336068816967E-002 8.21440519724795E-002
81.6670662 8.09601985497622E-002 8.18664776425442E-002
81.7670583 8.06880363759306E-002 8.15901735077375E-002
81.8670579 8.04170925753805E-002 8.13151113026334E-002
81.9670500 8.01474013757425E-002 8.10413257172749E-002
82.0670421 7.98789349968502E-002 8.07687884917903E-002
82.1670342 7.96116864246741E-002 8.04974924488821E-002
82.2670263 7.93456486936432E-002 8.02274304610364E-002
82.3670260 7.90807947264824E-002 7.99585749859526E-002
82.4670182 7.88171580639705E-002 7.96909600156157E-002
82.5670103 7.85547116322157E-002 7.94245580119457E-002
82.6670025 7.82934486555983E-002 7.91593620425615E-002
82.7669947 7.80333624050320E-002 7.88953652228809E-002
82.8669945 7.77744264880193E-002 7.86325407103512E-002
82.9669867 7.75166737750770E-002 7.83709218157957E-002
83.0669790 7.72600778759072E-002 7.81104816996413E-002
83.1669712 7.70046322438562E-002 7.78512136646840E-002
83.2669635 7.67503303769682E-002 7.75931110596259E-002
83.3669634 7.64971465456348E-002 7.73361477191942E-002
83.4669556 7.62451129662492E-002 7.70803562894858E-002
83.5669479 7.59942039103021E-002 7.68257106070526E-002
83.6669403 7.57444130510903E-002 7.65722042005715E-002
83.7669326 7.54957341048541E-002 7.63198306428170E-002
83.8669326 7.52481419838296E-002 7.60685644241976E-002
83.9669249 7.50016682659845E-002 7.58184375420707E-002
84.0669173 7.47562878636309E-002 7.55694244875949E-002
84.1669097 7.45119946614044E-002 7.53215190064504E-002
84.2669021 7.42687825852084E-002 7.50747148866872E-002
84.3669022 7.40266271688832E-002 7.48289872536256E-002
84.4668946 7.37855593672424E-002 7.45843674714352E-002
84.5668870 7.35455547132516E-002 7.43408306651879E-002
84.6668795 7.33066072946581E-002 7.40983707890867E-002
84.7668720 7.30687112388762E-002 7.38569818380548E-002
84.8668721 7.28318426818782E-002 7.36166395523463E-002
84.9668646 7.25960319701810E-002 7.33773746780728E-002
85.0668571 7.23612552380000E-002 7.31391629543132E-002
85.1668496 7.21275067683323E-002 7.29019985356912E-002
85.2668422 7.18947808823118E-002 7.26658756159738E-002
85.3668424 7.16630542993061E-002 7.24307705311293E-002
85.4668349 7.14323567719895E-002 7.21967134239299E-002
85.5668275 7.12026650171542E-002 7.19636806283078E-002
85.6668201 7.09739735055321E-002 7.17316664915642E-002
85.7668127 7.07462767445294E-002 7.15006653986367E-002
85.8668130 7.05195520188741E-002 7.12706542627107E-002
85.9668056 7.02938285014615E-002 7.10416626375396E-002
86.0667983 7.00690834736854E-002 7.08136674334745E-002
86.1667909 6.98453115868279E-002 7.05866631830924E-002
86.2667836 6.96225075274463E-002 7.03606444551655E-002
86.3667839 6.94006491282661E-002 7.01355887222914E-002
86.4667766 6.91797649960870E-002 6.99115249631380E-002
86.5667694 6.89598329595983E-002 6.96884306467294E-002
86.6667621 6.87408478437603E-002 6.94663004838402E-002
86.7667548 6.85228045074709E-002 6.92451292200625E-002
86.8667552 6.83056813147327E-002 6.90248948702635E-002
86.9667480 6.80895063195650E-002 6.88056258515823E-002
87.0667408 6.78742578812843E-002 6.85873001746280E-002
87.1667336 6.76599309919564E-002 6.83699127216038E-002
87.2667264 6.74465206763043E-002 6.81534584082119E-002
87.3667268 6.72340058135023E-002 6.79379157750790E-002
87.4667197 6.70224139177461E-002 6.77233126910077E-002
87.5667125 6.68117238629232E-002 6.75096276917339E-002
87.6667054 6.66019308019155E-002 6.72968558244129E-002
87.7666983 6.63930299190366E-002 6.70849921684380E-002
87.8666988 6.61850005931153E-002 6.68740157742911E-002
87.9666917 6.59778698111330E-002 6.66639539752764E-002
88.0666846 6.57716169460776E-002 6.64547858164003E-002
88.1666775 6.55662373056273E-002 6.62465065035735E-002
88.2666705 6.53617262277198E-002 6.60391112737373E-002
88.3666710 6.51580635758840E-002 6.58325796719045E-002
88.4666640 6.49552758221592E-002 6.56269385083745E-002
88.5666570 6.47533428237231E-002 6.54221673221452E-002
88.6666500 6.45522600372879E-002 6.52182614719511E-002
88.7666429 6.43520229487024E-002 6.50152163464016E-002
88.8666436 6.41526118917818E-002 6.48130119702713E-002
88.9666366 6.39540528355669E-002 6.46116746430138E-002
89.0666296 6.37563261070522E-002 6.44111843828927E-002
89.1666227 6.35594273064658E-002 6.42115366957871E-002
89.2666157 6.33633520620970E-002 6.40127271163446E-002
89.3666164 6.31680811641505E-002 6.38147361348646E-002
89.4666095 6.29736400902940E-002 6.36175895517899E-002
89.5666026 6.27800096234793E-002 6.34212678504519E-002
89.6665957 6.25871855021658E-002 6.32257666784363E-002
89.7665889 6.23951634918442E-002 6.30310817110377E-002
89.8665896 6.22039248257057E-002 6.28371938903525E-002
89.9665828 6.20134945013621E-002 6.26441285293321E-002
90.0665759 6.18238537443561E-002 6.24518665626856E-002
90.1665691 6.16349984263154E-002 6.22604037744963E-002
90.2665622 6.14469244449125E-002 6.20697359755416E-002
90.3665631 6.12596134633974E-002 6.18798445464748E-002
90.4665563 6.10730900103427E-002 6.16907543239702E-002
90.5665495 6.08873357409880E-002 6.15024466809094E-002
90.6665427 6.07023466552780E-002 6.13149175328833E-002
90.7665359 6.05181187782565E-002 6.11281628212038E-002
90.8665368 6.03346341907601E-002 6.09421643523094E-002
90.9665301 6.01519169630475E-002 6.07569464975140E-002
91.0665233 5.99699491676137E-002 6.05724910551330E-002
91.1665166 5.97887269280710E-002 6.03887940674823E-002
91.2665099 5.96082463922238E-002 6.02058516016662E-002
91.3665108 5.94284900464593E-002 6.00236458775857E-002
91.4665041 5.92494815131638E-002 5.98422008118221E-002
91.5664975 5.90712032700820E-002 5.96614986158324E-002
91.6664908 5.88936515600360E-002 5.94815354540737E-002
91.7664842 5.87168226491703E-002 5.93023075148973E-002
91.8664851 5.85406994178049E-002 5.91237974197734E-002
91.9664785 5.83653050506220E-002 5.89460286408992E-002
92.0664719 5.81906224190252E-002 5.87689837910091E-002
92.1664653 5.80166478807721E-002 5.85926591523062E-002
92.2664587 5.78433778161092E-002 5.84170510300313E-002
92.3664597 5.76707954880729E-002 5.82421424357434E-002
92.4664531 5.74989236535420E-002 5.80679564073316E-002
92.5664466 5.73277455663888E-002 5.78944759473545E-002
92.6664400 5.71572576952067E-002 5.77216974515472E-002
92.7664335 5.69874565302792E-002 5.75496173378599E-002
92.8664346 5.68183257065280E-002 5.73782189968567E-002
92.9664281 5.66498875626701E-002 5.72075250419304E-002
93.0664215 5.64821257242399E-002 5.70375188544050E-002
93.1664150 5.63150367667344E-002 5.68681969395047E-002
93.2664086 5.61486172865734E-002 5.66995558238812E-002
93.3664097 5.59828512801030E-002 5.65315792663985E-002
93.4664032 5.58177606772686E-002 5.63642894655091E-002
93.5663968 5.56533294648284E-002 5.61976701706216E-002
93.6663903 5.54895543214097E-002 5.60317179925717E-002
93.7663839 5.53264319458259E-002 5.58664295628657E-002
93.8663851 5.51639466857414E-002 5.57017889983287E-002
93.9663787 5.50021200714764E-002 5.55378180917786E-002
94.0663723 5.48409364409279E-002 5.53745009503921E-002
94.1663659 5.46803925722319E-002 5.52118342868946E-002
94.2663595 5.45204852630036E-002 5.50498148339559E-002
94.3663607 5.43611992024614E-002 5.48884270563734E-002
94.4663544 5.42025555302077E-002 5.47276923503949E-002
94.5663480 5.40445389255341E-002 5.45675951709963E-002
94.6663417 5.38871462626085E-002 5.44081323292213E-002
94.7663353 5.37303744344003E-002 5.42493006553607E-002
94.8663366 5.35742084622439E-002 5.40910849525312E-002
94.9663303 5.34186691037026E-002 5.39335062292400E-002
95.0663240 5.32637413700434E-002 5.37765492786292E-002
95.1663177 5.31094222281288E-002 5.36202110066314E-002
95.2663114 5.29557086629710E-002 5.34644883377578E-002
95.3663128 5.28025860188984E-002 5.33093664041144E-002
95.4663065 5.26500746798889E-002 5.31548658350693E-002
95.5663002 5.24981599800802E-002 5.30009717526195E-002
95.6662940 5.23468389758236E-002 5.28476811542944E-002
95.7662878 5.21961087409947E-002 5.26949910555588E-002
95.8662892 5.20459549340956E-002 5.25428869084897E-002
95.9662829 5.18963975737558E-002 5.23913889716956E-002
96.0662767 5.17474223081796E-002 5.22404826870263E-002
96.1662705 5.15990262801284E-002 5.20901651404458E-002
96.2662643 5.14512066492869E-002 5.19404334352363E-002
96.3662658 5.13039493798017E-002 5.17912733347250E-002
96.4662596 5.11572741329790E-002 5.16427047349247E-002
96.5662535 5.10111668625760E-002 5.14947133888341E-002
96.6662473 5.08656247948062E-002 5.13472964678140E-002
96.7662412 5.07206451722286E-002 5.12004511599504E-002
96.8662427 5.05762142563845E-002 5.10541635313875E-002
96.9662365 5.04323513590773E-002 5.09084531234974E-002
97.0662304 5.02890427313819E-002 5.07633059920092E-002
97.1662243 5.01462856801209E-002 5.06187193907618E-002
97.2662182 5.00040775279077E-002 5.04746905897497E-002
97.3662198 4.98624048256978E-002 5.03312059497766E-002
97.4662137 4.97212865434124E-002 5.01882846653260E-002
97.5662076 4.95807092214765E-002 5.00459130867132E-002
97.6662016 4.94406702445902E-002 4.99040885474510E-002
97.7661955 4.93011670127104E-002 4.97628083966597E-002
97.8661971 4.91621863584847E-002 4.96220592819102E-002
97.9661911 4.90237469173796E-002 4.94818600583517E-002
98.0661851 4.88858355114601E-002 4.93421973630070E-002
98.1661791 4.87484496006774E-002 4.92030686063666E-002
98.2661730 4.86115866597264E-002 4.90644712140019E-002
98.3661747 4.84752337954734E-002 4.89263921126142E-002
98.4661687 4.83394093161688E-002 4.87888498253811E-002
98.5661627 4.82041003180565E-002 4.86518312684079E-002
98.6661568 4.80693043338133E-002 4.85153339265712E-002
98.7661508 4.79350189103665E-002 4.83793552993222E-002
98.8661525 4.78012314215669E-002 4.82438825851009E-002
98.9661465 4.76679598555055E-002 4.81089339822898E-002
99.0661406 4.75351915753817E-002 4.79744966786970E-002
99.1661347 4.74029241841694E-002 4.78405682310926E-002
99.2661288 4.72711552986184E-002 4.77071462103348E-002
99.3661305 4.71398725525611E-002 4.75742180794478E-002
99.4661246 4.70090936208071E-002 4.74418017190140E-002
99.5661187 4.68788061265185E-002 4.73098845813998E-002
99.6661128 4.67490077406299E-002 4.71784642928722E-002
99.7661070 4.66196961473959E-002 4.70475384933182E-002
99.8661087 4.64908592338486E-002 4.69170949034183E-002
99.9661029 4.63625143682225E-002 4.67871510927744E-002
100.0660970 4.62346494268699E-002 4.66576947713939E-002
100.1660912 4.61072621464392E-002 4.65287236327349E-002
100.2660854 4.59803502764592E-002 4.64002353834250E-002
100.3660872 4.58539019505942E-002 4.62722179950930E-002
100.4660814 4.57279342370415E-002 4.61446887330087E-002
100.5660756 4.56024352587848E-002 4.60176355581211E-002
100.6660698 4.54774028160235E-002 4.58910562288614E-002
100.7660640 4.53528347214146E-002 4.57649485163960E-002
100.8660658 4.52287193488924E-002 4.56393006368052E-002
100.9660601 4.51050734729923E-002 4.55141295575082E-002
101.0660543 4.49818854569755E-002 4.53894234839077E-002
101.1660486 4.48591531625109E-002 4.52651802372726E-002
101.2660428 4.47368744633182E-002 4.51413976511898E-002
101.3660447 4.46150379674384E-002 4.50180641798970E-002
101.4660390 4.44936601619609E-002 4.48951964992837E-002
101.5660333 4.43727296442686E-002 4.47727830529199E-002
101.6660275 4.42522443354962E-002 4.46508217228573E-002
101.7660218 4.41322021684380E-002 4.45293104030649E-002
101.8660238 4.40125919792685E-002 4.44082377798388E-002
101.9660181 4.38934299736940E-002 4.42876202437028E-002
102.0660124 4.37747049772534E-002 4.41674464703032E-002
102.1660067 4.36564149686184E-002 4.40477144004970E-002
102.2660011 4.35385579377427E-002 4.39284219866712E-002
102.3660031 4.34211229431463E-002 4.38095581412716E-002
102.4659974 4.33041259150650E-002 4.36911389754670E-002
102.5659918 4.31875559014117E-002 4.35731533910775E-002
102.6659861 4.30714109365372E-002 4.34555993858605E-002
102.7659805 4.29556890657113E-002 4.33384749687311E-002
102.8659825 4.28403795641885E-002 4.32217692725568E-002
102.9659769 4.27254980925008E-002 4.31054981350143E-002
103.0659713 4.26110339153303E-002 4.29896506783761E-002
103.1659657 4.24969851209179E-002 4.28742249554659E-002
103.2659601 4.23833498080737E-002 4.27592190299065E-002
103.3659622 4.22701174633463E-002 4.26446222494345E-002
103.4659566 4.21573034831899E-002 4.25304501839530E-002
103.5659511 4.20448973436214E-002 4.24166921706406E-002
103.6659455 4.19328971850482E-002 4.23033463156206E-002
103.7659400 4.18213011581097E-002 4.21904107354697E-002
103.8659421 4.17100989553743E-002 4.20778749874104E-002
103.9659365 4.15993057147057E-002 4.19657543791507E-002
104.0659310 4.14889111181862E-002 4.18540384573973E-002
104.1659255 4.13789133567290E-002 4.17427253798709E-002
104.2659200 4.12693106311546E-002 4.16318133144128E-002
104.3659221 4.11600928349351E-002 4.15212920225114E-002
104.4659166 4.10512748526982E-002 4.14111765551210E-002
104.5659112 4.09428465674803E-002 4.13014566632613E-002
104.6659057 4.08348062191003E-002 4.11921305546105E-002
104.7659002 4.07271520569712E-002 4.10831964466469E-002
104.8659024 4.06198741705067E-002 4.09746443000611E-002
104.9658969 4.05129871963222E-002 4.08664889143636E-002
105.0658915 4.04064812134507E-002 4.07587202398285E-002
105.1658860 4.03003545090743E-002 4.06513365325111E-002
105.2658806 4.01946053796673E-002 4.05443360579577E-002
105.3658828 4.00892241057710E-002 4.04377089711497E-002
105.4658774 3.99842250810858E-002 4.03314698253343E-002
105.5658720 3.98795985758315E-002 4.02256087651329E-002
105.6658666 3.97753429230663E-002 4.01201240934546E-002
105.7658612 3.96714564648499E-002 4.00150141224012E-002
105.8658634 3.95679296681802E-002 3.99102691964802E-002
105.9658580 3.94647766888167E-002 3.98059036277303E-002
106.0658527 3.93619879834985E-002 3.97019077503593E-002
106.1658473 3.92595619297267E-002 3.95982799126613E-002
106.2658419 3.91574969137231E-002 3.94950184718358E-002
106.3658442 3.90557835844088E-002 3.93921139572927E-002
106.4658389 3.89544358644573E-002 3.92895804447952E-002
106.5658335 3.88534443925974E-002 3.91874084535174E-002
106.6658282 3.87528075893903E-002 3.90855963757224E-002
106.7658229 3.86525238838475E-002 3.89841426123016E-002
106.8658252 3.85525841024140E-002 3.88830378730797E-002
106.9658199 3.84530019394146E-002 3.87822960023591E-002
107.0658146 3.83537682111715E-002 3.86819076997961E-002
107.1658093 3.82548813799726E-002 3.85818714002572E-002
107.2658040 3.81563399162956E-002 3.84821855469700E-002
107.3658063 3.80581348198374E-002 3.83828410258179E-002
107.4658011 3.79602795611998E-002 3.82838514543420E-002
107.5657958 3.78627651300295E-002 3.81852077083281E-002
107.6657905 3.77655900290551E-002 3.80869082639289E-002
107.7657853 3.76687527689431E-002 3.79889516054000E-002
107.8657877 3.75722445184962E-002 3.78913287904556E-002
107.9657824 3.74760785291068E-002 3.77940532144620E-002
108.0657772 3.73802459596023E-002 3.76971159251088E-002
108.1657720 3.72847453519110E-002 3.76005154385640E-002
108.2657667 3.71895752556562E-002 3.75042502788500E-002
108.3657692 3.70947270047189E-002 3.74083116714055E-002
108.4657639 3.70002136356900E-002 3.73127127939000E-002
108.5657587 3.69060264725528E-002 3.72174448618235E-002
108.6657536 3.68121640952379E-002 3.71225064301334E-002
108.7657484 3.67186250911361E-002 3.70278960614013E-002
108.8657508 3.66254009552963E-002 3.69336051448036E-002
108.9657456 3.65325045138102E-002 3.68396466446840E-002
109.0657405 3.64399272519086E-002 3.67460119403484E-002
