0.0053140 8.18400490147998E+001 9.19539409776237E+003
0.0210792 3.04184393254659E+002 8.88572166862735E+003
0.0467942 6.09058861779761E+002 8.41003665734928E+003
0.0817065 9.29490835812581E+002 7.81761595556644E+003
0.1249105 1.21233835712630E+003 7.16002861227595E+003
0.1754417 1.42805359230558E+003 6.48255800516365E+003
0.2323515 1.56864020229283E+003 5.81973375259651E+003
0.2947571 1.64025012938054E+003 5.19456984795205E+003
0.3618673 1.65573485109661E+003 4.62010732937011E+003
0.4329916 1.62943851735572E+003 4.10185564765780E+003
0.5075377 1.57438018568650E+003 3.64022603721079E+003
0.5850032 1.50114565492341E+003 3.23252021569154E+003
0.6649650 1.41775247282977E+003 2.87437962320581E+003
0.7470680 1.32996085966149E+003 2.56075079019311E+003
0.8310139 1.24172627828531E+003 2.28648612063720E+003
0.9165527 1.15564177337265E+003 2.04668245413652E+003
1.0034738 1.07331261261064E+003 1.83685299059392E+003
1.0915995 9.95649818478160E+002 1.65299448329538E+003
1.1807797 9.23089205754153E+002 1.49159241180987E+003
1.2708868 8.55750916652749E+002 1.34959533615996E+003
1.3618115 7.93551696534589E+002 1.22437147849242E+003
1.4534610 7.36282891797798E+002 1.11366010739388E+003
1.5457546 6.83664708657273E+002 1.01552513513320E+003
1.6386236 6.35381121562386E+002 9.28308451260428E+002
1.7320075 5.91104508990478E+002 8.50591626480054E+002
1.8258543 5.50509946295204E+002 7.81159113579223E+002
1.9201186 5.13284894552856E+002 7.18968465998341E+002
2.0147601 4.79134792363255E+002 6.63124597205950E+002
2.1097440 4.47785188545112E+002 6.12856596061776E+002
2.2050388 4.18983407968944E+002 5.67500020445536E+002
2.3006174 3.92497919569212E+002 5.26480165394274E+002
2.3964555 3.68117813605892E+002 4.89299094218846E+002
2.4925310 3.45651784727832E+002 4.55524580573155E+002
2.5888248 3.24926365950782E+002 4.24779996466542E+002
2.6853193 3.05784909462940E+002 3.96736930840438E+002
2.7819988 2.88085781424905E+002 3.71107870502341E+002
2.8788497 2.71701127380233E+002 3.47640699830580E+002
2.9758588 2.56515654812688E+002 3.26113969258816E+002
3.0730149 2.42425141980530E+002 3.06332374056352E+002
3.1703074 2.29335604181661E+002 2.88123641026008E+002
3.2677268 2.17162027903001E+002 2.71335178959198E+002
3.3652646 2.05827580581004E+002 2.55831698011461E+002
3.4629133 1.95262691716188E+002 2.41492889672949E+002
3.5606650 1.85404500247356E+002 2.28211800619322E+002
3.6585133 1.76195880176253E+002 2.15892792758130E+002
3.7564523 1.67585043589103E+002 2.04450414939431E+002
3.8544764 1.59524950622574E+002 1.93808115603773E+002
3.9525810 1.51972794167051E+002 1.83897143225146E+002
4.0507604 1.44889712481274E+002 1.74655816616641E+002
4.1490108 1.38240190365982E+002 1.66028445394026E+002
4.2473280 1.31991863339952E+002 1.57964827652168E+002
4.3457083 1.26115174869323E+002 1.50419594191732E+002
4.4441489 1.20583077646369E+002 1.43351644610268E+002
4.5426454 1.15370893186573E+002 1.36723813760868E+002
4.6411954 1.10455935125660E+002 1.30502260182423E+002
4.7397961 1.05817420439490E+002 1.24656242276532E+002
4.8384450 1.01436266752285E+002 1.19157765311435E+002
4.9371399 9.72949156654614E+001 1.13981276274723E+002
5.0358779 9.33772691827088E+001 1.09103512122857E+002
5.1346571 8.96684442264796E+001 1.04503131091278E+002
5.2334756 8.61547383044505E+001 1.00160616734441E+002
5.3323316 8.28235061929038E+001 9.60580780258199E+001
5.4312238 7.96630523856111E+001 9.21790758937656E+001
5.5301496 7.66626067407964E+001 8.85085573661567E+001
5.6291079 7.38121584211468E+001 8.50326206571323E+001
5.7280973 7.11024484557217E+001 8.17384790867755E+001
5.8271164 6.85248922907561E+001 7.86143425118051E+001
5.9261644 6.60715122123787E+001 7.56493141739951E+001
6.0252392 6.37349326026109E+001 7.28333661374986E+001
6.1243401 6.15082635481814E+001 7.01571821948558E+001
6.2234659 5.93851061481111E+001 6.76121499146910E+001
6.3226158 5.73595022838689E+001 6.51902872778743E+001
6.4217891 5.54258907874911E+001 6.28841787571749E+001
6.5209840 5.35791121404223E+001 6.06869706187077E+001
6.6202001 5.18143242320344E+001 5.85922613916539E+001
6.7194366 5.01270132053372E+001 5.65941068188770E+001
6.8186927 4.85129598516650E+001 5.46869726793390E+001
6.9179682 4.69682102919889E+001 5.28656936544906E+001
7.0172613 4.54890848605438E+001 5.11254779432773E+001
7.1165720 4.40721153795091E+001 4.94618281207525E+001
7.2158999 4.27140515705730E+001 4.78705441485116E+001
7.3152432 4.14118696014502E+001 4.63477290580915E+001
7.4146030 4.01626884917248E+001 4.48896873328259E+001
7.5139770 3.89638494837473E+001 4.34930142974125E+001
7.6133666 3.78128084670546E+001 4.21544674702572E+001
7.7127702 3.67072060285196E+001 4.08710454632660E+001
7.8121865 3.56448208840470E+001 3.96399311445578E+001
7.9116168 3.46235319169788E+001 3.84584454596811E+001
8.0110589 3.36413793372504E+001 3.73241161935777E+001
8.1105143 3.26964785566880E+001 3.62345764547873E+001
8.2099815 3.17870791894830E+001 3.51876311635087E+001
8.3094593 3.09115284819210E+001 3.41812132116507E+001
8.4089492 3.00682413558581E+001 3.32133476847801E+001
8.5084489 2.92557521328678E+001 3.22822099980958E+001
8.6079599 2.84726446051256E+001 3.13860444584685E+001
8.7074812 2.77176018881791E+001 3.05232203618981E+001
8.8070112 2.69893772094813E+001 2.96921974953329E+001
8.9065517 2.62867698557377E+001 2.88914978433541E+001
9.0061006 2.56086690667624E+001 2.81197548329976E+001
9.1056593 2.49539965553017E+001 2.73756470732363E+001
9.2052267 2.43217488027528E+001 2.66579458285878E+001
9.3048016 2.37109733781706E+001 2.59654874024251E+001
9.4043856 2.31207493348616E+001 2.52971503687734E+001
9.5039766 2.25502246126317E+001 2.46518974229317E+001
9.6035763 2.19985682782718E+001 2.40287208064174E+001
9.7031836 2.14650065730461E+001 2.34266826427745E+001
9.8027972 2.09488034656292E+001 2.28448925001911E+001
9.9024188 2.04492444663036E+001 2.22824887935196E+001
10.0020464 1.99656686400098E+001 2.17386744946800E+001
10.1016817 1.94974285430477E+001 2.12126716988880E+001
10.2013235 1.90439210910878E+001 2.07037560494463E+001
10.3009707 1.86045714069547E+001 2.02112382726100E+001
10.4006251 1.81788193045580E+001 1.97344487889058E+001
10.5002846 1.77661468153049E+001 1.92727683186268E+001
10.5999509 1.73660442934743E+001 1.88255896993645E+001
10.6996230 1.69780369751495E+001 1.83923474037620E+001
10.7992996 1.66016714275703E+001 1.79725021716706E+001
10.8989827 1.62365041498198E+001 1.75655281335824E+001
10.9986702 1.58821253502716E+001 1.71709391603941E+001
11.0983637 1.55381300507055E+001 1.67882565040611E+001
11.1980623 1.52041410452170E+001 1.64170342273509E+001
11.2977649 1.48797974304587E+001 1.60568462865199E+001
11.3974732 1.45647449068742E+001 1.57072756506623E+001
11.4971853 1.42586564105499E+001 1.53679370908256E+001
11.5969029 1.39612073079927E+001 1.50384495481396E+001
11.6966250 1.36720953338375E+001 1.47184581437609E+001
11.7963505 1.33910308048272E+001 1.44076232255464E+001
11.8960812 1.31177283032824E+001 1.41056110941453E+001
11.9958151 1.28519246580124E+001 1.38121138007643E+001
12.0955540 1.25933575164160E+001 1.35268253908698E+001
12.1952970 1.23417827349929E+001 1.32494610405129E+001
12.2950428 1.20969659698833E+001 1.29797476952495E+001
12.3947934 1.18586754956096E+001 1.27174161048020E+001
12.4945468 1.16266979418902E+001 1.24622180967773E+001
12.5943047 1.14008196766017E+001 1.22139060255602E+001
12.6940662 1.11808420387583E+001 1.19722494828691E+001
12.7938302 1.09665740650083E+001 1.17370272408651E+001
12.8935986 1.07578262495506E+001 1.15080203636050E+001
12.9933693 1.05544243727417E+001 1.12850273415261E+001
13.0931443 1.03561932406612E+001 1.10678462122575E+001
13.1929224 1.01629700822372E+001 1.08562892140211E+001
13.2927027 9.97459822108464E+000 1.06501758068883E+001
13.3924871 9.79092162226147E+000 1.04493266785162E+001
13.4922734 9.61179709112811E+000 1.02535770574801E+001
13.5920637 9.43708000196264E+000 1.00627610776324E+001
13.6918568 9.26663612596050E+000 9.87672467901832E+000
13.7916517 9.10033609583176E+000 9.69531952787408E+000
13.8914504 8.93805061537963E+000 9.51839777125770E+000
13.9912508 8.77966126044925E+000 9.34582379322676E+000
14.0910548 8.62504789675499E+000 9.17746047557627E+000
14.1908615 8.47409916091215E+000 9.01318059918753E+000
14.2906697 8.32670759449665E+000 8.85286151890513E+000
14.3904813 8.18276541583757E+000 8.69638055002298E+000
14.4902944 8.04217411691368E+000 8.54362538735507E+000
14.5901109 7.90483332395191E+000 8.39448197869795E+000
14.6899298 7.77065011735531E+000 8.24884463751237E+000
14.7897500 7.63953473473367E+000 8.10661135623018E+000
14.8895734 7.51139682258058E+000 7.96767972948380E+000
14.9893980 7.38615399192102E+000 7.83195622027565E+000
15.0892259 7.26372191772052E+000 7.69934541267615E+000
15.1890558 7.14402265389689E+000 7.56975901248151E+000
15.2888878 7.02697971899379E+000 7.44311050981654E+000
15.3887200 6.91252135820199E+000 7.31931869872748E+000
15.4885562 6.80057175985576E+000 7.19829816844442E+000
15.5883943 6.69106405643312E+000 7.07997335485303E+000
15.6882343 6.58393145267467E+000 6.96426893501734E+000
15.7880763 6.47910934553327E+000 6.85111211203035E+000
15.8879183 6.37653717579539E+000 6.74043460420018E+000
15.9877640 6.27615056525028E+000 6.63216415406226E+000
16.0876115 6.17789297694151E+000 6.52623710256352E+000
16.1874608 6.08170777455409E+000 6.42258981306992E+000
16.2873119 5.98754012988528E+000 6.32116072344509E+000
16.3871628 5.89533869584816E+000 6.22189214048111E+000
16.4870172 5.80504854519157E+000 6.12472263215370E+000
16.5868734 5.71662165914667E+000 6.02959831441024E+000
16.6867312 5.63000979752732E+000 5.93646516855956E+000
16.7865905 5.54516621931412E+000 5.84527088900143E+000
16.8864496 5.46204719763121E+000 5.75596650560730E+000
16.9863121 5.38060565912921E+000 5.66849954575178E+000
17.0861762 5.30080064519939E+000 5.58282419504976E+000
17.1860417 5.22259089067410E+000 5.49889439329551E+000
17.2859087 5.14593637959816E+000 5.41666550232091E+000
17.3857753 5.07079972009104E+000 5.33609577606278E+000
17.4856452 4.99714039853009E+000 5.25714019615760E+000
17.5855166 4.92492333671884E+000 5.17975964429536E+000
17.6853893 4.85411309227693E+000 5.10391467932625E+000
17.7852633 4.78467526868440E+000 5.02956704637602E+000
17.8851368 4.71657776563494E+000 4.95668101177723E+000
17.9850136 4.64978557460900E+000 4.88521779025021E+000
18.0848916 4.58426853800299E+000 4.81514384681022E+000
18.1847709 4.51999609690161E+000 4.74642527206504E+000
18.2846515 4.45693857193770E+000 4.67902915086805E+000
18.3845314 4.39506830275702E+000 4.61292477708723E+000
18.4844144 4.33435492194648E+000 4.54807860220826E+000
18.5842986 4.27477240753726E+000 4.48446176821683E+000
18.6841841 4.21629431435617E+000 4.42204501006683E+000
18.7840706 4.15889494007599E+000 4.36079989972736E+000
18.8839565 4.10255036570328E+000 4.30069995386658E+000
18.9838453 4.04723415351573E+000 4.24171604356673E+000
19.0837353 3.99292377204682E+000 4.18382324572204E+000
19.1836263 3.93959625601124E+000 4.12699621163371E+000
19.2835185 3.88722927006883E+000 4.07121030023923E+000
19.3834098 3.83580206077350E+000 4.01644259015368E+000
19.4833041 3.78529153148503E+000 3.96266769844883E+000
19.5831994 3.73567810852658E+000 3.90986402639044E+000
19.6830957 3.68694178208267E+000 3.85800954148212E+000
19.7829930 3.63906307861496E+000 3.80708281189772E+000
19.8828894 3.59202393343842E+000 3.75706393291354E+000
19.9827887 3.54580410175279E+000 3.70793070966285E+000
20.0826889 3.50038652581289E+000 3.65966436310931E+000
20.1825901 3.45575371545622E+000 3.61224567990934E+000
20.2824922 3.41188863874828E+000 3.56565595855399E+000
20.3823934 3.36877552325286E+000 3.51987785900854E+000
20.4822973 3.32639656757358E+000 3.47489191024241E+000
20.5822022 3.28473686182892E+000 3.43068173389206E+000
20.6821079 3.24378107177841E+000 3.38723052227468E+000
20.7820145 3.20351425610516E+000 3.34452190544593E+000
20.8819201 3.16392260349497E+000 3.30254073181065E+000
20.9818284 3.12499041354877E+000 3.26126986623122E+000
21.0817375 3.08670461639418E+000 3.22069498162643E+000
21.1816475 3.04905172890669E+000 3.18080133053627E+000
21.2815583 3.01201860602798E+000 3.14157454118262E+000
21.3814680 2.97559311994213E+000 3.10300133590238E+000
21.4813803 2.93976138304435E+000 3.06506658990572E+000
21.5812935 2.90451190697378E+000 3.02775773488412E+000
21.6812074 2.86983280329892E+000 2.99106179384834E+000
21.7811221 2.83571247539808E+000 2.95496611331329E+000
21.8810357 2.80214024530246E+000 2.91945902561304E+000
21.9809519 2.76910379469030E+000 2.88452714203484E+000
22.0808688 2.73659299884704E+000 2.85015940720448E+000
22.1807864 2.70459734750938E+000 2.81634437062054E+000
22.2807048 2.67310658307816E+000 2.78307086124910E+000
22.3806219 2.64211128007238E+000 2.75032859909094E+000
22.4805416 2.61160048294667E+000 2.71810569955824E+000
22.5804621 2.58156524635590E+000 2.68639241283121E+000
22.6803832 2.55199625471676E+000 2.65517860869209E+000
22.7803050 2.52288441186669E+000 2.62445439909099E+000
22.8802255 2.49422137752628E+000 2.59421070373472E+000
22.9801486 2.46599738318366E+000 2.56443694528137E+000
23.0800723 2.43820450646171E+000 2.53512450390672E+000
23.1799967 2.41083447043189E+000 2.50626439478365E+000
23.2799217 2.38387918926110E+000 2.47784784355034E+000
23.3798454 2.35733126560169E+000 2.44986681016566E+000
23.4797716 2.33118196790699E+000 2.42231185683975E+000
23.5796984 2.30542426358847E+000 2.39517534461778E+000
23.6796259 2.28005078126332E+000 2.36844928522243E+000
23.7795539 2.25505431643196E+000 2.34212587380711E+000
23.8794806 2.23042829329566E+000 2.31619797486319E+000
23.9794098 2.20616488871180E+000 2.29065714683816E+000
24.0793395 2.18225784611693E+000 2.26549660455991E+000
24.1792698 2.15870058575662E+000 2.24070922921821E+000
24.2792007 2.13548667399940E+000 2.21628806230637E+000
24.3791302 2.11261025271390E+000 2.19222675696246E+000
24.4790621 2.09006429668099E+000 2.16851774499659E+000
24.5789946 2.06784322788939E+000 2.14515498637562E+000
24.6789277 2.04594116042417E+000 2.12213212291122E+000
24.7788612 2.02435233664021E+000 2.09944293687340E+000
24.8787934 2.00307152690637E+000 2.07708177079394E+000
24.9787279 1.98209240869888E+000 2.05504182416887E+000
25.0786630 1.96140999879984E+000 2.03331770894737E+000
25.1785986 1.94101902094480E+000 2.01190373405712E+000
25.2785347 1.92091431174222E+000 1.99079433180522E+000
25.3784693 1.90109119330620E+000 1.96998444885979E+000
25.4784064 1.88154396348925E+000 1.94946796124600E+000
25.5783439 1.86226816169073E+000 1.92924005278692E+000
25.6782819 1.84325904861236E+000 1.90929561896528E+000
25.7782204 1.82451198451369E+000 1.88962966390333E+000
25.8781574 1.80602277700213E+000 1.87023766496324E+000
25.9780968 1.78778627294814E+000 1.85111409584165E+000
26.0780366 1.76979847200514E+000 1.83225464315594E+000
26.1779769 1.75205510891928E+000 1.81365471934211E+000
26.2779176 1.73455200644929E+000 1.79530983271979E+000
26.3778568 1.71728540035876E+000 1.77721592790854E+000
26.4777984 1.70025062451277E+000 1.75936800786968E+000
26.5777404 1.68344408479411E+000 1.74176220228620E+000
26.6776829 1.66686193538074E+000 1.72439438025231E+000
26.7776257 1.65050040842693E+000 1.70726049567803E+000
26.8775671 1.63435611810420E+000 1.69035690550246E+000
26.9775108 1.61842483122290E+000 1.67367908245245E+000
27.0774549 1.60270331297669E+000 1.65722354749953E+000
27.1773994 1.58718808945509E+000 1.64098657402820E+000
27.2773442 1.57187575597815E+000 1.62496451061111E+000
27.3772876 1.55676326185542E+000 1.60915407880917E+000
27.4772333 1.54184675962415E+000 1.59355116923006E+000
27.5771793 1.52712333294302E+000 1.57815264913827E+000
27.6771257 1.51258983836395E+000 1.56295515061174E+000
27.7770725 1.49824319402967E+000 1.54795537252142E+000
27.8770178 1.48408064666363E+000 1.53315035953728E+000
27.9769653 1.47009869317927E+000 1.51853637479080E+000
28.0769132 1.45629470005835E+000 1.50411059264306E+000
28.1768615 1.44266581807625E+000 1.48986996406864E+000
28.2768101 1.42920925291065E+000 1.47581149949735E+000
28.3767572 1.41592251573418E+000 1.46193253049349E+000
28.4767065 1.40280241153993E+000 1.44822965296659E+000
28.5766562 1.38984655846121E+000 1.43470031415064E+000
28.6766062 1.37705236974165E+000 1.42134174910137E+000
28.7765565 1.36441730765819E+000 1.40815124590143E+000
28.8765053 1.35193911896348E+000 1.39512639134503E+000
28.9764563 1.33961488479785E+000 1.38226407921013E+000
29.0764077 1.32744244762512E+000 1.36956199965500E+000
29.1763593 1.31541945526970E+000 1.35701764129019E+000
29.2763113 1.30354359942849E+000 1.34462854010933E+000
29.3762617 1.29181283709755E+000 1.33239251038973E+000
29.4762144 1.28022449741012E+000 1.32030671304731E+000
29.5761673 1.26877662316375E+000 1.30836905490015E+000
29.6761206 1.25746707222097E+000 1.29657725128988E+000
29.7760741 1.24629374176918E+000 1.28492905997548E+000
29.8760261 1.23525477676563E+000 1.27342249835212E+000
29.9759803 1.22434772946059E+000 1.26205496736312E+000
30.0759347 1.21357082186543E+000 1.25082456740479E+000
30.1758895 1.20292210023734E+000 1.23972921692992E+000
30.2758445 1.19239964614308E+000 1.22876687243055E+000
30.3757980 1.18200177286580E+000 1.21793573297993E+000
30.4757536 1.17172623374862E+000 1.20723341558162E+000
30.5757095 1.16157141139202E+000 1.19665819388459E+000
30.6756657 1.15153552132318E+000 1.18620816861166E+000
30.7756221 1.14161681082664E+000 1.17588147465722E+000
30.8755770 1.13181374417522E+000 1.16567647386958E+000
30.9755340 1.12212425626663E+000 1.15559097808105E+000
31.0754913 1.11254687383482E+000 1.14562341625969E+000
31.1754469 1.10308014426839E+000 1.13577223977468E+000
31.2754067 1.09372192547285E+000 1.12603518353576E+000
31.3753629 1.08447135594452E+000 1.11641131587363E+000
31.4753231 1.07532618181884E+000 1.10689825740920E+000
31.5752798 1.06628557967997E+000 1.09749511775582E+000
31.6752368 1.05734770393983E+000 1.08819994409912E+000
31.7751978 1.04851075049900E+000 1.07901082781197E+000
31.8751552 1.03977394987597E+000 1.06992693694088E+000
31.9751168 1.03113521653421E+000 1.06094607193590E+000
32.0750747 1.02259381493827E+000 1.05206743760548E+000
32.1750329 1.01414804292664E+000 1.04328923461617E+000
32.2749952 1.00579623625655E+000 1.03460970397485E+000
32.3749539 9.97537707489331E-001 1.02602810255510E+000
32.4749166 9.89370524265617E-001 1.01754239426640E+000
32.5748758 9.81294029435645E-001 1.00915186875708E+000
32.6748352 9.73306651043817E-001 1.00085486587361E+000
32.7747986 9.65406851843303E-001 9.92649762348191E-001
32.8747585 9.57594017622734E-001 9.84535894273406E-001
32.9747223 9.49866355627241E-001 9.76511374372204E-001
33.0746827 9.42223278700288E-001 9.68575567989762E-001
33.1746432 9.34663333268566E-001 9.60726941378698E-001
33.2746078 9.27185097576232E-001 9.52963994569492E-001
33.3745687 9.19788022840171E-001 9.45286134382612E-001
33.4745337 9.12470443730121E-001 9.37691609227708E-001
33.5744951 9.05231835653703E-001 9.30179852061917E-001
33.6744568 8.98070852827795E-001 9.22749444114511E-001
33.7744224 8.90986178678111E-001 9.15398997591953E-001
33.8743844 8.83977322940093E-001 9.08127982527588E-001
33.9743505 8.77042736759721E-001 9.00934771232365E-001
34.0743130 8.70181951523170E-001 8.93818857115745E-001
34.1742756 8.63393719733061E-001 8.86778926139855E-001
34.2742423 8.56676820743396E-001 8.79813692715952E-001
34.3742054 8.50030816677940E-001 8.72922683429642E-001
34.4741725 8.43454265301480E-001 8.66104383894452E-001
34.5741359 8.36946748132879E-001 8.59358341623003E-001
34.6740996 8.30507107418371E-001 8.52683338114159E-001
34.7740673 8.24134210121761E-001 8.46078181030250E-001
34.8740313 8.17827665309119E-001 8.39542447597650E-001
34.9739994 8.11586128474792E-001 8.33074727185526E-001
35.0739638 8.05409226074236E-001 8.26674615771566E-001
35.1739284 7.99295882408131E-001 8.20340982122693E-001
35.2738971 7.93245044560358E-001 8.14072719099523E-001
35.3738621 7.87256363694906E-001 8.07869449315640E-001
35.4738310 7.81328585007123E-001 8.01729857282743E-001
35.5737964 7.75461375264662E-001 7.95653582430416E-001
35.6737620 7.69653733890788E-001 7.89639573347365E-001
35.7737315 7.63904681335775E-001 7.83686800838874E-001
35.8736974 7.58213906546940E-001 7.77794928230901E-001
35.9736673 7.52580237158556E-001 7.71962727395174E-001
36.0736335 7.47003376129815E-001 7.66189876750015E-001
36.1735999 7.41482391748220E-001 7.60475397990192E-001
36.2735704 7.36016371731534E-001 7.54818333322106E-001
36.3735371 7.30605038963066E-001 7.49218382619111E-001
36.4735079 7.25247296937630E-001 7.43674398070464E-001
36.5734750 7.19942881129829E-001 7.38186093104928E-001
36.6734423 7.14690923033025E-001 7.32752556457607E-001
36.7734135 7.09490572117015E-001 7.27372895824458E-001
36.8733811 7.04341581766422E-001 7.22046843911072E-001
36.9733527 6.99242925369086E-001 7.16773326842141E-001
37.0733206 6.94194367631716E-001 7.11552089506592E-001
37.1732887 6.89195098130466E-001 7.06382282193436E-001
37.2732608 6.84244323092388E-001 7.01263072739975E-001
37.3732292 6.79341823333753E-001 6.96194223366351E-001
37.4732015 6.74486636714520E-001 6.91174728340875E-001
37.5731702 6.69678554237842E-001 6.86204360840769E-001
37.6731391 6.64916818917942E-001 6.81282327739593E-001
37.7731119 6.60200689209753E-001 6.76407852170790E-001
37.8730811 6.55529970614787E-001 6.71580722903015E-001
37.9730543 6.50903760534117E-001 6.66799997084852E-001
38.0730237 6.46321873639733E-001 6.62065473344931E-001
38.1729934 6.41783602167292E-001 6.57376410634262E-001
38.2729669 6.37288252686847E-001 6.52732082986998E-001
38.3729369 6.32835652925427E-001 6.48132303065852E-001
38.4729107 6.28424955333931E-001 6.43576186110142E-001
38.5728809 6.24055995898910E-001 6.39063553659981E-001
38.6728513 6.19728112244508E-001 6.34593712650597E-001
38.7728256 6.15440655316616E-001 6.30165984024216E-001
38.8727962 6.11193472862617E-001 6.25780201959558E-001
38.9727708 6.06985768287203E-001 6.21435535422609E-001
39.0727417 6.02817396780051E-001 6.17131826588619E-001
39.1727127 5.98687737865214E-001 6.12868426654881E-001
39.2726877 5.94596183460424E-001 6.08644699840295E-001
39.3726590 5.90542599354597E-001 6.04460499707081E-001
39.4726343 5.86526236165968E-001 6.00315044966413E-001
39.5726059 5.82546966391913E-001 5.96208196386585E-001
39.6725776 5.78604208277333E-001 5.92139346038003E-001
39.7725533 5.74697391609238E-001 5.88107898109272E-001
39.8725252 5.70826398440715E-001 5.84113723631975E-001
39.9725012 5.66990523184014E-001 5.80156087425532E-001
40.0724734 5.63189653941147E-001 5.76234867017629E-001
40.1724458 5.59423244777385E-001 5.72349492262425E-001
40.2724221 5.55690760517795E-001 5.68499404303039E-001
40.3723947 5.51992097881833E-001 5.64684489920732E-001
40.4723712 5.48326591945706E-001 5.60904056716913E-001
40.5723441 5.44694144884533E-001 5.57157997330704E-001
40.6723171 5.41094243934526E-001 5.53445776580400E-001
40.7722940 5.37526386372190E-001 5.49766869811205E-001
40.8722673 5.33990482145738E-001 5.46121178007725E-001
40.9722444 5.30485904126931E-001 5.42508048507644E-001
41.0722179 5.27012567185557E-001 5.38927387579184E-001
41.1721915 5.23569989305899E-001 5.35378692428347E-001
41.2721690 5.20157697850043E-001 5.31861470086941E-001
41.3721428 5.16775614700447E-001 5.28375634351300E-001
41.4721206 5.13423147892795E-001 5.24920569503323E-001
41.5720946 5.10100223749920E-001 5.21496194105872E-001
41.6720688 5.06806388786003E-001 5.18102035395768E-001
41.7720469 5.03541198282376E-001 5.14737629789878E-001
41.8720213 5.00304584889162E-001 5.11402902642880E-001
41.9719996 4.97095989388900E-001 5.08097272618467E-001
42.0719743 4.93915348438223E-001 5.04820669371871E-001
42.1719490 4.90762235048223E-001 5.01572648012262E-001
42.2719276 4.87636230433664E-001 4.98352772233440E-001
42.3719026 4.84537276960277E-001 4.95160977818681E-001
42.4718815 4.81464845935048E-001 4.91996715459210E-001
42.5718566 4.78418883338747E-001 4.88859924818627E-001
42.6718319 4.75398986814121E-001 4.85750186899566E-001
42.7718111 4.72404761687096E-001 4.82667090739693E-001
42.8717866 4.69436159089566E-001 4.79610581531838E-001
42.9717660 4.66492678807366E-001 4.76580139829412E-001
43.0717417 4.63574275233966E-001 4.73575714326323E-001
43.1717175 4.60680568930620E-001 4.70596910102488E-001
43.2716972 4.57811187660476E-001 4.67643339765029E-001
43.3716732 4.54966090464176E-001 4.64714956996494E-001
43.4716531 4.52144803721597E-001 4.61811270218792E-001
43.5716293 4.49347289415609E-001 4.58932236273074E-001
43.6716056 4.46573189450904E-001 4.56077482647944E-001
43.7715858 4.43822152488620E-001 4.53246643889519E-001
43.8715623 4.41094144703333E-001 4.50439681339235E-001
43.9715428 4.38388717330563E-001 4.47656129449979E-001
44.0715195 4.35705839198414E-001 4.44895952412307E-001
44.1714963 4.33045172105474E-001 4.42158798588976E-001
44.2714770 4.30406384194069E-001 4.39444322965379E-001
44.3714539 4.27789448072136E-001 4.36752493790935E-001
44.4714348 4.25193938225874E-001 4.34082869854208E-001
44.5714120 4.22619829655597E-001 4.31435421973906E-001
44.6713893 4.20066802718447E-001 4.28809817974262E-001
44.7713704 4.17534543732579E-001 4.26205731899141E-001
44.8713479 4.15023031105472E-001 4.23623138226862E-001
44.9713293 4.12531861090801E-001 4.21061618516049E-001
45.0713069 4.10061014252066E-001 4.18521149561145E-001
45.1712846 4.07610188273653E-001 4.16001417346125E-001
45.2712662 4.05179086445710E-001 4.13502113700754E-001
45.3712441 4.02767692401524E-001 4.11023218717787E-001
45.4712259 4.00375622790276E-001 4.08564335278654E-001
45.5712040 3.98002863187251E-001 4.06125445563076E-001
45.6711822 3.95649127467630E-001 4.03706252514103E-001
45.7711643 3.93314134782310E-001 4.01306464573479E-001
45.8711426 3.90997873470789E-001 3.98926066892108E-001
45.9711248 3.88699979307486E-001 3.96564682335130E-001
46.0711034 3.86420442380000E-001 3.94222297932876E-001
46.1710820 3.84158991704454E-001 3.91898632479006E-001
46.2710644 3.81915361265779E-001 3.89593409943319E-001
46.3710432 3.79689543638894E-001 3.87306620030993E-001
46.4710259 3.77481192546286E-001 3.85037904350721E-001
46.5710048 3.75290302135237E-001 3.82787254299064E-001
46.6709838 3.73116615592078E-001 3.80554403496017E-001
46.7709667 3.70959880786316E-001 3.78339090437688E-001
46.8709459 3.68820094101530E-001 3.76141308926934E-001
46.9709290 3.66696926116422E-001 3.73960718166423E-001
47.0709083 3.64590374627591E-001 3.71797313479941E-001
47.1708877 3.62500196093216E-001 3.69650842366483E-001
47.2708710 3.60426151388588E-001 3.67521056921855E-001
47.3708506 3.58368240318956E-001 3.65407954632655E-001
47.4708341 3.56326149305626E-001 3.63311211228984E-001
47.5708138 3.54299879422328E-001 3.61230825563801E-001
47.6707936 3.52289199566989E-001 3.59166558138162E-001
47.7707773 3.50293882806607E-001 3.57118173789713E-001
47.8707573 3.48313932017037E-001 3.55085673313386E-001
47.9707411 3.46349048520415E-001 3.53068747976350E-001
48.0707212 3.44399236329933E-001 3.51067399799677E-001
48.1707014 3.42464276011884E-001 3.49081401474032E-001
48.2706855 3.40543952070207E-001 3.47110529784004E-001
48.3706658 3.38638270132794E-001 3.45154788492277E-001
48.4706500 3.36746945546855E-001 3.43213883482681E-001
48.5706305 3.34869984958587E-001 3.41287819616801E-001
48.6706110 3.33007179886967E-001 3.39376381021545E-001
48.7705955 3.31158325572520E-001 3.37479355691288E-001
48.8705762 3.29323430106014E-001 3.35596750047380E-001
48.9705608 3.27502222044693E-001 3.33728283734212E-001
49.0705416 3.25694710389559E-001 3.31873964156542E-001
49.1705225 3.23900696947731E-001 3.30033586178388E-001
49.2705073 3.22119987045935E-001 3.28206948319726E-001
49.3704883 3.20352590975264E-001 3.26394059379996E-001
49.4704733 3.18598249743872E-001 3.24594651967217E-001
49.5704545 3.16856974454958E-001 3.22808735759376E-001
49.6704357 3.15128576586226E-001 3.21036115708267E-001
49.7704208 3.13412870946141E-001 3.19276600223944E-001
49.8704022 3.11709869787703E-001 3.17530200229177E-001
49.9703875 3.10019325862357E-001 3.15796660553168E-001
50.0703690 3.08341252146079E-001 3.14075992902005E-001
50.1703506 3.06675469212839E-001 3.12368011711703E-001
50.2703361 3.05021800790613E-001 3.10672534691606E-001
50.3703178 3.03380260877754E-001 3.08989574656446E-001
50.4703034 3.01750613308900E-001 3.07318887964388E-001
50.5702853 3.00132872724418E-001 3.05660488126990E-001
50.6702672 2.98526868260002E-001 3.04014198503043E-001
50.7702530 2.96932432039814E-001 3.02379845551554E-001
50.8702350 2.95349579610841E-001 3.00757443769069E-001
50.9702209 2.93778085274672E-001 2.99146760396819E-001
51.0702031 2.92217965146761E-001 2.97547810549611E-001
51.1701853 2.90669056426648E-001 2.95960425986345E-001
51.2701714 2.89131199147187E-001 2.94384441403967E-001
51.3701538 2.87604410225293E-001 2.92819872789934E-001
51.4701400 2.86088473853778E-001 2.91266497665432E-001
51.5701225 2.84583407451205E-001 2.89724332564803E-001
51.6701050 2.83089055816884E-001 2.88193217160131E-001
51.7700914 2.81605266437922E-001 2.86672993909512E-001
51.8700741 2.80132057438799E-001 2.85163680117885E-001
51.9700606 2.78669222365294E-001 2.83665063022810E-001
52.0700434 2.77216779782834E-001 2.82177160411265E-001
52.1700263 2.75774581657622E-001 2.80699819414548E-001
52.2700130 2.74342482507076E-001 2.79232889807350E-001
52.3699959 2.72920501515747E-001 2.77776390054530E-001
52.4699827 2.71508441078786E-001 2.76330116583000E-001
52.5699658 2.70106320766539E-001 2.74894088280749E-001
52.6699489 2.68713999308039E-001 2.73468159314747E-001
52.7699359 2.67331337855256E-001 2.72052186361473E-001
52.8699192 2.65958356518814E-001 2.70646188902568E-001
52.9699063 2.64594866071753E-001 2.69249972061113E-001
53.0698897 2.63240886960398E-001 2.67863555688365E-001
53.1698731 2.61896284299177E-001 2.66486800591533E-001
53.2698603 2.60560925504903E-001 2.65119569961566E-001
53.3698439 2.59234831492559E-001 2.63761884166859E-001
53.4698313 2.57917820971350E-001 2.62413556564829E-001
53.5698149 2.56609915146463E-001 2.61074607844878E-001
53.6697986 2.55310985164927E-001 2.59744905085009E-001
53.7697861 2.54020904362783E-001 2.58424317628739E-001
53.8697699 2.52739694348841E-001 2.57112866613119E-001
53.9697576 2.51467181354341E-001 2.55810373197125E-001
54.0697415 2.50203387236984E-001 2.54516858794668E-001
54.1697254 2.48948188846413E-001 2.53232196409144E-001
54.2697133 2.47701465114594E-001 2.51956261198258E-001
54.3696973 2.46463238243800E-001 2.50689074960466E-001
54.4696852 2.45233341598804E-001 2.49430466250493E-001
54.5696694 2.44011797593268E-001 2.48180457103571E-001
54.6696536 2.42798488470588E-001 2.46938926125350E-001
54.7696417 2.41593298456028E-001 2.45705753971131E-001
54.8696260 2.40396250254225E-001 2.44480963003402E-001
54.9696142 2.39207183998782E-001 2.43264388791854E-001
55.0695986 2.38026122571693E-001 2.42056053899372E-001
55.1695831 2.36852953320838E-001 2.40855842231358E-001
55.2695714 2.35687565481318E-001 2.39663639644289E-001
55.3695560 2.34529982177475E-001 2.38479468976320E-001
55.4695444 2.33380049969161E-001 2.37303172454579E-001
55.5695291 2.32237792127203E-001 2.36134773084605E-001
55.6695138 2.31103100832875E-001 2.34974159788177E-001
55.7695023 2.29975870065436E-001 2.33821223345258E-001
55.8694872 2.28856123293964E-001 2.32675986989494E-001
55.9694758 2.27743713182563E-001 2.31538299269550E-001
56.0694607 2.26638663318807E-001 2.30408183556517E-001
56.1694457 2.25540870463141E-001 2.29285533522932E-001
56.2694345 2.24450233089822E-001 2.28170244611923E-001
56.3694196 2.23366774944706E-001 2.27062340379923E-001
56.4694085 2.22290354493309E-001 2.25961675381360E-001
56.5693936 2.21220995574619E-001 2.24868273282968E-001
56.6693788 2.20158599289713E-001 2.23782032258908E-001
56.7693678 2.19103068374030E-001 2.22702852171297E-001
56.8693531 2.18054426788633E-001 2.21630756833459E-001
56.9693423 2.17012538515463E-001 2.20565606508536E-001
57.0693276 2.15977427585750E-001 2.19507425095571E-001
57.1693130 2.14948999217236E-001 2.18456115036535E-001
57.2693023 2.13927160186995E-001 2.17411580383346E-001
57.3692878 2.12911934615559E-001 2.16373845146537E-001
57.4692772 2.11903191732942E-001 2.15342775018378E-001
57.5692628 2.10900955709066E-001 2.14318394072862E-001
57.6692484 2.09905135667929E-001 2.13300608800210E-001
57.7692379 2.08915642221969E-001 2.12289327226899E-001
57.8692236 2.07932499600770E-001 2.11284573506653E-001
57.9692132 2.06955582029583E-001 2.10286218497557E-001
58.0691990 2.05984913768598E-001 2.09294286396663E-001
58.1691849 2.05020407650293E-001 2.08308687536129E-001
58.2691746 2.04061977928552E-001 2.07329333714733E-001
58.3691605 2.03109648896447E-001 2.06356249180542E-001
58.4691503 2.02163299536121E-001 2.05389309709326E-001
58.5691363 2.01222954154288E-001 2.04428539574285E-001
58.6691224 2.00288529105880E-001 2.03473852755552E-001
58.7691123 1.99359942103834E-001 2.02525164634030E-001
58.8690985 1.98437217463573E-001 2.01582499507996E-001
58.9690885 1.97520238699316E-001 2.00645737836955E-001
59.0690747 1.96609030124824E-001 1.99714903927887E-001
59.1690610 1.95703511442430E-001 1.98789915226443E-001
59.2690511 1.94803603652458E-001 1.97870690516737E-001
59.3690374 1.93909331055590E-001 1.96957254107427E-001
59.4690277 1.93020581485950E-001 1.96049490921045E-001
59.5690141 1.92137379228774E-001 1.95147425260140E-001
59.6690006 1.91259647168957E-001 1.94250977864139E-001
59.7689909 1.90387309432566E-001 1.93360070751959E-001
59.8689774 1.89520390272138E-001 1.92474728206737E-001
59.9689678 1.88658781641358E-001 1.91594839405707E-001
60.0689545 1.87802507764921E-001 1.90720428612562E-001
60.1689411 1.86951494554995E-001 1.89851419698769E-001
60.2689316 1.86105669111086E-001 1.88987737759436E-001
60.3689184 1.85265055607558E-001 1.88129407019871E-001
60.4689090 1.84429549928379E-001 1.87276320715255E-001
60.5688958 1.83599176208932E-001 1.86428503039461E-001
60.6688827 1.82773863242284E-001 1.85585880843604E-001
60.7688734 1.81953540957809E-001 1.84748382149516E-001
60.8688603 1.81138233424742E-001 1.83916031095638E-001
60.9688511 1.80327840278415E-001 1.83088724789189E-001
61.0688381 1.79522385539105E-001 1.82266487326416E-001
61.1688251 1.78721800742727E-001 1.81449248394407E-001
61.2688160 1.77926018513105E-001 1.80636938800796E-001
61.3688031 1.77135062790206E-001 1.79829582571114E-001
61.4687941 1.76348836791516E-001 1.79027080508856E-001
61.5687813 1.75567364399116E-001 1.78229456587717E-001
61.6687685 1.74790579761505E-001 1.77436643195244E-001
61.7687596 1.74018418069174E-001 1.76648573791932E-001
61.8687469 1.73250903111245E-001 1.75865272267094E-001
61.9687381 1.72487941527242E-001 1.75086642954242E-001
62.0687254 1.71729557040439E-001 1.74312709682237E-001
62.1687128 1.70975686288942E-001 1.73543407411183E-001
62.2687041 1.70226266909260E-001 1.72778672128975E-001
62.3686916 1.69481322520433E-001 1.72018527567883E-001
62.4686829 1.68740763032452E-001 1.71262881434105E-001
62.5686704 1.68004611991426E-001 1.70511757391780E-001
62.6686580 1.67272808408907E-001 1.69765092852809E-001
62.7686494 1.66545292253457E-001 1.69022826214009E-001
62.8686371 1.65822086956943E-001 1.68284981032068E-001
62.9686286 1.65103105556249E-001 1.67551468236891E-001
63.0686163 1.64388371404031E-001 1.66822311310212E-001
63.1686040 1.63677825775516E-001 1.66097450001646E-001
63.2685918 1.62971437731670E-001 1.65376852413107E-001
63.3685872 1.62269123186649E-001 1.64660432437647E-001
63.4685751 1.61570958905998E-001 1.63948268053868E-001
63.5685630 1.60876861032824E-001 1.63240273395528E-001
63.6685509 1.60186799713447E-001 1.62536417689384E-001
63.7685388 1.59500745358510E-001 1.61836670436092E-001
63.8685344 1.58818616752123E-001 1.61140948486033E-001
63.9685224 1.58140488901759E-001 1.60449328029504E-001
64.0685105 1.57466280804264E-001 1.59761726140572E-001
64.1684986 1.56795963900513E-001 1.59078113387315E-001
64.2684867 1.56129509882329E-001 1.58398460597779E-001
64.3684824 1.55466840280889E-001 1.57722687452271E-001
64.4684706 1.54808028389624E-001 1.57050868397439E-001
64.5684588 1.54152995937330E-001 1.56382923321413E-001
64.6684470 1.53501715594129E-001 1.55718824065578E-001
64.7684353 1.52854160268492E-001 1.55058542718165E-001
64.8684312 1.52210254122055E-001 1.54402001668560E-001
64.9684195 1.51570068777305E-001 1.53749273663483E-001
65.0684079 1.50933528579400E-001 1.53100281285358E-001
65.1683963 1.50300607366159E-001 1.52454997584789E-001
65.2683847 1.49671279201863E-001 1.51813395846860E-001
65.3683808 1.49045470767912E-001 1.51175401055351E-001
65.4683692 1.48423252058004E-001 1.50541084299840E-001
65.5683578 1.47804549923920E-001 1.49910370743364E-001
65.6683463 1.47189339313126E-001 1.49283234585330E-001
65.7683349 1.46577595388340E-001 1.48659650247962E-001
65.8683311 1.45969247245605E-001 1.48039545200556E-001
65.9683197 1.45364363291029E-001 1.47422988917388E-001
66.0683084 1.44762872778776E-001 1.46809909034154E-001
66.1682971 1.44164751711197E-001 1.46200280842086E-001
66.2682858 1.43569976295319E-001 1.45594079844228E-001
66.3682821 1.42978477941945E-001 1.44991235891974E-001
66.4682709 1.42390323509847E-001 1.44391816885189E-001
66.5682597 1.41805444556514E-001 1.43795752829672E-001
66.6682485 1.41223818087496E-001 1.43203020054720E-001
66.7682374 1.40645421303034E-001 1.42613595091054E-001
66.8682339 1.40070187833752E-001 1.42027410073890E-001
66.9682228 1.39498183030395E-001 1.41444531368625E-001
67.0682118 1.38929340659599E-001 1.40864891253693E-001
67.1682007 1.38363638681312E-001 1.40288467045705E-001
67.2681897 1.37801055240743E-001 1.39715236252893E-001
67.3681864 1.37241526098052E-001 1.39145133200870E-001
67.4681754 1.36685115134325E-001 1.38578222759566E-001
67.5681645 1.36131758235774E-001 1.38014439387367E-001
67.6681536 1.35581434270646E-001 1.37453761340279E-001
67.7681428 1.35034122283541E-001 1.36896167056665E-001
67.8681396 1.34489760078263E-001 1.36341592963680E-001
67.9681288 1.33948410103673E-001 1.35790102473846E-001
68.0681180 1.33410010280332E-001 1.35241632137349E-001
68.1681072 1.32874540341224E-001 1.34696161104311E-001
68.2680965 1.32341980187262E-001 1.34153668698463E-001
68.3680934 1.31812269584154E-001 1.33614093363962E-001
68.4680827 1.31285469585044E-001 1.33077497093053E-001
68.5680721 1.30761520063713E-001 1.32543818443826E-001
68.6680615 1.30240401576699E-001 1.32013037417732E-001
68.7680509 1.29722094840504E-001 1.31485134181559E-001
68.8680479 1.29206541504907E-001 1.30960049115994E-001
68.9680374 1.28693801262932E-001 1.30437842829214E-001
69.0680269 1.28183815864326E-001 1.29918455807349E-001
69.1680164 1.27676566650231E-001 1.29401868862722E-001
69.2680059 1.27172035114216E-001 1.28888062965165E-001
69.3680031 1.26670164716001E-001 1.28376980355273E-001
69.4679927 1.26171013823181E-001 1.27868680292453E-001
69.5679823 1.25674525987876E-001 1.27363105114813E-001
69.6679719 1.25180683298975E-001 1.26860236407275E-001
69.7679615 1.24689467990671E-001 1.26360055904873E-001
69.8679589 1.24200825261982E-001 1.25862507635114E-001
69.9679486 1.23714812188883E-001 1.25367649543039E-001
70.0679383 1.23231374055725E-001 1.24875425746258E-001
70.1679281 1.22750493664267E-001 1.24385818566087E-001
70.2679178 1.22272153954821E-001 1.23898810466945E-001
70.3679153 1.21796301798368E-001 1.23414347193685E-001
70.4679051 1.21322993012199E-001 1.22932485410504E-001
70.5678949 1.20852174546023E-001 1.22453170945441E-001
70.6678848 1.20383829881443E-001 1.21976386821925E-001
70.7678747 1.19917942632219E-001 1.21502116199855E-001
70.8678723 1.19454461277082E-001 1.21030306475110E-001
70.9678622 1.18993440406715E-001 1.20561013063698E-001
71.0678522 1.18534828572409E-001 1.20094183438223E-001
71.1678422 1.18078609904325E-001 1.19629801291765E-001
71.2678322 1.17624768658721E-001 1.19167850447594E-001
71.3678299 1.17173254860823E-001 1.18708279889365E-001
71.4678200 1.16724121905942E-001 1.18251143816696E-001
71.5678100 1.16277319886099E-001 1.17796391283931E-001
71.6678002 1.15832833550365E-001 1.17344006623053E-001
71.7677903 1.15390647768173E-001 1.16893974290277E-001
71.8677881 1.14950714052782E-001 1.16446244796691E-001
71.9677783 1.14513084634540E-001 1.16000871156489E-001
72.0677685 1.14077711088119E-001 1.15557803945804E-001
72.1677587 1.13644578753402E-001 1.15117028106378E-001
72.2677489 1.13213673085189E-001 1.14678528698544E-001
72.3677468 1.12784947028965E-001 1.14242257703221E-001
72.4677371 1.12358451679719E-001 1.13808266979328E-001
72.5677275 1.11934140039317E-001 1.13376508567560E-001
72.6677178 1.11511998011805E-001 1.12946967991794E-001
72.7677082 1.11092011610985E-001 1.12519630889138E-001
72.8677062 1.10674135161266E-001 1.12094450655357E-001
72.9676966 1.10258418651094E-001 1.11671478023433E-001
73.0676870 1.09844816456559E-001 1.11250666443985E-001
73.1676774 1.09433315020591E-001 1.10832001996813E-001
73.2676679 1.09023900890980E-001 1.10415470869881E-001
73.3676660 1.08616529720143E-001 1.10001027821271E-001
73.4676565 1.08211250418017E-001 1.09588722486594E-001
73.5676471 1.07808018684309E-001 1.09178509674184E-001
73.6676376 1.07406821476847E-001 1.08770375994914E-001
73.7676282 1.07007645853665E-001 1.08364308162999E-001
73.8676264 1.06610448746524E-001 1.07960262248655E-001
73.9676171 1.06215278014143E-001 1.07558286817912E-001
74.0676077 1.05822090631467E-001 1.07158337986943E-001
74.1675984 1.05430874048449E-001 1.06760402874096E-001
74.2675890 1.05041615810834E-001 1.06364468696490E-001
74.3675874 1.04654274083204E-001 1.05970492788512E-001
74.4675781 1.04268895699604E-001 1.05578522673654E-001
74.5675688 1.03885438863965E-001 1.05188515728240E-001
74.6675596 1.03503891496741E-001 1.04800459555699E-001
74.7675504 1.03124241609986E-001 1.04414341853886E-001
74.8675488 1.02746448556609E-001 1.04030121175494E-001
74.9675396 1.02370558171811E-001 1.03647844027792E-001
75.0675305 1.01996529844268E-001 1.03267469001658E-001
75.1675213 1.01624351944393E-001 1.02888984164328E-001
75.2675122 1.01254012930217E-001 1.02512377673340E-001
75.3675108 1.00885473300409E-001 1.02137609255828E-001
75.4675017 1.00518777916457E-001 1.01764724428438E-001
75.5674926 1.00153887309449E-001 1.01393682952981E-001
75.6674836 9.97907902802390E-002 1.01024473340293E-001
75.7674746 9.94294757135114E-002 1.00657084187592E-001
75.8674732 9.90699052129654E-002 1.00291476354485E-001
75.9674642 9.87121226908123E-002 9.99276943918958E-002
76.0674553 9.83560897800420E-002 9.95656991908328E-002
76.1674463 9.80017956933943E-002 9.92054796865255E-002
76.2674374 9.76492297238394E-002 9.88470248968599E-002
76.3674361 9.72983545411103E-002 9.84902967737496E-002
76.4674273 9.69492131319184E-002 9.81353389266190E-002
76.5674184 9.66017681923666E-002 9.77821133357233E-002
76.6674096 9.62560093294368E-002 9.74306093424273E-002
76.7674007 9.59119262269181E-002 9.70808163672101E-002
76.8673996 9.55694825832362E-002 9.67326974158360E-002
76.9673908 9.52287204827278E-002 9.63862951797931E-002
77.0673820 9.48896036474594E-002 9.60415726903283E-002
77.1673732 9.45521220618739E-002 9.56985196775793E-002
77.2673645 9.42162657839636E-002 9.53571259474286E-002
77.3673634 9.38819995050768E-002 9.50173555226617E-002
77.4673547 9.35493644296680E-002 9.46792501997487E-002
77.5673461 9.32183252701784E-002 9.43427740242877E-002
77.6673374 9.28888723725435E-002 9.40079170986725E-002
77.7673288 9.25609961531486E-002 9.36746695978356E-002
77.8673278 9.22346622619895E-002 9.33429965263009E-002
77.9673192 9.19099110455150E-002 9.30129388078114E-002
78.0673106 9.15867081724344E-002 9.26844614672105E-002
78.1673020 9.12650443349780E-002 9.23575549634307E-002
78.2672935 9.09449102928754E-002 9.20322098248922E-002
78.3672925 9.06262726219165E-002 9.17083920040456E-002
78.4672840 9.03091708318214E-002 9.13861415735873E-002
78.5672755 8.99935715148725E-002 9.10654245039594E-002
78.6672671 8.96794656951256E-002 9.07462315956725E-002
78.7672586 8.93668444613251E-002 9.04285537158201E-002
78.8672578 8.90556752835557E-002 9.01123577323671E-002
78.9672493 8.87459968555027E-002 8.97976828880499E-002
79.0672409 8.84377766616698E-002 8.94844960666520E-002
79.1672325 8.81310060441575E-002 8.91727883960170E-002
79.2672242 8.78256764070784E-002 8.88625510678045E-002
79.3672234 8.75217560846005E-002 8.85537518344146E-002
79.4672151 8.72192829745006E-002 8.82464291291313E-002
79.5672068 8.69182254234319E-002 8.79405507181454E-002
79.6671985 8.66185750784108E-002 8.76361080430650E-002
79.7671902 8.63203236459162E-002 8.73330926066790E-002
79.8671895 8.60234402952161E-002 8.70314730160116E-002
79.9671813 8.57279621477531E-002 8.67312869148404E-002
80.0671730 8.54338583834753E-002 8.64325029220878E-002
80.1671648 8.51411209418057E-002 8.61351127802000E-002
80.2671566 8.48497418191980E-002 8.58391082902919E-002
80.3671560 8.45596909922057E-002 8.55444588854094E-002
80.4671478 8.42710048249751E-002 8.52512014392226E-002
80.5671397 8.39836533030574E-002 8.49593053949108E-002
80.6671315 8.36976286463556E-002 8.46687627834375E-002
80.7671234 8.34129231294866E-002 8.43795656920417E-002
80.8671229 8.31295075095893E-002 8.40916843523397E-002
80.9671148 8.28474174120306E-002 8.38051548867616E-002
81.0671067 8.25666236013780E-002 8.35199475354115E-002
81.1670987 8.22871185666441E-002 8.32360546060258E-002
81.2670906 8.20088948493454E-002 8.29534684603338E-002
81.3670902 8.17319239615686E-002 8.26721601021688E-002
81.4670822 8.14562408079103E-002 8.23921649210716E-002
81.5670742 8.11818169064239E-002 8.21134539278288E-002
81.6670662 8.09086450043862E-002 8.18360196957501E-002
81.7670583 8.06367178994695E-002 8.15598548499611E-002
81.8670579 8.03660078340841E-002 8.12849311412048E-002
81.9670500 8.00965490095731E-002 8.10112832439806E-002
82.0670421 7.98283136729516E-002 8.07388829145558E-002
82.1670342 7.95612948194135E-002 8.04677229811298E-002
82.2670263 7.92954854925361E-002 8.01977963216416E-002
82.3670260 7.90308586413960E-002 7.99290754094347E-002
82.4670182 7.87674477811203E-002 7.96615942213276E-002
82.5670103 7.85052258641224E-002 7.93953252348569E-002
82.6670025 7.82441861236387E-002 7.91302615229191E-002
82.7669947 7.79843218393684E-002 7.88663962061675E-002
82.8669945 7.77256066443190E-002 7.86037024571900E-002
82.9669867 7.74680733839752E-002 7.83422135720097E-002
83.0669790 7.72116956935007E-002 7.80819027261677E-002
83.1669712 7.69564670347485E-002 7.78227632275288E-002
83.2669635 7.67023809142008E-002 7.75647884298230E-002
83.3669634 7.64494116269412E-002 7.73079521824338E-002
83.4669556 7.61975913649326E-002 7.70522871170143E-002
83.5669479 7.59468944243173E-002 7.67977670847481E-002
83.6669403 7.56973144865641E-002 7.65443856191811E-002
83.7669326 7.54488452760201E-002 7.62921362979177E-002
83.8669326 7.52014617288315E-002 7.60409936255569E-002
83.9669249 7.49551953991211E-002 7.57909895853591E-002
84.0669173 7.47100212230733E-002 7.55420986826505E-002
84.1669097 7.44659330931764E-002 7.52943146677895E-002
84.2669021 7.42229249431243E-002 7.50476313334670E-002
84.3669022 7.39809723299148E-002 7.48020238187456E-002
84.4668946 7.37401061850866E-002 7.45575234740356E-002
84.5668870 7.35003020647279E-002 7.43141054381301E-002
84.6668795 7.32615540641335E-002 7.40717636697279E-002
84.7668720 7.30238563182058E-002 7.38304921682123E-002
84.8668721 7.27871849853509E-002 7.35902666871492E-002
84.9668646 7.25515703893651E-002 7.33511179592188E-002
85.0668571 7.23169886868649E-002 7.31130217367917E-002
85.1668496 7.20834341681036E-002 7.28759721788133E-002
85.2668422 7.18509011614140E-002 7.26399634833384E-002
85.3668424 7.16193664079011E-002 7.24049719992320E-002
85.4668349 7.13888596380577E-002 7.21710278561544E-002
85.5668275 7.11593575903830E-002 7.19381074009162E-002
85.6668201 7.09308547425862E-002 7.17062049849740E-002
85.7668127 7.07033456089964E-002 7.14753149973880E-002
85.8668130 7.04768074954084E-002 7.12454143638412E-002
85.9668056 7.02512695530605E-002 7.10165326252859E-002
86.0667983 7.00267090843856E-002 7.07886467045539E-002
86.1667909 6.98031207473763E-002 7.05617511382181E-002
86.2667836 6.95804992352486E-002 7.03358404990158E-002
86.3667839 6.93588224011491E-002 7.01108922716580E-002
86.4667766 6.91381188307316E-002 6.98869354223137E-002
86.5667694 6.89183663730802E-002 6.96639474321045E-002
86.6667621 6.86995598596113E-002 6.94419230156491E-002
86.7667548 6.84816941556287E-002 6.92208569223537E-002
86.8667552 6.82647476449345E-002 6.90007271788288E-002
86.9667480 6.80487483608985E-002 6.87815621900088E-002
87.0667408 6.78336746826126E-002 6.85633399782316E-002
87.1667336 6.76195216083546E-002 6.83460554293986E-002
87.2667264 6.74062841690119E-002 6.81297034628819E-002
87.3667268 6.71939412629589E-002 6.79142626306952E-002
87.4667197 6.69825203842257E-002 6.76997607897227E-002
87.5667125 6.67720004258779E-002 6.74861764870735E-002
87.6667054 6.65623765467760E-002 6.72735047734623E-002
87.7666983 6.63536439371668E-002 6.70617407318139E-002
87.8666988 6.61457819945020E-002 6.68508634236539E-002
87.9666917 6.59388176860679E-002 6.66409001706464E-002
88.0666846 6.57327304034552E-002 6.64318300288293E-002
88.1666775 6.55275154600973E-002 6.62236482075387E-002
88.2666705 6.53231681996433E-002 6.60163499471155E-002
88.3666710 6.51196685036895E-002 6.58099148032854E-002
88.4666640 6.49170428250373E-002 6.56043695749788E-002
88.5666570 6.47152710389132E-002 6.53996938118952E-002
88.6666500 6.45143486075704E-002 6.51958828760668E-002
88.7666429 6.43142710223572E-002 6.49929321593762E-002
88.8666436 6.41150186346200E-002 6.47908216969918E-002
88.9666366 6.39166173946077E-002 6.45895777772623E-002
89.0666296 6.37190476468282E-002 6.43891804288345E-002
89.1666227 6.35223049968463E-002 6.41896251607634E-002
89.2666157 6.33263850782481E-002 6.39909075108483E-002
89.3666164 6.31312686982518E-002 6.37930079794753E-002
89.4666095 6.29369813161674E-002 6.35959523562388E-002
89.5666026 6.27435037319446E-002 6.33997211345468E-002
89.6665957 6.25508316891834E-002 6.32043099650442E-002
89.7665889 6.23589609584764E-002 6.30097145260610E-002
89.8665896 6.21678727895301E-002 6.28159157694837E-002
89.9665828 6.19775921620207E-002 6.26229389976655E-002
90.0665759 6.17881003179917E-002 6.24307651550964E-002
90.1665691 6.15993931340232E-002 6.22393900288065E-002
90.2665622 6.14114665127035E-002 6.20488094324977E-002
90.3665631 6.12243021333168E-002 6.18590047563273E-002
90.4665563 6.10379245069113E-002 6.16700008266147E-002
90.5665495 6.08523153047476E-002 6.14817790257376E-002
90.6665427 6.06674705315429E-002 6.12943352721257E-002
90.7665359 6.04833862170779E-002 6.11076655099091E-002
90.8665368 6.03000444577596E-002 6.09217515547544E-002
90.9665301 6.01174693067222E-002 6.07366177678575E-002
91.0665233 5.99356428520192E-002 6.05522459567545E-002
91.1665166 5.97545612218624E-002 6.03686321664975E-002
91.2665099 5.95742205686223E-002 6.01857724669068E-002
91.3665108 5.93946033938083E-002 6.00036490868450E-002
91.4665041 5.92157333030723E-002 5.98222859330065E-002
91.5664975 5.90375927892702E-002 5.96416652258030E-002
91.6664908 5.88601780996583E-002 5.94617831323291E-002
91.7664842 5.86834855047832E-002 5.92826358435544E-002
91.8664851 5.85074978996547E-002 5.91042059896539E-002
91.9664785 5.83322384526000E-002 5.89265170331619E-002
92.0664719 5.81576900497027E-002 5.87495515955118E-002
92.1664653 5.79838490529957E-002 5.85733059614492E-002
92.2664587 5.78107118469704E-002 5.83977764387394E-002
92.3664597 5.76382617089356E-002 5.82229460473981E-002
92.4664531 5.74665213797844E-002 5.80488378158703E-002
92.5664466 5.72954741276528E-002 5.78754347551659E-002
92.6664400 5.71251164252574E-002 5.77027332634718E-002
92.7664335 5.69554447669752E-002 5.75307297611728E-002
92.8664346 5.67864428015975E-002 5.73594076470500E-002
92.9664281 5.66181328522153E-002 5.71887895252650E-002
93.0664215 5.64504985582247E-002 5.70188587853542E-002
93.1664150 5.62835364990998E-002 5.68496119349068E-002
93.2664086 5.61172432752089E-002 5.66810455029221E-002
93.3664097 5.59516028963783E-002 5.65131432562504E-002
93.4664032 5.57866372772782E-002 5.63459273843200E-002
93.5663968 5.56223304181397E-002 5.61793816445212E-002
93.6663903 5.54586790014269E-002 5.60135026499710E-002
93.7663839 5.52956797297630E-002 5.58482870344406E-002
93.8663851 5.51333169639166E-002 5.56837189225177E-002
93.9663787 5.49716122192734E-002 5.55198200981984E-002
94.0663723 5.48105498468285E-002 5.53565746764176E-002
94.1663659 5.46501266284199E-002 5.51939793721020E-002
94.2663595 5.44903393653394E-002 5.50320309201070E-002
94.3663607 5.43311727595457E-002 5.48707137927763E-002
94.4663544 5.41726479360399E-002 5.47100493777328E-002
94.5663480 5.40147495868480E-002 5.45500221374951E-002
94.6663417 5.38574745897116E-002 5.43906288852313E-002
94.7663353 5.37008198411481E-002 5.42318664533414E-002
94.8663366 5.35447703748812E-002 5.40737196522795E-002
94.9663303 5.33893469341964E-002 5.39162094821199E-002
95.0663240 5.32345345427450E-002 5.37593207433390E-002
95.1663177 5.30803301708387E-002 5.36030503439199E-002
95.2663114 5.29267308069151E-002 5.34473952104094E-002
95.3663128 5.27737218073518E-002 5.32923404820498E-002
95.4663065 5.26213235421651E-002 5.31379067799625E-002
95.5663002 5.24695213575373E-002 5.29840792332776E-002
95.6662940 5.23183123131503E-002 5.28308548415039E-002
95.7662878 5.21676934861868E-002 5.26782306220719E-002
95.8662892 5.20176505468699E-002 5.25261920339993E-002
95.9662829 5.18682035001745E-002 5.23747593278300E-002
96.0662767 5.17193380060222E-002 5.22239179523524E-002
96.1662705 5.15710512103905E-002 5.20736649954416E-002
96.2662643 5.14233402761574E-002 5.19239975622777E-002
96.3662658 5.12761911788732E-002 5.17749014229403E-002
96.4662596 5.11296235664889E-002 5.16263964655548E-002
96.5662535 5.09836234041622E-002 5.14784684498700E-002
96.6662473 5.08381879212126E-002 5.13311145490927E-002
96.7662412 5.06933143632834E-002 5.11843319531415E-002
96.8662427 5.05489890030125E-002 5.10381067347307E-002
96.9662365 5.04052311391400E-002 5.08924584275178E-002
97.0662304 5.02620270338344E-002 5.07473730937997E-002
97.1662243 5.01193739969189E-002 5.06028479891985E-002
97.2662182 4.99772693539864E-002 5.04588803854790E-002
97.3662198 4.98356996667917E-002 5.03154566498385E-002
97.4662137 4.96946838924773E-002 5.01725959692138E-002
97.5662076 4.95542085822651E-002 5.00302847003125E-002
97.6662016 4.94142711237540E-002 4.98885201783696E-002
97.7661955 4.92748689197800E-002 4.97472997542160E-002
97.8661971 4.91359888135023E-002 4.96066100816451E-002
97.9661911 4.89976494278858E-002 4.94664700084240E-002
98.0661851 4.88598375955054E-002 4.93268661777968E-002
98.1661791 4.87225507791137E-002 4.91877960019183E-002
98.2661730 4.85857864561876E-002 4.90492569080128E-002
98.3661747 4.84495317438266E-002 4.89112358288389E-002
98.4661687 4.83138049380501E-002 4.87737512803519E-002
98.5661627 4.81785931453336E-002 4.86367901847136E-002
98.6661568 4.80438939010615E-002 4.85003500284088E-002
98.7661508 4.79097047548501E-002 4.83644283124861E-002
98.8661525 4.77760130905140E-002 4.82290122412831E-002
98.9661465 4.76428368841765E-002 4.80941200061157E-002
99.0661406 4.75101635089997E-002 4.79597388006887E-002
99.1661347 4.73779905705748E-002 4.78258661833269E-002
99.2661288 4.72463156882510E-002 4.76924997264325E-002
99.3661305 4.71151265055634E-002 4.75596268987722E-002
99.4661246 4.69844406856112E-002 4.74272655740139E-002
99.5661187 4.68542458612582E-002 4.72954032102662E-002
99.6661128 4.67245397059696E-002 4.71640374352989E-002
99.7661070 4.65953199065135E-002 4.70331658904918E-002
99.8661087 4.64665743593720E-002 4.69027763021182E-002
99.9661029 4.63383204213192E-002 4.67728862330131E-002
100.0660970 4.62105459781573E-002 4.66434833987767E-002
100.1660912 4.60832487689816E-002 4.65145654943202E-002
100.2660854 4.59564265457513E-002 4.63861302277144E-002
100.3660872 4.58300674513362E-002 4.62581655760359E-002
100.4660814 4.57041885427173E-002 4.61306887979320E-002
100.5660756 4.55787779520838E-002 4.60036878597995E-002
100.6660698 4.54538334820016E-002 4.58771605214746E-002
100.7660640 4.53293529474783E-002 4.57511045555197E-002
100.8660658 4.52053247314168E-002 4.56255081833220E-002
100.9660601 4.50817655973741E-002 4.55003883658193E-002
101.0660543 4.49586639175803E-002 4.53757333137213E-002
101.1660486 4.48360175559933E-002 4.52515408496560E-002
101.2660428 4.47138243886067E-002 4.51278088085608E-002
101.3660447 4.45920730322004E-002 4.50045256498437E-002
101.4660390 4.44707799631175E-002 4.48817080430503E-002
101.5660333 4.43499337874805E-002 4.47593444369213E-002
101.6660275 4.42295324286385E-002 4.46374327148235E-002
101.7660218 4.41095738215858E-002 4.45159707720318E-002
101.8660238 4.39900468110134E-002 4.43949472998812E-002
101.9660181 4.38709675921074E-002 4.42743786826852E-002
102.0660124 4.37523249989242E-002 4.41542536011291E-002
102.1660067 4.36341170122781E-002 4.40345699973420E-002
102.2660011 4.35163416242518E-002 4.39153258249749E-002
102.3660031 4.33989879016658E-002 4.37965100013841E-002
102.4659974 4.32820717644568E-002 4.36781386316588E-002
102.5659918 4.31655822688394E-002 4.35602006225302E-002
102.6659861 4.30495174512383E-002 4.34426939729870E-002
102.7659805 4.29338753589835E-002 4.33256166931673E-002
102.8659825 4.28186452754209E-002 4.32089579207249E-002
102.9659769 4.27038428509988E-002 4.30927334873846E-002
103.0659713 4.25894573584922E-002 4.29769325202060E-002
103.1659657 4.24754868881494E-002 4.28615530732044E-002
103.2659601 4.23619295407743E-002 4.27465932111862E-002
103.3659622 4.22487748108046E-002 4.26320422865545E-002
103.4659566 4.21360380848207E-002 4.25179158633843E-002
103.5659511 4.20237088467299E-002 4.24042032835214E-002
103.6659455 4.19117852388827E-002 4.22909026542424E-002
103.7659400 4.18002654138492E-002 4.21780120932699E-002
103.8659421 4.16891390718898E-002 4.20655211623763E-002
103.9659365 4.15784213411995E-002 4.19534451635626E-002
104.0659310 4.14681019115547E-002 4.18417736480861E-002
104.1659255 4.13581789757499E-002 4.17305047747844E-002
104.2659200 4.12486507364748E-002 4.16196367126081E-002
104.3659221 4.11395070947031E-002 4.15091592274821E-002
104.4659166 4.10307629255936E-002 4.13990873647723E-002
104.5659112 4.09224081196863E-002 4.12894108799361E-002
104.6659057 4.08144409186219E-002 4.11801279817329E-002
104.7659002 4.07068595736236E-002 4.10712368887152E-002
104.8659024 4.05996541814217E-002 4.09627275659007E-002
104.9658969 4.04928393693577E-002 4.08546148073266E-002
105.0658915 4.03864052237836E-002 4.07468885675951E-002
105.1658860 4.02803500336457E-002 4.06395471038087E-002
105.2658806 4.01746720971716E-002 4.05325886825539E-002
105.3658828 4.00693617020399E-002 4.04260034630331E-002
105.4658774 3.99644332328675E-002 4.03198059931323E-002
105.5658720 3.98598769670135E-002 4.02139864216950E-002
105.6658666 3.97556912392454E-002 4.01085430526445E-002
105.7658612 3.96518743933213E-002 4.00034741990903E-002
105.8658634 3.95484169032020E-002 3.98987702096575E-002
105.9658580 3.94453329157494E-002 3.97944453911335E-002
106.0658527 3.93426128946682E-002 3.96904900818450E-002
106.1658473 3.92402552191151E-002 3.95869026310687E-002
106.2658419 3.91382582769572E-002 3.94836813969802E-002
106.3658442 3.90366127239101E-002 3.93808169130066E-002
106.4658389 3.89353324739305E-002 3.92783232497675E-002
106.5658335 3.88344081725442E-002 3.91761909304555E-002
106.6658282 3.87338382419164E-002 3.90744183482857E-002
106.7658229 3.86336211126533E-002 3.89730039050953E-002
106.8658252 3.85337476178295E-002 3.88719383146290E-002
106.9658199 3.84342314432309E-002 3.87712354161501E-002
107.0658146 3.83350634118120E-002 3.86708859132363E-002
107.1658093 3.82362419874158E-002 3.85708882416766E-002
107.2658040 3.81377656420647E-002 3.84712408456151E-002
107.3658063 3.80396253819269E-002 3.83719346147609E-002
107.4658011 3.79418346692370E-002 3.82729831617181E-002
107.5657958 3.78443845001156E-002 3.81743773660995E-002
107.6657905 3.77472733787982E-002 3.80761157049517E-002
107.7657853 3.76504998174488E-002 3.79781966634190E-002
107.8657877 3.75540549911863E-002 3.78806113029492E-002
107.9657824 3.74579521432051E-002 3.77833730140714E-002
108.0657772 3.73621824386515E-002 3.76864728482107E-002
108.1657720 3.72667444209147E-002 3.75899093224016E-002
108.2657667 3.71716366410697E-002 3.74936809615278E-002
108.3657692 3.70768504391636E-002 3.73977789946727E-002
108.4657639 3.69823988437536E-002 3.73022165947659E-002
108.5657587 3.68882731849923E-002 3.72069849809439E-002
108.6657536 3.67944720442263E-002 3.71120827090043E-002
108.7657484 3.67009940102540E-002 3.70175083423534E-002
108.8657508 3.66078305841445E-002 3.69232532737261E-002
108.9657456 3.65149945841168E-002 3.68293304628212E-002
109.0657405 3.64224775014248E-002 3.67357312925047E-002
