0.0053140 6.90437755675336E+001 8.49040196356814E+003
0.0210792 2.57480450421158E+002 8.21210425991532E+003
0.0467942 5.18187278361846E+002 7.78400110909073E+003
0.0817065 7.95860306003186E+002 7.24973036848741E+003
0.1249105 1.04543479692820E+003 6.65512819655579E+003
0.1754417 1.24058293951402E+003 6.04067011303974E+003
0.2323515 1.37277561064635E+003 5.43747453658064E+003
0.2947571 1.44569158380060E+003 4.86654069650277E+003
0.3618673 1.46921747436773E+003 4.34002323145087E+003
0.4329916 1.45504576439030E+003 3.86332768702856E+003
0.5075377 1.41415403224904E+003 3.43723256192759E+003
0.5850032 1.35570740864371E+003 3.05964511546659E+003
0.6649650 1.28681508707608E+003 2.72689665154620E+003
0.7470680 1.21270723409065E+003 2.43461689702290E+003
0.8310139 1.13706860078700E+003 2.17828704900397E+003
0.9165527 1.06238931482831E+003 1.95355835448061E+003
1.0034738 9.90274267432307E+002 1.75641979347164E+003
1.0915995 9.21692593516956E+002 1.58326941883009E+003
1.1807797 8.57168229371139E+002 1.43092752742701E+003
1.2708868 7.96921607258295E+002 1.29662007519931E+003
1.3618115 7.40971353396951E+002 1.17794425531549E+003
1.4534610 6.89206324633740E+002 1.07282802397877E+003
1.5457546 6.41436722097086E+002 9.79490671902238E+002
1.6386236 5.97427809684964E+002 8.96402219944020E+002
1.7320075 5.56924221824528E+002 8.22249989109323E+002
1.8258543 5.19664686168858E+002 7.55905954218751E+002
1.9201186 4.85392334669190E+002 6.96400261469755E+002
2.0147601 4.53861065082093E+002 6.42898187032817E+002
2.1097440 4.24838533588165E+002 5.94679199023553E+002
2.2050388 3.98108552364056E+002 5.51120994843898E+002
2.3006174 3.73471220679105E+002 5.11684258034031E+002
2.3964555 3.50743033358963E+002 4.75900853402841E+002
2.4925310 3.29756429814153E+002 4.43363723150693E+002
2.5888248 3.10358557802544E+002 4.13717582050270E+002
2.6853193 2.92410662458447E+002 3.86652154128862E+002
2.7819988 2.75786681032965E+002 3.61895399245606E+002
2.8788497 2.60372321576997E+002 3.39208436724629E+002
2.9758588 2.46064117820020E+002 3.18381166412684E+002
3.0730149 2.32768191792204E+002 2.99228055272967E+002
3.1703074 2.20399607131133E+002 2.81585255555194E+002
3.2677268 2.08881291544888E+002 2.65307469929002E+002
3.3652646 1.98143388304283E+002 2.50265734721942E+002
3.4629133 1.88122469925186E+002 2.36345245618884E+002
3.5606650 1.78761085304843E+002 2.23443843115353E+002
3.6585133 1.70006895237662E+002 2.11470084955241E+002
3.7564523 1.61812345988244E+002 2.00342194458795E+002
3.8544764 1.54134151847370E+002 1.89986847000230E+002
3.9525810 1.46932841700491E+002 1.80338132511013E+002
4.0507604 1.40172517151939E+002 1.71336872678604E+002
4.1490108 1.33820308749128E+002 1.62929593053747E+002
4.2473280 1.27846212362669E+002 1.55068053377274E+002
4.3457083 1.22222782037115E+002 1.47708625473928E+002
4.4441489 1.16924861800141E+002 1.40811757928016E+002
4.5426454 1.11929466540951E+002 1.34341663290950E+002
4.6411954 1.07215434378807E+002 1.28265732060028E+002
4.7397961 1.02763352896828E+002 1.22554323404551E+002
4.8384450 9.85553747343984E+001 1.17180428514471E+002
4.9371399 9.45750566705843E+001 1.12119379443758E+002
5.0358779 9.08073062220892E+001 1.07348706919550E+002
5.1346571 8.72381523587914E+001 1.02847785169867E+002
5.2334756 8.38547182660874E+001 9.85977426550789E+001
5.3323316 8.06451078420116E+001 9.45812705606057E+001
5.4312238 7.75983066397939E+001 9.07824565628693E+001
5.5301496 7.47041624395462E+001 8.71867235023547E+001
5.6291079 7.19532286885219E+001 8.37806020694860E+001
5.7280973 6.93367604119083E+001 8.05516978510280E+001
5.8271164 6.68466422588942E+001 7.74885772922231E+001
5.9261644 6.44753256977742E+001 7.45806684679435E+001
6.0252392 6.22158266490598E+001 7.18182386922100E+001
6.1243401 6.00616149355815E+001 6.91922419348125E+001
6.2234659 5.80066211267097E+001 6.66943123216551E+001
6.3226158 5.60451895095019E+001 6.43166933305917E+001
6.4217891 5.41720370434832E+001 6.20521760946926E+001
6.5209840 5.23822591735654E+001 5.98940957368444E+001
6.6202001 5.06712493373740E+001 5.78362246496966E+001
6.7194366 4.90347104593710E+001 5.58727780933366E+001
6.8186927 4.74686232795058E+001 5.39983685238290E+001
6.9179682 4.59692187207356E+001 5.22079657710655E+001
7.0172613 4.45329872526104E+001 5.04969021239367E+001
7.1165720 4.31566186659361E+001 4.88607950165297E+001
7.2158999 4.18370088754627E+001 4.72955504138376E+001
7.3152432 4.05712687826630E+001 4.57973688111566E+001
7.4146030 3.93566435207426E+001 4.43626456252635E+001
7.5139770 3.81905900499453E+001 4.29880594628869E+001
7.6133666 3.70706729605920E+001 4.16704458235941E+001
7.7127702 3.59946329620417E+001 4.04068750098601E+001
7.8121865 3.49603419294992E+001 3.91945964348681E+001
7.9116168 3.39657662348626E+001 3.80309933598946E+001
8.0110589 3.30090265699564E+001 3.69136508066586E+001
8.1105143 3.20883143260672E+001 3.58402557589007E+001
8.2099815 3.12019492891735E+001 3.48086628140590E+001
8.3094593 3.03483442327585E+001 3.38168511543724E+001
8.4089492 2.95259758932199E+001 3.28628894182269E+001
8.5084489 2.87334355772788E+001 3.19449931202659E+001
8.6079599 2.79693611283439E+001 3.10614444977248E+001
8.7074812 2.72324856966311E+001 3.02106479108434E+001
8.8070112 2.65216093858112E+001 2.93910959346452E+001
8.9065517 2.58355758894066E+001 2.86013415387825E+001
9.0061006 2.51733154563329E+001 2.78400467352862E+001
9.1056593 2.45337888716407E+001 2.71059172978082E+001
9.2052267 2.39160288563555E+001 2.63977496575476E+001
9.3048016 2.33191170331743E+001 2.57144037257778E+001
9.4043856 2.27421648438320E+001 2.50547804787768E+001
9.5039766 2.21843501805783E+001 2.44178633122989E+001
9.6035763 2.16448707705188E+001 2.38026642269227E+001
9.7031836 2.11229794812199E+001 2.32082636856052E+001
9.8027972 2.06179653701584E+001 2.26337885099860E+001
9.9024188 2.01291379001397E+001 2.20783935515390E+001
10.0020464 1.96558583115252E+001 2.15412969897293E+001
10.1016817 1.91975004669742E+001 2.10217354972980E+001
10.2013235 1.87534811035242E+001 2.05189982685074E+001
10.3009707 1.83232440678767E+001 2.00324088120614E+001
10.4006251 1.79062471146811E+001 1.95613097713192E+001
10.5002846 1.75019888986644E+001 1.91050931865794E+001
10.5999509 1.71099758096713E+001 1.86631627907905E+001
10.6996230 1.67297480183914E+001 1.82349631975176E+001
10.7992996 1.63608662325358E+001 1.78199647358008E+001
10.8989827 1.60029005474830E+001 1.74176507383425E+001
10.9986702 1.56554537766325E+001 1.70275436046227E+001
11.0983637 1.53181331482290E+001 1.66491728276979E+001
11.1980623 1.49905728348676E+001 1.62821001486278E+001
11.2977649 1.46724227298094E+001 1.59259068005842E+001
11.3974732 1.43633389495746E+001 1.55801827599769E+001
11.4971853 1.40630040901122E+001 1.52445492952333E+001
11.5969029 1.37711029077183E+001 1.49186316499892E+001
11.6966250 1.34873418958440E+001 1.46020808221808E+001
11.7963505 1.32114396986907E+001 1.42945627408598E+001
11.8960812 1.29431189587686E+001 1.39957490990027E+001
11.9958151 1.26821239807481E+001 1.37053369489115E+001
12.0955540 1.24281997057865E+001 1.34230252053729E+001
12.1952970 1.21811087973191E+001 1.31485335875409E+001
12.2950428 1.19406233951855E+001 1.28815933639233E+001
12.3947934 1.17065180694670E+001 1.26219394744181E+001
12.4945468 1.14785852885213E+001 1.23693276328882E+001
12.5943047 1.12566171373819E+001 1.21235139915135E+001
12.6940662 1.10404202922637E+001 1.18842716868176E+001
12.7938302 1.08298088823559E+001 1.16513828700679E+001
12.8935986 1.06245983619885E+001 1.14246318909701E+001
12.9933693 1.04246191103757E+001 1.12038202867692E+001
13.0931443 1.02297004529401E+001 1.09887490833447E+001
13.1929224 1.00396838381967E+001 1.07792333087572E+001
13.2927027 9.85441662242087E+000 1.05750950869767E+001
13.3924871 9.67374671044337E+000 1.03761577038744E+001
13.4922734 9.49753455878185E+000 1.01822587965078E+001
13.5920637 9.32563914249189E+000 9.99323486938094E+000
13.6918568 9.15792959467045E+000 9.80893407594328E+000
13.7916517 8.99427976585705E+000 9.62921019923833E+000
13.8914504 8.83456351298359E+000 9.45391745718959E+000
13.9912508 8.67866533221967E+000 9.28292215247823E+000
14.0910548 8.52646797946123E+000 9.11608906208373E+000
14.1908615 8.37786278934254E+000 8.95329273622244E+000
14.2906697 8.23274488950224E+000 8.79441222434868E+000
14.3904813 8.09100903982188E+000 8.63932650453077E+000
14.4902944 7.95255908434871E+000 8.48792481104725E+000
14.5901109 7.81729698526167E+000 8.34009461770732E+000
14.6899298 7.68513200296038E+000 8.19573166233532E+000
14.7897500 7.55597646737992E+000 8.05473530345737E+000
14.8895734 7.42974208733490E+000 7.91700448008228E+000
14.9893980 7.30634838064314E+000 7.78244689883497E+000
15.0892259 7.18571292261494E+000 7.65096838086265E+000
15.1890558 7.06775953988954E+000 7.52248178622714E+000
15.2888878 6.95241347053375E+000 7.39690172358276E+000
15.3887200 6.83960458036821E+000 7.27414804112860E+000
15.4885562 6.72925870745542E+000 7.15413639854466E+000
15.5883943 6.62131047727469E+000 7.03679220163199E+000
15.6882343 6.51569456030841E+000 6.92204107843998E+000
15.7880763 6.41234776269992E+000 6.80981114578288E+000
15.8879183 6.31121085335916E+000 6.70003498313634E+000
15.9877640 6.21222081223235E+000 6.59264121150953E+000
16.0876115 6.11532232858404E+000 6.48756696600345E+000
16.1874608 6.02045997275994E+000 6.38474939048223E+000
16.2873119 5.92758007793931E+000 6.28412767357653E+000
16.3871628 5.83663239147887E+000 6.18564482962016E+000
16.4870172 5.74756311048031E+000 6.08924015166733E+000
16.5868734 5.66032522874149E+000 5.99486040954714E+000
16.6867312 5.57487150480783E+000 5.90245222871055E+000
16.7865905 5.49115615991572E+000 5.81196392382791E+000
16.8864496 5.40913637379233E+000 5.72334710923576E+000
16.9863121 5.32876600879759E+000 5.63654991403483E+000
17.0861762 5.25000494674519E+000 5.55152706507210E+000
17.1860417 5.17281275331858E+000 5.46823303654837E+000
17.2859087 5.09715021385857E+000 5.38662370542040E+000
17.3857753 5.02298069120950E+000 5.30665781089111E+000
17.4856452 4.95026445435907E+000 5.22829083652930E+000
17.5855166 4.87896712603887E+000 5.15148411425515E+000
17.6853893 4.80905395840183E+000 5.07619864849419E+000
17.7852633 4.74049122538189E+000 5.00239661428471E+000
17.8851368 4.67324745791491E+000 4.93004268281380E+000
17.9850136 4.60728830514881E+000 4.85909848953657E+000
18.0848916 4.54258419675670E+000 4.78953087577240E+000
18.1847709 4.47910515706932E+000 4.72130630539486E+000
18.2846515 4.41682207024468E+000 4.65439222373138E+000
18.3845314 4.35570780624596E+000 4.58875826396844E+000
18.4844144 4.29573255282408E+000 4.52437123190051E+000
18.5842986 4.23687078221303E+000 4.46120258544385E+000
18.6841841 4.17909654116666E+000 4.39922337364634E+000
18.7840706 4.12238460305325E+000 4.33840547207072E+000
18.8839565 4.06671149629626E+000 4.27872268301607E+000
18.9838453 4.01205125382096E+000 4.22014617725097E+000
19.0837353 3.95838176176797E+000 4.16265129804594E+000
19.1836263 3.90568047147964E+000 4.10621296213202E+000
19.2835185 3.85392545082073E+000 4.05080678521522E+000
19.3834098 3.80309632534282E+000 3.99641008734515E+000
19.4833041 3.75317039903450E+000 3.94299774014279E+000
19.5831994 3.70412845249702E+000 3.89054837038108E+000
19.6830957 3.65595083016423E+000 3.83904017078004E+000
19.7829930 3.60861840159699E+000 3.78845192755230E+000
19.8828894 3.56211342438457E+000 3.73876394085610E+000
19.9827887 3.51641599608318E+000 3.68995423290037E+000
20.0826889 3.47150936063285E+000 3.64200421629600E+000
20.1825901 3.42737633021707E+000 3.59489486953428E+000
20.2824922 3.38400016594520E+000 3.54860767696688E+000
20.3823934 3.34136537042530E+000 3.50312547307612E+000
20.4822973 3.29945443591018E+000 3.45842897265713E+000
20.5822022 3.25825271034158E+000 3.41450196081855E+000
20.6821079 3.21774511845512E+000 3.37132779388200E+000
20.7820145 3.17791697011783E+000 3.32889026091406E+000
20.8819201 3.13875468957214E+000 3.28717435950511E+000
20.9818284 3.10024282918684E+000 3.24616311417234E+000
21.0817375 3.06236854018434E+000 3.20584233776473E+000
21.1816475 3.02511856203058E+000 3.16619742352822E+000
21.2815583 2.98847996570468E+000 3.12721413619999E+000
21.3814680 2.95244082580297E+000 3.08887932608485E+000
21.4813803 2.91698747303948E+000 3.05117800604109E+000
21.5812935 2.88210860927404E+000 3.01409772794161E+000
21.6812074 2.84779253802165E+000 2.97762563592146E+000
21.7811221 2.81402784907552E+000 2.94174919408940E+000
21.8810357 2.78080403895423E+000 2.90645684490677E+000
21.9809519 2.74810897851567E+000 2.87173531873197E+000
22.0808688 2.71593270721710E+000 2.83757366374264E+000
22.1807864 2.68426488083808E+000 2.80396053404151E+000
22.2807048 2.65309540313617E+000 2.77088486021368E+000
22.3806219 2.62241499950554E+000 2.73833645733076E+000
22.4805416 2.59221287884309E+000 2.70630354413573E+000
22.5804621 2.56248023791983E+000 2.67477646030684E+000
22.6803832 2.53320790522123E+000 2.64374516624276E+000
22.7803050 2.50438692466994E+000 2.61319986197703E+000
22.8802255 2.47600908682726E+000 2.58313154953564E+000
22.9801486 2.44806476654967E+000 2.55352974152298E+000
23.0800723 2.42054616483819E+000 2.52438589569460E+000
23.1799967 2.39344513012920E+000 2.49569110595511E+000
23.2799217 2.36675369855695E+000 2.46743667451790E+000
23.3798454 2.34046458655942E+000 2.43961463282468E+000
23.4797716 2.31456918794513E+000 2.41221562161171E+000
23.5796984 2.28906057753249E+000 2.38523206936292E+000
23.6796259 2.26393149333146E+000 2.35865605640134E+000
23.7795539 2.23917483732818E+000 2.33247984463866E+000
23.8794806 2.21478413294464E+000 2.30669636081054E+000
23.9794098 2.19075166694694E+000 2.28129723211428E+000
24.0793395 2.16707127652308E+000 2.25627573216028E+000
24.1792698 2.14373647762924E+000 2.23162480207423E+000
24.2792007 2.12074092984978E+000 2.20733754170701E+000
24.3791302 2.09807886179771E+000 2.18340765854004E+000
24.4790621 2.07574334487613E+000 2.15982764473775E+000
24.5789946 2.05372888311456E+000 2.13659151163788E+000
24.6789277 2.03202967455305E+000 2.11369295355542E+000
24.7788612 2.01064004335415E+000 2.09112580390726E+000
24.8787934 1.98955483591256E+000 2.06888445279122E+000
24.9787279 1.96876781486411E+000 2.04696215282604E+000
25.0786630 1.94827406895995E+000 2.02535356096714E+000
25.1785986 1.92806839576102E+000 2.00405303225077E+000
25.2785347 1.90814570384767E+000 1.98305504392349E+000
25.3784693 1.88850138212544E+000 1.96235458438925E+000
25.4784064 1.86912980368901E+000 1.94194557654867E+000
25.5783439 1.85002657122050E+000 1.92182324374996E+000
25.6782819 1.83118701049422E+000 1.90198252206693E+000
25.7782204 1.81260654523811E+000 1.88241845520250E+000
25.8781574 1.79428104187361E+000 1.86312655722537E+000
25.9780968 1.77620541390915E+000 1.84410134329539E+000
26.0780366 1.75837571676943E+000 1.82533853482205E+000
26.1779769 1.74078774268981E+000 1.80683358005884E+000
26.2779176 1.72343737052610E+000 1.78858202226733E+000
26.3778568 1.70632088794643E+000 1.77057983842350E+000
26.4777984 1.68943368796908E+000 1.75282206825047E+000
26.5777404 1.67277222573582E+000 1.73530487212542E+000
26.6776829 1.65633270632660E+000 1.71802415081925E+000
26.7776257 1.64011141158658E+000 1.70097588915787E+000
26.8775671 1.62410500159215E+000 1.68415647266462E+000
26.9775108 1.60830929577915E+000 1.66756140673337E+000
27.0774549 1.59272110294018E+000 1.65118723947296E+000
27.1773994 1.57733699433059E+000 1.63503027234339E+000
27.2773442 1.56215360938001E+000 1.61908688133027E+000
27.3772876 1.54716793808062E+000 1.60335381329944E+000
27.4772333 1.53237617988796E+000 1.58782698795032E+000
27.5771793 1.51777545712860E+000 1.57250329658972E+000
27.6771257 1.50336266651314E+000 1.55737939623165E+000
27.7770725 1.48913476541974E+000 1.54245201010469E+000
27.8770178 1.47508903669810E+000 1.52771820532618E+000
27.9769653 1.46122201917833E+000 1.51317427098991E+000
28.0769132 1.44753111370408E+000 1.49881740279998E+000
28.1768615 1.43401350682853E+000 1.48464457392361E+000
28.2768101 1.42066643919823E+000 1.47065281647702E+000
28.3767572 1.40748745412786E+000 1.45683948197613E+000
28.4767065 1.39447339413357E+000 1.44320118954715E+000
28.5766562 1.38162190794203E+000 1.42973540540748E+000
28.6766062 1.36893044073312E+000 1.41643938440263E+000
28.7765565 1.35639648600969E+000 1.40331043396104E+000
28.8765053 1.34401781917477E+000 1.39034615864380E+000
28.9764563 1.33179155502372E+000 1.37754347303122E+000
29.0764077 1.31971556330844E+000 1.36490008419779E+000
29.1763593 1.30778752041361E+000 1.35241349843457E+000
29.2763113 1.29600514597135E+000 1.34008126902552E+000
29.3762617 1.28436642256161E+000 1.32790122609830E+000
29.4762144 1.27286870955994E+000 1.31587054924345E+000
29.5761673 1.26151007414694E+000 1.30398716038037E+000
29.6761206 1.25028839977236E+000 1.29224879067577E+000
29.7760741 1.23920160865966E+000 1.28065321337003E+000
29.8760261 1.22824786865146E+000 1.26919846002390E+000
29.9759803 1.21742475922296E+000 1.25788194837618E+000
30.0759347 1.20673052421020E+000 1.24670179232784E+000
30.1758895 1.19616323283402E+000 1.23565592452121E+000
30.2758445 1.18572098913792E+000 1.22474231533452E+000
30.3757980 1.17540212691093E+000 1.21395917652257E+000
30.4757536 1.16520442404789E+000 1.20330414022133E+000
30.5757095 1.15512628271643E+000 1.19277549217703E+000
30.6756657 1.14516593908770E+000 1.18237134585740E+000
30.7756221 1.13532166065915E+000 1.17208984863343E+000
30.8755770 1.12559193010734E+000 1.16192937372527E+000
30.9755340 1.11597470450871E+000 1.15188774662289E+000
31.0754913 1.10646852816858E+000 1.14196340714858E+000
31.1754469 1.09707196573596E+000 1.13215481733163E+000
31.2754067 1.08778289730883E+000 1.12245972572941E+000
31.3753629 1.07860047394091E+000 1.11287720846742E+000
31.4753231 1.06952246443624E+000 1.10340490009179E+000
31.5752798 1.06054805736734E+000 1.09404191765557E+000
31.6752368 1.05167542649114E+000 1.08478632024248E+000
31.7751978 1.04290278656857E+000 1.07563621082387E+000
31.8751552 1.03422937930493E+000 1.06659076438591E+000
31.9751168 1.02565313977039E+000 1.05764779402655E+000
32.0750747 1.01717334311441E+000 1.04880651118092E+000
32.1750329 1.00878830471931E+000 1.04006512729692E+000
32.2749952 1.00049637745088E+000 1.03142189389398E+000
32.3749539 9.92296883847771E-001 1.02287607403130E+000
32.4749166 9.84187910312408E-001 1.01442564312446E+000
32.5748758 9.76168809228946E-001 1.00606989673114E+000
32.6748352 9.68238024576652E-001 9.97807184482565E-001
32.7747986 9.60394034651958E-001 9.89635892654007E-001
32.8747585 9.52636234151856E-001 9.81555362857776E-001
32.9747223 9.44962847429568E-001 9.73563718300435E-001
33.0746827 9.37373295844631E-001 9.65660329602655E-001
33.1746432 9.29866140318839E-001 9.57843671910778E-001
33.2746078 9.22439973238538E-001 9.50112253931411E-001
33.3745687 9.15094253782830E-001 9.42465487415828E-001
33.4745337 9.07827332244705E-001 9.34901630340012E-001
33.5744951 9.00638691646432E-001 9.27420120375677E-001
33.6744568 8.93526999409495E-001 9.20019546847868E-001
33.7744224 8.86490951845613E-001 9.12698529862559E-001
33.8743844 8.79530065813823E-001 9.05456543862288E-001
33.9743505 8.72642806747915E-001 8.98291969900075E-001
34.0743130 8.65828712849279E-001 8.91204305602865E-001
34.1742756 8.59086548666527E-001 8.84192244312771E-001
34.2742423 8.52415105311593E-001 8.77254507643735E-001
34.3742054 8.45813951287469E-001 8.70390626127903E-001
34.4741725 8.39281657443753E-001 8.63599093378983E-001
34.5741359 8.32817811404567E-001 8.56879460685938E-001
34.6740996 8.26421266420299E-001 8.50230516284511E-001
34.7740673 8.20090900198030E-001 8.43651074413463E-001
34.8740313 8.13826327521507E-001 8.37140715834821E-001
34.9739994 8.07626215884464E-001 8.30698037249096E-001
35.0739638 8.01490197216321E-001 8.24322638018326E-001
35.1739284 7.95417205883621E-001 8.18013393067583E-001
35.2738971 7.89406198799495E-001 8.11769201270231E-001
35.3738621 7.83456832256897E-001 8.05589688410095E-001
35.4738310 7.77567862469740E-001 7.99473545726326E-001
35.5737964 7.71738961117572E-001 7.93420415684076E-001
35.6737620 7.65969136843221E-001 7.87429252508625E-001
35.7737315 7.60257419101607E-001 7.81499032509858E-001
35.8736974 7.54603501444470E-001 7.75629421858610E-001
35.9736673 7.49006221637028E-001 7.69819198607970E-001
36.0736335 7.43465287049327E-001 7.64068043901122E-001
36.1735999 7.37979774423997E-001 7.58374984598637E-001
36.2735704 7.32548779738425E-001 7.52739067952765E-001
36.3735371 7.27172030012427E-001 7.47159996391674E-001
36.4735079 7.21848438067324E-001 7.41636627791446E-001
36.5734750 7.16577743341411E-001 7.36168678028575E-001
36.6734423 7.11359085091699E-001 7.30755240578449E-001
36.7734135 7.06191620373537E-001 7.25395427768117E-001
36.8733811 7.01075106290184E-001 7.20088974599095E-001
36.9733527 6.96008524825893E-001 7.14834812434402E-001
37.0733206 6.90991644251546E-001 7.09632688363236E-001
37.1732887 6.86023661280594E-001 7.04481757029729E-001
37.2732608 6.81103789114927E-001 6.99381190526773E-001
37.3732292 6.76231811915847E-001 6.94330753139106E-001
37.4732015 6.71406775476208E-001 6.89329443966056E-001
37.5731702 6.66628474005995E-001 6.84377038163906E-001
37.6731391 6.61896157088596E-001 6.79472746612226E-001
37.7731119 6.57209089599730E-001 6.74615796359619E-001
37.8730811 6.52567080051562E-001 6.69805978032413E-001
37.9730543 6.47969233174235E-001 6.65042353239800E-001
38.0730237 6.43415366526615E-001 6.60324722391518E-001
38.1729934 6.38904778397534E-001 6.55652348127726E-001
38.2729669 6.34436781274515E-001 6.51024508088699E-001
38.3729369 6.30011205595670E-001 6.46441016609536E-001
38.4729107 6.25627210590742E-001 6.41900993052868E-001
38.5728809 6.21284634846397E-001 6.37404260562586E-001
38.6728513 6.16982821570711E-001 6.32950129475113E-001
38.7728256 6.12721127169237E-001 6.28537924057883E-001
38.8727962 6.08499401831790E-001 6.24167479995929E-001
38.9727708 6.04316855239891E-001 6.19837970071008E-001
39.0727417 6.00173344926063E-001 6.15549237903140E-001
39.1727127 5.96068255571028E-001 6.11300637828788E-001
39.2726877 5.92000984135251E-001 6.07091537136401E-001
39.3726590 5.87971398608927E-001 6.02921790745506E-001
39.4726343 5.83978755428516E-001 5.98790620902285E-001
39.5726059 5.80022929203224E-001 5.94697889677090E-001
39.6725776 5.76103342945106E-001 5.90642992040773E-001
39.7725533 5.72219431103739E-001 5.86625335018518E-001
39.8725252 5.68371077716824E-001 5.82644790865404E-001
39.9725012 5.64557582595383E-001 5.78700627679229E-001
40.0724734 5.60778835745631E-001 5.74792724161530E-001
40.1724458 5.57034295644465E-001 5.70920512849154E-001
40.2724221 5.53323431432461E-001 5.67083437509253E-001
40.3723947 5.49646141618858E-001 5.63281386026312E-001
40.4723712 5.46001766294542E-001 5.59513669045261E-001
40.5723441 5.42390209352060E-001 5.55780180263800E-001
40.6723171 5.38810962114372E-001 5.52080386984045E-001
40.7722940 5.35263525856292E-001 5.48413766981089E-001
40.8722673 5.31747812140473E-001 5.44780222234567E-001
40.9722444 5.28263198501226E-001 5.41179102910506E-001
41.0722179 5.24809601357621E-001 5.37610316231968E-001
41.1721915 5.21386542483475E-001 5.34073361706958E-001
41.2721690 5.17993552948950E-001 5.30567748619632E-001
41.3721428 5.14630556093005E-001 5.27093391663943E-001
41.4721206 5.11296964290694E-001 5.23649677752757E-001
41.5720946 5.07992705262635E-001 5.20236526310353E-001
41.6720688 5.04717329040338E-001 5.16853466709126E-001
41.7720469 5.01470394347348E-001 5.13500037455758E-001
41.8720213 4.98251835147931E-001 5.10176164714776E-001
41.9719996 4.95061096267050E-001 5.06881269599594E-001
42.0719743 4.91898115622525E-001 5.03615282542652E-001
42.1719490 4.88762469493205E-001 5.00377760636196E-001
42.2719276 4.85653742292271E-001 4.97168269514878E-001
42.3719026 4.82571877571183E-001 4.93986745692684E-001
42.4718815 4.79516350406217E-001 4.90832642143937E-001
42.5718566 4.76487107916081E-001 4.87705899233498E-001
42.6718319 4.73483750782213E-001 4.84606099807183E-001
42.7718111 4.70505887305158E-001 4.81532834706847E-001
42.8717866 4.67553469686622E-001 4.78486049784609E-001
42.9717660 4.64626001230240E-001 4.75465227723650E-001
43.0717417 4.61723437356133E-001 4.72470317850586E-001
43.1717175 4.58845401453785E-001 4.69500926960054E-001
43.2716972 4.55991524055311E-001 4.66556669337844E-001
43.3716732 4.53161765166461E-001 4.63637499261315E-001
43.4716531 4.50355654453108E-001 4.60742927140888E-001
43.5716293 4.47573154824226E-001 4.57872910388507E-001
43.6716056 4.44813910819176E-001 4.55027078089411E-001
43.7715858 4.42077573678891E-001 4.52205066352986E-001
43.8715623 4.39364110448422E-001 4.49406837057218E-001
43.9715428 4.36673075435409E-001 4.46631926513244E-001
44.0715195 4.34004438303164E-001 4.43880299426459E-001
44.1714963 4.31357863306744E-001 4.41151605647595E-001
44.2714770 4.28733020994089E-001 4.38445501619119E-001
44.3714539 4.26129884758028E-001 4.35761956074322E-001
44.4714348 4.23548031959354E-001 4.33100529539779E-001
44.5714120 4.20987438351367E-001 4.30461193298433E-001
44.6713893 4.18447786583463E-001 4.27843616562418E-001
44.7713704 4.15928765218878E-001 4.25247474734842E-001
44.8713479 4.13430353372538E-001 4.22672742730244E-001
44.9713293 4.10952149990118E-001 4.20119003734160E-001
45.0713069 4.08494136313681E-001 4.17586234959487E-001
45.1712846 4.06056012168398E-001 4.15074123685829E-001
45.2712662 4.03637482941403E-001 4.12582363011992E-001
45.3712441 4.01238532903317E-001 4.10110933423822E-001
45.4712259 3.98858781226359E-001 4.07659439326912E-001
45.5712040 3.96498214096989E-001 4.05227863277984E-001
45.6711822 3.94156547391330E-001 4.02815909430576E-001
45.7711643 3.91833502220515E-001 4.00423287412221E-001
45.8711426 3.89529067497867E-001 3.98049982727855E-001
45.9711248 3.87242881364359E-001 3.95695619671665E-001
46.0711034 3.84974934457717E-001 3.93360185613441E-001
46.1710820 3.82724957665773E-001 3.91043400478688E-001
46.2710644 3.80492686807309E-001 3.88744989346083E-001
46.3710432 3.78278114973516E-001 3.86464942239458E-001
46.4710259 3.76080898108378E-001 3.84202902108412E-001
46.5710048 3.73901030853967E-001 3.81958860654954E-001
46.6709838 3.71738258148799E-001 3.79732552558215E-001
46.7709667 3.69592329579316E-001 3.77523717352072E-001
46.8709459 3.67463241993198E-001 3.75332349125962E-001
46.9709290 3.65350668056053E-001 3.73158108341731E-001
47.0709083 3.63254606009096E-001 3.71000990597769E-001
47.1708877 3.61174813952045E-001 3.68860744384935E-001
47.2708710 3.59111054368881E-001 3.66737122770996E-001
47.3708506 3.57063327481635E-001 3.64630123500051E-001
47.4708341 3.55031321673537E-001 3.62539423485512E-001
47.5708138 3.53015038417426E-001 3.60465021826973E-001
47.6707936 3.51014248150248E-001 3.58406679955055E-001
47.7707773 3.49028725447388E-001 3.56364163618411E-001
47.8707573 3.47058473558553E-001 3.54337473843092E-001
47.9707411 3.45103195651649E-001 3.52326303009104E-001
48.0707212 3.43162896097679E-001 3.50330653358783E-001
48.1707014 3.41237356906891E-001 3.48350298454605E-001
48.2706855 3.39326363998590E-001 3.46385015935668E-001
48.3706658 3.37429923335562E-001 3.44434809771838E-001
48.4706500 3.35547752002736E-001 3.42499386894251E-001
48.5706305 3.33679856966644E-001 3.40578752362733E-001
48.6706110 3.31826031101992E-001 3.38672691122435E-001
48.7705955 3.29986070978331E-001 3.36780991969813E-001
48.8705762 3.28159984985952E-001 3.34903661511677E-001
48.9705608 3.26347503319242E-001 3.33040420378748E-001
49.0705416 3.24548635265507E-001 3.31191276153124E-001
49.1705225 3.22763183905649E-001 3.29356024467327E-001
49.2705073 3.20990955815220E-001 3.27534464594742E-001
49.3704883 3.19231961552725E-001 3.25726605500542E-001
49.4704733 3.17485943669747E-001 3.23932180722293E-001
49.5704545 3.15752913524891E-001 3.22151200096342E-001
49.6704357 3.14032683793477E-001 3.20383469296775E-001
49.7704208 3.12325070458233E-001 3.18628797441825E-001
49.8704022 3.10630086010405E-001 3.16887195602081E-001
49.9703875 3.08947484657497E-001 3.15158409483367E-001
50.0703690 3.07277279602827E-001 3.13442450932897E-001
50.1703506 3.05619292547120E-001 3.11739135066006E-001
50.2703361 3.03973348323250E-001 3.10048280258149E-001
50.3703178 3.02339461141324E-001 3.08369899455613E-001
50.4703034 3.00717396210511E-001 3.06703749843816E-001
50.5702853 2.99107168373027E-001 3.05049845059791E-001
50.6702672 2.97508607825355E-001 3.03408009101660E-001
50.7702530 2.95921547731968E-001 3.01778069055386E-001
50.8702350 2.94346003827546E-001 3.00160039534294E-001
50.9702209 2.92781751712073E-001 2.98553688560793E-001
51.0702031 2.91228807679697E-001 2.96959031360939E-001
51.1701853 2.89687009929286E-001 2.95375900295723E-001
51.2701714 2.88156199473829E-001 2.93804130652582E-001
51.3701538 2.86636393396069E-001 2.92243738522328E-001
51.4701400 2.85127377116072E-001 2.90694502164280E-001
51.5701225 2.83629168210053E-001 2.89156438211112E-001
51.6701050 2.82141612419353E-001 2.87629386902287E-001
51.7700914 2.80664558155098E-001 2.86113191252405E-001
51.8700741 2.79198023687737E-001 2.84607868657565E-001
51.9700606 2.77741803723769E-001 2.83113207053219E-001
52.0700434 2.76295916967162E-001 2.81629224312944E-001
52.1700263 2.74860216272686E-001 2.80155768103041E-001
52.2700130 2.73434557029421E-001 2.78692688723005E-001
52.3699959 2.72018958549841E-001 2.77240004717773E-001
52.4699827 2.70613224327556E-001 2.75797513174509E-001
52.5699658 2.69217374054092E-001 2.74365233057136E-001
52.6699489 2.67831267297130E-001 2.72943019037416E-001
52.7699359 2.66454766031412E-001 2.71530728287037E-001
52.8699192 2.65087890479095E-001 2.70128380357655E-001
52.9699063 2.63730452453371E-001 2.68735780997364E-001
53.0698897 2.62382472505972E-001 2.67352950123669E-001
53.1698731 2.61043816543340E-001 2.65979749020353E-001
53.2698603 2.59714352759372E-001 2.64616041345931E-001
53.3698439 2.58394102165700E-001 2.63261847529671E-001
53.4698313 2.57082884457039E-001 2.61916981520992E-001
53.5698149 2.55780720929661E-001 2.60581464066749E-001
53.6697986 2.54487483479004E-001 2.59255162695143E-001
53.7697861 2.53203046175479E-001 2.57937947191422E-001
53.8697699 2.51927430711023E-001 2.56629838745203E-001
53.9697576 2.50660464251151E-001 2.55330659076524E-001
54.0697415 2.49402168731641E-001 2.54040429648757E-001
54.1697254 2.48152421709751E-001 2.52759023890831E-001
54.2697133 2.46911102811849E-001 2.51486317378016E-001
54.3696973 2.45678234311061E-001 2.50222331953795E-001
54.4696852 2.44453650458359E-001 2.48966896704926E-001
54.5696694 2.43237373733673E-001 2.47720033708853E-001
54.6696536 2.42029287049826E-001 2.46481621973672E-001
54.7696417 2.40829275289059E-001 2.45251542549629E-001
54.8696260 2.39637361215726E-001 2.44029817837399E-001
54.9696142 2.38453385804484E-001 2.42816283911458E-001
55.0695986 2.37277371992881E-001 2.41610963370321E-001
55.1695831 2.36109207762449E-001 2.40413740500218E-001
55.2695714 2.34948782970207E-001 2.39224501531388E-001
55.3695560 2.33796120790106E-001 2.38043269333961E-001
55.4695444 2.32651068580640E-001 2.36869886614263E-001
55.5695291 2.31513649658473E-001 2.35704376407488E-001
55.6695138 2.30383756804992E-001 2.34546627995987E-001
55.7695023 2.29261284588509E-001 2.33396532513632E-001
55.8694872 2.28146256518548E-001 2.32254113220409E-001
55.9694758 2.27038526017979E-001 2.31119219120136E-001
56.0694607 2.25938116711402E-001 2.29991873608140E-001
56.1694457 2.24844925927921E-001 2.28871970698533E-001
56.2694345 2.23758852700016E-001 2.27759406169741E-001
56.3694196 2.22679920805683E-001 2.26654203599429E-001
56.4694085 2.21607989431695E-001 2.25556217974557E-001
56.5693936 2.20543082446082E-001 2.24465472981190E-001
56.6693788 2.19485101489058E-001 2.23381867117244E-001
56.7693678 2.18433949825347E-001 2.22305300562661E-001
56.8693531 2.17389651440632E-001 2.21235797147373E-001
56.9693423 2.16352071002802E-001 2.20173217545775E-001
57.0693276 2.15321232564901E-001 2.19117585671789E-001
57.1693130 2.14297041856086E-001 2.18068804274416E-001
57.2693023 2.13279406155536E-001 2.17026777706994E-001
57.3692878 2.12268349601596E-001 2.15991529992478E-001
57.4692772 2.11263742076977E-001 2.14962927214351E-001
57.5692628 2.10265607766873E-001 2.13940993457466E-001
57.6692484 2.09273856280647E-001 2.12925635503349E-001
57.7692379 2.08288398707304E-001 2.11916761664496E-001
57.8692236 2.07309259288083E-001 2.10914396103262E-001
57.9692132 2.06336312869597E-001 2.09918410050068E-001
58.0691990 2.05369583721397E-001 2.08928827709185E-001
58.1691849 2.04408985136832E-001 2.07945559689308E-001
58.2691746 2.03454431822340E-001 2.06968518060748E-001
58.3691605 2.02505948077087E-001 2.05997727076777E-001
58.4691503 2.01563413475029E-001 2.05033062867712E-001
58.5691363 2.00626852326905E-001 2.04074549710678E-001
58.6691224 1.99696181425477E-001 2.03122101848455E-001
58.7691123 1.98771318913644E-001 2.02175634919859E-001
58.8690985 1.97852289107901E-001 2.01235173225278E-001
58.9690885 1.96938976086410E-001 2.00300597561981E-001
59.0690747 1.96031404162140E-001 1.99371932237908E-001
59.1690610 1.95129493453566E-001 1.98449094948282E-001
59.2690511 1.94233165369707E-001 1.97532004722313E-001
59.3690374 1.93342444207795E-001 1.96620685867979E-001
59.4690277 1.92457218339584E-001 1.95715023629740E-001
59.5690141 1.91577512045181E-001 1.94815042308431E-001
59.6690006 1.90703248605199E-001 1.93920662880743E-001
59.7689909 1.89834352534370E-001 1.93031807598617E-001
59.8689774 1.88970848077709E-001 1.92148500742002E-001
59.9689678 1.88112627701683E-001 1.91270631795105E-001
60.0689545 1.87259715621954E-001 1.90398225017494E-001
60.1689411 1.86412038127164E-001 1.89531204506310E-001
60.2689316 1.85569522686608E-001 1.88669495578314E-001
60.3689184 1.84732193463471E-001 1.87813122453364E-001
60.4689090 1.83899946831019E-001 1.86961978659491E-001
60.5688958 1.83072806912101E-001 1.86116088384280E-001
60.6688827 1.82250702858115E-001 1.85275378693589E-001
60.7688734 1.81433564950422E-001 1.84439777820184E-001
60.8688603 1.80621417243801E-001 1.83609309895032E-001
60.9688511 1.79814159840680E-001 1.82783872304848E-001
61.0688381 1.79011816745665E-001 1.81963489137649E-001
61.1688251 1.78214319835883E-001 1.81148090284963E-001
61.2688160 1.77421602070361E-001 1.80337606755250E-001
61.3688031 1.76633687371669E-001 1.79532062564747E-001
61.4687941 1.75850479403392E-001 1.78731358783821E-001
61.5687813 1.75072002029130E-001 1.77935519376200E-001
61.6687685 1.74298189722443E-001 1.77144476924144E-001
61.7687596 1.73528977993179E-001 1.76358165079441E-001
61.8687469 1.72764390610440E-001 1.75576607720481E-001
61.9687381 1.72004334639976E-001 1.74799709435705E-001
62.0687254 1.71248833784077E-001 1.74027494042452E-001
62.1687128 1.70497824990657E-001 1.73259896686364E-001
62.2687041 1.69751246200615E-001 1.72496853537621E-001
62.3686916 1.69009121010641E-001 1.71738388316123E-001
62.4686829 1.68271359738131E-001 1.70984408971687E-001
62.5686704 1.67537985905984E-001 1.70234939155550E-001
62.6686580 1.66808938821150E-001 1.69489916456480E-001
62.7686494 1.66084158742445E-001 1.68749279445075E-001
62.8686371 1.65363669077311E-001 1.68013051664363E-001
62.9686286 1.64647383252214E-001 1.67281144277160E-001
63.0686163 1.63935324594621E-001 1.66553580751069E-001
63.1686040 1.63227434661542E-001 1.65830301004380E-001
63.2685918 1.62523682690643E-001 1.65111273245087E-001
63.3685872 1.61823984969836E-001 1.64396411589653E-001
63.4685751 1.61128418038437E-001 1.63685793882789E-001
63.5685630 1.60436898411162E-001 1.62979334480360E-001
63.6685509 1.59749396403782E-001 1.62277002710834E-001
63.7685388 1.59065882594631E-001 1.61578768175518E-001
63.8685344 1.58386276125480E-001 1.60884547938537E-001
63.9685224 1.57710651783224E-001 1.60194418059635E-001
64.0685105 1.57038928920369E-001 1.59508295825409E-001
64.1684986 1.56371079138651E-001 1.58826151900473E-001
64.2684867 1.55707074289100E-001 1.58147957208410E-001
64.3684824 1.55046836245284E-001 1.57473631634106E-001
64.4684706 1.54390438085593E-001 1.56803249496921E-001
64.5684588 1.53737801879346E-001 1.56136730888436E-001
64.6684470 1.53088900449438E-001 1.55474047741694E-001
64.7684353 1.52443706855544E-001 1.54815172235645E-001
64.8684312 1.51802145587206E-001 1.54160026955559E-001
64.9684195 1.51164288057281E-001 1.53508684524066E-001
65.0684079 1.50530058937093E-001 1.52861067718421E-001
65.1683963 1.49899432209598E-001 1.52217149676293E-001
65.2683847 1.49272382082744E-001 1.51576903768941E-001
65.3683808 1.48648835552082E-001 1.50940255167775E-001
65.4683692 1.48028862406970E-001 1.50307274841413E-001
65.5683578 1.47412389811719E-001 1.49677888139539E-001
65.6683463 1.46799392851736E-001 1.49052069344292E-001
65.7683349 1.46189846826292E-001 1.48429792959788E-001
65.8683311 1.45583681132517E-001 1.47810986635116E-001
65.9683197 1.44980963977352E-001 1.47195719726649E-001
66.0683084 1.44381624914533E-001 1.46583920048957E-001
66.1682971 1.43785640077564E-001 1.45975562971917E-001
66.2682858 1.43192985803312E-001 1.45370624076426E-001
66.3682821 1.42603593791250E-001 1.44769033386223E-001
66.4682709 1.42017530706039E-001 1.44170858686258E-001
66.5682597 1.41434728392423E-001 1.43576030153820E-001
66.6682485 1.40855163980697E-001 1.42984524192991E-001
66.7682374 1.40278814794606E-001 1.42396317408533E-001
66.8682339 1.39705614741639E-001 1.41811342100927E-001
66.9682228 1.39135628983364E-001 1.41229664523577E-001
67.0682118 1.38568791561964E-001 1.40651217119383E-001
67.1682007 1.38005080556078E-001 1.40075977276100E-001
67.2681897 1.37444474228436E-001 1.39503922572401E-001
67.3681864 1.36886908604836E-001 1.38934987492432E-001
67.4681754 1.36332447382002E-001 1.38369236796977E-001
67.5681645 1.35781026710554E-001 1.37806605102215E-001
67.6681536 1.35232625571712E-001 1.37247070731853E-001
67.7681428 1.34687223121944E-001 1.36690612191294E-001
67.8681396 1.34144757420009E-001 1.36137166059825E-001
67.9681288 1.33605290735105E-001 1.35586795643600E-001
68.0681180 1.33068761241600E-001 1.35039437644245E-001
68.1681072 1.32535148780047E-001 1.34495071276334E-001
68.2680965 1.32004433357881E-001 1.33953675927420E-001
68.3680934 1.31476554985600E-001 1.33415190187703E-001
68.4680827 1.30951574541263E-001 1.32879675945768E-001
68.5680721 1.30429432142368E-001 1.32347071905100E-001
68.6680615 1.29910108447912E-001 1.31817358128528E-001
68.7680509 1.29393584275867E-001 1.31290514843623E-001
68.8680479 1.28879801511117E-001 1.30766482571315E-001
68.9680374 1.28368819676068E-001 1.30245321818765E-001
69.0680269 1.27860580754575E-001 1.29726973211739E-001
69.1680164 1.27355066185401E-001 1.29211417621029E-001
69.2680059 1.26852257558807E-001 1.28698636074382E-001
69.3680031 1.26352098560394E-001 1.28188570947105E-001
69.4679927 1.25854647391493E-001 1.27681281400170E-001
69.5679823 1.25359847829170E-001 1.27176709905832E-001
69.6679719 1.24867682055367E-001 1.26674838104737E-001
69.7679615 1.24378132396440E-001 1.26175647787112E-001
69.8679589 1.23891144268501E-001 1.25679083109912E-001
69.9679486 1.23406774585501E-001 1.25185201922253E-001
70.0679383 1.22924968848008E-001 1.24693948470667E-001
70.1679281 1.22445709946503E-001 1.24205305129590E-001
70.2679178 1.21968980909181E-001 1.23719254416061E-001
70.3679153 1.21494728815735E-001 1.23235742199363E-001
70.4679051 1.21023009325561E-001 1.22754825050214E-001
70.5678949 1.20553769596266E-001 1.22276448920591E-001
70.6678848 1.20086993194071E-001 1.21800596884582E-001
70.7678747 1.19622663816565E-001 1.21327252152265E-001
70.8678723 1.19160730143198E-001 1.20856362239168E-001
70.9678622 1.18701246610780E-001 1.20387982470199E-001
71.0678522 1.18244161970563E-001 1.19922060437150E-001
71.1678422 1.17789460433439E-001 1.19458579881425E-001
71.2678322 1.17337126335654E-001 1.18997524674165E-001
71.3678299 1.16887109895527E-001 1.18538843914110E-001
71.4678200 1.16439464358412E-001 1.18082591712098E-001
71.5678100 1.15994140008715E-001 1.17628717237126E-001
71.6678002 1.15551121672560E-001 1.17177204867290E-001
71.7677903 1.15110394295721E-001 1.16728039104491E-001
71.8677881 1.14671909577275E-001 1.16281170570543E-001
71.9677783 1.14235719601426E-001 1.15836652193120E-001
72.0677685 1.13801776127998E-001 1.15394434658681E-001
72.1677587 1.13370064570438E-001 1.14954502952987E-001
72.2677489 1.12940570456433E-001 1.14516842179978E-001
72.3677468 1.12513246910337E-001 1.14081404427146E-001
72.4677371 1.12088144884707E-001 1.13648241469087E-001
72.5677275 1.11665217559655E-001 1.13217305452693E-001
72.6677178 1.11244450909481E-001 1.12788581943867E-001
72.7677082 1.10825831017598E-001 1.12362056621363E-001
72.8677062 1.10409312380648E-001 1.11937682983545E-001
72.9676966 1.09994944848257E-001 1.11515511681215E-001
73.0676870 1.09582682968163E-001 1.11095496267239E-001
73.1676774 1.09172513250412E-001 1.10677622861563E-001
73.2676679 1.08764422309297E-001 1.10261877691928E-001
73.3676660 1.08358365963122E-001 1.09848215615223E-001
73.4676565 1.07954392986524E-001 1.09436686186960E-001
73.5676471 1.07552459244552E-001 1.09027244313954E-001
73.6676376 1.07152551759169E-001 1.08619876645431E-001
73.7676282 1.06754657651963E-001 1.08214569933614E-001
73.8676264 1.06358734014523E-001 1.07811280343902E-001
73.9676171 1.05964828573684E-001 1.07410056364254E-001
74.0676077 1.05572898463711E-001 1.07010854205716E-001
74.1675984 1.05182931195859E-001 1.06613661023295E-001
74.2675890 1.04794914376629E-001 1.06218464070438E-001
74.3675874 1.04408806324632E-001 1.05825220773246E-001
74.4675781 1.04024653745361E-001 1.05433978579114E-001
74.5675688 1.03642414996301E-001 1.05044694955796E-001
74.6675596 1.03262078056523E-001 1.04657357541764E-001
74.7675504 1.02883630996175E-001 1.04271954069607E-001
74.8675488 1.02507033316653E-001 1.03888443180419E-001
74.9675396 1.02132330727843E-001 1.03506871307289E-001
75.0675305 1.01759482766464E-001 1.03127197129230E-001
75.1675213 1.01388477858990E-001 1.02749408746990E-001
75.2675122 1.01019304519022E-001 1.02373494351325E-001
75.3675108 1.00651923388410E-001 1.01999413754600E-001
75.4675017 1.00286379206476E-001 1.01627212401148E-001
75.5674926 9.99226326470775E-002 1.01256850137761E-001
75.6674836 9.95606725647041E-002 1.00888315507333E-001
75.7674746 9.92004878972058E-002 1.00521597138859E-001
75.8674732 9.88420403863879E-002 1.00156655974144E-001
75.9674642 9.84853738253592E-002 9.97935364936134E-002
76.0674553 9.81304499848293E-002 9.94321996702402E-002
76.1674463 9.77772581288674E-002 9.90726344699288E-002
76.2674374 9.74257876013255E-002 9.87148299409719E-002
76.3674361 9.70760012051826E-002 9.83587481145774E-002
76.4674273 9.67279418110278E-002 9.80044325314383E-002
76.5674184 9.63815722478485E-002 9.76518452508853E-002
76.6674096 9.60368821717627E-002 9.73009756436430E-002
76.7674007 9.56938613152694E-002 9.69518131592952E-002
76.8673996 9.53524735053852E-002 9.66043208801194E-002
76.9673908 9.50127607132233E-002 9.62585414305903E-002
77.0673820 9.46746867891043E-002 9.59144379182646E-002
77.1673732 9.43382417645198E-002 9.55720001013883E-002
77.2673645 9.40034157441060E-002 9.52312178137101E-002
77.3673634 9.36701735433425E-002 9.48920551518652E-002
77.4673547 9.33385562562801E-002 9.45545538469814E-002
77.5673461 9.30085287191765E-002 9.42186780183161E-002
77.6673374 9.26800813230304E-002 9.38844177951817E-002
77.7673288 9.23532045289046E-002 9.35517633791981E-002
77.8673278 9.20278641066527E-002 9.32206798461869E-002
77.9673192 9.17041002950619E-002 9.28912080561739E-002
78.0673106 9.13818788824054E-002 9.25633131051224E-002
78.1673020 9.10611906040865E-002 9.22369854777507E-002
78.2672935 9.07420262626402E-002 9.19122157280447E-002
78.3672925 9.04243525496177E-002 9.15889698773066E-002
78.4672840 9.01082088697445E-002 9.12672879360963E-002
78.5672755 8.97935619307899E-002 9.09471359435416E-002
78.6672671 8.94804027981824E-002 9.06285047248601E-002
78.7672586 8.91687226016897E-002 9.03113851716432E-002
78.8672578 8.88584889232292E-002 8.99957442183624E-002
78.9672493 8.85497403540857E-002 8.96816210471546E-002
79.0672409 8.82424444903398E-002 8.93689826081550E-002
79.1672325 8.79365927137502E-002 8.90578200528873E-002
79.2672242 8.76321764677548E-002 8.87481245964918E-002
79.3672234 8.73291641945866E-002 8.84398640556258E-002
79.4672151 8.70275936921446E-002 8.81330768044693E-002
79.5672068 8.67274334149076E-002 8.78277306733259E-002
79.6671985 8.64286750479173E-002 8.75238171265052E-002
79.7671902 8.61313103353601E-002 8.72213276893081E-002
79.8671895 8.58353085509532E-002 8.69202310308582E-002
79.9671813 8.55407067187154E-002 8.66205647372833E-002
80.0671730 8.52474741228212E-002 8.63222974894706E-002
80.1671648 8.49556027391620E-002 8.60254210516356E-002
80.2671566 8.46650846003570E-002 8.57299272464815E-002
80.3671560 8.43758897839391E-002 8.54357855670834E-002
80.4671478 8.40880545590175E-002 8.51430328308758E-002
80.5671397 8.38015490119146E-002 8.48516385409411E-002
80.6671315 8.35163653975177E-002 8.45615947491238E-002
80.7671234 8.32324960251396E-002 8.42728935633709E-002
80.8671229 8.29499117495671E-002 8.39855052733402E-002
80.9671148 8.26686481034509E-002 8.36994659466019E-002
81.0671067 8.23886759488130E-002 8.34147458811845E-002
81.1670987 8.21099878082350E-002 8.31313374048575E-002
81.2670906 8.18325762565270E-002 8.28492328992194E-002
81.3670902 8.15564129002249E-002 8.25684034242364E-002
81.4670822 8.12815325534667E-002 8.22888843159274E-002
81.5670742 8.10079068285746E-002 8.20106466411029E-002
81.6670662 8.07355285050442E-002 8.17336829922980E-002
81.7670583 8.04643904125042E-002 8.14579860137064E-002
81.8670579 8.01944648847413E-002 8.11835275103716E-002
81.9670500 7.99257860348357E-002 8.09103421045724E-002
82.0670421 7.96583262010108E-002 8.06384016067743E-002
82.1670342 7.93920784093913E-002 8.03676988636316E-002
82.2670263 7.91270357342349E-002 8.00982267713873E-002
82.3670260 7.88631712130418E-002 7.98299578559249E-002
82.4670182 7.86005182748124E-002 7.95629260431077E-002
82.5670103 7.83390499602272E-002 7.92971038629170E-002
82.6670025 7.80787595322240E-002 7.90324844059680E-002
82.7669947 7.78196402999647E-002 7.87690608104899E-002
82.8669945 7.75616659820425E-002 7.85068062999177E-002
82.9669867 7.73048693398929E-002 7.82457541205511E-002
83.0669790 7.70492240941200E-002 7.79858774986901E-002
83.1669712 7.67947237351045E-002 7.77271697592161E-002
83.2669635 7.65413617976285E-002 7.74696242727390E-002
83.3669634 7.62891126596333E-002 7.72132149378632E-002
83.4669556 7.60380084310533E-002 7.69579743377157E-002
83.5669479 7.57880234907535E-002 7.67038763726190E-002
83.6669403 7.55391515476097E-002 7.64509145924648E-002
83.7669326 7.52913863531582E-002 7.61990825910729E-002
83.8669326 7.50447029237796E-002 7.59483549206998E-002
83.9669249 7.47991327335344E-002 7.56987635172445E-002
84.0669173 7.45546507987156E-002 7.54502829336141E-002
84.1669097 7.43112510381480E-002 7.52029069358725E-002
84.2669021 7.40689274116539E-002 7.49566293322914E-002
84.3669022 7.38276555539420E-002 7.47114253080868E-002
84.4668946 7.35874663184015E-002 7.44673261674410E-002
84.5668870 7.33483353387148E-002 7.42243070952291E-002
84.6668795 7.31102567354903E-002 7.39823620652441E-002
84.7668720 7.28732246687450E-002 7.37414850918436E-002
84.8668721 7.26372153721685E-002 7.35016519733000E-002
84.9668646 7.24022590932678E-002 7.32628933971681E-002
85.0668571 7.21683320638345E-002 7.30251851604589E-002
85.1668496 7.19354285984578E-002 7.27885214366271E-002
85.2668422 7.17035430496166E-002 7.25528964381227E-002
85.3668424 7.14726522313626E-002 7.23182865571248E-002
85.4668349 7.12427857997100E-002 7.20847218792411E-002
85.5668275 7.10139205660043E-002 7.18521787945352E-002
85.6668201 7.07860510313563E-002 7.16206516684138E-002
85.7668127 7.05591717333147E-002 7.13901349037790E-002
85.8668130 7.03332600483721E-002 7.11606054682878E-002
85.9668056 7.01083450550496E-002 7.09320928598832E-002
86.0667983 6.98844041263848E-002 7.07045740433148E-002
86.1667909 6.96614319428781E-002 7.04780435685715E-002
86.2667836 6.94394232200796E-002 7.02524960217026E-002
86.3667839 6.92183558796685E-002 7.00279089281033E-002
86.4667766 6.89982584362946E-002 6.98043112119489E-002
86.5667694 6.87791088074885E-002 6.95816803949927E-002
86.6667621 6.85609018463198E-002 6.93600112047585E-002
86.7667548 6.83436324395791E-002 6.91392984034582E-002
86.8667552 6.81272790375153E-002 6.89195200571441E-002
86.9667480 6.79118696041625E-002 6.87007045297450E-002
87.0667408 6.76973825849796E-002 6.84828298829923E-002
87.1667336 6.74838129990800E-002 6.82658910152038E-002
87.2667264 6.72711558980274E-002 6.80498828580727E-002
87.3667268 6.70593902446342E-002 6.78347840018581E-002
87.4667197 6.68485434652171E-002 6.76206222634001E-002
87.5667125 6.66385945172063E-002 6.74073762280085E-002
87.6667054 6.64295385795152E-002 6.71950409583464E-002
87.7666983 6.62213708622914E-002 6.69836115491966E-002
87.8666988 6.60140708254885E-002 6.67730670991770E-002
87.9666917 6.58076653702592E-002 6.65634348908437E-002
88.0666846 6.56021339506282E-002 6.63546940172853E-002
88.1666775 6.53974718993331E-002 6.61468396993396E-002
88.2666705 6.51936745791813E-002 6.59398671887612E-002
88.3666710 6.49907219324053E-002 6.57337560772576E-002
88.4666640 6.47886403472101E-002 6.55285331255615E-002
88.5666570 6.45874097593956E-002 6.53241779193157E-002
88.6666500 6.43870256498023E-002 6.51206858316254E-002
88.7666429 6.41874835282262E-002 6.49180522653625E-002
88.8666436 6.39887638048510E-002 6.47162572906064E-002
88.9666366 6.37908923668251E-002 6.45153271583941E-002
89.0666296 6.35938496174369E-002 6.43152419322483E-002
89.1666227 6.33976311801514E-002 6.41159971318865E-002
89.2666157 6.32022327063215E-002 6.39175883056909E-002
89.3666164 6.30076350602687E-002 6.37199959879258E-002
89.4666095 6.28138636396588E-002 6.35232459317369E-002
89.5666026 6.26208993014923E-002 6.33273186643787E-002
89.6665957 6.24287378066117E-002 6.31322098467655E-002
89.7665889 6.22373749427244E-002 6.29379151674206E-002
89.8665896 6.20467920149675E-002 6.27444156111134E-002
89.9665828 6.18570139427907E-002 6.25517364445880E-002
90.0665759 6.16680220236201E-002 6.23598586451880E-002
90.1665691 6.14798121506481E-002 6.21687780098366E-002
90.2665622 6.12923802429527E-002 6.19784903620558E-002
90.3665631 6.11057080336356E-002 6.17889771239254E-002
90.4665563 6.09198199748985E-002 6.16002630869735E-002
90.5665495 6.07346977917749E-002 6.14123296654731E-002
90.6665427 6.05503375049906E-002 6.12251727873869E-002
90.7665359 6.03667351602174E-002 6.10387884063073E-002
90.8665368 6.01838729061228E-002 6.08531583688970E-002
90.9665301 6.00017747383379E-002 6.06683070023563E-002
91.0665233 5.98204227971363E-002 6.04842161451928E-002
91.1665166 5.96398132261597E-002 6.03008818516455E-002
91.2665099 5.94599421930954E-002 6.01183002006545E-002
91.3665108 5.92807922502108E-002 5.99364534511846E-002
91.4665041 5.91023869469630E-002 5.97553654767093E-002
91.5664975 5.89247088269292E-002 5.95750185277200E-002
91.6664908 5.87477541522403E-002 5.93954087801671E-002
91.7664842 5.85715192082097E-002 5.92165324338110E-002
91.8664851 5.83959869391545E-002 5.90383721480663E-002
91.9664785 5.82211804584812E-002 5.88609513530008E-002
92.0664719 5.80470827015474E-002 5.86842526992666E-002
92.1664653 5.78736900447287E-002 5.85082724801475E-002
92.2664587 5.77009988867553E-002 5.83330070118847E-002
92.3664597 5.75289925528428E-002 5.81584393429000E-002
92.4664531 5.73576937302042E-002 5.79845924699068E-002
92.5664466 5.71870857348521E-002 5.78114494323029E-002
92.6664400 5.70171650533356E-002 5.76390066365081E-002
92.7664335 5.68479281937640E-002 5.74672605110812E-002
92.8664346 5.66793588514831E-002 5.72961944824051E-002
92.9664281 5.65114792971118E-002 5.71258311236251E-002
93.0664215 5.63442732165733E-002 5.69561538518626E-002
93.1664150 5.61777372026843E-002 5.67871591826478E-002
93.2664086 5.60118678690600E-002 5.66188436528641E-002
93.3664097 5.58466492707747E-002 5.64511910561863E-002
93.4664032 5.56821032712029E-002 5.62842235517235E-002
93.5663968 5.55182139157995E-002 5.61179249236756E-002
93.6663903 5.53549778999010E-002 5.59522917928202E-002
93.7663839 5.51923919389115E-002 5.57873208005343E-002
93.8663851 5.50304404375854E-002 5.56229960974797E-002
93.9663787 5.48691448611589E-002 5.54593394380119E-002
94.0663723 5.47084896045909E-002 5.52963349631263E-002
94.1663659 5.45484714621412E-002 5.51339793951411E-002
94.2663595 5.43890872474348E-002 5.49722694762507E-002
94.3663607 5.42303217051968E-002 5.48111897041475E-002
94.4663544 5.40721959113946E-002 5.46507614374749E-002
94.5663480 5.39146946008016E-002 5.44909691640883E-002
94.6663417 5.37578146631475E-002 5.43318097042889E-002
94.7663353 5.36015530068535E-002 5.41732798975592E-002
94.8663366 5.34458947072310E-002 5.40153645790016E-002
94.9663303 5.32908604596193E-002 5.38580847203544E-002
95.0663240 5.31364353292403E-002 5.37014251467315E-002
95.1663177 5.29826162979782E-002 5.35453827730010E-002
95.2663114 5.28294003657618E-002 5.33899545325462E-002
95.3663128 5.26767729294169E-002 5.32351255885801E-002
95.4663065 5.25247543120729E-002 5.30809165345154E-002
95.5663002 5.23733299003454E-002 5.29273125234437E-002
95.6662940 5.22224967650893E-002 5.27743105615204E-002
95.7662878 5.20722519945825E-002 5.26219076727762E-002
95.8662892 5.19225812983941E-002 5.24700893395447E-002
95.9662829 5.17735046356447E-002 5.23188757852720E-002
96.0662767 5.16250077055890E-002 5.21682524820544E-002
96.1662705 5.14770876649939E-002 5.20182165241847E-002
96.2662643 5.13297416874522E-002 5.18687650232163E-002
96.3662658 5.11829557867945E-002 5.17198837719111E-002
96.4662596 5.10367495661230E-002 5.15715926318924E-002
96.5662535 5.08911090288650E-002 5.14238773855845E-002
96.6662473 5.07460314147607E-002 5.12767352123921E-002
96.7662412 5.06015139798025E-002 5.11301633083891E-002
96.8662427 5.04575430338778E-002 5.09841477683594E-002
96.9662365 5.03141378318581E-002 5.08387081000388E-002
97.0662304 5.01712846731522E-002 5.06938303877880E-002
97.1662243 5.00289808776500E-002 5.05495118932158E-002
97.2662182 4.98872237809419E-002 5.04057498940328E-002
97.3662198 4.97459999810350E-002 5.02625307789130E-002
97.4662137 4.96053283921583E-002 5.01198737094373E-002
97.5662076 4.94651956017782E-002 4.99777650637852E-002
97.6662016 4.93255990072201E-002 4.98362021829756E-002
97.7661955 4.91865360209794E-002 4.96951824235834E-002
97.8661971 4.90479935215028E-002 4.95546924603059E-002
97.9661911 4.89099900897723E-002 4.94147511161048E-002
98.0661851 4.87725125936443E-002 4.92753450551239E-002
98.1661791 4.86355585052698E-002 4.91364716951066E-002
98.2661730 4.84991253114610E-002 4.89981284688278E-002
98.3661747 4.83632001636704E-002 4.88603023293948E-002
98.4661687 4.82278013168420E-002 4.87230117684946E-002
98.5661627 4.80929159118002E-002 4.85862437286348E-002
98.6661568 4.79585414930132E-002 4.84499957017012E-002
98.7661508 4.78246756191199E-002 4.83142651941067E-002
98.8661525 4.76913057073841E-002 4.81790394300003E-002
98.9661465 4.75584496937379E-002 4.80443365769535E-002
99.0661406 4.74260949847896E-002 4.79101438484803E-002
99.1661347 4.72942391949113E-002 4.77764588081261E-002
99.2661288 4.71628799521747E-002 4.76432790334784E-002
99.3661305 4.70320049326884E-002 4.75105920125953E-002
99.4661246 4.69016317602226E-002 4.73784155959106E-002
99.5661187 4.67717481002132E-002 4.72467372608229E-002
99.6661128 4.66423516346153E-002 4.71155546401490E-002
99.7661070 4.65134400586300E-002 4.69848653802816E-002
99.8661087 4.63850013004656E-002 4.68546572262820E-002
99.9661029 4.62570526784077E-002 4.67249477182488E-002
100.0660970 4.61295821099839E-002 4.65957245905691E-002
100.1660912 4.60025873424992E-002 4.64669855430342E-002
100.2660854 4.58760661360679E-002 4.63387282885622E-002
100.3660872 4.57500066644646E-002 4.62109408225301E-002
100.4660814 4.56244259470017E-002 4.60836403813336E-002
100.5660756 4.54993121467736E-002 4.59568149496696E-002
100.6660698 4.53746630742863E-002 4.58304622920938E-002
100.7660640 4.52504765524350E-002 4.57045801858563E-002
100.8660658 4.51267409942320E-002 4.55791568701723E-002
100.9660601 4.50034731263646E-002 4.54542092842011E-002
101.0660543 4.48806613511738E-002 4.53297256564809E-002
101.1660486 4.47583035402982E-002 4.52057038142041E-002
101.2660428 4.46363975773613E-002 4.50821415968426E-002
101.3660447 4.45149321084816E-002 4.49590274811750E-002
101.4660390 4.43939235739122E-002 4.48363781154291E-002
101.5660333 4.42733606091164E-002 4.47141819657174E-002
101.6660275 4.41532411448744E-002 4.45924369198223E-002
101.7660218 4.40335631235621E-002 4.44711408774054E-002
101.8660238 4.39143154184625E-002 4.43502825467286E-002
101.9660181 4.37955141894318E-002 4.42298782912377E-002
102.0660124 4.36771482991210E-002 4.41099168085467E-002
102.1660067 4.35592157355350E-002 4.39903960450571E-002
102.2660011 4.34417144978992E-002 4.38713139586641E-002
102.3660031 4.33246336809027E-002 4.37526594832215E-002
102.4659974 4.32079891698928E-002 4.36344487033894E-002
102.5659918 4.30917700489564E-002 4.35166705423984E-002
102.6659861 4.29759743614766E-002 4.33993230033714E-002
102.7659805 4.28606001616965E-002 4.32824041005540E-002
102.8659825 4.27456367601284E-002 4.31659029876808E-002
102.9659769 4.26310997733548E-002 4.30498354764753E-002
103.0659713 4.25169785013217E-002 4.29341907100803E-002
103.1659657 4.24032710410125E-002 4.28189667465127E-002
103.2659601 4.22899754999231E-002 4.27041616545543E-002
103.3659622 4.21770813989770E-002 4.25897648022850E-002
103.4659566 4.20646040915940E-002 4.24757917341961E-002
103.5659511 4.19525330881729E-002 4.23622318078130E-002
103.6659455 4.18408665375844E-002 4.22490831342859E-002
103.7659400 4.17296025988768E-002 4.21363438351858E-002
103.8659421 4.16187309981369E-002 4.20240034875702E-002
103.9659365 4.15082668310871E-002 4.19120773742634E-002
104.0659310 4.13981998133359E-002 4.18005550618114E-002
104.1659255 4.12885281439912E-002 4.16894347128018E-002
104.2659200 4.11792500320151E-002 4.15787144999111E-002
104.3659221 4.10703554035677E-002 4.14683842039698E-002
104.4659166 4.09618591020066E-002 4.13584588515642E-002
104.5659112 4.08537510430648E-002 4.12489282130608E-002
104.6659057 4.07460294744964E-002 4.11397905008502E-002
104.7659002 4.06386926535990E-002 4.10310439370931E-002
104.8659024 4.05317307016685E-002 4.09226785013439E-002
104.9658969 4.04251582149003E-002 4.08147089692480E-002
105.0658915 4.03189653042190E-002 4.07071253099488E-002
105.1658860 4.02131502644920E-002 4.05999257840653E-002
105.2658806 4.01077113998304E-002 4.04931086616784E-002
105.3658828 4.00026390218759E-002 4.03866641161698E-002
105.4658774 3.98979474847386E-002 4.02806066774122E-002
105.5658720 3.97936270897485E-002 4.01749265084328E-002
105.6658666 3.96896761774086E-002 4.00696219165612E-002
105.7658612 3.95860930971762E-002 3.99646912182914E-002
105.8658634 3.94828683463910E-002 3.98601247760814E-002
105.9658580 3.93800160420317E-002 3.97559368790740E-002
106.0658527 3.92775266711900E-002 3.96521178794334E-002
106.1658473 3.91753986185793E-002 3.95486661297359E-002
106.2658419 3.90736302775883E-002 3.94455799914361E-002
106.3658442 3.89722123267442E-002 3.93428500114574E-002
106.4658389 3.88711586507294E-002 3.92404902431348E-002
106.5658335 3.87704599178898E-002 3.91384912231623E-002
106.6658282 3.86701145557750E-002 3.90368513479518E-002
106.7658229 3.85701210003412E-002 3.89355690225177E-002
106.8658252 3.84704701069244E-002 3.88346349737742E-002
106.9658199 3.83711755326301E-002 3.87340630240517E-002
107.0658146 3.82722281226831E-002 3.86338438901029E-002
107.1658093 3.81736263461439E-002 3.85339760108146E-002
107.2658040 3.80753686802201E-002 3.84344578334094E-002
107.3658063 3.79774461528065E-002 3.83352802604494E-002
107.4658011 3.78798721980377E-002 3.82364568879485E-002
107.5657958 3.77826378337700E-002 3.81379786083777E-002
107.6657905 3.76857415692964E-002 3.80398439017860E-002
107.7657853 3.75891819218062E-002 3.79420512563013E-002
107.8657877 3.74929500876264E-002 3.78445917459166E-002
107.9657824 3.73970592824170E-002 3.77474787449056E-002
108.0657772 3.73015006925420E-002 3.76507033172441E-002
108.1657720 3.72062728662927E-002 3.75542639828767E-002
108.2657667 3.71113743596159E-002 3.74581592695793E-002
108.3657692 3.70167965332627E-002 3.73623804186816E-002
108.4657639 3.69225523888089E-002 3.72669405871846E-002
108.5657587 3.68286332771208E-002 3.71718310064769E-002
108.6657536 3.67350377842977E-002 3.70770502351772E-002
108.7657484 3.66417645038616E-002 3.69825968394959E-002
108.8657508 3.65488049570958E-002 3.68884622241234E-002
108.9657456 3.64561719357776E-002 3.67946593331496E-002
109.0657405 3.63638569513856E-002 3.67011795614023E-002
