0.0053140 3.05350488049022E+001 5.68176758297336E+003
0.0210792 1.15407411959949E+002 5.51990202464550E+003
0.0467942 2.37131452214045E+002 5.26908477030871E+003
0.0817065 3.73878301441763E+002 4.95278531480627E+003
0.1249105 5.05949188489100E+002 4.59615513889181E+003
0.1754417 6.19619974826066E+002 4.22205136525756E+003
0.2323515 7.07901452980237E+002 3.84876306976687E+003
0.2947571 7.69286644014835E+002 3.48935694305157E+003
0.3618673 8.05809758878308E+002 3.15211408450451E+003
0.4329916 8.21285261902519E+002 2.84147618108670E+003
0.5075377 8.20059282582200E+002 2.55909416664348E+003
0.5850032 8.06274912307385E+002 2.30475244676985E+003
0.6649650 7.83521535807978E+002 2.07709214354496E+003
0.7470680 7.54725748910303E+002 1.87413007007572E+003
0.8310139 7.22173884450571E+002 1.69361116522967E+003
0.9165527 6.87593620708047E+002 1.53323045749966E+003
1.0034738 6.52253602196607E+002 1.39076617341857E+003
1.0915995 6.17059798949519E+002 1.26415201051646E+003
1.1807797 5.82639278346500E+002 1.15150958672565E+003
1.2708868 5.49409453495035E+002 1.05115826597362E+003
1.3618115 5.17632614668429E+002 9.61609464449566E+002
1.4534610 4.87458031677301E+002 8.81553513385538E+002
1.5457546 4.58954427548358E+002 8.09844403167363E+002
1.6386236 4.32133464673557E+002 7.45480936189800E+002
1.7320075 4.06968081985245E+002 6.87591008111934E+002
1.8258543 3.83405090626573E+002 6.35414494573212E+002
1.9201186 3.61374868153004E+002 5.88289243153943E+002
2.0147601 3.40798321817556E+002 5.45638399266972E+002
2.1097440 3.21591379383020E+002 5.06958253226663E+002
2.2050388 3.03668779083442E+002 4.71809123726499E+002
2.3006174 2.86946072829834E+002 4.39806075202063E+002
2.3964555 2.71341333202564E+002 4.10611792234006E+002
2.4925310 2.56776248072481E+002 3.83930350624643E+002
2.5888248 2.43176459689895E+002 3.59501238472614E+002
2.6853193 2.30472150692475E+002 3.37095136116070E+002
2.7819988 2.18597918166995E+002 3.16509428869108E+002
2.8788497 2.07492848672017E+002 2.97564906480408E+002
2.9758588 1.97100465007533E+002 2.80102872663811E+002
3.0730149 1.87368361690838E+002 2.63982248923306E+002
3.1703074 1.78248184314637E+002 2.49077677183522E+002
3.2677268 1.69695224486376E+002 2.35277315514479E+002
3.3652646 1.61668268058103E+002 2.22481328381902E+002
3.4629133 1.54129291099395E+002 2.10600348890855E+002
3.5606650 1.47043362437831E+002 1.99554448983865E+002
3.6585133 1.40378199190094E+002 1.89271712048170E+002
3.7564523 1.34104095712225E+002 1.79687516206916E+002
3.8544764 1.28193682796272E+002 1.70743649487303E+002
3.9525810 1.22621711881689E+002 1.62387549604951E+002
4.0507604 1.17364983447110E+002 1.54571828885015E+002
4.1490108 1.12402024903729E+002 1.47253481743444E+002
4.2473280 1.07713048348853E+002 1.40393560201076E+002
4.3457083 1.03279785387028E+002 1.33956704741245E+002
4.4441489 9.90853412813969E+001 1.27910739210350E+002
4.5426454 9.51141580653450E+001 1.22226451293509E+002
4.6411954 9.13517887727895E+001 1.16877125307346E+002
4.7397961 8.77848817119188E+001 1.11838398408202E+002
4.8384450 8.44010714969768E+001 1.07087999475964E+002
4.9371399 8.11888833818232E+001 1.02605522746658E+002
5.0358779 7.81377199776857E+001 9.83723290403913E+001
5.1346571 7.52377021108788E+001 9.43712545530345E+001
5.2334756 7.24796693755349E+001 9.05865519289727E+001
5.3323316 6.98551082720927E+001 8.70037381074919E+001
5.4312238 6.73560892857322E+001 8.36094620428318E+001
5.5301496 6.49752670715942E+001 8.03914640715066E+001
5.6291079 6.27057661519909E+001 7.73383851021649E+001
5.7280973 6.05411899354883E+001 7.44397478710598E+001
5.8271164 5.84755726324090E+001 7.16858644222363E+001
5.9261644 5.65033372168193E+001 6.90677555267374E+001
6.0252392 5.46193025023790E+001 6.65771382310023E+001
6.1243401 5.28185991683072E+001 6.42062952273724E+001
6.2234659 5.10966824903328E+001 6.19480749217333E+001
6.3226158 4.94492994967265E+001 5.97958329200896E+001
6.4217891 4.78724602861525E+001 5.77433810169602E+001
6.5209840 4.63624481679200E+001 5.57849882293660E+001
6.6202001 4.49157565550409E+001 5.39152879120705E+001
6.7194366 4.35291027739580E+001 5.21292862252839E+001
6.8186927 4.21994051138358E+001 5.04223237670538E+001
6.9179682 4.09237628025195E+001 4.87900421139605E+001
7.0172613 3.96994671099701E+001 4.72283910036185E+001
7.1165720 3.85239529076860E+001 4.57335601085916E+001
7.2158999 3.73948069199519E+001 4.43019841076475E+001
7.3152432 3.63097776982776E+001 4.29303500848323E+001
7.4146030 3.52667085410259E+001 4.16155080455899E+001
7.5139770 3.42636059273263E+001 4.03545532525018E+001
7.6133666 3.32985517739777E+001 3.91447118572307E+001
7.7127702 3.23697638833706E+001 3.79834135821900E+001
7.8121865 3.14755587568853E+001 3.68682417938683E+001
7.9116168 3.06143211426756E+001 3.57968928534955E+001
8.0110589 2.97845569848744E+001 3.47672395471214E+001
8.1105143 2.89848221130768E+001 3.37772400558872E+001
8.2099815 2.82137732482788E+001 3.28249992097816E+001
8.3094593 2.74701382497399E+001 3.19087295706877E+001
8.4089492 2.67526916238548E+001 3.10267195971331E+001
8.5084489 2.60602994062892E+001 3.01773873006625E+001
8.6079599 2.53918605197252E+001 2.93592066834951E+001
8.7074812 2.47463500065013E+001 2.85707594811288E+001
8.8070112 2.41227948859021E+001 2.78107042631096E+001
8.9065517 2.35202541750083E+001 2.70777510274062E+001
9.0061006 2.29378571011529E+001 2.63707067134643E+001
9.1056593 2.23747543700087E+001 2.56884149720787E+001
9.2052267 2.18301549847189E+001 2.50298000318109E+001
9.3048016 2.13033064104752E+001 2.43938417733500E+001
9.4043856 2.07934780711486E+001 2.37795551261894E+001
9.5039766 2.02999940342254E+001 2.31860288191158E+001
9.6035763 1.98221921342846E+001 2.26123755004123E+001
9.7031836 1.93594554829053E+001 2.20577690869563E+001
9.8027972 1.89111959913612E+001 2.15214243790951E+001
9.9024188 1.84768405875078E+001 2.10025801190377E+001
10.0020464 1.80558593042355E+001 2.05005321247480E+001
10.1016817 1.76477307033918E+001 2.00145915655015E+001
10.2013235 1.72519689728650E+001 1.95441169090088E+001
10.3009707 1.68681101038986E+001 1.90884970486629E+001
10.4006251 1.64957002673216E+001 1.86471372048978E+001
10.5002846 1.61343200644461E+001 1.82194873844513E+001
10.5999509 1.57835550582438E+001 1.78050071660407E+001
10.6996230 1.54430191863558E+001 1.74031931560916E+001
10.7992996 1.51123430632064E+001 1.70135648753756E+001
10.8989827 1.47911640921933E+001 1.66356529029349E+001
10.9986702 1.44791474987334E+001 1.62690234320126E+001
11.0983637 1.41759610413836E+001 1.59132483128073E+001
11.1980623 1.38812953348794E+001 1.55679287592856E+001
11.2977649 1.35948538721509E+001 1.52326834335046E+001
11.3974732 1.33163445480354E+001 1.49071383833466E+001
11.4971853 1.30454979819355E+001 1.45909483263725E+001
11.5969029 1.27820456798441E+001 1.42837709816862E+001
11.6966250 1.25257377534811E+001 1.39852876339496E+001
11.7963505 1.22763343486297E+001 1.36951929894171E+001
11.8960812 1.20335983283204E+001 1.34131865663134E+001
11.9958151 1.17973113021387E+001 1.31389912240539E+001
12.0955540 1.15672546599368E+001 1.28723310269396E+001
12.1952970 1.13432250863757E+001 1.26129491614849E+001
12.2950428 1.11250271497521E+001 1.23605992363236E+001
12.3947934 1.09124669463850E+001 1.21150378618806E+001
12.4945468 1.07053661806657E+001 1.18760408502990E+001
12.5943047 1.05035456058448E+001 1.16433840117468E+001
12.6940662 1.03068386634405E+001 1.14168588325557E+001
12.7938302 1.01150850376959E+001 1.11962649633148E+001
12.8935986 9.92812510342992E+000 1.09814037817716E+001
12.9933693 9.74581234194528E+000 1.07720926143293E+001
13.0931443 9.56799881292317E+000 1.05681479859357E+001
13.1929224 9.39454719175527E+000 1.03693993950927E+001
13.2927027 9.22532513360205E+000 1.01756827883372E+001
13.3924871 9.06020039792230E+000 9.98683494314381E+000
13.4922734 8.89905183751158E+000 9.80270600157520E+000
13.5920637 8.74175659481135E+000 9.62314478722375E+000
13.6918568 8.58820076450227E+000 9.44801095543922E+000
13.7916517 8.43827444106734E+000 9.27716929318927E+000
13.8914504 8.29186741713184E+000 9.11048479124039E+000
13.9912508 8.14887894396074E+000 8.94783373163261E+000
14.0910548 8.00920640013321E+000 8.78909075712968E+000
14.1908615 7.87275476952476E+000 8.63413962823247E+000
14.2906697 7.73943226960235E+000 8.48286821869625E+000
14.3904813 7.60914653939756E+000 8.33516417125210E+000
14.4902944 7.48181333795912E+000 8.19092474076257E+000
14.5901109 7.35734647682739E+000 8.05004535822268E+000
14.6899298 7.23566627311958E+000 7.91242918807081E+000
14.7897500 7.11669567413768E+000 7.77798271390771E+000
14.8895734 7.00035686555172E+000 7.64661189145638E+000
14.9893980 6.88657904817970E+000 7.51823091673068E+000
15.0892259 6.77528946057640E+000 7.39275207151911E+000
15.1890558 6.66642094197002E+000 7.27009424342098E+000
15.2888878 6.55990747857718E+000 7.15017788455607E+000
15.3887200 6.45568718135274E+000 7.03292835038026E+000
15.4885562 6.35369429626087E+000 6.91826689906724E+000
15.5883943 6.25387105121030E+000 6.80612400641766E+000
15.6882343 6.15615958709101E+000 6.69643027436182E+000
15.7880763 6.06050389535519E+000 6.58911860002667E+000
15.8879183 5.96685151669070E+000 6.48412606823158E+000
15.9877640 5.87514636816413E+000 6.38138590090957E+000
16.0876115 5.78533939636688E+000 6.28083939009639E+000
16.1874608 5.69738133467948E+000 6.18242776740943E+000
16.2873119 5.61122445048854E+000 6.08609415455433E+000
16.3871628 5.52682408297223E+000 5.99178527238533E+000
16.4870172 5.44413218405783E+000 5.89944421653988E+000
16.5868734 5.36310692502736E+000 5.80902118396233E+000
16.6867312 5.28370617569798E+000 5.72046617805150E+000
16.7865905 5.20588908381263E+000 5.63373076705035E+000
16.8864496 5.12961747021608E+000 5.54876963089388E+000
16.9863121 5.05484999594426E+000 5.46553405833229E+000
17.0861762 4.98155084826901E+000 5.38398161637658E+000
17.1860417 4.90968385303983E+000 5.30406958512260E+000
17.2859087 4.83921390572795E+000 5.22575654682116E+000
17.3857753 4.77010823991315E+000 5.14900378897131E+000
17.4856452 4.70233114556109E+000 5.07376943391962E+000
17.5855166 4.63585184270808E+000 5.00001717894341E+000
17.6853893 4.57063915110374E+000 4.92771037065467E+000
17.7852633 4.50666278978750E+000 4.85681344445069E+000
17.8851368 4.44389453277696E+000 4.78729319992877E+000
17.9850136 4.38230341420168E+000 4.71911348694989E+000
18.0848916 4.32186288290427E+000 4.65224312597683E+000
18.1847709 4.26254596426702E+000 4.58665054511867E+000
18.2846515 4.20432644298362E+000 4.52230508702688E+000
18.3845314 4.14717991809328E+000 4.45917817065739E+000
18.4844144 4.09107943952424E+000 4.39723846860300E+000
18.5842986 4.03600202430682E+000 4.33645910212409E+000
18.6841841 3.98192425446346E+000 4.27681277484312E+000
18.7840706 3.92882335574625E+000 4.21827296190650E+000
18.8839565 3.87667816265578E+000 4.16081497035422E+000
18.9838453 3.82546513842174E+000 4.10441155157089E+000
19.0837353 3.77516432287683E+000 4.04903945266117E+000
19.1836263 3.72575531785885E+000 3.99467498996263E+000
19.2835185 3.67721827306457E+000 3.94129513337640E+000
19.3834098 3.62953477039374E+000 3.88887847608316E+000
19.4833041 3.58268418570973E+000 3.83740123356418E+000
19.5831994 3.53664912937913E+000 3.78684322216191E+000
19.6830957 3.49141177703027E+000 3.73718382327682E+000
19.7829930 3.44695477228489E+000 3.68840297412978E+000
19.8828894 3.40326203864490E+000 3.64048205625016E+000
19.9827887 3.36031544673556E+000 3.59340023893543E+000
20.0826889 3.31809980080461E+000 3.54713994665956E+000
20.1825901 3.27659947810947E+000 3.50168317131817E+000
20.2824922 3.23579925709291E+000 3.45701237927881E+000
20.3823934 3.19568506405861E+000 3.41311132693221E+000
20.4822973 3.15624091416532E+000 3.36996171190000E+000
20.5822022 3.11745349058229E+000 3.32754818313392E+000
20.6821079 3.07930906040162E+000 3.28585496408366E+000
20.7820145 3.04179423579426E+000 3.24486668468203E+000
20.8819201 3.00489666187693E+000 3.20456913126798E+000
20.9818284 2.96860220363115E+000 3.16494617348398E+000
21.0817375 2.93289915874844E+000 3.12598436422313E+000
21.1816475 2.89777542191913E+000 3.08766984128502E+000
21.2815583 2.86321918561457E+000 3.04998909190060E+000
21.3814680 2.82921957481529E+000 3.01292964348326E+000
21.4813803 2.79576405538077E+000 2.97647723811671E+000
21.5812935 2.76284231674058E+000 2.94062006377032E+000
21.6812074 2.73044365980543E+000 2.90534590601774E+000
21.7811221 2.69855764325022E+000 2.87064285180549E+000
21.8810357 2.66717467013475E+000 2.83649992674833E+000
21.9809519 2.63628359613757E+000 2.80290449250388E+000
22.0808688 2.60587531403566E+000 2.76984614573941E+000
22.1807864 2.57594034340698E+000 2.73731409492645E+000
22.2807048 2.54646942761919E+000 2.70529780927754E+000
22.3806219 2.51745407681698E+000 2.67378760765691E+000
22.4805416 2.48888435692836E+000 2.64277225706167E+000
22.5804621 2.46075220422462E+000 2.61224257155968E+000
22.6803832 2.43304919750996E+000 2.58218899213350E+000
22.7803050 2.40576711043737E+000 2.55260218603252E+000
22.8802255 2.37889841484922E+000 2.52347359180736E+000
22.9801486 2.35243423362747E+000 2.49479319964208E+000
23.0800723 2.32636741045311E+000 2.46655287879063E+000
23.1799967 2.30069044736806E+000 2.43874414099952E+000
23.2799217 2.27539601653084E+000 2.41135869493353E+000
23.3798454 2.25047742746989E+000 2.38438895134989E+000
23.4797716 2.22592672872979E+000 2.35782596821377E+000
23.5796984 2.20173755518497E+000 2.33166253195355E+000
23.6796259 2.17790321576288E+000 2.30589108720641E+000
23.7795539 2.15441716830686E+000 2.28050425046153E+000
23.8794806 2.13127345392637E+000 2.25549527895908E+000
23.9794098 2.10846493403137E+000 2.23085616542237E+000
24.0793395 2.08598593513990E+000 2.20658049565878E+000
24.1792698 2.06383047321109E+000 2.18266152929695E+000
24.2792007 2.04199269489271E+000 2.15909267634192E+000
24.3791302 2.02046728182202E+000 2.13586793300532E+000
24.4790621 1.99924781107456E+000 2.11298011254447E+000
24.5789946 1.97832921528942E+000 2.09042349929653E+000
24.6789277 1.95770613151221E+000 2.06819206675293E+000
24.7788612 1.93737331176144E+000 2.04627992032706E+000
24.8787934 1.91732599984273E+000 2.02468170298872E+000
24.9787279 1.89755840449536E+000 2.00339095014911E+000
25.0786630 1.87806599080142E+000 1.98240255807934E+000
25.1785986 1.85884394271079E+000 1.96171112713362E+000
25.2785347 1.83988754555878E+000 1.94131137368409E+000
25.3784693 1.82119253769882E+000 1.92119850813885E+000
25.4784064 1.80275368673549E+000 1.90136670308098E+000
25.5783439 1.78456692654813E+000 1.88181139214757E+000
25.6782819 1.76662792378818E+000 1.86252772749753E+000
25.7782204 1.74893243471392E+000 1.84351096356359E+000
25.8781574 1.73147663371899E+000 1.82475680977351E+000
25.9780968 1.71425578401402E+000 1.80626000226684E+000
26.0780366 1.69726623315303E+000 1.78801644766043E+000
26.1779769 1.68050407477797E+000 1.77002178498531E+000
26.2779176 1.66396548190109E+000 1.75227174363680E+000
26.3778568 1.64764701420433E+000 1.73476247288925E+000
26.4777984 1.63154437539172E+000 1.71748920849617E+000
26.5777404 1.61565427883107E+000 1.70044827431325E+000
26.6776829 1.59997319669051E+000 1.68363573992216E+000
26.7776257 1.58449767159012E+000 1.66704775492267E+000
26.8775671 1.56922460436759E+000 1.65068085712694E+000
26.9775108 1.55415009108476E+000 1.63453072621632E+000
27.0774549 1.53927116926671E+000 1.61859405490646E+000
27.1773994 1.52458464734488E+000 1.60286729435319E+000
27.2773442 1.51008739641416E+000 1.58734696671987E+000
27.3772876 1.49577662000045E+000 1.57202995375650E+000
27.4772333 1.48164876437973E+000 1.55691233045382E+000
27.5771793 1.46770115489309E+000 1.54199111629552E+000
27.6771257 1.45393089929361E+000 1.52726310131762E+000
27.7770725 1.44033516118053E+000 1.51272513869738E+000
27.8770178 1.42691141316127E+000 1.49837441526150E+000
27.9769653 1.41365641474204E+000 1.48420735875856E+000
28.0769132 1.40056774730400E+000 1.47022127873197E+000
28.1768615 1.38764278555817E+000 1.45641326679227E+000
28.2768101 1.37487895408112E+000 1.44278047080810E+000
28.3767572 1.36227396513689E+000 1.42932034874374E+000
28.4767065 1.34982485893237E+000 1.41602964377607E+000
28.5766562 1.33752944504414E+000 1.40290592342194E+000
28.6766062 1.32538533672571E+000 1.38994654819441E+000
28.7765565 1.31339019183828E+000 1.37714892882821E+000
28.8765053 1.30154193648378E+000 1.36451076471862E+000
28.9764563 1.28983786289562E+000 1.35202908164768E+000
29.0764077 1.27827598439431E+000 1.33970167699773E+000
29.1763593 1.26685412777401E+000 1.32752615150708E+000
29.2763113 1.25557015980453E+000 1.31550015083038E+000
29.3762617 1.24442219772427E+000 1.30362158973595E+000
29.4762144 1.23340776046369E+000 1.29188774768649E+000
29.5761673 1.22252504357170E+000 1.28029662725455E+000
29.6761206 1.21177206533953E+000 1.26884604417885E+000
29.7760741 1.20114687994503E+000 1.25753385444190E+000
29.8760261 1.19064777576267E+000 1.24635816527983E+000
29.9759803 1.18027247599909E+000 1.23531648429270E+000
30.0759347 1.17001933946199E+000 1.22440699753681E+000
30.1758895 1.15988655646557E+000 1.21362771351731E+000
30.2758445 1.14987234959398E+000 1.20297667685943E+000
30.3757980 1.13997516070273E+000 1.19245216709262E+000
30.4757536 1.13019289738883E+000 1.18205189735018E+000
30.5757095 1.12052406496187E+000 1.17177421803938E+000
30.6756657 1.11096700852164E+000 1.16161731079462E+000
30.7756221 1.10152010223298E+000 1.15157938972400E+000
30.8755770 1.09218192581849E+000 1.14165888884622E+000
30.9755340 1.08295055359419E+000 1.13185370678458E+000
31.0754913 1.07382462254168E+000 1.12216234140055E+000
31.1754469 1.06480278835916E+000 1.11258331172957E+000
31.2754067 1.05588304856912E+000 1.10311443945380E+000
31.3753629 1.04706462022392E+000 1.09375484228672E+000
31.4753231 1.03834539216459E+000 1.08450222942376E+000
31.5752798 1.02972461598297E+000 1.07535575761588E+000
31.6752368 1.02120056778352E+000 1.06631354969370E+000
31.7751978 1.01277156212005E+000 1.05737377077398E+000
31.8751552 1.00443689951901E+000 1.04853563287884E+000
31.9751168 9.96194624234019E-001 1.03979701693455E+000
32.0750747 9.88044067606186E-001 1.03115716974585E+000
32.1750329 9.79983637890034E-001 1.02261436054623E+000
32.2749952 9.72011778527688E-001 1.01416689720312E+000
32.3749539 9.64127864541419E-001 1.00581407579662E+000
32.4749166 9.56330081799096E-001 9.97553933470472E-001
32.5748758 9.48617832844244E-001 9.89385797331783E-001
32.6748352 9.40989646058563E-001 9.81308069474898E-001
32.7747986 9.33444082073999E-001 9.73319187345451E-001
32.8747585 9.25980582466876E-001 9.65418522029646E-001
32.9747223 9.18597462339452E-001 9.57604252997072E-001
33.0746827 9.11294187873115E-001 9.49875779040994E-001
33.1746432 9.04069396808248E-001 9.42231623010480E-001
33.2746078 8.96921756485828E-001 9.34670340150348E-001
33.3745687 8.89850768001181E-001 9.27191368547598E-001
33.4745337 8.82854864565053E-001 9.19793017536570E-001
33.5744951 8.75933569292028E-001 9.12474749972212E-001
33.6744568 8.69085619620315E-001 9.05235198617435E-001
33.7744224 8.62309780194678E-001 8.98073025965326E-001
33.8743844 8.55605605388925E-001 8.90987730013705E-001
33.9743505 8.48971636506988E-001 8.83977738764864E-001
34.0743130 8.42407447645960E-001 8.77042572378905E-001
34.1742756 8.35911867260836E-001 8.70180963808609E-001
34.2742423 8.29483748846653E-001 8.63391673328937E-001
34.3742054 8.23122694512542E-001 8.56674252560408E-001
34.4741725 8.16827344625712E-001 8.50027238095965E-001
34.5741359 8.10597318977300E-001 8.43450201405209E-001
34.6740996 8.04431529226325E-001 8.36941966894611E-001
34.7740673 7.98328910108215E-001 8.30501384114039E-001
34.8740313 7.92289106537320E-001 8.24128052722222E-001
34.9739994 7.86310849790089E-001 8.17820608818537E-001
35.0739638 7.80393800645738E-001 8.11578669854530E-001
35.1739284 7.74536946925333E-001 8.05401143829335E-001
35.2738971 7.68739297743909E-001 7.99286961911044E-001
35.3738621 7.63000536430716E-001 7.93235766830538E-001
35.4738310 7.57319477797222E-001 7.87246285991901E-001
35.5737964 7.51695819417965E-001 7.81318178088649E-001
35.6737620 7.46128618919424E-001 7.75450427628253E-001
35.7737315 7.40616953601756E-001 7.69642040495191E-001
35.8736974 7.35160541294750E-001 7.63892698070844E-001
35.9736673 7.29758273666149E-001 7.58201211647836E-001
36.0736335 7.24409881345849E-001 7.52567276939225E-001
36.1735999 7.19114486019534E-001 7.46989948566995E-001
36.2735704 7.13871227571543E-001 7.41468300901405E-001
36.3735371 7.08679854838184E-001 7.36002050032650E-001
36.4735079 7.03539330285971E-001 7.30590084426164E-001
36.5734750 6.98449414260284E-001 7.25232133048684E-001
36.6734423 6.93409287304312E-001 7.19927314857733E-001
36.7734135 6.88418146815283E-001 7.14674767076629E-001
36.8733811 6.83475769513688E-001 7.09474236986438E-001
36.9733527 6.78581183163141E-001 7.04324684135269E-001
37.0733206 6.73734174838629E-001 6.99225867380986E-001
37.1732887 6.68933979225638E-001 6.94176964786063E-001
37.2732608 6.64179846636300E-001 6.89177171327534E-001
37.3732292 6.59471578882111E-001 6.84226262334065E-001
37.4732015 6.54808264020166E-001 6.79323262905887E-001
37.5731702 6.50189713182827E-001 6.74467958786252E-001
37.6731391 6.45615210917974E-001 6.69659582401849E-001
37.7731119 6.41084056278280E-001 6.64897381860659E-001
37.8730811 6.36596073664919E-001 6.60181157727390E-001
37.9730543 6.32150406871813E-001 6.55509995625204E-001
38.0730237 6.27746888694722E-001 6.50883705493062E-001
38.1729934 6.23384849654096E-001 6.46301569819379E-001
38.2729669 6.19063633748475E-001 6.41762885646765E-001
38.3729369 6.14783085726522E-001 6.37267476258519E-001
38.4729107 6.10542400964014E-001 6.32814483221362E-001
38.5728809 6.06341431773310E-001 6.28403738260660E-001
38.6728513 6.02179551107659E-001 6.24034570016702E-001
38.7728256 5.98056144457604E-001 6.19706320652599E-001
38.8727962 5.93971074907458E-001 6.15418833913838E-001
38.9727708 5.89923585621414E-001 6.11171303135552E-001
39.0727417 5.85913546501460E-001 6.06963579669214E-001
39.1727127 5.81940369708443E-001 6.02795034749428E-001
39.2726877 5.78003479077388E-001 5.98665052188661E-001
39.3726590 5.74102754221445E-001 5.94573494170241E-001
39.4726343 5.70237482625598E-001 5.90519601986292E-001
39.5726059 5.66407550050257E-001 5.86503244675524E-001
39.6725776 5.62612404921738E-001 5.82523832825844E-001
39.7725533 5.58851506547756E-001 5.78580788736177E-001
39.8725252 5.55124749446168E-001 5.74673991209831E-001
39.9725012 5.51431462249188E-001 5.70802726012275E-001
40.0724734 5.47771545018942E-001 5.66966878127737E-001
40.1724458 5.44144479760168E-001 5.63165894541212E-001
40.2724221 5.40549758629970E-001 5.59399233152591E-001
40.3723947 5.36987289589777E-001 5.55666787751280E-001
40.4723712 5.33456439511182E-001 5.51967885388207E-001
40.5723441 5.29957121357084E-001 5.48302425427125E-001
40.6723171 5.26488848253728E-001 5.44669888550505E-001
40.7722940 5.23051142808573E-001 5.41069765623681E-001
40.8722673 5.19643925111024E-001 5.37501963952382E-001
40.9722444 5.16266597604659E-001 5.33965848952345E-001
41.0722179 5.12919084891354E-001 5.30461332957674E-001
41.1721915 5.09600928969863E-001 5.26987927880178E-001
41.2721690 5.06311680701589E-001 5.23545155140677E-001
41.3721428 5.03051271118464E-001 5.20132934237981E-001
41.4721206 4.99819135786478E-001 5.16750666273763E-001
41.5720946 4.96615209809171E-001 5.13398275283398E-001
41.6720688 4.93439061996849E-001 5.10075302148983E-001
41.7720469 4.90290269451783E-001 5.06781296640649E-001
41.8720213 4.87168773079439E-001 5.03516189258046E-001
41.9719996 4.84074039316254E-001 5.00279414328920E-001
42.0719743 4.81006012741551E-001 4.97070906446130E-001
42.1719490 4.77964287086549E-001 4.93890233392112E-001
42.2719276 4.74948463847354E-001 4.90736971264469E-001
42.3719026 4.71958492838316E-001 4.87611060488675E-001
42.4718815 4.68993869293816E-001 4.84511966357335E-001
42.5718566 4.66054546342956E-001 4.81439632989160E-001
42.6718319 4.63140140901642E-001 4.78393653168217E-001
42.7718111 4.60250277163374E-001 4.75373627464689E-001
42.8717866 4.57384912980300E-001 4.72379505259861E-001
42.9717660 4.54543570475416E-001 4.69410780730378E-001
43.0717417 4.51726210491209E-001 4.66467406589687E-001
43.1717175 4.48932471532213E-001 4.63548998880004E-001
43.2716972 4.46161998929595E-001 4.60655180940591E-001
43.3716732 4.43414757786206E-001 4.57785910232690E-001
43.4716531 4.40690295352879E-001 4.54940707900164E-001
43.5716293 4.37988579429537E-001 4.52119534410238E-001
43.6716056 4.35309268640675E-001 4.49322027460704E-001
43.7715858 4.32652028019666E-001 4.46547831593822E-001
43.8715623 4.30016829208428E-001 4.43796911559441E-001
43.9715428 4.27403242960224E-001 4.41068813701106E-001
44.0715195 4.24811243348783E-001 4.38363505479812E-001
44.1714963 4.22240507765780E-001 4.35680644774381E-001
44.2714770 4.19690719624415E-001 4.33019895888892E-001
44.3714539 4.17161856461887E-001 4.30381230146368E-001
44.4714348 4.14653511031998E-001 4.27764217458528E-001
44.5714120 4.12165663063697E-001 4.25168831592876E-001
44.6713893 4.09698007468609E-001 4.22594749251189E-001
44.7713704 4.07250244820391E-001 4.20041653171827E-001
44.8713479 4.04822357968803E-001 4.17509520603808E-001
44.9713293 4.02413960279106E-001 4.14997943519616E-001
45.0713069 4.00025036575443E-001 4.12506901371438E-001
45.1712846 3.97655298138403E-001 4.10036088431998E-001
45.2712662 3.95304461576652E-001 4.07585204649899E-001
45.3712441 3.92972514524805E-001 4.05154232614408E-001
45.4712259 3.90659089673638E-001 4.02742784964697E-001
45.5712040 3.88364176435239E-001 4.00350846274713E-001
45.6711822 3.86087501396003E-001 3.97978127232811E-001
45.7711643 3.83828796159900E-001 3.95624343868184E-001
45.8711426 3.81588052668289E-001 3.93289483579924E-001
45.9711248 3.79364921745920E-001 3.90973178383425E-001
46.0711034 3.77159396933155E-001 3.88675417464542E-001
46.1710820 3.74971219139289E-001 3.86395926860196E-001
46.2710644 3.72800134002242E-001 3.84134437636650E-001
46.3710432 3.70646137336744E-001 3.81890941522279E-001
46.4710259 3.68508896996462E-001 3.79665088713046E-001
46.5710048 3.66388410233317E-001 3.77456872544722E-001
46.6709838 3.64284431369979E-001 3.75266033416341E-001
46.7709667 3.62196719188634E-001 3.73092316466428E-001
46.8709459 3.60125272984401E-001 3.70935717317086E-001
46.9709290 3.58069776614128E-001 3.68795903236059E-001
47.0709083 3.56030230663362E-001 3.66672871290230E-001
47.1708877 3.54006402025813E-001 3.64566375328009E-001
47.2708710 3.51998061803852E-001 3.62476173667359E-001
47.3708506 3.50005212416515E-001 3.60402265429177E-001
47.4708341 3.48027552770902E-001 3.58344333923859E-001
47.5708138 3.46065086443310E-001 3.56302379569586E-001
47.6707936 3.44117592117713E-001 3.54276168818895E-001
47.7707773 3.42184852452718E-001 3.52265472342258E-001
47.8707573 3.40266872667806E-001 3.50270292401137E-001
47.9707411 3.38363365834306E-001 3.48290327392555E-001
48.0707212 3.36474338208093E-001 3.46325580741439E-001
48.1707014 3.34599579539090E-001 3.44375830721015E-001
48.2706855 3.32738883333352E-001 3.42440859587735E-001
48.3706658 3.30892257317193E-001 3.40520672418568E-001
48.4706500 3.29059427901675E-001 3.38614981808325E-001
48.5706305 3.27240403739780E-001 3.36723793875990E-001
48.6706110 3.25434984974895E-001 3.34846897988753E-001
48.7705955 3.23642975302374E-001 3.32984087277898E-001
48.8705762 3.21864384688796E-001 3.31135369340868E-001
48.9705608 3.20098952117095E-001 3.29300470143199E-001
49.0705416 3.18346688380884E-001 3.27479398214093E-001
49.1705225 3.16607403392146E-001 3.25671953340020E-001
49.2705073 3.14880910423932E-001 3.23877938866803E-001
49.3704883 3.13167221441005E-001 3.22097364644506E-001
49.4704733 3.11466087282507E-001 3.20329969239186E-001
49.5704545 3.09777520649745E-001 3.18575763332553E-001
49.6704357 3.08101340642245E-001 3.16834556503491E-001
49.7704208 3.06437369541942E-001 3.15106161698796E-001
49.8704022 3.04785621091916E-001 3.13390590777920E-001
49.9703875 3.03145857319979E-001 3.11687594189630E-001
50.0703690 3.01518092623552E-001 3.09997184534102E-001
50.1703506 2.99902154748954E-001 3.08319180599741E-001
50.2703361 2.98297874457611E-001 3.06653404363729E-001
50.3703178 2.96705267071188E-001 3.04999869473992E-001
50.4703034 2.95124105183047E-001 3.03358337592502E-001
50.5702853 2.93554404694520E-001 3.01728823025322E-001
50.6702672 2.91996001495116E-001 3.00111153227964E-001
50.7702530 2.90448734332650E-001 2.98505158676958E-001
50.8702350 2.88912619925931E-001 2.96910854608038E-001
50.9702209 2.87387440851780E-001 2.95328013271463E-001
51.0702031 2.85873214340829E-001 2.93756650486075E-001
51.1701853 2.84369783956405E-001 2.92196601869357E-001
51.2701714 2.82876995973104E-001 2.90647705902602E-001
51.3701538 2.81394868342029E-001 2.89109979227053E-001
51.4701400 2.79923193079306E-001 2.87583204097516E-001
51.5701225 2.78461988586229E-001 2.86067397670188E-001
51.6701050 2.77011105662177E-001 2.84562403253751E-001
51.7700914 2.75570397679803E-001 2.83068066873283E-001
51.8700741 2.74139883672742E-001 2.81584406409918E-001
51.9700606 2.72719364587374E-001 2.80111213577349E-001
52.0700434 2.71308859851530E-001 2.78648506709741E-001
52.1700263 2.69908227092055E-001 2.77196136367933E-001
52.2700130 2.68517326379473E-001 2.75753955690810E-001
52.3699959 2.67136177693898E-001 2.74321983648943E-001
52.4699827 2.65764590435416E-001 2.72900020904463E-001
52.5699658 2.64402584927468E-001 2.71488086824719E-001
52.6699489 2.63050025242747E-001 2.70086038812938E-001
52.7699359 2.61706777775842E-001 2.68693736720482E-001
52.8699192 2.60372863329759E-001 2.67311200470674E-001
52.9699063 2.59048099311860E-001 2.65938239196259E-001
53.0698897 2.57732506822282E-001 2.64574873166235E-001
53.1698731 2.56425956022889E-001 2.63220966243524E-001
53.2698603 2.55128319282926E-001 2.61876384617101E-001
53.3698439 2.53839618116049E-001 2.60541149038886E-001
53.4698313 2.52559677518407E-001 2.59215076664632E-001
53.5698149 2.51288519258835E-001 2.57898188545521E-001
53.6697986 2.50026019254785E-001 2.56590354646502E-001
53.7697861 2.48772055523340E-001 2.55291447143790E-001
53.8697699 2.47526650186889E-001 2.54001487505140E-001
53.9697576 2.46289635437804E-001 2.52720300489740E-001
54.0697415 2.45061033615568E-001 2.51447907822463E-001
54.1697254 2.43840726081027E-001 2.50184185235790E-001
54.2697133 2.42628596193208E-001 2.48929010565468E-001
54.3696973 2.41424666590719E-001 2.47682405892697E-001
54.4696852 2.40228776293676E-001 2.46444203186543E-001
54.5696694 2.39040948123215E-001 2.45214424747065E-001
54.6696536 2.37861068591213E-001 2.43992951761247E-001
54.7696417 2.36689026112149E-001 2.42779667417652E-001
54.8696260 2.35524843756896E-001 2.41574594317989E-001
54.9696142 2.34368367027223E-001 2.40377571271797E-001
55.0695986 2.33219619145177E-001 2.39188621064921E-001
55.1695831 2.32078491499693E-001 2.38007630045709E-001
55.2695714 2.30944877292213E-001 2.36834486468294E-001
55.3695560 2.29818799949729E-001 2.35669213370556E-001
55.4695444 2.28700111130391E-001 2.34511656055566E-001
55.5695291 2.27588834383932E-001 2.33361837713836E-001
55.6695138 2.26484865719454E-001 2.32219649580400E-001
55.7695023 2.25388102873585E-001 2.31084984705775E-001
55.8694872 2.24298569560397E-001 2.29957866487510E-001
55.9694758 2.23216123288536E-001 2.28838146396153E-001
56.0694607 2.22140787869055E-001 2.27725847953324E-001
56.1694457 2.21072463690192E-001 2.26620867023190E-001
56.2694345 2.20011052787506E-001 2.25523101200234E-001
56.3694196 2.18956579099608E-001 2.24432574172321E-001
56.4694085 2.17908905697800E-001 2.23349143270860E-001
56.5693936 2.16868056594339E-001 2.22272832281904E-001
56.6693788 2.15833936330320E-001 2.21203541457119E-001
56.7693678 2.14806451018418E-001 2.20141172698110E-001
56.8693531 2.13785624765150E-001 2.19085749920220E-001
56.9693423 2.12771325933467E-001 2.18037136027212E-001
57.0693276 2.11763578682415E-001 2.16995355009174E-001
57.1693130 2.10762291493385E-001 2.15960311278433E-001
57.2693023 2.09767374347783E-001 2.14931910821352E-001
57.3692878 2.08778851468797E-001 2.13910177723858E-001
57.4692772 2.07796596255714E-001 2.12894980190434E-001
57.5692628 2.06820632965161E-001 2.11886342360540E-001
57.6692484 2.05850873819028E-001 2.10884172594079E-001
57.7692379 2.04887232471577E-001 2.09888380753287E-001
57.8692236 2.03929733216350E-001 2.08898991043193E-001
57.9692132 2.02978254248312E-001 2.07915876713118E-001
58.0691990 2.02032819877205E-001 2.06939062002444E-001
58.1691849 2.01093345877524E-001 2.05968459018386E-001
58.2691746 2.00159749392149E-001 2.05003981302699E-001
58.3691605 1.99232054743168E-001 2.04045653132989E-001
58.4691503 1.98310144694233E-001 2.03093352562211E-001
58.5691363 1.97394043568073E-001 2.02147103885000E-001
58.6691224 1.96483670514983E-001 2.01206822767540E-001
58.7691123 1.95578945993083E-001 2.00272426246441E-001
58.8690985 1.94679894315291E-001 1.99343938629868E-001
58.9690885 1.93786402599752E-001 1.98421242546933E-001
59.0690747 1.92898495146007E-001 1.97504362307197E-001
59.1690610 1.92016094313681E-001 1.96593216958599E-001
59.2690511 1.91139123712889E-001 1.95687726858824E-001
59.3690374 1.90267607613407E-001 1.94787916308702E-001
59.4690277 1.89401437285634E-001 1.93893672298842E-001
59.5690141 1.88540636973356E-001 1.93005019117382E-001
59.6690006 1.87685132088714E-001 1.92121879027166E-001
59.7689909 1.86834849240020E-001 1.91244175543336E-001
59.8689774 1.85989812623362E-001 1.90371932925251E-001
59.9689678 1.85149917470332E-001 1.89505042322345E-001
60.0689545 1.84315187939697E-001 1.88643527968611E-001
60.1689411 1.83485552348312E-001 1.87787315184629E-001
60.2689316 1.82660940157712E-001 1.86936330488855E-001
60.3689184 1.81841375462872E-001 1.86090598068477E-001
60.4689090 1.81026757275994E-001 1.85250013040297E-001
60.5688958 1.80217109644572E-001 1.84414599554752E-001
60.6688827 1.79412363650786E-001 1.83584285842029E-001
60.7688734 1.78612451472679E-001 1.82759001278603E-001
60.8688603 1.77817397079533E-001 1.81938769951928E-001
60.9688511 1.77027103093387E-001 1.81123490765221E-001
61.0688381 1.76241593426959E-001 1.80313187758973E-001
61.1688251 1.75460801796242E-001 1.79507791933287E-001
61.2688160 1.74684662966773E-001 1.78707235385642E-001
61.3688031 1.73913200760175E-001 1.77911542079055E-001
61.4687941 1.73146321246743E-001 1.77120614532038E-001
61.5687813 1.72384048183424E-001 1.76334476651509E-001
61.6687685 1.71626317795877E-001 1.75553062075693E-001
61.7687596 1.70873067315339E-001 1.74776305493786E-001
61.8687469 1.70124320396178E-001 1.74004230722281E-001
61.9687381 1.69379986403994E-001 1.73236743733084E-001
62.0687254 1.68640088921259E-001 1.72473868278438E-001
62.1687128 1.67904566566042E-001 1.71715540510276E-001
62.2687041 1.67173358920240E-001 1.70961697587459E-001
62.3686916 1.66446489453544E-001 1.70212363160257E-001
62.4686829 1.65723870681995E-001 1.69467446500717E-001
62.5686704 1.65005525996983E-001 1.68726971187601E-001
62.6686580 1.64291396298189E-001 1.67990875769051E-001
62.7686494 1.63581423409451E-001 1.67259099758312E-001
62.8686371 1.62875630600343E-001 1.66531666621913E-001
62.9686286 1.62173933400083E-001 1.65808488786899E-001
63.0686163 1.61476354994283E-001 1.65089589641851E-001
63.1686040 1.60782838459481E-001 1.64374910020090E-001
63.2685918 1.60093353984286E-001 1.63664418704318E-001
63.3685872 1.59407819874196E-001 1.62958031023763E-001
63.4685751 1.58726311438772E-001 1.62255824092970E-001
63.5685630 1.58048747198833E-001 1.61557713473550E-001
63.6685509 1.57375098382175E-001 1.60863669045041E-001
63.7685388 1.56705336469718E-001 1.60173660954088E-001
63.8685344 1.56039382534223E-001 1.59487607425230E-001
63.9685224 1.55377310163593E-001 1.58805583806257E-001
64.0685105 1.54719040630620E-001 1.58127508537638E-001
64.1684986 1.54064546402967E-001 1.57453352807067E-001
64.2684867 1.53413800188689E-001 1.56783088055805E-001
64.3684824 1.52766725710190E-001 1.56116635279500E-001
64.4684706 1.52123394876979E-001 1.55454068103395E-001
64.5684588 1.51483731597234E-001 1.54795307723732E-001
64.6684470 1.50847709516322E-001 1.54140326570262E-001
64.7684353 1.50215302508011E-001 1.53489097313553E-001
64.8684312 1.49586436832691E-001 1.52841543602521E-001
64.9684195 1.48961182763804E-001 1.52197737383134E-001
65.0684079 1.48339466734220E-001 1.51557602490606E-001
65.1683963 1.47721263508406E-001 1.50921112534456E-001
65.2683847 1.47106548067907E-001 1.50288241352990E-001
65.3683808 1.46495249105076E-001 1.49658915136541E-001
65.4683692 1.45887435298656E-001 1.49033204194135E-001
65.5683578 1.45283035501081E-001 1.48411034889072E-001
65.6683463 1.44682025540623E-001 1.47792381951897E-001
65.7683349 1.44084381451956E-001 1.47177220330605E-001
65.8683311 1.43490034258661E-001 1.46565478650727E-001
65.9683197 1.42899051085208E-001 1.45957225625732E-001
66.0683084 1.42311363103689E-001 1.45352390041684E-001
66.1682971 1.41726947154004E-001 1.44750947694750E-001
66.2682858 1.41145780272375E-001 1.44152874587845E-001
66.3682821 1.40567795717863E-001 1.43558101680785E-001
66.4682709 1.39993059100143E-001 1.42966696131920E-001
66.5682597 1.39421503815996E-001 1.42378589050004E-001
66.6682485 1.38853107667684E-001 1.41793757244533E-001
66.7682374 1.38287848644267E-001 1.41212177721652E-001
66.8682339 1.37725662149251E-001 1.40633783679554E-001
66.9682228 1.37166612316046E-001 1.40058640760959E-001
67.0682118 1.36610634675804E-001 1.39486682302176E-001
67.1682007 1.36057707946610E-001 1.38917886076661E-001
67.2681897 1.35507811024359E-001 1.38352230044985E-001
67.3681864 1.34960881370392E-001 1.37789649552520E-001
67.4681754 1.34416981679456E-001 1.37230208764905E-001
67.5681645 1.33876049531134E-001 1.36673843155526E-001
67.6681536 1.33338064515368E-001 1.36120531415175E-001
67.7681428 1.32803006391405E-001 1.35570252412742E-001
67.8681396 1.32270814596003E-001 1.35022943554027E-001
67.9681288 1.31741550421915E-001 1.34478667565202E-001
68.0681180 1.31215153415363E-001 1.33937361970652E-001
68.1681072 1.30691603996576E-001 1.33399006334442E-001
68.2680965 1.30170882747048E-001 1.32863580390214E-001
68.3680934 1.29652931000485E-001 1.32331023521641E-001
68.4680827 1.29137808683405E-001 1.31801397052112E-001
68.5680721 1.28625457230779E-001 1.31274640475085E-001
68.6680615 1.28115857853812E-001 1.30750734186242E-001
68.7680509 1.27608991917371E-001 1.30229658742791E-001
68.8680479 1.27104802577373E-001 1.29711355427684E-001
68.9680374 1.26603348428950E-001 1.29195884197295E-001
69.0680269 1.26104572721631E-001 1.28683186436140E-001
69.1680164 1.25608457420404E-001 1.28173243332133E-001
69.2680059 1.25114984636726E-001 1.27666036227096E-001
69.3680031 1.24624099277514E-001 1.27161508228396E-001
69.4679927 1.24135858640478E-001 1.26659717960265E-001
69.5679823 1.23650207718999E-001 1.26160608623964E-001
69.6679719 1.23167129196650E-001 1.25664162162373E-001
69.7679615 1.22686605896659E-001 1.25170360665070E-001
69.8679589 1.22208584409069E-001 1.24679148992519E-001
69.9679486 1.21733120767252E-001 1.24190584470785E-001
70.0679383 1.21260161641039E-001 1.23704612047057E-001
70.1679281 1.20789690399255E-001 1.23221214383912E-001
70.2679178 1.20321690543936E-001 1.22740374283805E-001
70.3679153 1.19856110283526E-001 1.22262038292308E-001
70.4679051 1.19393004419287E-001 1.21786262470427E-001
70.5678949 1.18932321233211E-001 1.21312993443763E-001
70.6678848 1.18474044747813E-001 1.20842214561203E-001
70.7678747 1.18018159112707E-001 1.20373909305045E-001
70.8678723 1.17564614092997E-001 1.19908025841149E-001
70.9678622 1.17113463289214E-001 1.19444618997699E-001
71.0678522 1.16664656534184E-001 1.18983637014329E-001
71.1678422 1.16218178474201E-001 1.18525063894607E-001
71.2678322 1.15774013876864E-001 1.18068883769388E-001
71.3678299 1.15332114005019E-001 1.17615046362983E-001
71.4678200 1.14892531289023E-001 1.17163605302154E-001
71.5678100 1.14455217053998E-001 1.16714510379143E-001
71.6678002 1.14020156541666E-001 1.16267746222231E-001
71.7677903 1.13587335109560E-001 1.15823297581184E-001
71.8677881 1.13156705462025E-001 1.15381115679757E-001
71.9677783 1.12728318888986E-001 1.14941252973861E-001
72.0677685 1.12302128151977E-001 1.14503660749722E-001
72.1677587 1.11878119061261E-001 1.14068324231930E-001
72.2677489 1.11456277537706E-001 1.13635228761062E-001
72.3677468 1.11036557673445E-001 1.13204327003986E-001
72.4677371 1.10619009646921E-001 1.12775670275521E-001
72.5677275 1.10203587602701E-001 1.12349211299909E-001
72.6677178 1.09790277894091E-001 1.11924935871118E-001
72.7677082 1.09379066980058E-001 1.11502829893880E-001
72.8677062 1.08969910289214E-001 1.11082847424393E-001
72.9676966 1.08562856916691E-001 1.10665038665348E-001
73.0676870 1.08157862339093E-001 1.10249357725545E-001
73.1676774 1.07754913428570E-001 1.09835790942783E-001
73.2676679 1.07353997158242E-001 1.09424324760674E-001
73.3676660 1.06955070244165E-001 1.09014914573356E-001
73.4676565 1.06558180725578E-001 1.08607609499582E-001
73.5676471 1.06163285362378E-001 1.08202364981641E-001
73.6676376 1.05770371522588E-001 1.07799167876919E-001
73.7676282 1.05379426670751E-001 1.07398005143920E-001
73.8676264 1.04990408763490E-001 1.06998833465616E-001
73.9676171 1.04603364810825E-001 1.06601700904255E-001
74.0676077 1.04218252809345E-001 1.06206564186801E-001
74.1675984 1.03835060601135E-001 1.05813410667218E-001
74.2675890 1.03453776120572E-001 1.05422227796128E-001
74.3675874 1.03074358520022E-001 1.05032973498396E-001
74.4675781 1.02696853806239E-001 1.04645694806456E-001
74.5675688 1.02321221167927E-001 1.04260349685276E-001
74.6675596 1.01947448900519E-001 1.03876925963551E-001
74.7675504 1.01575525387719E-001 1.03495411562396E-001
74.8675488 1.01205410934752E-001 1.03115765603679E-001
74.9675396 1.00837150570353E-001 1.02738034115987E-001
75.0675305 1.00470704632700E-001 1.02362176257659E-001
75.1675213 1.00106061850886E-001 1.01988180311366E-001
75.2675122 9.97432110384549E-002 1.01616034648174E-001
75.3675108 9.93821136124558E-002 1.01245699544013E-001
75.4675017 9.90228136481637E-002 1.00877220048884E-001
75.5674926 9.86652725924193E-002 1.00510556471795E-001
75.6674836 9.83094795892605E-002 1.00145697529672E-001
75.7674746 9.79554238635495E-002 9.97826320240125E-002
75.8674732 9.76030679048780E-002 9.94213213437167E-002
75.9674642 9.72524548589508E-002 9.90618095847753E-002
76.0674553 9.69035472421967E-002 9.87040581659949E-002
76.1674463 9.65563345958088E-002 9.83480562198144E-002
76.2674374 9.62108065383523E-002 9.79937929596066E-002
76.3674361 9.58669265943471E-002 9.76412308479074E-002
76.4674273 9.55247370031647E-002 9.72904130506009E-002
76.5674184 9.51842013134033E-002 9.69413020571674E-002
76.6674096 9.48453094464881E-002 9.65938873977362E-002
76.7674007 9.45080513979325E-002 9.62481586799125E-002
76.8673996 9.41723916911558E-002 9.59040794022027E-002
76.9673908 9.38383716817972E-002 9.55616918236359E-002
77.0673820 9.35059559147768E-002 9.52209594668964E-002
77.1673732 9.31751346756519E-002 9.48818722428536E-002
77.2673645 9.28458983209417E-002 9.45444201365625E-002
77.3673634 9.25182123384426E-002 9.42085676464233E-002
77.4673547 9.21921172220439E-002 9.38743561472248E-002
77.5673461 9.18675784786365E-002 9.35417501589612E-002
77.6673374 9.15445867425853E-002 9.32107399571146E-002
77.7673288 9.12231327162422E-002 9.28813158882222E-002
77.8673278 9.09031828186927E-002 9.25534434160103E-002
77.9673192 9.05847767034556E-002 9.22271630530232E-002
78.0673106 9.02678808064643E-002 9.19024402821691E-002
78.1673020 8.99524860963026E-002 9.15792657281938E-002
78.2672935 8.96385836067085E-002 9.12576300839186E-002
78.3672925 8.93261406563331E-002 9.09374997452652E-002
78.4672840 8.90151960791183E-002 9.06189143839263E-002
78.5672755 8.87057172084663E-002 9.03018404127534E-002
78.6672671 8.83976953332864E-002 8.99862687911438E-002
78.7672586 8.80911218049437E-002 8.96721905437330E-002
78.8672578 8.77859648112305E-002 8.93595729668736E-002
78.9672493 8.74822623867357E-002 8.90484549122142E-002
79.0672409 8.71799827320459E-002 8.87388036909348E-002
79.1672325 8.68791174431612E-002 8.84306105831693E-002
79.2672242 8.65796581759657E-002 8.81238669315863E-002
79.3672234 8.62815739582065E-002 8.78185409025071E-002
79.4672151 8.59849020447880E-002 8.75146705477718E-002
79.5672068 8.56896114744260E-002 8.72122240465673E-002
79.6671985 8.53956941375991E-002 8.69111929865074E-002
79.7671902 8.51031419822198E-002 8.66115690151663E-002
79.8671895 8.48119248479815E-002 8.63133211396101E-002
79.9671813 8.45220792292343E-002 8.60164866315519E-002
80.0671730 8.42335749749377E-002 8.57210345090936E-002
80.1671648 8.39464042580278E-002 8.54269566546980E-002
80.2671566 8.36605593065382E-002 8.51342450083336E-002
80.3671560 8.33760107452241E-002 8.48428693897689E-002
80.4671478 8.30927943264867E-002 8.45528663097322E-002
80.5671397 8.28108806827601E-002 8.42642055973207E-002
80.6671315 8.25302622579756E-002 8.39768794178060E-002
80.7671234 8.22509315489345E-002 8.36908799916261E-002
80.8671229 8.19728599396399E-002 8.34061779243338E-002
80.9671148 8.16960824586403E-002 8.31228089842902E-002
81.0671067 8.14205704961389E-002 8.28407437847857E-002
81.1670987 8.11463167561303E-002 8.25599747624216E-002
81.2670906 8.08733139933543E-002 8.22804944067338E-002
81.3670902 8.06015343262700E-002 8.20022740832153E-002
81.4670822 8.03310120771739E-002 8.17253488359669E-002
81.5670742 8.00617193693467E-002 8.14496900367358E-002
81.6670662 7.97936491564179E-002 8.11752903825046E-002
81.7670583 7.95267944407341E-002 8.09021426210621E-002
81.8670579 7.92611280513919E-002 8.06302188530187E-002
81.9670500 7.89966836215559E-002 8.03595534158279E-002
82.0670421 7.87334339838611E-002 8.00901184149727E-002
82.1670342 7.84713723316196E-002 7.98219067973724E-002
82.2670263 7.82104919049249E-002 7.95549115587216E-002
82.3670260 7.79507662206230E-002 7.92891055109019E-002
82.4670182 7.76922282393985E-002 7.90245223018499E-002
82.5670103 7.74348514804418E-002 7.87611347470337E-002
82.6670025 7.71786293672472E-002 7.84989360333419E-002
82.7669947 7.69235553682430E-002 7.82379193945006E-002
82.8669945 7.66696036660236E-002 7.79780583307474E-002
82.9669867 7.64168065649923E-002 7.77193858171653E-002
83.0669790 7.61651382489765E-002 7.74618753563807E-002
83.1669712 7.59145923625825E-002 7.72055203657381E-002
83.2669635 7.56651625935863E-002 7.69503143075691E-002
83.3669634 7.54168237691770E-002 7.66962313484409E-002
83.4669556 7.51696075532330E-002 7.64433038067909E-002
83.5669479 7.49234887731440E-002 7.61915058504617E-002
83.6669403 7.46784612859651E-002 7.59408311181694E-002
83.7669326 7.44345189902358E-002 7.56912732918507E-002
83.8669326 7.41916373373956E-002 7.54428071832247E-002
83.9669249 7.39498473661269E-002 7.51954644698506E-002
84.0669173 7.37091245271102E-002 7.49492199636866E-002
84.1669097 7.34694628815738E-002 7.47040675161461E-002
84.2669021 7.32308565306193E-002 7.44600010201739E-002
84.3669022 7.29932815303660E-002 7.42169959122736E-002
84.4668946 7.27567683092125E-002 7.39750832444645E-002
84.5668870 7.25212929216278E-002 7.37342384525272E-002
84.6668795 7.22868496251048E-002 7.34944555922834E-002
84.7668720 7.20534327154705E-002 7.32557287594743E-002
84.8668721 7.18210188346919E-002 7.30180339957947E-002
84.9668646 7.15896378153914E-002 7.27814017426456E-002
85.0668571 7.13592662970597E-002 7.25458080401059E-002
85.1668496 7.11298987258948E-002 7.23112471404866E-002
85.2668422 7.09015295849578E-002 7.20777133344764E-002
85.3668424 7.06741360839377E-002 7.18451832501087E-002
85.4668349 7.04477474737970E-002 7.16136867326838E-002
85.5668275 7.02223409609821E-002 7.13832004077904E-002
85.6668201 6.99979111731697E-002 7.11537187166587E-002
85.7668127 6.97744527734919E-002 7.09252361374236E-002
85.8668130 6.95519435219104E-002 7.06977298663116E-002
85.9668056 6.93304121014613E-002 7.04712291666466E-002
86.0667983 6.91098362681545E-002 7.02457112314423E-002
86.1667909 6.88902108242330E-002 7.00211706836114E-002
86.2667836 6.86715306060504E-002 6.97976021815618E-002
86.3667839 6.84537739070368E-002 6.95749834722444E-002
86.4667766 6.82369688556670E-002 6.93533432507500E-002
86.5667694 6.80210937407629E-002 6.91326592601053E-002
86.6667621 6.78061435325235E-002 6.89129262979841E-002
86.7667548 6.75921132339701E-002 6.86941391962081E-002
86.8667552 6.73789816558168E-002 6.84762762356306E-002
86.9667480 6.71667763849808E-002 6.82593655564822E-002
87.0667408 6.69554762269615E-002 6.80433854350338E-002
87.1667336 6.67450763135876E-002 6.78283308371003E-002
87.2667264 6.65355718082781E-002 6.76141967613551E-002
87.3667268 6.63269420234374E-002 6.74009620063518E-002
87.4667197 6.61192140170812E-002 6.71886541704732E-002
87.5667125 6.59123670958396E-002 6.69772520470823E-002
87.6667054 6.57063965471168E-002 6.67667507638006E-002
87.7666983 6.55012976887283E-002 6.65571454798745E-002
87.8666988 6.52970503197421E-002 6.63484154959479E-002
87.9666917 6.50936809815892E-002 6.61405878812196E-002
88.0666846 6.48911694670472E-002 6.59336419305816E-002
88.1666775 6.46895112133007E-002 6.57275729274001E-002
88.2666705 6.44887016868163E-002 6.55223761854849E-002
88.3666710 6.42887211588416E-002 6.53180314925278E-002
88.4666640 6.40895956662103E-002 6.51145654008683E-002
88.5666570 6.38913054734045E-002 6.49119576919288E-002
88.6666500 6.36938461618401E-002 6.47102037990168E-002
88.7666429 6.34972133411336E-002 6.45092991847530E-002
88.8666436 6.33013877407475E-002 6.43092241093779E-002
88.9666366 6.31063949045863E-002 6.41100046203667E-002
89.0666296 6.29122155549110E-002 6.39116209712144E-002
89.1666227 6.27188454120539E-002 6.37140687396132E-002
89.2666157 6.25262802235121E-002 6.35173435314863E-002
89.3666164 6.23345011634966E-002 6.33214260656438E-002
89.4666095 6.21435332943409E-002 6.31263418963725E-002
89.5666026 6.19533577826542E-002 6.29320717352994E-002
89.6665957 6.17639704825940E-002 6.27386112991802E-002
89.7665889 6.15753672744901E-002 6.25459563319642E-002
89.8665896 6.13875297643130E-002 6.23540879975514E-002
89.9665828 6.12004825438814E-002 6.21630313684048E-002
90.0665759 6.10142072111977E-002 6.19727676008398E-002
90.1665691 6.08286997493659E-002 6.17832925455774E-002
90.2665622 6.06439561667116E-002 6.15946020795388E-002
90.3665631 6.04599584884327E-002 6.14066777987112E-002
90.4665563 6.02767308465977E-002 6.12195443047979E-002
90.5665495 6.00942552581020E-002 6.10331831858339E-002
90.6665427 5.99125278303205E-002 6.08475904216212E-002
90.7665359 5.97315446949383E-002 6.06627620172091E-002
90.8665368 5.95512882842882E-002 6.04786799881285E-002
90.9665301 5.93717822811681E-002 6.02953684760933E-002
91.0665233 5.91930091093032E-002 6.01128094883459E-002
91.1665166 5.90149649958572E-002 5.99309991290875E-002
91.2665099 5.88376461914302E-002 5.97499335268539E-002
91.3665108 5.86610355238174E-002 5.95695951046144E-002
91.4665041 5.84851562367506E-002 5.93900075545800E-002
91.5664975 5.83099911491403E-002 5.92111532911259E-002
91.6664908 5.81355366036416E-002 5.90330285383645E-002
91.7664842 5.79617889655071E-002 5.88556295438676E-002
91.8664851 5.77887314467262E-002 5.86789391263593E-002
91.9664785 5.76163868619009E-002 5.85029805387587E-002
92.0664719 5.74447384138848E-002 5.83277365909176E-002
92.1664653 5.72737825567023E-002 5.81532036225565E-002
92.2664587 5.71035157661710E-002 5.79793779960164E-002
92.3664597 5.69339216275935E-002 5.78062429144967E-002
92.4664531 5.67650225361179E-002 5.76338212015666E-002
92.5664466 5.65968020676848E-002 5.74620960513019E-002
92.6664400 5.64292567837333E-002 5.72910639149041E-002
92.7664335 5.62623832667250E-002 5.71207212653903E-002
92.8664346 5.60961654647661E-002 5.69510516795438E-002
92.9664281 5.59306253629749E-002 5.67820775612665E-002
93.0664215 5.57657468998922E-002 5.66137824779908E-002
93.1664150 5.56015267405784E-002 5.64461629884404E-002
93.2664086 5.54379615703759E-002 5.62792156723823E-002
93.3664097 5.52750356900427E-002 5.61129244696646E-002
93.4664032 5.51127706838453E-002 5.59473113739511E-002
93.5663968 5.49511508427944E-002 5.57823603155348E-002
93.6663903 5.47901729319302E-002 5.56180679568630E-002
93.7663839 5.46298337358649E-002 5.54544309806852E-002
93.8663851 5.44701178981988E-002 5.52914336797524E-002
93.9663787 5.43110466112869E-002 5.51290976466748E-002
94.0663723 5.41526045088201E-002 5.49674071644653E-002
94.1663659 5.39947884523240E-002 5.48063589956494E-002
94.2663595 5.38375953222135E-002 5.46459499223436E-002
94.3663607 5.36810100954513E-002 5.44861645803834E-002
94.4663544 5.35250535811895E-002 5.43270241702705E-002
94.5663480 5.33697107463382E-002 5.41685133179395E-002
94.6663417 5.32149785455524E-002 5.40106288824954E-002
94.7663353 5.30608539517215E-002 5.38533677419503E-002
94.8663366 5.29073222660068E-002 5.36967148657355E-002
94.9663303 5.27544039228416E-002 5.35406910709585E-002
95.0663240 5.26020842132092E-002 5.33852813170057E-002
95.1663177 5.24503601816714E-002 5.32304825562011E-002
95.2663114 5.22992288903956E-002 5.30762917591210E-002
95.3663128 5.21486759558820E-002 5.29226942196199E-002
95.4663065 5.19987214461109E-002 5.27697103799002E-002
95.5663002 5.18493509672956E-002 5.26173255236458E-002
95.6662940 5.17005616508096E-002 5.24655366931739E-002
95.7662878 5.15523506450276E-002 5.23143409484239E-002
95.8662892 5.14047038732218E-002 5.21637238988063E-002
95.9662829 5.12576410449728E-002 5.20137056198889E-002
96.0662767 5.11111480731723E-002 5.18642717108024E-002
96.1662705 5.09652221730316E-002 5.17154193007577E-002
96.2662643 5.08198605761828E-002 5.15671455359836E-002
96.3662658 5.06750495043838E-002 5.14194363328717E-002
96.4662596 5.05308083166630E-002 5.12723114084136E-002
96.5662535 5.03871232243188E-002 5.11257566686270E-002
96.6662473 5.02439915235430E-002 5.09797693266399E-002
96.7662412 5.01014105263902E-002 5.08343466120166E-002
96.8662427 4.99593667450878E-002 5.06894747398362E-002
96.9662365 4.98178791957599E-002 5.05451730763667E-002
97.0662304 4.96769343801090E-002 5.04014278262335E-002
97.1662243 4.95365296725609E-002 5.02582362836209E-002
97.2662182 4.93966624628677E-002 5.01155957585906E-002
97.3662198 4.92573195459711E-002 4.99734927568865E-002
97.4662137 4.91185196025433E-002 4.98319463017045E-002
97.5662076 4.89802494169476E-002 4.96909428882685E-002
97.6662016 4.88425064392038E-002 4.95504798890694E-002
97.7661955 4.87052881341425E-002 4.94105546919389E-002
97.8661971 4.85685815719133E-002 4.92711540855223E-002
97.9661911 4.84324051050009E-002 4.91322967574016E-002
98.0661851 4.82967457929352E-002 4.89939694856484E-002
98.1661791 4.81616011587915E-002 4.88561697184175E-002
98.2661730 4.80269687399606E-002 4.87188949186881E-002
98.3661747 4.78928358745343E-002 4.85821321504948E-002
98.4661687 4.77592205938908E-002 4.84458997730736E-002
98.5661627 4.76261102254722E-002 4.83101848398436E-002
98.6661568 4.74935023629684E-002 4.81749848720822E-002
98.7661508 4.73613946139077E-002 4.80402974053946E-002
98.8661525 4.72297745772912E-002 4.79061097719330E-002
98.9661465 4.70986599702925E-002 4.77724400096726E-002
99.0661406 4.69680383812424E-002 4.76392754401194E-002
99.1661347 4.68379074720977E-002 4.75066136552293E-002
99.2661288 4.67082649181941E-002 4.73744522608088E-002
99.3661305 4.65790985726315E-002 4.72427788500884E-002
99.4661246 4.64504258451078E-002 4.71116111466883E-002
99.5661187 4.63222345780416E-002 4.69809367331723E-002
99.6661128 4.61945224993973E-002 4.68507532698243E-002
99.7661070 4.60672873500771E-002 4.67210584303195E-002
99.8661087 4.59405172306834E-002 4.65918400621503E-002
99.9661029 4.58142292499988E-002 4.64631155813149E-002
100.0660970 4.56884114979433E-002 4.63348728246281E-002
100.1660912 4.55630617663150E-002 4.62071095184403E-002
100.2660854 4.54381778594252E-002 4.60798234020515E-002
100.3660872 4.53137481189904E-002 4.59530025706147E-002
100.4660814 4.51897893592748E-002 4.58266641390704E-002
100.5660756 4.50662899113184E-002 4.57007961918917E-002
100.6660698 4.49432476286616E-002 4.55753965193199E-002
100.7660640 4.48206603769489E-002 4.54504629241203E-002
100.8660658 4.46985167328208E-002 4.53259837427120E-002
100.9660601 4.45768332222607E-002 4.52019757953786E-002
101.0660543 4.44555984112471E-002 4.50784274078656E-002
101.1660486 4.43348102130487E-002 4.49553364322106E-002
101.2660428 4.42144665526447E-002 4.48327007325661E-002
101.3660447 4.40945562356021E-002 4.47105088804227E-002
101.4660390 4.39750955057065E-002 4.45887774076481E-002
101.5660333 4.38560731578841E-002 4.44674948750731E-002
101.6660275 4.37374871631933E-002 4.43466591945160E-002
101.7660218 4.36193355040239E-002 4.42262682895159E-002
101.8660238 4.35016072090566E-002 4.41063109606320E-002
101.9660181 4.33843182458120E-002 4.39868034574029E-002
102.0660124 4.32674576323580E-002 4.38677345697491E-002
102.1660067 4.31510233956756E-002 4.37491022673288E-002
102.2660011 4.30350135737123E-002 4.36309045311413E-002
102.3660031 4.29194174126284E-002 4.35131303849975E-002
102.4659974 4.28042506094658E-002 4.33957958020426E-002
102.5659918 4.26895023998058E-002 4.32788897954761E-002
102.6659861 4.25751708647542E-002 4.31624103909273E-002
102.7659805 4.24612540960315E-002 4.30463556250010E-002
102.8659825 4.23477415518152E-002 4.29307147391204E-002
102.9659769 4.22346486643127E-002 4.28155034358275E-002
103.0659713 4.21219648811623E-002 4.27007109459682E-002
103.1659657 4.20096883358624E-002 4.25863353493426E-002
103.2659601 4.18978171721874E-002 4.24723747363745E-002
103.3659622 4.17863410550351E-002 4.23588185606331E-002
103.4659566 4.16752751572849E-002 4.22456822597044E-002
103.5659511 4.15646091333408E-002 4.21329552766196E-002
103.6659455 4.14543411674248E-002 4.20206357436160E-002
103.7659400 4.13444694537089E-002 4.19087218032154E-002
103.8659421 4.12349838586744E-002 4.17972031158319E-002
103.9659365 4.11258993012449E-002 4.16860948596050E-002
104.0659310 4.10172056374580E-002 4.15753866844560E-002
104.1659255 4.09089011006515E-002 4.14650767733886E-002
104.2659200 4.08009839337981E-002 4.13551633193643E-002
104.3659221 4.06934441999810E-002 4.12456361845017E-002
104.4659166 4.05862965694087E-002 4.11365102928687E-002
104.5659112 4.04795310947747E-002 4.10277754961406E-002
104.6659057 4.03731460569824E-002 4.09194300264777E-002
104.7659002 4.02671397462673E-002 4.08114721256838E-002
104.8659024 4.01615024174801E-002 4.07038918525951E-002
104.9658969 4.00562484972290E-002 4.05967038824524E-002
105.0658915 3.99513682300338E-002 4.04898982637033E-002
105.1658860 3.98468599428696E-002 4.03834732761133E-002
105.2658806 3.97427219717511E-002 4.02774272087879E-002
105.3658828 3.96389447586071E-002 4.01717503124441E-002
105.4658774 3.95355424914358E-002 4.00664570186124E-002
105.5658720 3.94325056018974E-002 3.99615375676796E-002
105.6658666 3.93298324615981E-002 3.98569902855208E-002
105.7658612 3.92275214509018E-002 3.97528135070585E-002
105.8658634 3.91255631942640E-002 3.96489976701971E-002
105.9658580 3.90239716459433E-002 3.95455569677501E-002
106.0658527 3.89227374201930E-002 3.94424818273539E-002
106.1658473 3.88218589318609E-002 3.93397706195513E-002
106.2658419 3.87213346042812E-002 3.92374217236503E-002
106.3658442 3.86211552400186E-002 3.91354257601878E-002
106.4658389 3.85213345643461E-002 3.90337966881336E-002
106.5658335 3.84218633696953E-002 3.89325251178226E-002
106.6658282 3.83227401128163E-002 3.88316094630746E-002
106.7658229 3.82239632586831E-002 3.87310481462027E-002
106.8658252 3.81255237836819E-002 3.86308319659557E-002
106.9658199 3.80274351887397E-002 3.85309746522160E-002
107.0658146 3.79296884401811E-002 3.84314669935991E-002
107.1658093 3.78322820353664E-002 3.83323074458613E-002
107.2658040 3.77352144796262E-002 3.82334944729889E-002
107.3658063 3.76384769190049E-002 3.81350190476512E-002
107.4658011 3.75420826346123E-002 3.80368946752858E-002
107.5657958 3.74460227625063E-002 3.79391123185007E-002
107.6657905 3.73502958394096E-002 3.78416704736943E-002
107.7657853 3.72549004097721E-002 3.77445676452424E-002
107.8657877 3.71598277852531E-002 3.76477949755683E-002
107.9657824 3.70650910315673E-002 3.75513657501962E-002
108.0657772 3.69706814504650E-002 3.74552711015630E-002
108.1657720 3.68765976168289E-002 3.73595095654613E-002
108.2657667 3.67828381130328E-002 3.72640796854170E-002
108.3657692 3.66893944124252E-002 3.71689727695617E-002
108.4657639 3.65962793696425E-002 3.70742018879305E-002
108.5657587 3.65034844482032E-002 3.69797583387453E-002
108.6657536 3.64110082599886E-002 3.68856406959893E-002
108.7657484 3.63188494241439E-002 3.67918475411421E-002
108.8657508 3.62269995718928E-002 3.66983703441149E-002
108.9657456 3.61354713510083E-002 3.66052219637724E-002
109.0657405 3.60442563829654E-002 3.65123938601953E-002
