0.0053140 3.59487438060983E+000 1.80400014643184E+003
0.0210792 1.38955372700462E+001 1.76997208127857E+003
0.0467942 2.95835366876311E+001 1.71632369383957E+003
0.0817065 4.88432881480429E+001 1.64697997695698E+003
0.1249105 6.97588944720278E+001 1.56635729743266E+003
0.1754417 9.06348836424681E+001 1.47874562551831E+003
0.2323515 1.10175554328363E+002 1.38789173718173E+003
0.2947571 1.27529514309226E+002 1.29680063355971E+003
0.3618673 1.42243560363773E+002 1.20770860524708E+003
0.4329916 1.54174763360953E+002 1.12215932865664E+003
0.5075377 1.63395708633735E+002 1.04112702701128E+003
0.5850032 1.70112187444482E+002 9.65146980467694E+002
0.6649650 1.74600012096897E+002 8.94433765038411E+002
0.7470680 1.77160843141104E+002 8.28978226895014E+002
0.8310139 1.78093695183573E+002 7.68623468595892E+002
0.9165527 1.77678253660073E+002 7.13120553648082E+002
1.0034738 1.76166326039980E+002 6.62168783522008E+002
1.0915995 1.73778633104504E+002 6.15443681714502E+002
1.1807797 1.70704851622789E+002 5.72615577419210E+002
1.2708868 1.67105536436136E+002 5.33362128482746E+002
1.3618115 1.63114939984350E+002 4.97375643436408E+002
1.4534610 1.58844154145498E+002 4.64367196459380E+002
1.5457546 1.54384322951602E+002 4.34069130592828E+002
1.6386236 1.49809527282524E+002 4.06235071104570E+002
1.7320075 1.45179541130259E+002 3.80640164823722E+002
1.8258543 1.40542106441767E+002 3.57079683174753E+002
1.9201186 1.35934996709586E+002 3.35367997006353E+002
2.0147601 1.31387782586851E+002 3.15337301552062E+002
2.1097440 1.26923219314008E+002 2.96835802822782E+002
2.2050388 1.22558561348794E+002 2.79726657457275E+002
2.3006174 1.18306512019543E+002 2.63886271104593E+002
2.3964555 1.14176107744409E+002 2.49203145824044E+002
2.4925310 1.10173450846005E+002 2.35576770142074E+002
2.5888248 1.06302222780916E+002 2.22916280428837E+002
2.6853193 1.02564239086192E+002 2.11139722483359E+002
2.7819988 9.89597771485954E+001 2.00172931425396E+002
2.8788497 9.54879275594519E+001 1.89948818433621E+002
2.9758588 9.21468810678223E+001 1.80406706192710E+002
3.0730149 8.89340864799410E+001 1.71491509696228E+002
3.1703074 8.58464894872280E+001 1.63153335482348E+002
3.2677268 8.28806204051337E+001 1.55346808060545E+002
3.3652646 8.00327401114141E+001 1.48030691281933E+002
3.4629133 7.72989121640105E+001 1.41167419720733E+002
3.5606650 7.46751287773131E+001 1.34722857135369E+002
3.6585133 7.21572919821488E+001 1.28665769865218E+002
3.7564523 6.97413133129720E+001 1.22967664595300E+002
3.8544764 6.74231374356084E+001 1.17602490933426E+002
3.9525810 6.51987604424331E+001 1.12546382305860E+002
4.0507604 6.30642937826140E+001 1.07777540042124E+002
4.1490108 6.10159171239551E+001 1.03275900067562E+002
4.2473280 5.90499332272863E+001 9.90230614844533E+001
4.3457083 5.71627655386837E+001 9.50021099715576E+001
4.4441489 5.53509552379778E+001 9.11974638671293E+001
4.5426454 5.36111986158082E+001 8.75948232305662E+001
4.6411954 5.19402965816283E+001 8.41809509195688E+001
4.7397961 5.03351894080823E+001 8.09436468906830E+001
4.8384450 4.87929466046457E+001 7.78716401155181E+001
4.9371399 4.73107577822832E+001 7.49544943169405E+001
5.0358779 4.58859577448698E+001 7.21825899608713E+001
5.1346571 4.45159807009028E+001 6.95469749417124E+001
5.2334756 4.31983850330334E+001 6.70393612324158E+001
5.3323316 4.19308420615317E+001 6.46520565440606E+001
5.4312238 4.07111261471719E+001 6.23779046990523E+001
5.5301496 3.95371334444142E+001 6.02102839367178E+001
5.6291079 3.84068427080188E+001 5.81430014290710E+001
5.7280973 3.73183344768747E+001 5.61703003425967E+001
5.8271164 3.62697809019369E+001 5.42868152050983E+001
5.9261644 3.52594368542140E+001 5.24875329612285E+001
6.0252392 3.42856549518782E+001 5.07677990063188E+001
6.1243401 3.33468527241632E+001 4.91232402808352E+001
6.2234659 3.24415282428490E+001 4.75497766899074E+001
6.3226158 3.15682515405687E+001 4.60435910336394E+001
6.4217891 3.07256571323906E+001 4.46011027764252E+001
6.5209840 2.99124565531204E+001 4.32189773827655E+001
6.6202001 2.91274110187177E+001 4.18940686769315E+001
6.7194366 2.83693445398810E+001 4.06234315882493E+001
6.8186927 2.76371368782154E+001 3.94043012919009E+001
6.9179682 2.69297174160663E+001 3.82340750207706E+001
7.0172613 2.62460758519713E+001 3.71103224423697E+001
7.1165720 2.55852394216197E+001 3.60307414102908E+001
7.2158999 2.49462810872550E+001 3.49931657095740E+001
7.3152432 2.43283287887154E+001 3.39955744413216E+001
7.4146030 2.37305304991767E+001 3.30360305579239E+001
7.5139770 2.31520961362180E+001 3.21127439805602E+001
7.6133666 2.25922499573695E+001 3.12239910736610E+001
7.7127702 2.20502677815034E+001 3.03681704549738E+001
7.8121865 2.15254579119055E+001 2.95437689628911E+001
7.9116168 2.10171452203809E+001 2.87493337362023E+001
8.0110589 2.05247042105897E+001 2.79835212068815E+001
8.1105143 2.00475187126312E+001 2.72450314824797E+001
8.2099815 1.95850137212289E+001 2.65326555639997E+001
8.3094593 1.91366393349107E+001 2.58452480456340E+001
8.4089492 1.87018572878268E+001 2.51817046000708E+001
8.5084489 1.82801693562937E+001 2.45410036083178E+001
8.6079599 1.78710830260636E+001 2.39221520512065E+001
8.7074812 1.74741388785465E+001 2.33242256265118E+001
8.8070112 1.70888969832121E+001 2.27463465337791E+001
8.9065517 1.67149254293432E+001 2.21876650544903E+001
9.0061006 1.63518248594238E+001 2.16473950746053E+001
9.1056593 1.59991990509885E+001 2.11247689979881E+001
9.2052267 1.56566785941789E+001 2.06190719875874E+001
9.3048016 1.53239092896551E+001 2.01296236608642E+001
9.4043856 1.50005423226976E+001 1.96557628300474E+001
9.5039766 1.46862555539858E+001 1.91968779499319E+001
9.6035763 1.43807281698060E+001 1.87523691994028E+001
9.7031836 1.40836612507429E+001 1.83216778462359E+001
9.8027972 1.37947678189970E+001 1.79042709982019E+001
9.9024188 1.35137643693157E+001 1.74996288222586E+001
10.0020464 1.32403894293244E+001 1.71072707626630E+001
10.1016817 1.29743815982673E+001 1.67267233860991E+001
10.2013235 1.27154974949682E+001 1.63575456843080E+001
10.3009707 1.24635031703713E+001 1.59993162468245E+001
10.4006251 1.22181667665821E+001 1.56516224530626E+001
10.5002846 1.19792747658926E+001 1.53140831516392E+001
10.5999509 1.17466128688923E+001 1.49863211894374E+001
10.6996230 1.15199817217515E+001 1.46679853158023E+001
10.7992996 1.12991894660478E+001 1.43587392987119E+001
10.8989827 1.10840453417640E+001 1.40582527072153E+001
10.9986702 1.08743739702207E+001 1.37662206174990E+001
11.0983637 1.06699986252958E+001 1.34823399850409E+001
11.1980623 1.04707550699015E+001 1.32063286927308E+001
11.2977649 1.02764850591876E+001 1.29379162443252E+001
11.3974732 1.00870307383339E+001 1.26768358435077E+001
11.4971853 9.90224724533115E+000 1.24228415907983E+001
11.5969029 9.72198801045563E+000 1.21756880362391E+001
11.6966250 9.54611697544621E+000 1.19351468161085E+001
11.7963505 9.37450290075727E+000 1.17009986394540E+001
11.8960812 9.20701443655958E+000 1.14730264350586E+001
11.9958151 9.04353128344449E+000 1.12510304213463E+001
12.0955540 8.88393122005527E+000 1.10348103119784E+001
12.1952970 8.72810093289881E+000 1.08241799071742E+001
12.2950428 8.57593100562238E+000 1.06189601499942E+001
12.3947934 8.42731156347685E+000 1.04189731608576E+001
12.4945468 8.28214219112848E+000 1.02240554963493E+001
12.5943047 8.14032044016123E+000 1.00340425835137E+001
12.6940662 8.00175146039053E+000 9.84878156833990E+000
12.7938302 7.86634357081975E+000 9.66812526434012E+000
12.8935986 7.73400439521896E+000 9.49192693077633E+000
12.9933693 7.60464970445584E+000 9.32005198259849E+000
13.0931443 7.47819319728741E+000 9.15236430937179E+000
13.1929224 7.35455509373402E+000 8.98873763214110E+000
13.2927027 7.23365820469516E+000 8.82905020186667E+000
13.3924871 7.11542449024519E+000 8.67318020545445E+000
13.4922734 6.99978296780733E+000 8.52101614543824E+000
13.5920637 6.88666059341965E+000 8.37244476224126E+000
13.6918568 6.77598995282100E+000 8.22736110894032E+000
13.7916517 6.66770576063421E+000 8.08566388417133E+000
13.8914504 6.56174178423405E+000 7.94725137169488E+000
13.9912508 6.45803793756473E+000 7.81203067286404E+000
14.0910548 6.35653211756618E+000 7.67990700053963E+000
14.1908615 6.25716710805882E+000 7.55079264728174E+000
14.2906697 6.15988745067152E+000 7.42460285845986E+000
14.3904813 6.06463668627271E+000 7.30125222803205E+000
14.4902944 5.97136373639577E+000 7.18066293771763E+000
14.5901109 5.88001557203462E+000 7.06275523045324E+000
14.6899298 5.79054342835911E+000 6.94745541970768E+000
14.7897500 5.70289999873757E+000 6.83469222519141E+000
14.8895734 5.61703695318485E+000 6.72439356093531E+000
14.9893980 5.53291069451413E+000 6.61649391114711E+000
15.0892259 5.45047575525848E+000 6.51092582290202E+000
15.1890558 5.36969040704212E+000 6.40762708139162E+000
15.2888878 5.29051338901101E+000 6.30653649015625E+000
15.3887200 5.21290613939643E+000 6.20759670043065E+000
15.4885562 5.13682686174325E+000 6.11074662900851E+000
15.5883943 5.06223936431790E+000 6.01593270808422E+000
15.6882343 4.98910707056355E+000 5.92310122854218E+000
15.7880763 4.91739447627159E+000 5.83220018192679E+000
15.8879183 4.84706844151379E+000 5.74318087803360E+000
15.9877640 4.77809281657492E+000 5.65599112907711E+000
16.0876115 4.71043645558907E+000 5.57058537832484E+000
16.1874608 4.64406779292507E+000 5.48691781842381E+000
16.2873119 4.57895616648624E+000 5.40494405420771E+000
16.3871628 4.51507299467932E+000 5.32462256853334E+000
16.4870172 4.45238689705473E+000 5.24590857710067E+000
16.5868734 4.39087097664665E+000 5.16876317280067E+000
16.6867312 4.33049789649130E+000 5.09314712226476E+000
16.7865905 4.27124108397030E+000 5.01902237053898E+000
16.8864496 4.21307580519645E+000 4.94635337227076E+000
16.9863121 4.15597472426320E+000 4.87510153566114E+000
17.0861762 4.09991453609854E+000 4.80523349984750E+000
17.1860417 4.04487148633148E+000 4.73671552716067E+000
17.2859087 3.99082246967126E+000 4.66951486786274E+000
17.3857753 3.93774601255325E+000 4.60360097159566E+000
17.4856452 3.88561822240284E+000 4.53894045067482E+000
17.5855166 3.83441884207878E+000 4.47550459141866E+000
17.6853893 3.78412716390383E+000 4.41326427147099E+000
17.7852633 3.73472303342625E+000 4.35219120038743E+000
17.8851368 3.68618774984449E+000 4.29225902436823E+000
17.9850136 3.63850036304510E+000 4.23343874889135E+000
18.0848916 3.59164321157946E+000 4.17570557110430E+000
18.1847709 3.54559818811084E+000 4.11903426147936E+000
18.2846515 3.50034765849292E+000 4.06340029397616E+000
18.3845314 3.45587528834781E+000 4.00878085545467E+000
18.4844144 3.41216265103958E+000 3.95515067585471E+000
18.5842986 3.36919430333335E+000 3.90248825711871E+000
18.6841841 3.32695436498264E+000 3.85077166675998E+000
18.7840706 3.28542736184559E+000 3.79997956957028E+000
18.8839565 3.24459898600041E+000 3.75009215170609E+000
18.9838453 3.20445298242608E+000 3.70108731353846E+000
19.0837353 3.16497580981649E+000 3.65294636070483E+000
19.1836263 3.12615350170082E+000 3.60565016417500E+000
19.2835185 3.08797244127116E+000 3.55918010396607E+000
19.3834098 3.05042006156080E+000 3.51351891668346E+000
19.4833041 3.01348198255170E+000 3.46864721201911E+000
19.5831994 2.97714629887913E+000 3.42454868313378E+000
19.6830957 2.94140069387676E+000 3.38120659373391E+000
19.7829930 2.90623315288406E+000 3.33860464296235E+000
19.8828894 2.87163260926625E+000 3.29672774412765E+000
19.9827887 2.83758630706145E+000 3.25555883080385E+000
20.0826889 2.80408375236592E+000 3.21508363657599E+000
20.1825901 2.77111405513155E+000 3.17528747467961E+000
20.2824922 2.73866658693723E+000 3.13615603212179E+000
20.3823934 2.70673157797902E+000 3.09767608642405E+000
20.4822973 2.67529768329533E+000 3.05983257152193E+000
20.5822022 2.64435563034763E+000 3.02261297076535E+000
20.6821079 2.61389576636029E+000 2.98600435897115E+000
20.7820145 2.58390866585888E+000 2.94999413286796E+000
20.8819201 2.55438568319129E+000 2.91457067188937E+000
20.9818284 2.52531670290016E+000 2.87972063770719E+000
21.0817375 2.49669351230634E+000 2.84543301909946E+000
21.1816475 2.46850753474370E+000 2.81169640994852E+000
21.2815583 2.44075039157349E+000 2.77849968227115E+000
21.3814680 2.41341441430078E+000 2.74583259641283E+000
21.4813803 2.38649056185885E+000 2.71368331117345E+000
21.5812935 2.35997154377940E+000 2.68204211460416E+000
21.6812074 2.33384972189721E+000 2.65089891464745E+000
21.7811221 2.30811763103218E+000 2.62024386029308E+000
21.8810357 2.28276845432990E+000 2.59006790592591E+000
21.9809519 2.25779409213313E+000 2.56036051169800E+000
22.0808688 2.23318805851232E+000 2.53111309037852E+000
22.1807864 2.20894353594899E+000 2.50231669006117E+000
22.2807048 2.18505385842351E+000 2.47396256835941E+000
22.3806219 2.16151295322648E+000 2.44604271513766E+000
22.4805416 2.13831354775929E+000 2.41854772511584E+000
22.5804621 2.11544985974174E+000 2.39146998748116E+000
22.6803832 2.09291579107021E+000 2.36480154244933E+000
22.7803050 2.07070537665184E+000 2.33853461286587E+000
22.8802255 2.04881319559668E+000 2.31266208909327E+000
22.9801486 2.02723270374769E+000 2.28717555785777E+000
23.0800723 2.00595873572959E+000 2.26206825836105E+000
23.1799967 1.98498582565345E+000 2.23733309653023E+000
23.2799217 1.96430862468885E+000 2.21296313791508E+000
23.3798454 1.94392228424978E+000 2.18895205810203E+000
23.4797716 1.92382090333366E+000 2.16529231357530E+000
23.5796984 1.90399985868425E+000 2.14197788547430E+000
23.6796259 1.88445424130887E+000 2.11900243715123E+000
23.7795539 1.86517924547231E+000 2.09635977183581E+000
23.8794806 1.84617052622705E+000 2.07404425159439E+000
23.9794098 1.82742275176576E+000 2.05204909751546E+000
24.0793395 1.80893177630598E+000 2.03036893999204E+000
24.1792698 1.79069318252400E+000 2.00899810676206E+000
24.2792007 1.77270264438280E+000 1.98793104844582E+000
24.3791302 1.75495626112493E+000 1.96716272875729E+000
24.4790621 1.73744920583425E+000 1.94668704267084E+000
24.5789946 1.72017775418059E+000 1.92649919011997E+000
24.6789277 1.70313792387718E+000 1.90659408305827E+000
24.7788612 1.68632581351487E+000 1.88696674165217E+000
24.8787934 1.66973791492973E+000 1.86761265817744E+000
24.9787279 1.65336985004574E+000 1.84852632300539E+000
25.0786630 1.63721826731788E+000 1.82970343686226E+000
25.1785986 1.62127957020593E+000 1.81113942664426E+000
25.2785347 1.60555023397436E+000 1.79282981476389E+000
25.3784693 1.59002709816350E+000 1.77477055892189E+000
25.4784064 1.57470618456039E+000 1.75695667679108E+000
25.5783439 1.55958447202681E+000 1.73938431044121E+000
25.6782819 1.54465870676650E+000 1.72204934169354E+000
25.7782204 1.52992569886110E+000 1.70494773686785E+000
25.8781574 1.51538259641074E+000 1.68807586440515E+000
25.9780968 1.50102577816816E+000 1.67142921004429E+000
26.0780366 1.48685251641524E+000 1.65500430565784E+000
26.1779769 1.47285986249640E+000 1.63879743585894E+000
26.2779176 1.45904492469292E+000 1.62280496017422E+000
26.3778568 1.44540512545316E+000 1.60702361030157E+000
26.4777984 1.43193716283702E+000 1.59144928838532E+000
26.5777404 1.41863857019398E+000 1.57607887130557E+000
26.6776829 1.40550667105399E+000 1.56090900107005E+000
26.7776257 1.39253883979273E+000 1.54593638624098E+000
26.8775671 1.37973274324160E+000 1.53115808044251E+000
26.9775108 1.36708536563459E+000 1.51657035705850E+000
27.0774549 1.35459447302924E+000 1.50217039895060E+000
27.1773994 1.34225763219715E+000 1.48795516589428E+000
27.2773442 1.33007245539908E+000 1.47392167691253E+000
27.3772876 1.31803682754842E+000 1.46006727149622E+000
27.4772333 1.30614798983908E+000 1.44638855468639E+000
27.5771793 1.29440391612563E+000 1.43288298124793E+000
27.6771257 1.28280239094739E+000 1.41954779405370E+000
27.7770725 1.27134123961256E+000 1.40638028882229E+000
27.8770178 1.26001854198460E+000 1.39337805937938E+000
27.9769653 1.24883177040477E+000 1.38053800765375E+000
28.0769132 1.23777908459887E+000 1.36785783048922E+000
28.1768615 1.22685846440854E+000 1.35533502345417E+000
28.2768101 1.21606792627649E+000 1.34296712934155E+000
28.3767572 1.20540572463145E+000 1.33075196867875E+000
28.4767065 1.19486954010882E+000 1.31868670967226E+000
28.5766562 1.18445769896975E+000 1.30676926508705E+000
28.6766062 1.17416835650717E+000 1.29499735647019E+000
28.7765565 1.16399970092795E+000 1.28336874764713E+000
28.8765053 1.15395014322785E+000 1.27188146157928E+000
28.9764563 1.14401755206352E+000 1.26053290574431E+000
29.0764077 1.13420040314743E+000 1.24932118583843E+000
29.1763593 1.12449700964944E+000 1.23824422585960E+000
29.2763113 1.11490571438543E+000 1.22729998772290E+000
29.3762617 1.10542506899767E+000 1.21648667546814E+000
29.4762144 1.09605311214587E+000 1.20580191196675E+000
29.5761673 1.08678845387175E+000 1.19524397559979E+000
29.6761206 1.07762954963460E+000 1.18481097205454E+000
29.7760741 1.06857488163810E+000 1.17450104108222E+000
29.8760261 1.05962312806308E+000 1.16431254897066E+000
29.9759803 1.05077248152843E+000 1.15424331283150E+000
30.0759347 1.04202167299590E+000 1.14429176586543E+000
30.1758895 1.03336928636421E+000 1.13445617709233E+000
30.2758445 1.02481392969547E+000 1.12473484618522E+000
30.3757980 1.01635439518546E+000 1.11512628504443E+000
30.4757536 1.00798901510076E+000 1.10562848624440E+000
30.5757095 9.99716629412267E-001 1.09624002201148E+000
30.6756657 9.91535938130462E-001 1.08695930843683E+000
30.7756221 9.83445663129518E-001 1.07778478923979E+000
30.8755770 9.75444699484248E-001 1.06871510720944E+000
30.9755340 9.67531506320302E-001 1.05974841368291E+000
31.0754913 9.59705022020171E-001 1.05088340592391E+000
31.1754469 9.51964198553589E-001 1.04211879889031E+000
31.2754067 9.44307420346654E-001 1.03345266757122E+000
31.3753629 9.36734115951058E-001 1.02488427127131E+000
31.4753231 9.29242570954423E-001 1.01641157829014E+000
31.5752798 9.21832239040250E-001 1.00803388059627E+000
31.6752368 9.14501733376486E-001 9.99749521781768E-001
31.7751978 9.07249697288656E-001 9.91556882230347E-001
31.8751552 9.00075620123129E-001 9.83455300198762E-001
31.9751168 8.92977907849539E-001 9.75442892399586E-001
32.0750747 8.85956072306763E-001 9.67519026244511E-001
32.1750329 8.79008828308357E-001 9.59682171381865E-001
32.2749952 8.72134918383954E-001 9.51930831153412E-001
32.3749539 8.65333886304756E-001 9.44264414308509E-001
32.4749166 8.58604248206700E-001 9.36681172888345E-001
32.5748758 8.51945568009749E-001 9.29180541692745E-001
32.6748352 8.45356653317124E-001 9.21761105034385E-001
32.7747986 8.38836337238684E-001 9.14421478127214E-001
32.8747585 8.32384212311781E-001 9.07161132725708E-001
32.9747223 8.25998895627936E-001 8.99978444451588E-001
33.0746827 8.19679997789288E-001 8.92872908359250E-001
33.1746432 8.13426411218374E-001 8.85843213214945E-001
33.2746078 8.07237051841859E-001 8.78888076165671E-001
33.3745687 8.01111555929884E-001 8.72007025334427E-001
33.4745337 7.95048633212217E-001 8.65198549357677E-001
33.5744951 7.89047936168475E-001 8.58462197217982E-001
33.6744568 7.83108434856393E-001 8.51796752968157E-001
33.7744224 7.77229121020170E-001 8.45201026762774E-001
33.8743844 7.71409670180061E-001 8.38674597202878E-001
33.9743505 7.65648877182244E-001 8.32216056421829E-001
34.0743130 7.59946432102701E-001 8.25825001712183E-001
34.1742756 7.54301376149443E-001 8.19500304170330E-001
34.2742423 7.48712770564659E-001 8.13240858930582E-001
34.3742054 7.43180326121703E-001 8.07046289836869E-001
34.4741725 7.37702915970837E-001 8.00915283932108E-001
34.5741359 7.32280263965355E-001 7.94847481823138E-001
34.6740996 7.26911476601385E-001 7.88841834226374E-001
34.7740673 7.21595678905180E-001 7.82897314024319E-001
34.8740313 7.16332613335111E-001 7.77013585645098E-001
34.9739994 7.11121225167044E-001 7.71189423281545E-001
35.0739638 7.05961268620837E-001 7.65424506406950E-001
35.1739284 7.00851910174183E-001 7.59717858662170E-001
35.2738971 6.95792333463878E-001 7.54068524153911E-001
35.3738621 6.90782309444606E-001 7.48476203743702E-001
35.4738310 6.85820849906475E-001 7.42939751752114E-001
35.5737964 6.80907736386486E-001 7.37458882554074E-001
35.6737620 6.76042190533755E-001 7.32032686667022E-001
35.7737315 6.71223449905091E-001 7.26660273527680E-001
35.8736974 6.66451311098767E-001 7.21341376728312E-001
35.9736673 6.61724847315973E-001 7.16074924353221E-001
36.0736335 6.57043864681600E-001 7.10860662140567E-001
36.1735999 6.52407635650269E-001 7.05697742013839E-001
36.2735704 6.47815447440548E-001 7.00585333407012E-001
36.3735371 6.43267119739529E-001 6.95523199336408E-001
36.4735079 6.38761782512407E-001 6.90510335874384E-001
36.5734750 6.34299264026784E-001 6.85546516960935E-001
36.6734423 6.29878883574934E-001 6.80630950970398E-001
36.7734135 6.25499974166427E-001 6.75762862502557E-001
36.8733811 6.21162376286956E-001 6.70942041041480E-001
36.9733527 6.16865272428543E-001 6.66167545398641E-001
37.0733206 6.12608510808681E-001 6.61439174888240E-001
37.1732887 6.08391453946698E-001 6.56756189840988E-001
37.2732608 6.04213477120205E-001 6.52117865639333E-001
37.3732292 6.00074439558493E-001 6.47524015589223E-001
37.4732015 5.95973572412137E-001 6.42973756464614E-001
37.5731702 5.91910741880181E-001 6.38466910422169E-001
37.6731391 5.87885350419432E-001 6.34002785667023E-001
37.7731119 5.83896812365226E-001 6.29580704382626E-001
37.8730811 5.79945003844798E-001 6.25200501326371E-001
37.9730543 5.76029201131490E-001 6.20861346882187E-001
38.0730237 5.72149286637448E-001 6.16563083780104E-001
38.1729934 5.68304699756286E-001 6.12305064387626E-001
38.2729669 5.64494890952140E-001 6.08086654067635E-001
38.3729369 5.60719751591100E-001 6.03907706903203E-001
38.4729107 5.56978599833551E-001 5.99767442917133E-001
38.5728809 5.53271332714505E-001 5.95665723377159E-001
38.6728513 5.49597423824024E-001 5.91601941433252E-001
38.7728256 5.45956357079736E-001 5.87575502329566E-001
38.8727962 5.42348037593943E-001 5.83586277566707E-001
38.9727708 5.38771822449491E-001 5.79633533178732E-001
39.0727417 5.35227621873095E-001 5.75717147143146E-001
39.1727127 5.31714941145779E-001 5.71836550311146E-001
39.2726877 5.28233295192216E-001 5.67991184800876E-001
39.3726590 5.24782601526930E-001 5.64180937816115E-001
39.4726343 5.21362253436002E-001 5.60405118084315E-001
39.5726059 5.17972173048804E-001 5.56663618649874E-001
39.6725776 5.14611895044015E-001 5.52955905252904E-001
39.7725533 5.11280963113704E-001 5.49281454140215E-001
39.8725252 5.07979305963539E-001 5.45640166677166E-001
39.9725012 5.04706350585876E-001 5.42031391246462E-001
40.0724734 5.01462029850834E-001 5.38455034481581E-001
40.1724458 4.98245905733351E-001 5.34910594441690E-001
40.2724221 4.95057548640326E-001 5.31397578993188E-001
40.3723947 4.91896897376453E-001 5.27915902275620E-001
40.4723712 4.88763410345017E-001 5.24464949541712E-001
40.5723441 4.85657030108801E-001 5.21044639683602E-001
40.6723171 4.82577344011404E-001 5.17654500728543E-001
40.7722940 4.79523947291441E-001 5.14294069866750E-001
40.8722673 4.76496787867087E-001 5.10963272762337E-001
40.9722444 4.73495353440319E-001 5.07661528981809E-001
41.0722179 4.70519595320515E-001 5.04388768477286E-001
41.1721915 4.67569124449914E-001 5.01144547090993E-001
41.2721690 4.64643559169396E-001 4.97928429234036E-001
41.3721428 4.61742855620650E-001 4.94740350968718E-001
41.4721206 4.58866528858586E-001 4.91579763826653E-001
41.5720946 4.56014538084637E-001 4.88446607739161E-001
41.6720688 4.53186516212686E-001 4.85340464389376E-001
41.7720469 4.50382103095946E-001 4.82260923480946E-001
41.8720213 4.47601262295437E-001 4.79207930458320E-001
41.9719996 4.44843534424791E-001 4.76180966657943E-001
42.0719743 4.42108885805136E-001 4.73179981015156E-001
42.1719490 4.39396969824992E-001 4.70204579242188E-001
42.2719276 4.36707446386764E-001 4.67254374565078E-001
42.3719026 4.34040285743702E-001 4.64329320893282E-001
42.4718815 4.31395052412052E-001 4.61428927378987E-001
42.5718566 4.28771719134145E-001 4.58553151081057E-001
42.6718319 4.26169958394373E-001 4.55701620076191E-001
42.7718111 4.23589448796572E-001 4.52873969486212E-001
42.8717866 4.21030166628430E-001 4.50070160857165E-001
42.9717660 4.18491698778696E-001 4.47289729323637E-001
43.0717417 4.15974023778855E-001 4.44532639272490E-001
43.1717175 4.13476831938102E-001 4.41798539613942E-001
43.2716972 4.10999819319028E-001 4.39087085869391E-001
43.3716732 4.08542967648363E-001 4.36398246472727E-001
43.4716531 4.06105884772301E-001 4.33731580849434E-001
43.5716293 4.03688554439264E-001 4.31087059995192E-001
43.6716056 4.01290683610359E-001 4.28464352244325E-001
43.7715858 3.98911984660091E-001 4.25863132140178E-001
43.8715623 3.96552444215019E-001 4.23283374327348E-001
43.9715428 3.94211689768936E-001 4.20724660960057E-001
44.0715195 3.91889709768879E-001 4.18186968992249E-001
44.1714963 3.89586226744585E-001 4.15669984883583E-001
44.2714770 3.87300968323100E-001 4.13173400929671E-001
44.3714539 3.85033925542265E-001 4.10697197373098E-001
44.4714348 3.82784744329889E-001 4.08240977652731E-001
44.5714120 3.80553417361930E-001 4.05804724091984E-001
44.6713893 3.78339681735324E-001 4.03388140077885E-001
44.7713704 3.76143279350210E-001 4.00990934487031E-001
44.8713479 3.73964205212862E-001 3.98613092605270E-001
44.9713293 3.71802122559738E-001 3.96254237819898E-001
45.0713069 3.69657027869878E-001 3.93914357290640E-001
45.1712846 3.67528671880854E-001 3.91593170225886E-001
45.2712662 3.65416809859545E-001 3.89290401001687E-001
45.3712441 3.63321440379084E-001 3.87006039444699E-001
45.4712259 3.61242242940078E-001 3.84739727653116E-001
45.5712040 3.59179217438443E-001 3.82491457139953E-001
45.6711822 3.57132127394347E-001 3.80260961912925E-001
45.7711643 3.55100740601975E-001 3.78047980847983E-001
45.8711426 3.53085058837030E-001 3.75852507857266E-001
45.9711248 3.51084776894017E-001 3.73674202602699E-001
46.0711034 3.49099897735331E-001 3.71513060512798E-001
46.1710820 3.47130196868474E-001 3.69368829449318E-001
46.2710644 3.45175453836837E-001 3.67241261863498E-001
46.3710432 3.43235673288115E-001 3.65130355340170E-001
46.4710259 3.41310564408668E-001 3.63035786040649E-001
46.5710048 3.39400132909366E-001 3.60957552912001E-001
46.6709838 3.37504165547367E-001 3.58895416794957E-001
46.7709667 3.35622452893408E-001 3.56849142860011E-001
46.8709459 3.33755002167111E-001 3.54818731990314E-001
46.9709290 3.31901536107377E-001 3.52803875858230E-001
47.0709083 3.30062062884859E-001 3.50804576569310E-001
47.1708877 3.28236379821547E-001 3.48820607132515E-001
47.2708710 3.26424287845311E-001 3.46851744644374E-001
47.3708506 3.24625796475246E-001 3.44897992946708E-001
47.4708341 3.22840641221229E-001 3.42959058304377E-001
47.5708138 3.21068832451548E-001 3.41034945654712E-001
47.6707936 3.19310177416760E-001 3.39125439423111E-001
47.7707773 3.17564486779111E-001 3.37230327896508E-001
47.8707573 3.15831772109743E-001 3.35349617567155E-001
47.9707411 3.14111780961128E-001 3.33483028438011E-001
48.0707212 3.12404525661106E-001 3.31630567981657E-001
48.1707014 3.10709822797200E-001 3.29792031342233E-001
48.2706855 3.09027492186904E-001 3.27967217314297E-001
48.3706658 3.07357547228671E-001 3.26156134760720E-001
48.4706500 3.05699746838242E-001 3.24358516627191E-001
48.5706305 3.04054105086742E-001 3.22574372652331E-001
48.6706110 3.02420447348149E-001 3.20803508051006E-001
48.7705955 3.00798602056262E-001 3.19045731491169E-001
48.8705762 2.99188584232677E-001 3.17301053952236E-001
48.9705608 2.97590163522352E-001 3.15569220581621E-001
49.0705416 2.96003355543218E-001 3.13850243139525E-001
49.1705225 2.94427993943062E-001 3.12143936309194E-001
49.2705073 2.92863915270053E-001 3.10450118042369E-001
49.3704883 2.91311135983438E-001 3.08768801204274E-001
49.4704733 2.89769435865152E-001 3.07099742453151E-001
49.5704545 2.88238831901423E-001 3.05442955348753E-001
49.6704357 2.86719165536105E-001 3.03798263482375E-001
49.7704208 2.85210280963922E-001 3.02165493541005E-001
49.8704022 2.83712195913244E-001 3.00544660066095E-001
49.9703875 2.82224699749397E-001 2.98935530582045E-001
50.0703690 2.80747810664713E-001 2.97338120246476E-001
50.1703506 2.79281377453576E-001 2.95752261037095E-001
50.2703361 2.77825251520946E-001 2.94177787865415E-001
50.3703178 2.76379451711189E-001 2.92614716758725E-001
50.4703034 2.74943776455201E-001 2.91062825505598E-001
50.5702853 2.73518245004053E-001 2.89522130678310E-001
50.6702672 2.72102713086865E-001 2.87992472154991E-001
50.7702530 2.70697038911592E-001 2.86473692595818E-001
50.8702350 2.69301242299477E-001 2.84965809340952E-001
50.9702209 2.67915130262276E-001 2.83468609880599E-001
51.0702031 2.66538722975921E-001 2.81982112035240E-001
51.1701853 2.65171882715953E-001 2.80506163130332E-001
51.2701714 2.63814474112963E-001 2.79040613131003E-001
51.3701538 2.62466517838686E-001 2.77585480533153E-001
51.4701400 2.61127829031715E-001 2.76140562002562E-001
51.5701225 2.59798428671226E-001 2.74705876456695E-001
51.6701050 2.58478185216287E-001 2.73281278245596E-001
51.7700914 2.57166969364626E-001 2.71866624225327E-001
51.8700741 2.55864802523676E-001 2.70461933904767E-001
51.9700606 2.54571507533298E-001 2.69067012632983E-001
52.0700434 2.53287106065456E-001 2.67681880287046E-001
52.1700263 2.52011472423373E-001 2.66306397846898E-001
52.2700130 2.50744483039437E-001 2.64940428672938E-001
52.3699959 2.49486159952528E-001 2.63583993157350E-001
52.4699827 2.48236333304616E-001 2.62236904871472E-001
52.5699658 2.46995025360153E-001 2.60899184527203E-001
52.6699489 2.45762115948943E-001 2.59570699365616E-001
52.7699359 2.44537486926871E-001 2.58251318890218E-001
52.8699192 2.43321160869620E-001 2.56941064258713E-001
52.9699063 2.42112974846636E-001 2.55639756832702E-001
53.0698897 2.40912951623810E-001 2.54347418045577E-001
53.1698731 2.39720976260157E-001 2.53063921054777E-001
53.2698603 2.38536935743656E-001 2.51789141169155E-001
53.3698439 2.37360853100899E-001 2.50523100204973E-001
53.4698313 2.36192571976971E-001 2.49265626908992E-001
53.5698149 2.35032115556587E-001 2.48016743333188E-001
53.6697986 2.33879373849328E-001 2.46776328228814E-001
53.7697861 2.32734238702211E-001 2.45544262394044E-001
53.8697699 2.31596733514812E-001 2.44320568206595E-001
53.9697576 2.30466708177219E-001 2.43105081418256E-001
54.0697415 2.29344186218034E-001 2.41897824606177E-001
54.1697254 2.28229062336163E-001 2.40698681813462E-001
54.2697133 2.27121232981618E-001 2.39507539031720E-001
54.3696973 2.26020721856304E-001 2.38324419111991E-001
54.4696852 2.24927384784409E-001 2.37149164454183E-001
54.5696694 2.23841245570491E-001 2.35981798075841E-001
54.6696536 2.22762203357691E-001 2.34822209029051E-001
54.7696417 2.21690158958790E-001 2.33670288221662E-001
54.8696260 2.20625136313992E-001 2.32526058898076E-001
54.9696142 2.19566996889063E-001 2.31389369770985E-001
55.0695986 2.18515764702970E-001 2.30260244221442E-001
55.1695831 2.17471343113018E-001 2.29138576045358E-001
55.2695714 2.16433637069236E-001 2.28024260806958E-001
55.3695560 2.15402670692137E-001 2.26917322071503E-001
55.4695444 2.14378310813673E-001 2.25817614549218E-001
55.5695291 2.13360581611496E-001 2.24725161914948E-001
55.6695138 2.12349390440981E-001 2.23639862459731E-001
55.7695023 2.11344646177551E-001 2.22561616160409E-001
55.8694872 2.10346373069557E-001 2.21490446837390E-001
55.9694758 2.09354443055717E-001 2.20426214901876E-001
56.0694607 2.08368880421964E-001 2.19368944259342E-001
56.1694457 2.07389596318643E-001 2.18318537462539E-001
56.2694345 2.06416503347458E-001 2.17274898672134E-001
56.3694196 2.05449625837152E-001 2.16238051904163E-001
56.4694085 2.04488840588699E-001 2.15207862991678E-001
56.5693936 2.03534171950759E-001 2.14184356013581E-001
56.6693788 2.02585534677662E-001 2.13167437565151E-001
56.7693678 2.01642844910130E-001 2.12157015776004E-001
56.8693531 2.00706127014448E-001 2.11153114803938E-001
56.9693423 1.99775262423262E-001 2.10155605640962E-001
57.0693276 1.98850275506826E-001 2.09164512487664E-001
57.1693130 1.97931084443759E-001 2.08179745775885E-001
57.2693023 1.97017608737594E-001 2.07201217402273E-001
57.3692878 1.96109872753500E-001 2.06228951617670E-001
57.4692772 1.95207762338212E-001 2.05262824325318E-001
57.5692628 1.94311301846496E-001 2.04302859800707E-001
57.6692484 1.93420412712087E-001 2.03348972118602E-001
57.7692379 1.92535017635429E-001 2.02401076752823E-001
57.8692236 1.91655140945741E-001 2.01459198003251E-001
57.9692132 1.90780672698434E-001 2.00523216450778E-001
58.0691990 1.89911637199391E-001 1.99593156403552E-001
58.1691849 1.89047958978111E-001 1.98668935397103E-001
58.2691746 1.88189563775670E-001 1.97750472303804E-001
58.3691605 1.87336475854001E-001 1.96837791432863E-001
58.4691503 1.86488589283158E-001 1.95930777822457E-001
58.5691363 1.85645928290107E-001 1.95029455775292E-001
58.6691224 1.84808420349939E-001 1.94133746116201E-001
58.7691123 1.83975994097065E-001 1.93243570947979E-001
58.8690985 1.83148673697983E-001 1.92358954553362E-001
58.9690885 1.82326357054008E-001 1.91479786219808E-001
59.0690747 1.81509068286244E-001 1.90606090210257E-001
59.1690610 1.80696737673759E-001 1.89737790477375E-001
59.2690511 1.79889296605398E-001 1.88874812196019E-001
59.3690374 1.79086769126994E-001 1.88017179590237E-001
59.4690277 1.78289056797716E-001 1.87164786000325E-001
59.5690141 1.77496183608666E-001 1.86317655618578E-001
59.6690006 1.76708082509292E-001 1.85475715373348E-001
59.7689909 1.75924687511820E-001 1.84638893362323E-001
59.8689774 1.75146022518839E-001 1.83807213721919E-001
59.9689678 1.74371992583327E-001 1.82980573659637E-001
60.0689545 1.73602621544809E-001 1.82158997269408E-001
60.1689411 1.72837844897006E-001 1.81342414311821E-001
60.2689316 1.72077599151809E-001 1.80530755666701E-001
60.3689184 1.71321908048420E-001 1.79724045356864E-001
60.4689090 1.70570679978351E-001 1.78922184281517E-001
60.5688958 1.69823938610313E-001 1.78125196411383E-001
60.6688827 1.69081621863209E-001 1.77333014203981E-001
60.7688734 1.68343668631751E-001 1.76545571188547E-001
60.8688603 1.67610102473831E-001 1.75762891251053E-001
60.9688511 1.66880834972442E-001 1.74984878816410E-001
61.0688381 1.66155889608393E-001 1.74211557709914E-001
61.1688251 1.65435206613238E-001 1.73442862958316E-001
61.2688160 1.64718727154102E-001 1.72678730614990E-001
61.3688031 1.64006474591671E-001 1.71919184408314E-001
61.4687941 1.63298363561092E-001 1.71164132131798E-001
61.5687813 1.62594417340133E-001 1.70413597445488E-001
61.6687685 1.61894578366628E-001 1.69667517824795E-001
61.7687596 1.61198789975734E-001 1.68925831728934E-001
61.8687469 1.60507075316877E-001 1.68188562710209E-001
61.9687381 1.59819351945297E-001 1.67455621781971E-001
62.0687254 1.59135642922365E-001 1.66727032421390E-001
62.1687128 1.58455892791585E-001 1.66002734438625E-001
62.2687041 1.57780046957421E-001 1.65282668586971E-001
62.3686916 1.57108128345678E-001 1.64566858226251E-001
62.4686829 1.56440057306443E-001 1.63855217448739E-001
62.5686704 1.55775856672962E-001 1.63147769533097E-001
62.6686580 1.55115472999212E-001 1.62444456516572E-001
62.7686494 1.54458853665537E-001 1.61745221340894E-001
62.8686371 1.53806021363305E-001 1.61050087158891E-001
62.9686286 1.53156899118614E-001 1.60358971008200E-001
63.0686163 1.52511509526342E-001 1.59671895955178E-001
63.1686040 1.51869801060820E-001 1.58988806162341E-001
63.2685918 1.51231747260643E-001 1.58309672492150E-001
63.3685872 1.50597273627980E-001 1.57634414698137E-001
63.4685751 1.49966450963271E-001 1.56963107182023E-001
63.5685630 1.49339204944645E-001 1.56295669904751E-001
63.6685509 1.48715510014325E-001 1.55632074740711E-001
63.7685388 1.48095340834753E-001 1.54972293810803E-001
63.8685344 1.47478625370496E-001 1.54316249574501E-001
63.9685224 1.46865432813794E-001 1.53664014734721E-001
64.0685105 1.46255691292544E-001 1.53015511943594E-001
64.1684986 1.45649376328138E-001 1.52370714283065E-001
64.2684867 1.45046463651340E-001 1.51729595069234E-001
64.3684824 1.44446883586918E-001 1.51092079353000E-001
64.4684706 1.43850703759682E-001 1.50458238181235E-001
64.5684588 1.43257854645948E-001 1.49827996783732E-001
64.6684470 1.42668312793266E-001 1.49201329389670E-001
64.7684353 1.42082054948319E-001 1.48578210450738E-001
64.8684312 1.41499013698953E-001 1.47958567500528E-001
64.9684195 1.40919255142360E-001 1.47342469971682E-001
65.0684079 1.40342712006941E-001 1.46729845563855E-001
65.1683963 1.39769361816356E-001 1.46120669596568E-001
65.2683847 1.39199182283729E-001 1.45514917600871E-001
65.3683808 1.38632108167642E-001 1.44912519489768E-001
65.4683692 1.38068204076530E-001 1.44313543122543E-001
65.5683578 1.37507404899272E-001 1.43717918566294E-001
65.6683463 1.36949689088370E-001 1.43125622177211E-001
65.7683349 1.36395035276650E-001 1.42536630512639E-001
65.8683311 1.35843380305596E-001 1.41950875766859E-001
65.9683197 1.35294787332811E-001 1.41368424265713E-001
66.0683084 1.34749193320496E-001 1.40789208346406E-001
66.1682971 1.34206577605330E-001 1.40213205351125E-001
66.2682858 1.33666919695684E-001 1.39640392813423E-001
66.3682821 1.33130158432358E-001 1.39070705115555E-001
66.4682709 1.32596355559110E-001 1.38504207088897E-001
66.5682597 1.32065450028519E-001 1.37940833248210E-001
66.6682485 1.31537422019222E-001 1.37380561873828E-001
66.7682374 1.31012251873386E-001 1.36823371428203E-001
66.8682339 1.30489880351557E-001 1.36269198392832E-001
66.9682228 1.29970367819719E-001 1.35718106142662E-001
67.0682118 1.29453655141849E-001 1.35170031281967E-001
67.1682007 1.28939723298620E-001 1.34624952984023E-001
67.2681897 1.28428553426513E-001 1.34082850595488E-001
67.3681864 1.27920088130043E-001 1.33543662612670E-001
67.4681754 1.27414386432576E-001 1.33007450991194E-001
67.5681645 1.26911391034258E-001 1.32474154341065E-001
67.6681536 1.26411083680035E-001 1.31943752685777E-001
67.7681428 1.25913446263349E-001 1.31416226213945E-001
67.8681396 1.25418423160483E-001 1.30891515356325E-001
67.9681288 1.24926072086449E-001 1.30369680685404E-001
68.0681180 1.24436337505881E-001 1.29850662737158E-001
68.1681072 1.23949201892251E-001 1.29334442344903E-001
68.2680965 1.23464647860613E-001 1.28821000499261E-001
68.3680934 1.22982621490204E-001 1.28310279488908E-001
68.4680827 1.22503179221064E-001 1.27802338538474E-001
68.5680721 1.22026267213979E-001 1.27297120033938E-001
68.6680615 1.21551868637111E-001 1.26794605580224E-001
68.7680509 1.21079966793652E-001 1.26294776932176E-001
68.8680479 1.20610509400186E-001 1.25797578163488E-001
68.9680374 1.20143551654288E-001 1.25303067185310E-001
69.0680269 1.19679041347738E-001 1.24811188161248E-001
69.1680164 1.19216962311335E-001 1.24321923431680E-001
69.2680059 1.18757298504709E-001 1.23835255479904E-001
69.3680031 1.18299999219205E-001 1.23351130095161E-001
69.4679927 1.17845118441597E-001 1.22869603908618E-001
69.5679823 1.17392605532494E-001 1.22390622792523E-001
69.6679719 1.16942444954969E-001 1.21914169788476E-001
69.7679615 1.16494621295046E-001 1.21440228074376E-001
69.8679589 1.16049085359119E-001 1.20968745088775E-001
69.9679486 1.15605889953988E-001 1.20499776215488E-001
70.0679383 1.15164985949763E-001 1.20033268969624E-001
70.1679281 1.14726358413012E-001 1.19569207061594E-001
70.2679178 1.14289992527680E-001 1.19107574331832E-001
70.3679153 1.13855840558206E-001 1.18648319805031E-001
70.4679051 1.13423954161428E-001 1.18191497649434E-001
70.5678949 1.12994285660321E-001 1.17737056960264E-001
70.6678848 1.12566820697658E-001 1.17284982086036E-001
70.7678747 1.12141545028305E-001 1.16835257499343E-001
70.8678723 1.11718412320320E-001 1.16387833750746E-001
70.9678622 1.11297473109784E-001 1.15942763823863E-001
71.0678522 1.10878681118448E-001 1.15499998334153E-001
71.1678422 1.10462022539410E-001 1.15059522239137E-001
71.2678322 1.10047483672845E-001 1.14621320614774E-001
71.3678299 1.09635019538434E-001 1.14185345479970E-001
71.4678200 1.09224679579932E-001 1.13751648663840E-001
71.5678100 1.08816418866190E-001 1.13320182244929E-001
71.6678002 1.08410224116073E-001 1.12890931762171E-001
71.7677903 1.08006082150760E-001 1.12463882867596E-001
71.8677881 1.07603949291874E-001 1.12038988993529E-001
71.9677783 1.07203873918508E-001 1.11616300843909E-001
72.0677685 1.06805812397225E-001 1.11195771905784E-001
72.1677587 1.06409751949346E-001 1.10777388273338E-001
72.2677489 1.06015679893990E-001 1.10361136148782E-001
72.3677468 1.05623553807228E-001 1.09946970325399E-001
72.4677371 1.05233421030404E-001 1.09534940410492E-001
72.5677275 1.04845239180583E-001 1.09125001247476E-001
72.6677178 1.04458995959408E-001 1.08717139460961E-001
72.7677082 1.04074679162029E-001 1.08311341778772E-001
72.8677062 1.03692247573558E-001 1.07907564305028E-001
72.9676966 1.03311747523775E-001 1.07505855578168E-001
73.0676870 1.02933137835091E-001 1.07106171748153E-001
73.1676774 1.02556406668452E-001 1.06708499946458E-001
73.2676679 1.02181542274233E-001 1.06312827403209E-001
73.3676660 1.01808504603142E-001 1.05919111485451E-001
73.4676565 1.01437338998875E-001 1.05527399689783E-001
73.5676471 1.01068005445992E-001 1.05137649425086E-001
73.6676376 1.00700492544766E-001 1.04749848307333E-001
73.7676282 1.00334788981027E-001 1.04363984046812E-001
73.8676264 9.99708558295143E-002 1.03980015227689E-001
73.9676171 9.96087374726198E-002 1.03597988331017E-001
74.0676077 9.92483950157139E-002 1.03217861979051E-001
74.1675984 9.88898174794137E-002 1.02839624251020E-001
74.2675890 9.85329939662092E-002 1.02463263316350E-001
74.3675874 9.81778866350889E-002 1.02088738932514E-001
74.4675781 9.78245389312433E-002 1.01716096590600E-001
74.5675688 9.74729130412800E-002 1.01345296082670E-001
74.6675596 9.71229983881111E-002 1.00976325931027E-001
74.7675504 9.67747844730189E-002 1.00609174744261E-001
74.8675488 9.64282345011440E-002 1.00243803411231E-001
74.9675396 9.60833910039244E-002 9.98802564579465E-002
75.0675305 9.57402172113085E-002 9.95184948045846E-002
75.1675213 9.53987029313367E-002 9.91585073973475E-002
75.2675122 9.50588380470886E-002 9.88002832649977E-002
75.3675108 9.47205867733698E-002 9.84437843876644E-002
75.4675017 9.43839907506714E-002 9.80890543504808E-002
75.5674926 9.40490142159813E-002 9.77360551618379E-002
75.6674836 9.37156473461370E-002 9.73847761736006E-002
75.7674746 9.33838803898444E-002 9.70352068166562E-002
75.8674732 9.30536785366173E-002 9.66873101239901E-002
75.9674642 9.27250825581798E-002 9.63411287634065E-002
76.0674553 9.23980576637756E-002 9.59966257932992E-002
76.1674463 9.20725943834968E-002 9.56537909538561E-002
76.2674374 9.17486833162864E-002 9.53126140609229E-002
76.3674361 9.14262905928621E-002 9.49730591635538E-002
76.4674273 9.11054561377545E-002 9.46351680351258E-002
76.5674184 9.07861460991221E-002 9.42989047474366E-002
76.6674096 9.04683513455156E-002 9.39642594125024E-002
76.7674007 9.01520628114633E-002 9.36312222147954E-002
76.8673996 8.98372475367685E-002 9.32997581841962E-002
76.9673908 8.95239446197484E-002 9.29699082219292E-002
77.0673820 8.92121211155097E-002 9.26416373781297E-002
77.1673732 8.89017682169721E-002 9.23149361209458E-002
77.2673645 8.85928771802965E-002 9.19897949879346E-002
77.3673634 8.82854159235691E-002 9.16661799560289E-002
77.4673547 8.79794227393005E-002 9.13441310759658E-002
77.5673461 8.76748655588860E-002 9.10236143426091E-002
77.6673374 8.73717358861931E-002 9.07046205652980E-002
77.7673288 8.70700252857236E-002 9.03871406198792E-002
77.8673278 8.67697025242998E-002 9.00711413979623E-002
77.9673192 8.64708051084711E-002 8.97566621208674E-002
78.0673106 8.61733018165087E-002 8.94436696959664E-002
78.1673020 8.58771844504394E-002 8.91321552595624E-002
78.2672935 8.55824448704399E-002 8.88221100117034E-002
78.3672925 8.52890526637173E-002 8.85135017276304E-002
78.4672840 8.49970445701613E-002 8.82063688197403E-002
78.5672755 8.47063901866927E-002 8.79006790770123E-002
78.6672671 8.44170816013087E-002 8.75964239491629E-002
78.7672586 8.41291109577880E-002 8.72935949470218E-002
78.8672578 8.38424486365099E-002 8.69921606996835E-002
78.9672493 8.35571306294774E-002 8.66921588305526E-002
79.0672409 8.32731273251649E-002 8.63935579805732E-002
79.1672325 8.29904310859196E-002 8.60963498999652E-002
79.2672242 8.27090343276114E-002 8.58005263975529E-002
79.3672234 8.24289081976646E-002 8.55060569277134E-002
79.4672151 8.21500879584540E-002 8.52129783442438E-002
79.5672068 8.18725447639908E-002 8.49212601116092E-002
79.6671985 8.15962712398895E-002 8.46308942682282E-002
79.7671902 8.13212600631329E-002 8.43418729087333E-002
79.8671895 8.10474831230986E-002 8.40541662853625E-002
79.9671813 8.07749749702922E-002 8.37678105011597E-002
80.0671730 8.05037074992729E-002 8.34827758168079E-002
80.1671648 8.02336735883503E-002 8.31990545471952E-002
80.2671566 7.99648661651464E-002 8.29166390611431E-002
80.3671560 7.96972578368890E-002 8.26355003824257E-002
80.4671478 7.94308824594865E-002 8.23556738816708E-002
80.5671397 7.91657126440394E-002 8.20771305895658E-002
80.6671315 7.89017415114639E-002 8.17998630862822E-002
80.7671234 7.86389622300267E-002 8.15238640037508E-002
80.8671229 7.83773481016441E-002 8.12491051120015E-002
80.9671148 7.81169323044285E-002 8.09756210670809E-002
81.0671067 7.78576881429508E-002 8.07033836445060E-002
81.1670987 7.75996089711042E-002 8.04323856790617E-002
81.2670906 7.73426881882605E-002 8.01626200552181E-002
81.3670902 7.70868997687620E-002 7.98940592649776E-002
81.4670822 7.68322762292680E-002 7.96267372671538E-002
81.5670742 7.65787915456420E-002 7.93606265579071E-002
81.6670662 7.63264392955614E-002 7.90957202164557E-002
81.7670583 7.60752131003937E-002 7.88320113697234E-002
81.8670579 7.58250875855041E-002 7.85694732083531E-002
81.9670500 7.55760946219959E-002 7.83081390107984E-002
82.0670421 7.53282088357016E-002 7.80479819706231E-002
82.1670342 7.50814240193030E-002 7.77889954017625E-002
82.2670263 7.48357340074631E-002 7.75311726639672E-002
82.3670260 7.45911140559878E-002 7.72744876240963E-002
82.4670182 7.43475954058882E-002 7.70189728966565E-002
82.5670103 7.41051533124579E-002 7.67646023502768E-002
82.6670025 7.38637817749956E-002 7.65113695243330E-002
82.7669947 7.36234748331492E-002 7.62592680022122E-002
82.8669945 7.33842083533652E-002 7.60082723054314E-002
82.9669867 7.31460129616077E-002 7.57584144005170E-002
83.0669790 7.29088645229015E-002 7.55096688096850E-002
83.1669712 7.26727572351480E-002 7.52620292888941E-002
83.2669635 7.24376853350385E-002 7.50154896363912E-002
83.3669634 7.22036252806095E-002 7.47700250076203E-002
83.4669556 7.19706070974141E-002 7.45256667366586E-002
83.5669479 7.17386072412235E-002 7.42823899786550E-002
83.6669403 7.15076201008823E-002 7.40401886976896E-002
83.7669326 7.12776401025340E-002 7.37990568984844E-002
83.8669326 7.10486442774705E-002 7.35589703504712E-002
83.9669249 7.08206620650741E-002 7.33199597703872E-002
84.0669173 7.05936704935888E-002 7.30820009264447E-002
84.1669097 7.03676641354799E-002 7.28450879827614E-002
84.2669021 7.01426375990852E-002 7.26092151425233E-002
84.3669022 6.99185684713023E-002 7.23743587699654E-002
84.4668946 6.96954856191974E-002 7.21405489791841E-002
84.5668870 6.94733666258954E-002 7.19077621323375E-002
84.6668795 6.92522062404789E-002 7.16759925858544E-002
84.7668720 6.90319992465404E-002 7.14452347337282E-002
84.8668721 6.88127237695867E-002 7.12154655165345E-002
84.9668646 6.85944081178502E-002 7.09867144600306E-002
85.0668571 6.83770304123948E-002 7.07589585019203E-002
85.1668496 6.81605855722228E-002 7.05321921835575E-002
85.2668422 6.79450685495417E-002 7.03064100824230E-002
85.3668424 6.77304579920992E-002 7.00815896976611E-002
85.4668349 6.75167816624120E-002 6.98577599806050E-002
85.5668275 6.73040182031650E-002 6.96348984267903E-002
85.6668201 6.70921626968714E-002 6.94129997554339E-002
85.7668127 6.68812102580018E-002 6.91920587205042E-002
85.8668130 6.66711400407752E-002 6.89720533626026E-002
85.9668056 6.64619792747587E-002 6.87530120721774E-002
86.0667983 6.62537071085361E-002 6.85349128855393E-002
86.1667909 6.60463187819991E-002 6.83177506930132E-002
86.2667836 6.58398095658018E-002 6.81015204183603E-002
86.3667839 6.56341591054385E-002 6.78862006271587E-002
86.4667766 6.54293941099516E-002 6.76718191621469E-002
86.5667694 6.52254942186724E-002 6.74583545839823E-002
86.6667621 6.50224548230003E-002 6.72458019476352E-002
86.7667548 6.48202713439537E-002 6.70341563402542E-002
86.8667552 6.46189239036563E-002 6.68233968365190E-002
86.9667480 6.44184387027170E-002 6.66135507442787E-002
87.0667408 6.42187958566108E-002 6.64045971327101E-002
87.1667336 6.40199909026241E-002 6.61965312152456E-002
87.2667264 6.38220194065669E-002 6.59893482362907E-002
87.3667268 6.36248619530727E-002 6.57830277643300E-002
87.4667197 6.34285442460868E-002 6.55775965848008E-002
87.5667125 6.32330468631468E-002 6.53730342601476E-002
87.6667054 6.30383654820432E-002 6.51693361563454E-002
87.7666983 6.28444958080413E-002 6.49664976691896E-002
87.8666988 6.26514188746683E-002 6.47644988462266E-002
87.9666917 6.24591599006623E-002 6.45633659626254E-002
88.0666846 6.22676999120449E-002 6.43630790593978E-002
88.1666775 6.20770347219544E-002 6.41636336493948E-002
88.2666705 6.18871601699986E-002 6.39650252741835E-002
88.3666710 6.16980577254667E-002 6.37672344461603E-002
88.4666640 6.15097521330416E-002 6.35702869420453E-002
88.5666570 6.13222248541308E-002 6.33741632672451E-002
88.6666500 6.11354718322801E-002 6.31788590760600E-002
88.7666429 6.09494890365413E-002 6.29843700504490E-002
88.8666436 6.07642583592964E-002 6.27906771539542E-002
88.9666366 6.05798040820296E-002 6.25978056763518E-002
89.0666296 6.03961080888987E-002 6.24057365737770E-002
89.1666227 6.02131664491213E-002 6.22144656367812E-002
89.2666157 6.00309752564985E-002 6.20239886825615E-002
89.3666164 5.98495168142804E-002 6.18342871125896E-002
89.4666095 5.96688149513229E-002 6.16453857408968E-002
89.5666026 5.94888519623390E-002 6.14572659611650E-002
89.6665957 5.93096240376799E-002 6.12699236952171E-002
89.7665889 5.91311273913950E-002 6.10833548905501E-002
89.8665896 5.89533447258039E-002 6.08975413738157E-002
89.9665828 5.87762994274260E-002 6.07125074942031E-002
90.0665759 5.85999741897592E-002 6.05282350702242E-002
90.1665691 5.84243653199361E-002 6.03447201502002E-002
90.2665622 5.82494691479393E-002 6.01619588071964E-002
90.3665631 5.80752687637681E-002 5.99799332807426E-002
90.4665563 5.79017871216261E-002 5.97986674658002E-002
90.5665495 5.77290073024330E-002 5.96181435934399E-002
90.6665427 5.75569257259296E-002 5.94383578339068E-002
90.7665359 5.73855388338927E-002 5.92593063812984E-002
90.8665368 5.72148300930032E-002 5.90809718761497E-002
90.9665301 5.70448220349082E-002 5.89033777695294E-002
91.0665233 5.68754981169759E-002 5.87265066932232E-002
91.1665166 5.67068548675522E-002 5.85503549350143E-002
91.2665099 5.65388888362376E-002 5.83749188056830E-002
91.3665108 5.63715838557734E-002 5.82001813353091E-002
91.4665041 5.62049620447538E-002 5.80261655411315E-002
91.5664975 5.60390072263978E-002 5.78528544442172E-002
91.6664908 5.58737160338152E-002 5.76802444456819E-002
91.7664842 5.57090851206207E-002 5.75083319688174E-002
91.8664851 5.55450986753563E-002 5.73371004221829E-002
91.9664785 5.53817784128191E-002 5.71665723989872E-002
92.0664719 5.52191085118409E-002 5.69967312985383E-002
92.1664653 5.50570857066092E-002 5.68275736312496E-002
92.2664587 5.48957067510975E-002 5.66590959289245E-002
92.3664597 5.47349561797350E-002 5.64912819679149E-002
92.4664531 5.45748553125378E-002 5.63241539269426E-002
92.5664466 5.44153886740578E-002 5.61576955728942E-002
92.6664400 5.42565530960220E-002 5.59919035216108E-002
92.7664335 5.40983454292536E-002 5.58267744095682E-002
92.8664346 5.39407505444892E-002 5.56622923705893E-002
92.9664281 5.37837893757461E-002 5.54984791782034E-002
93.0664215 5.36274467837356E-002 5.53353189565757E-002
93.1664150 5.34717196943280E-002 5.51728084232607E-002
93.2664086 5.33166050518262E-002 5.50109443157236E-002
93.3664097 5.31620880540152E-002 5.48497111152852E-002
93.4664032 5.30081892574685E-002 5.46891301993356E-002
93.5663968 5.28548938498156E-002 5.45291860393664E-002
93.6663903 5.27021988478078E-002 5.43698754510815E-002
93.7663839 5.25501012859926E-002 5.42111952693989E-002
93.8663851 5.23985866802513E-002 5.40531303135012E-002
93.9663787 5.22476752180490E-002 5.38957015734573E-002
94.0663723 5.20973524049980E-002 5.37388938584682E-002
94.1663659 5.19476153455981E-002 5.35827040789645E-002
94.2663595 5.17984611615333E-002 5.34271291639231E-002
94.3663607 5.16498756781255E-002 5.32721542610738E-002
94.4663544 5.15018787218519E-002 5.31177999817549E-002
94.5663480 5.13544561076677E-002 5.29640514635806E-002
94.6663417 5.12076050248114E-002 5.28109057084224E-002
94.7663353 5.10613226791178E-002 5.26583597360564E-002
94.8663366 5.09155951969780E-002 5.25063990137556E-002
94.9663303 5.07704420517941E-002 5.23550437824965E-002
95.0663240 5.06258493595075E-002 5.22042794993195E-002
95.1663177 5.04818143912030E-002 5.20541032543806E-002
95.2663114 5.03383344339979E-002 5.19045121551249E-002
95.3663128 5.01953959072537E-002 5.17554919796622E-002
95.4663065 5.00530179390091E-002 5.16070626067609E-002
95.5663002 4.99111869381066E-002 5.14592098041976E-002
95.6662940 4.97699002546988E-002 5.13119307473812E-002
95.7662878 4.96291552544274E-002 5.11652226284179E-002
95.8662892 4.94889386417896E-002 5.10190715278345E-002
95.9662829 4.93492692069752E-002 5.08734969701368E-002
96.0662767 4.92101336439058E-002 5.07284850254321E-002
96.1662705 4.90715293791297E-002 5.05840329514695E-002
96.2662643 4.89334538541630E-002 5.04401380221265E-002
96.3662658 4.87958940510563E-002 5.02967866122026E-002
96.4662596 4.86588684294743E-002 5.01539978996828E-002
96.5662535 4.85223639608478E-002 5.00117582488748E-002
96.6662473 4.83863781455525E-002 4.98700649970688E-002
96.7662412 4.82509084984299E-002 4.97289154971361E-002
96.8662427 4.81159422717453E-002 4.95882964102690E-002
96.9662365 4.79814976017778E-002 4.94482265754774E-002
97.0662304 4.78475617301396E-002 4.93086926434025E-002
97.1662243 4.77141322285636E-002 4.91696920281844E-002
97.2662182 4.75812066827660E-002 4.90312221590193E-002
97.3662198 4.74487726081228E-002 4.88932699758672E-002
97.4662137 4.73168478244858E-002 4.87558539861163E-002
97.5662076 4.71854198365552E-002 4.86189611191289E-002
97.6662016 4.70544862850453E-002 4.84825888633082E-002
97.7661955 4.69240448241895E-002 4.83467347216082E-002
97.8661971 4.67940832255958E-002 4.82113859053774E-002
97.9661911 4.66646189994730E-002 4.80765605975497E-002
98.0661851 4.65356399067399E-002 4.79422459988398E-002
98.1661791 4.64071436548068E-002 4.78084396694268E-002
98.2661730 4.62791279641567E-002 4.76751391835546E-002
98.3661747 4.61515808559677E-002 4.75423320168160E-002
98.4661687 4.60245195374200E-002 4.74100360346775E-002
98.5661627 4.58979320189984E-002 4.72782387020734E-002
98.6661568 4.57718160726104E-002 4.71469376485658E-002
98.7661508 4.56461694828060E-002 4.70161305173146E-002
98.8661525 4.55209805138813E-002 4.68858050412408E-002
98.9661465 4.53962660764367E-002 4.67559787751541E-002
99.0661406 4.52720144240793E-002 4.66266394413016E-002
99.1661347 4.51482233910971E-002 4.64977847363274E-002
99.2661288 4.50248908240072E-002 4.63694123700234E-002
99.3661305 4.49020052239731E-002 4.62415103259411E-002
99.4661246 4.47795832113033E-002 4.61140958548735E-002
99.5661187 4.46576132764844E-002 4.59871569296918E-002
99.6661128 4.45360933141480E-002 4.58606913119078E-002
99.7661070 4.44150212307565E-002 4.57346967757485E-002
99.8661087 4.42943857582843E-002 4.56091615489080E-002
99.9661029 4.41742032328801E-002 4.54841025846371E-002
100.0660970 4.40544623758608E-002 4.53595080999526E-002
100.1660912 4.39351611402405E-002 4.52353759191031E-002
100.2660854 4.38162974904805E-002 4.51117038786357E-002
100.3660872 4.36978603834964E-002 4.49884804441031E-002
100.4660814 4.35798658772580E-002 4.48657222775270E-002
100.5660756 4.34623029180496E-002 4.47434178337930E-002
100.6660698 4.33451695153793E-002 4.46215649978355E-002
100.7660640 4.32284636898331E-002 4.45001616664865E-002
100.8660658 4.31121746175788E-002 4.43791965370684E-002
100.9660601 4.29963180842401E-002 4.42586859865297E-002
101.0660543 4.28808832553860E-002 4.41386187015435E-002
101.1660486 4.27658681951999E-002 4.40189926257557E-002
101.2660428 4.26512709785874E-002 4.38998057143234E-002
101.3660447 4.25370809954532E-002 4.37810468904382E-002
101.4660390 4.24233137647646E-002 4.36627322519792E-002
101.5660333 4.23099586658660E-002 4.35448507115133E-002
101.6660275 4.21970138158638E-002 4.34274002694964E-002
101.7660218 4.20844773422448E-002 4.33103789375246E-002
101.8660238 4.19723388433027E-002 4.31937758589389E-002
101.9660181 4.18606135768988E-002 4.30776068584051E-002
102.0660124 4.17492911308104E-002 4.29618610686712E-002
102.1660067 4.16383696733796E-002 4.28465365451723E-002
102.2660011 4.15278473829988E-002 4.27316313541258E-002
102.3660031 4.14177140611647E-002 4.26171348534786E-002
102.4659974 4.13079847100475E-002 4.25030626003947E-002
102.5659918 4.11986491206764E-002 4.23894039422648E-002
102.6659861 4.10897055110029E-002 4.22761569877399E-002
102.7659805 4.09811521087102E-002 4.21633198559083E-002
102.8659825 4.08729789134686E-002 4.20508821139476E-002
102.9659769 4.07652006770398E-002 4.19388590570913E-002
103.0659713 4.06578073886797E-002 4.18272402420031E-002
103.1659657 4.05507973143815E-002 4.17160238288510E-002
103.2659601 4.04441687295637E-002 4.16052079879078E-002
103.3659622 4.03379118271903E-002 4.14947824903690E-002
103.4659566 4.02320411137696E-002 4.13847623749734E-002
103.5659511 4.01265467719087E-002 4.12751374024500E-002
103.6659455 4.00214271141317E-002 4.11659057828467E-002
103.7659400 3.99166804620924E-002 4.10570657359960E-002
103.8659421 3.98122971973145E-002 4.09486072320555E-002
103.9659365 3.97082915860826E-002 4.08405450585723E-002
104.0659310 3.96046539996250E-002 4.07328691752899E-002
104.1659255 3.95013827955400E-002 4.06255778405585E-002
104.2659200 3.93984763402706E-002 4.05186693222040E-002
104.3659221 3.92959251993059E-002 4.04121337844421E-002
104.4659166 3.91937434036158E-002 4.03059857688024E-002
104.5659112 3.90919215084593E-002 4.02002154291430E-002
104.6659057 3.89904579151041E-002 4.00948210705956E-002
104.7659002 3.88893510333881E-002 3.99898010074702E-002
104.8659024 3.87885916083071E-002 3.98851455932822E-002
104.9658969 3.86881934403072E-002 3.97808691285930E-002
105.0658915 3.85881472642223E-002 3.96769619566213E-002
105.1658860 3.84884515236353E-002 3.95734224278141E-002
105.2658806 3.83891046704338E-002 3.94702489015100E-002
105.3658828 3.82900976247922E-002 3.93674319159072E-002
105.4658774 3.81914439613089E-002 3.92649855355263E-002
105.5658720 3.80931345900678E-002 3.91629002883329E-002
105.6658666 3.79951679956601E-002 3.90611745686759E-002
105.7658612 3.78975426707259E-002 3.89598067795193E-002
105.8658634 3.78002497064160E-002 3.88587876392629E-002
105.9658580 3.77033024560460E-002 3.87581309811956E-002
106.0658527 3.76066920007505E-002 3.86578275135521E-002
106.1658473 3.75104168648683E-002 3.85578756732202E-002
106.2658419 3.74144755805402E-002 3.84582739054354E-002
106.3658442 3.73188594058137E-002 3.83590131044502E-002
106.4658389 3.72235814771772E-002 3.82601068770150E-002
106.5658335 3.71286330427384E-002 3.81615461072876E-002
106.6658282 3.70340126653674E-002 3.80633292733793E-002
106.7658229 3.69397189154981E-002 3.79654548614923E-002
106.8658252 3.68457432141121E-002 3.78679139375084E-002
106.9658199 3.67520984852210E-002 3.77707198862216E-002
107.0658146 3.66587761399456E-002 3.76738637634929E-002
107.1658093 3.65657747785132E-002 3.75773440873886E-002
107.2658040 3.64730930084854E-002 3.74811593838179E-002
107.3658063 3.63807224099292E-002 3.73853008861924E-002
107.4658011 3.62886756986268E-002 3.72897817618218E-002
107.5657958 3.61969444448655E-002 3.71945932341730E-002
107.6657905 3.61055272850969E-002 3.70997338600435E-002
107.7657853 3.60144228628851E-002 3.70052022038341E-002
107.8657877 3.59236229136437E-002 3.69109896625046E-002
107.9657824 3.58331399490732E-002 3.68171091902470E-002
108.0657772 3.57429656948903E-002 3.67235521741547E-002
108.1657720 3.56530988226773E-002 3.66303172085753E-002
108.2657667 3.55635380109144E-002 3.65374028952283E-002
108.3657692 3.54742751467294E-002 3.64448007907547E-002
108.4657639 3.53853225417912E-002 3.63525236404919E-002
108.5657587 3.52966720736153E-002 3.62605629912948E-002
108.6657536 3.52083224478582E-002 3.61689174739210E-002
108.7657484 3.51202723768677E-002 3.60775857262769E-002
108.8657508 3.50325138959561E-002 3.59865594609280E-002
108.9657456 3.49450591207159E-002 3.58958512185198E-002
109.0657405 3.48579000769330E-002 3.58054527019139E-002
