0.0053140 4.90101879036226E+001 7.19738766828026E+003
0.0210792 1.83888999676021E+002 6.97455367520503E+003
0.0467942 3.73581800317271E+002 6.63073431308535E+003
0.0817065 5.80589878430355E+002 6.19978515495758E+003
0.1249105 7.72874077545284E+002 5.71755754565979E+003
0.1754417 9.30070833227229E+002 5.21608819173338E+003
0.2323515 1.04376600557158E+003 4.72042599861508E+003
0.2947571 1.11441154783961E+003 4.24789545489403E+003
0.3618673 1.14752510411816E+003 3.80893730336969E+003
0.4329916 1.15063327155965E+003 3.40862743555229E+003
0.5075377 1.13133914063192E+003 3.04826996439590E+003
0.5850032 1.09634224917514E+003 2.72674982806235E+003
0.6649650 1.05108833050004E+003 2.44155567411067E+003
0.7470680 9.99767689403620E+002 2.18948872553553E+003
0.8310139 9.45473123621994E+002 1.96712533591584E+003
0.9165527 8.90406705774722E+002 1.77109444458325E+003
1.0034738 8.36081343206732E+002 1.59823293796224E+003
1.0915995 7.83494202916288E+002 1.44566064944549E+003
1.1807797 7.33265928538876E+002 1.31080505282490E+003
1.2708868 6.85748652150305E+002 1.19139890042981E+003
1.3618115 6.41106576010458E+002 1.08546056157059E+003
1.4534610 5.99375204287671E+002 9.91267247121188E+002
1.5457546 5.60504938216739E+002 9.07327508793432E+002
1.6386236 5.24391092452546E+002 8.32351188616180E+002
1.7320075 4.90896340376548E+002 7.65224524707684E+002
1.8258543 4.59865206991376E+002 7.04984891868152E+002
1.9201186 4.31134712479693E+002 6.50800221783038E+002
2.0147601 4.04541510187052E+002 6.01950830640002E+002
2.1097440 3.79925965461427E+002 5.57812571285607E+002
2.2050388 3.57135511490317E+002 5.17844052625492E+002
2.3006174 3.36025888628185E+002 4.81574140446315E+002
2.3964555 3.16462184078954E+002 4.48592302910957E+002
2.4925310 2.98319245269045E+002 4.18540278630488E+002
2.5888248 2.81481285380985E+002 3.91104282039135E+002
2.6853193 2.65841917715706E+002 3.66009395982973E+002
2.7819988 2.51303409120262E+002 3.43013828072602E+002
2.8788497 2.37776273690565E+002 3.21904634444634E+002
2.9758588 2.25178781880746E+002 3.02494008952765E+002
3.0730149 2.13436156606417E+002 2.84615657081287E+002
3.1703074 2.02480242159838E+002 2.68122354497651E+002
3.2677268 1.92248754505295E+002 2.52883224531072E+002
3.3652646 1.82684877433281E+002 2.38781835465938E+002
3.4629133 1.73736709299482E+002 2.25714307273767E+002
3.5606650 1.65356983876949E+002 2.13588011716808E+002
3.6585133 1.57502403867653E+002 2.02319863581692E+002
3.7564523 1.50133438354167E+002 1.91835416873445E+002
3.8544764 1.43213936034975E+002 1.82067795072557E+002
3.9525810 1.36710783621338E+002 1.72956774720265E+002
4.0507604 1.30593745217203E+002 1.64448193729708E+002
4.1490108 1.24835020410975E+002 1.56493025262558E+002
4.2473280 1.19409138387263E+002 1.49046971624692E+002
4.3457083 1.14292716387623E+002 1.42069908410132E+002
4.4441489 1.09464247911030E+002 1.35525405504033E+002
4.5426454 1.04904022227750E+002 1.29380454911425E+002
4.6411954 1.00593831658661E+002 1.23604935601294E+002
4.7397961 9.65169250831818E+001 1.18171432737658E+002
4.8384450 9.26578578085609E+001 1.13054933471217E+002
4.9371399 8.90023602463926E+001 1.08232563582424E+002
5.0358779 8.55373031780991E+001 1.03683464107068E+002
5.1346571 8.22504995776013E+001 9.93884633141653E+001
5.2334756 7.91306903564558E+001 9.53300005991093E+001
5.3323316 7.61674495226556E+001 9.14919517585069E+001
5.4312238 7.33511012969878E+001 8.78594772248763E+001
5.5301496 7.06727097715336E+001 8.44189696822461E+001
5.6291079 6.81239408443477E+001 8.11578421314942E+001
5.7280973 6.56970642612997E+001 7.80645010951814E+001
5.8271164 6.33848922366962E+001 7.51282416988404E+001
5.9261644 6.11807258405674E+001 7.23391563407706E+001
6.0252392 5.90783570159654E+001 6.96881165947730E+001
6.1243401 5.70719695316339E+001 6.71666298161074E+001
6.2234659 5.51561486141522E+001 6.47668354966470E+001
6.3226158 5.33258401414465E+001 6.24814396407888E+001
6.4217891 5.15763150178291E+001 6.03036575704490E+001
6.5209840 4.99031770220593E+001 5.82272122963468E+001
6.6202001 4.83022897687518E+001 5.62462335561888E+001
6.7194366 4.67697893438401E+001 5.43552646728594E+001
6.8186927 4.53020564258230E+001 5.25492199461435E+001
6.9179682 4.38956919611852E+001 5.08233474985066E+001
7.0172613 4.25475273788873E+001 4.91732352788168E+001
7.1165720 4.12545693771305E+001 4.75947375121097E+001
7.2158999 4.00140074261712E+001 4.60839788208924E+001
7.3152432 3.88232231847336E+001 4.46373608399557E+001
7.4146030 3.76797154990677E+001 4.32514667729274E+001
7.5139770 3.65811742706271E+001 4.19231472783728E+001
7.6133666 3.55253831448452E+001 4.06493990628544E+001
7.7127702 3.45102847257547E+001 3.94274406897352E+001
7.8121865 3.35339388935947E+001 3.82546592598834E+001
7.9116168 3.25944887533619E+001 3.71285670476433E+001
8.0110589 3.16902176578543E+001 3.60468676106876E+001
8.1105143 3.08194707150069E+001 3.50073595753548E+001
8.2099815 2.99807097529988E+001 3.40080005169093E+001
8.3094593 2.91724802813913E+001 3.30468656171612E+001
8.4089492 2.83933843647824E+001 3.21221138863794E+001
8.5084489 2.76421288941150E+001 3.12320440673842E+001
8.6079599 2.69174614497761E+001 3.03750171688165E+001
8.7074812 2.62182168097164E+001 2.95495103908318E+001
8.8070112 2.55432903516549E+001 2.87540844473277E+001
8.9065517 2.48916160998293E+001 2.79873567328815E+001
9.0061006 2.42622077500505E+001 2.72480487070148E+001
9.1056593 2.36541056640149E+001 2.65349226677620E+001
9.2052267 2.30664163978136E+001 2.58468274258444E+001
9.3048016 2.24982909960117E+001 2.51826720456305E+001
9.4043856 2.19489069793988E+001 2.45414041687411E+001
9.5039766 2.14175033653802E+001 2.39220503188060E+001
9.6035763 2.09033364187590E+001 2.33236636842371E+001
9.7031836 2.04057134072724E+001 2.27453629642613E+001
9.8027972 1.99239746745232E+001 2.21863109645700E+001
9.9024188 1.94574786830312E+001 2.16456968327437E+001
10.0020464 1.90056320465262E+001 2.11227704841025E+001
10.1016817 1.85678522580529E+001 2.06167990275495E+001
10.2013235 1.81435966544333E+001 2.01270999548812E+001
10.3009707 1.77323474527663E+001 1.96530234756097E+001
10.4006251 1.73335991991873E+001 1.91939377760446E+001
10.5002846 1.69468846431736E+001 1.87492585551208E+001
10.5999509 1.65717430893667E+001 1.83184123277796E+001
10.6996230 1.62077453696620E+001 1.79008649149477E+001
10.7992996 1.58544812354858E+001 1.74961067048012E+001
10.8989827 1.55115487270757E+001 1.71036402876995E+001
10.9986702 1.51785765677557E+001 1.67230059123128E+001
11.0983637 1.48551970952810E+001 1.63537503271964E+001
11.1980623 1.45410678922978E+001 1.59954513522145E+001
11.2977649 1.42358610740138E+001 1.56477054627544E+001
11.3974732 1.39392542095861E+001 1.53101173186304E+001
11.4971853 1.36509497911007E+001 1.49823218036974E+001
11.5969029 1.33706519288382E+001 1.46639573745963E+001
11.6966250 1.30980851718230E+001 1.43546873507597E+001
11.7963505 1.28329853370957E+001 1.40541893657869E+001
11.8960812 1.25750916992668E+001 1.37621464255109E+001
11.9958151 1.23241639894678E+001 1.34782660744624E+001
12.0955540 1.20799622102657E+001 1.32022574476867E+001
12.1952970 1.18422630823689E+001 1.29338498004588E+001
12.2950428 1.16108521400389E+001 1.26727834773070E+001
12.3947934 1.13855169670201E+001 1.24188022187066E+001
12.4945468 1.11660621004547E+001 1.21716699007047E+001
12.5943047 1.09522914512968E+001 1.19311506553156E+001
12.6940662 1.07440227362633E+001 1.16970250676011E+001
12.7938302 1.05410806223622E+001 1.14690823906502E+001
12.8935986 1.03432908338354E+001 1.12471138821150E+001
12.9933693 1.01504932711633E+001 1.10309274848288E+001
13.0931443 9.96252662283449E+000 1.08203305098213E+001
13.1929224 9.77924107953937E+000 1.06151438530880E+001
13.2927027 9.60049235497852E+000 1.04151952427165E+001
13.3924871 9.42613652363795E+000 1.02203134324844E+001
13.4922734 9.25604161245332E+000 1.00303411277986E+001
13.5920637 9.09007406749789E+000 9.84511982399875E+000
13.6918568 8.92810999716467E+000 9.66450233432006E+000
13.7916517 8.77002993025209E+000 9.48834689902928E+000
13.8914504 8.61571427139431E+000 9.31651209808094E+000
13.9912508 8.46505358023642E+000 9.14886827521389E+000
14.0910548 8.31793661758862E+000 8.98528420075928E+000
14.1908615 8.17426032351749E+000 8.82563815303978E+000
14.2906697 8.03392519991215E+000 8.66981275276514E+000
14.3904813 7.89683129136254E+000 8.51769048339138E+000
14.4902944 7.76288733184463E+000 8.36916382433177E+000
14.5901109 7.63200014319231E+000 8.22412346750475E+000
14.6899298 7.50408352071616E+000 8.08246815437989E+000
14.7897500 7.37905414796419E+000 7.94410012470727E+000
14.8895734 7.25682802730370E+000 7.80892115389212E+000
14.9893980 7.13732864556675E+000 7.67684157209638E+000
15.0892259 7.02047753627518E+000 7.54776981127074E+000
15.1890558 6.90620221812343E+000 7.42162116738987E+000
15.2888878 6.79443151165530E+000 7.29831261011122E+000
15.3887200 6.68509865916260E+000 7.17776621277431E+000
15.4885562 6.57813293876639E+000 7.05989989580973E+000
15.5883943 6.47347208785452E+000 6.94464111291221E+000
15.6882343 6.37105383336787E+000 6.83191750061888E+000
15.7880763 6.27081792061692E+000 6.72165910579530E+000
15.8879183 6.17270788856633E+000 6.61380032695632E+000
15.9877640 6.07666355231040E+000 6.50827164170543E+000
16.0876115 5.98263215966931E+000 6.40501186306601E+000
16.1874608 5.89056079984269E+000 6.30395978442824E+000
16.2873119 5.80039823083872E+000 6.20505618132037E+000
16.3871628 5.71209648501666E+000 6.10824556358831E+000
16.4870172 5.62560410897002E+000 6.01346875769619E+000
16.5868734 5.54087621136280E+000 5.92067391590363E+000
16.6867312 5.45786763762050E+000 5.82980902587340E+000
16.7865905 5.37653462002804E+000 5.74082371416609E+000
16.8864496 5.29683623296200E+000 5.65367083124819E+000
16.9863121 5.21872829597324E+000 5.56829977955260E+000
17.0861762 5.14217244785154E+000 5.48466643088385E+000
17.1860417 5.06712999199754E+000 5.40272639026790E+000
17.2859087 4.99356338995919E+000 5.32243662481264E+000
17.3857753 4.92143758326686E+000 5.24375690064604E+000
17.4856452 4.85071447936961E+000 5.16664376411684E+000
17.5855166 4.78136116765563E+000 5.09105950013498E+000
17.6853893 4.71334435417726E+000 5.01696605651718E+000
17.7852633 4.64663171660242E+000 4.94432651863126E+000
17.8851368 4.58119310739834E+000 4.87310641489503E+000
17.9850136 4.51699555379329E+000 4.80326827211468E+000
18.0848916 4.45401071534413E+000 4.73477972855294E+000
18.1847709 4.39220983834549E+000 4.66760803880410E+000
18.2846515 4.33156498779435E+000 4.60172141189840E+000
18.3845314 4.27205014480256E+000 4.53709019986498E+000
18.4844144 4.21363666137533E+000 4.47368195951977E+000
18.5842986 4.15630004554213E+000 4.41146881820585E+000
18.6841841 4.10001537552052E+000 4.35042249068413E+000
18.7840706 4.04475842226294E+000 4.29051549603917E+000
18.8839565 3.99050665237142E+000 4.23172224197757E+000
18.9838453 3.93723508655757E+000 4.17401453482734E+000
19.0837353 3.88492248688647E+000 4.11736828256034E+000
19.1836263 3.83354717894099E+000 4.06175896475276E+000
19.2835185 3.78308807678493E+000 4.00716274164070E+000
19.3834098 3.73352560126779E+000 3.95355744524742E+000
19.4833041 3.68483789783824E+000 3.90091848728787E+000
19.5831994 3.63700649072747E+000 3.84922497281845E+000
19.6830957 3.59001246825368E+000 3.79845557235307E+000
19.7829930 3.54383742054910E+000 3.74858953471279E+000
19.8828894 3.49846428194575E+000 3.69960759471386E+000
19.9827887 3.45387386957933E+000 3.65148823535989E+000
20.0826889 3.41005006106318E+000 3.60421327591059E+000
20.1825901 3.36697630391073E+000 3.55776410201273E+000
20.2824922 3.32463647509690E+000 3.51212259252759E+000
20.3823934 3.28301565518048E+000 3.46727195233530E+000
20.4822973 3.24209695403766E+000 3.42319329086259E+000
20.5822022 3.20186626150908E+000 3.37987074022966E+000
20.6821079 3.16230904688296E+000 3.33728800499263E+000
20.7820145 3.12341114826164E+000 3.29542921187738E+000
20.8819201 3.08515948517857E+000 3.25427967523815E+000
20.9818284 3.04753914198614E+000 3.21382275878695E+000
21.0817375 3.01053773489975E+000 3.17404457253006E+000
21.1816475 2.97414247172274E+000 3.13493080859830E+000
21.2815583 2.93834087803943E+000 3.09646752173475E+000
21.3814680 2.90312145430553E+000 3.05864183406328E+000
21.4813803 2.86847099100088E+000 3.02143905099955E+000
21.5812935 2.83437859028496E+000 2.98484697973331E+000
21.6812074 2.80083295977637E+000 2.94885302178871E+000
21.7811221 2.76782308177214E+000 2.91344489118030E+000
21.8810357 2.73533882011210E+000 2.87861126438057E+000
21.9809519 2.70336844429108E+000 2.84433912491847E+000
22.0808688 2.67190233944629E+000 2.81061774104119E+000
22.1807864 2.64093051112662E+000 2.77743598921741E+000
22.2807048 2.61044320302556E+000 2.74478301606802E+000
22.3806219 2.58043145832834E+000 2.71264883875464E+000
22.4805416 2.55088483263931E+000 2.68102189580398E+000
22.5804621 2.52179482213281E+000 2.64989271716358E+000
22.6803832 2.49315255894191E+000 2.61925145593135E+000
22.7803050 2.46494938227241E+000 2.58908849946659E+000
22.8802255 2.43717735842472E+000 2.55939502483945E+000
22.9801486 2.40982716469552E+000 2.53016073603666E+000
23.0800723 2.38289126214911E+000 2.50137725580095E+000
23.1799967 2.35636176358727E+000 2.47303584551985E+000
23.2799217 2.33023096237131E+000 2.44512797031291E+000
23.3798454 2.30449181485826E+000 2.41764581367370E+000
23.4797716 2.27913597943583E+000 2.39058018347794E+000
23.5796984 2.25415675743446E+000 2.36392365167667E+000
23.6796259 2.22954711766442E+000 2.33766844457124E+000
23.7795539 2.20530018680112E+000 2.31180696614091E+000
23.8794806 2.18140969757771E+000 2.28633227556366E+000
23.9794098 2.15786816885410E+000 2.26123614641526E+000
24.0793395 2.13466963562735E+000 2.23651197739706E+000
24.1792698 2.11180781588501E+000 2.21215283721555E+000
24.2792007 2.08927656599520E+000 2.18815194995031E+000
24.3791302 2.06707029764882E+000 2.16450313874865E+000
24.4790621 2.04518228638424E+000 2.14119902431835E+000
24.5789946 2.02360720941154E+000 2.11823372734867E+000
24.6789277 2.00233944207035E+000 2.09560105394780E+000
24.7788612 1.98137348130359E+000 2.07329494644408E+000
24.8787934 1.96070433403442E+000 2.05130989620580E+000
24.9787279 1.94032594290030E+000 2.02963926902706E+000
25.0786630 1.92023354863999E+000 2.00827781769413E+000
25.1785986 1.90042210479182E+000 1.98721999544876E+000
25.2785347 1.88088667201075E+000 1.96646037525851E+000
25.3784693 1.86162278029358E+000 1.94599403441000E+000
25.4784064 1.84262496184538E+000 1.92581499569850E+000
25.5783439 1.82388895304891E+000 1.90591856665558E+000
25.6782819 1.80541021722244E+000 1.88629976983315E+000
25.7782204 1.78718431225828E+000 1.86695373326424E+000
25.8781574 1.76920722886957E+000 1.84787604921062E+000
25.9780968 1.75147402154097E+000 1.82906132121769E+000
26.0780366 1.73398086357649E+000 1.81050534481721E+000
26.1779769 1.71672366877697E+000 1.79220364459135E+000
26.2779176 1.69969843462954E+000 1.77415183826835E+000
26.3778568 1.68290155853637E+000 1.75634597176860E+000
26.4777984 1.66632855870946E+000 1.73878116319992E+000
26.5777404 1.64997599444677E+000 1.72145363834827E+000
26.6776829 1.63384017850762E+000 1.70435936550637E+000
26.7776257 1.61791749786280E+000 1.68749439540379E+000
26.8775671 1.60220470967618E+000 1.67085517448571E+000
26.9775108 1.58669774480656E+000 1.65443727781791E+000
27.0774549 1.57139350427001E+000 1.63823731135249E+000
27.1773994 1.55628865490376E+000 1.62225163641009E+000
27.2773442 1.54137992949118E+000 1.60647668742716E+000
27.3772876 1.52666440409913E+000 1.59090926521533E+000
27.4772333 1.51213837756092E+000 1.57554535153600E+000
27.5771793 1.49779905402616E+000 1.56038188895458E+000
27.6771257 1.48364341522275E+000 1.54541558766488E+000
27.7770725 1.46966850159758E+000 1.53064322284403E+000
27.8770178 1.45587167246258E+000 1.51606190947455E+000
27.9769653 1.44224955546475E+000 1.50166799204956E+000
28.0769132 1.42879962418495E+000 1.48745871178725E+000
28.1768615 1.41551914094651E+000 1.47343108919489E+000
28.2768101 1.40240542045819E+000 1.45958220265103E+000
28.3767572 1.38945607408776E+000 1.44590944622450E+000
28.4767065 1.37666802388751E+000 1.43240948859376E+000
28.5766562 1.36403898336636E+000 1.41907983646742E+000
28.6766062 1.35156646536219E+000 1.40591778691488E+000
28.7765565 1.33924802953559E+000 1.39292068864306E+000
28.8765053 1.32708151197030E+000 1.38008618411460E+000
28.9764563 1.31506409882384E+000 1.36741123231912E+000
29.0764077 1.30319371765053E+000 1.35489357642075E+000
29.1763593 1.29146810536129E+000 1.34253076044238E+000
29.2763113 1.27988504079382E+000 1.33032037456856E+000
29.3762617 1.26844256073172E+000 1.31826028274721E+000
29.4762144 1.25713808869799E+000 1.30634770444453E+000
29.5761673 1.24596974353875E+000 1.29458059380433E+000
29.6761206 1.23493546294698E+000 1.28295671577261E+000
29.7760741 1.22403322222450E+000 1.27147387663670E+000
29.8760261 1.21326123771548E+000 1.26013013818892E+000
29.9759803 1.20261714666135E+000 1.24892295403882E+000
30.0759347 1.19209923915696E+000 1.23785046691055E+000
30.1758895 1.18170563312003E+000 1.22691063974071E+000
30.2758445 1.17143448026130E+000 1.21610147255532E+000
30.3757980 1.16128415784167E+000 1.20542120417897E+000
30.4757536 1.15125249586672E+000 1.19486749907318E+000
30.5757095 1.14133793799034E+000 1.18443866880850E+000
30.6756657 1.13153876417476E+000 1.17413285406802E+000
30.7756221 1.12185328479677E+000 1.16394822886631E+000
30.8755770 1.11228002155977E+000 1.15388319070220E+000
30.9755340 1.10281697862881E+000 1.14393559424668E+000
31.0754913 1.09346273757472E+000 1.13410390249721E+000
31.1754469 1.08421589965523E+000 1.12438660024467E+000
31.2754067 1.07507439210813E+000 1.11478146521491E+000
31.3753629 1.06603739257338E+000 1.10528759015837E+000
31.4753231 1.05710271802454E+000 1.09590263939017E+000
31.5752798 1.04826958241789E+000 1.08662574583178E+000
31.6752368 1.03953620059976E+000 1.07745499399548E+000
31.7751978 1.03090082739294E+000 1.06838851164156E+000
31.8751552 1.02236272819232E+000 1.05942548855927E+000
31.9751168 1.01391988186899E+000 1.05056376489012E+000
32.0750747 1.00557158620105E+000 1.04180256620549E+000
32.1750329 9.97316193845128E-001 1.03314012699946E+000
32.2749952 9.89152094018194E-001 1.02457472126355E+000
32.3749539 9.81078630391617E-001 1.01610562525343E+000
32.4749166 9.73093929258500E-001 1.00773083899138E+000
32.5748758 9.65197363198189E-001 9.99449670642773E-001
32.6748352 9.57387410055181E-001 9.91260490758366E-001
32.7747986 9.49662581160343E-001 9.83161706016874E-001
32.8747585 9.42022290082977E-001 9.75152669807963E-001
32.9747223 9.34464797560916E-001 9.67231527762180E-001
33.0746827 9.26989542996316E-001 9.59397661756996E-001
33.1746432 9.19595118124698E-001 9.51649565956627E-001
33.2746078 9.12280145397150E-001 9.43985767620763E-001
33.3745687 9.05044100863840E-001 9.36405689022743E-001
33.4745337 8.97885368053344E-001 9.28907608604066E-001
33.5744951 8.90803446123694E-001 9.21490974097562E-001
33.6744568 8.83797030574092E-001 9.14154392142798E-001
33.7744224 8.76864845117650E-001 9.06896499740972E-001
33.8743844 8.70006421710167E-001 8.99716780744680E-001
33.9743505 8.63220256187995E-001 8.92613634912232E-001
34.0743130 8.56505901196735E-001 8.85586568871891E-001
34.1742756 8.49862146905627E-001 8.78634291752044E-001
34.2742423 8.43287809435517E-001 8.71755540574027E-001
34.3742054 8.36782470810929E-001 8.64949854293596E-001
34.4741725 8.30344729731181E-001 8.58215743645114E-001
34.5741359 8.23974186762044E-001 8.51552767978217E-001
34.6740996 8.17669718564431E-001 8.44959729941572E-001
34.7740673 8.11430225701818E-001 8.38435457843974E-001
34.8740313 8.05255335079141E-001 8.31979539994806E-001
34.9739994 7.99143739735897E-001 8.25590588786415E-001
35.0739638 7.93095083206726E-001 8.19268210805508E-001
35.1739284 7.87108321277715E-001 8.13011294154017E-001
35.2738971 7.81182431778804E-001 8.06818750571350E-001
35.3738621 7.75317081877689E-001 8.00690212609327E-001
35.4738310 7.69511051251540E-001 7.94624385908601E-001
35.5737964 7.63764021994984E-001 7.88620919415053E-001
35.6737620 7.58075022374120E-001 7.82678779416619E-001
35.7737315 7.52443101010365E-001 7.76796954003686E-001
35.8736974 7.46867961219387E-001 7.70975115421023E-001
35.9736673 7.41348462344524E-001 7.65212054956204E-001
36.0736335 7.35884321109758E-001 7.59507459570306E-001
36.1735999 7.30474632258034E-001 7.53860367180719E-001
36.2735704 7.25118509351442E-001 7.48269835840003E-001
36.3735371 7.19815688182612E-001 7.42735573431425E-001
36.4735079 7.14565101442058E-001 7.37256450008517E-001
36.5734750 7.09366496974784E-001 7.31832186674389E-001
36.6734423 7.04219030569672E-001 7.26461887051936E-001
36.7734135 6.99121875435266E-001 7.21144673382183E-001
36.8733811 6.94074796562320E-001 7.15880285569340E-001
36.9733527 6.89076794252915E-001 7.10667666195087E-001
37.0733206 6.84127644338152E-001 7.05506567047200E-001
37.1732887 6.79226558732890E-001 7.00396152094111E-001
37.2732608 6.74372765494919E-001 6.95335602540106E-001
37.3732292 6.69566055881365E-001 6.90324687078962E-001
37.4732015 6.64805492592649E-001 6.85362415157790E-001
37.5731702 6.60090876641696E-001 6.80448566159361E-001
37.6731391 6.55421471606229E-001 6.75582359541271E-001
37.7731119 6.50796556040634E-001 6.70763030735790E-001
37.8730811 6.46215944844221E-001 6.65990374336656E-001
37.9730543 6.41678758370998E-001 6.61263461508738E-001
38.0730237 6.37184820304605E-001 6.56582096465748E-001
38.1729934 6.32733441831638E-001 6.51945549748447E-001
38.2729669 6.28323948048620E-001 6.47353106720044E-001
38.3729369 6.23956175145773E-001 6.42804585287547E-001
38.4729107 6.19629296806689E-001 6.38299113647863E-001
38.5728809 6.15343157134875E-001 6.33836518370327E-001
38.6728513 6.11097111238724E-001 6.29416117076226E-001
38.7728256 6.06890527159612E-001 6.25037241155259E-001
38.8727962 6.02723260269873E-001 6.20699729509824E-001
38.9727708 5.98594533637120E-001 6.16402763098095E-001
39.0727417 5.94504209765231E-001 6.12146188626076E-001
39.1727127 5.90451684326818E-001 6.07929367154731E-001
39.2726877 5.86436365031691E-001 6.03751672548004E-001
39.3726590 5.82458124541181E-001 5.99612962624661E-001
39.4726343 5.78516231702212E-001 5.95512467206635E-001
39.5726059 5.74610565605427E-001 5.91450051145549E-001
39.6725776 5.70740559426428E-001 5.87425115626156E-001
39.7725533 5.66905657555637E-001 5.83437073750823E-001
39.8725252 5.63105748242374E-001 5.79485800388151E-001
39.9725012 5.59340142815586E-001 5.75570570662573E-001
40.0724734 5.55608735322535E-001 5.71691265783130E-001
40.1724458 5.51910993647436E-001 5.67847324034750E-001
40.2724221 5.48246396133475E-001 5.64038194807070E-001
40.3723947 5.44614845088229E-001 5.60263768341268E-001
40.4723712 5.41015691303023E-001 5.56523361806311E-001
40.5723441 5.37448842315245E-001 5.52816871161231E-001
40.6723171 5.33913798163987E-001 5.49143769030752E-001
40.7722940 5.30410068651807E-001 5.45503538397077E-001
40.8722673 5.26937568767693E-001 5.41896083365461E-001
40.9722444 5.23495685996799E-001 5.38320760165423E-001
41.0722179 5.20084340046287E-001 5.34777478059805E-001
41.1721915 5.16703060773650E-001 5.31265741490161E-001
41.2721690 5.13351387159162E-001 5.27785064567859E-001
41.3721428 5.10029245633011E-001 5.24335363904415E-001
41.4721206 5.06736057832967E-001 5.20916032053690E-001
41.5720946 5.03471754446274E-001 5.17526990280189E-001
41.6720688 5.00235893008758E-001 5.14167772533695E-001
41.7720469 4.97028039588210E-001 5.10837921800265E-001
41.8720213 4.93848130938016E-001 5.07537365974509E-001
41.9719996 4.90695620513475E-001 5.04265531422807E-001
42.0719743 4.87570448909138E-001 5.01022350237956E-001
42.1719490 4.84472199376881E-001 4.97807383763185E-001
42.2719276 4.81400463155124E-001 4.94620201793693E-001
42.3719026 4.78355186311900E-001 4.91460742404477E-001
42.4718815 4.75335851972038E-001 4.88328463466078E-001
42.5718566 4.72342409669374E-001 4.85223306841463E-001
42.6718319 4.69374466570648E-001 4.82144859327973E-001
42.7718111 4.66431637325120E-001 4.79092715635459E-001
42.8717866 4.63513876405016E-001 4.76066823024486E-001
42.9717660 4.60620694626731E-001 4.73066668746100E-001
43.0717417 4.57752049589286E-001 4.70092203478567E-001
43.1717175 4.54907570719268E-001 4.67143037693029E-001
43.2716972 4.52086894459538E-001 4.64218789274557E-001
43.3716732 4.49289982864086E-001 4.61319413771175E-001
43.4716531 4.46516372617608E-001 4.58444425858655E-001
43.5716293 4.43766028594517E-001 4.55593784168298E-001
43.6716056 4.41038600958991E-001 4.52767121209017E-001
43.7715858 4.38333746459765E-001 4.49964076442397E-001
43.8715623 4.35651433989207E-001 4.47184612892593E-001
43.9715428 4.32991224417971E-001 4.44428270857092E-001
44.0715195 4.30353089181802E-001 4.41695016141076E-001
44.1714963 4.27736697780948E-001 4.38984501786280E-001
44.2714770 4.25141725900072E-001 4.36296387359958E-001
44.3714539 4.22568148597589E-001 4.33630642629009E-001
44.4714348 4.20015549376269E-001 4.30986831848786E-001
44.5714120 4.17483905587240E-001 4.28364927293886E-001
44.6713893 4.14972904775195E-001 4.25764601153119E-001
44.7713704 4.12482240298028E-001 4.23185531744864E-001
44.8713479 4.10011892771790E-001 4.20627694915442E-001
44.9713293 4.07561466894840E-001 4.18090677341146E-001
45.0713069 4.05130945349031E-001 4.15574457128681E-001
45.1712846 4.02720032532030E-001 4.13078724336710E-001
45.2712662 4.00328438310010E-001 4.10603174786102E-001
45.3712441 3.97956148305816E-001 4.08147789802313E-001
45.4712259 3.95602787084069E-001 4.05712177061534E-001
45.5712040 3.93268342127897E-001 4.03296319925715E-001
45.6711822 3.90952533587845E-001 4.00899925145067E-001
45.7711643 3.88655086762599E-001 3.98522704890849E-001
45.8711426 3.86375991782820E-001 3.96164645424134E-001
45.9711248 3.84114891848150E-001 3.93825374105883E-001
46.0711034 3.81871778763307E-001 3.91504879030875E-001
46.1710820 3.79646387415056E-001 3.89202882552812E-001
46.2710644 3.77438457540289E-001 3.86919112129334E-001
46.3710432 3.75247983325288E-001 3.84653558464778E-001
46.4710259 3.73074625463291E-001 3.82405867386646E-001
46.5710048 3.70918379645821E-001 3.80176031249220E-001
46.6709838 3.68778994555475E-001 3.77963787004058E-001
46.7709667 3.66656223447524E-001 3.75768876411643E-001
46.8709459 3.64550064153904E-001 3.73591294173366E-001
46.9709290 3.62460193802351E-001 3.71430703453791E-001
47.0709083 3.60386611576945E-001 3.69287100437667E-001
47.1708877 3.58329079085527E-001 3.67160235744127E-001
47.2708710 3.56287362250074E-001 3.65049864526536E-001
47.3708506 3.54261462176344E-001 3.62955985078779E-001
47.4708341 3.52251071443028E-001 3.60878276854375E-001
47.5708138 3.50256192369142E-001 3.58816739479489E-001
47.6707936 3.48276598681099E-001 3.56771136379504E-001
47.7707773 3.46312068178352E-001 3.54741235258051E-001
47.8707573 3.44362604903129E-001 3.52727037634580E-001
47.9707411 3.42427915970909E-001 3.50728238278115E-001
48.0707212 3.40508006511142E-001 3.48744839903327E-001
48.1707014 3.38602661620756E-001 3.46776617943690E-001
48.2706855 3.36711670244690E-001 3.44823351872181E-001
48.3706658 3.34835039055472E-001 3.42885046100897E-001
48.4706500 3.32972488855002E-001 3.40961409809504E-001
48.5706305 3.31124027288619E-001 3.39052448480941E-001
48.6706110 3.29289450129484E-001 3.37157948816533E-001
48.7705955 3.27468556788579E-001 3.35277701334255E-001
48.8705762 3.25661356290788E-001 3.33411713036702E-001
48.9705608 3.23867582332757E-001 3.31559706672385E-001
49.0705416 3.22087244808300E-001 3.29721690201828E-001
49.1705225 3.20320149521924E-001 3.27897460907119E-001
49.2705073 3.18566105719475E-001 3.26086819678818E-001
49.3704883 3.16825124525814E-001 3.24289775835717E-001
49.4704733 3.15096951794718E-001 3.22506064911402E-001
49.5704545 3.13381599425642E-001 3.20735697080076E-001
49.6704357 3.11678882654958E-001 3.18978479566321E-001
49.7704208 3.09988619976571E-001 3.17234223008574E-001
49.8704022 3.08310824386107E-001 3.15502938792752E-001
49.9703875 3.06645253206701E-001 3.13784374507199E-001
50.0703690 3.04991920122886E-001 3.12078542300139E-001
50.1703506 3.03350649245201E-001 3.10385258745270E-001
50.2703361 3.01721267769638E-001 3.08704343648066E-001
50.3703178 3.00103790354394E-001 3.07035810235357E-001
50.4703034 2.98497985150157E-001 3.05379417469210E-001
50.5702853 2.96903867426190E-001 3.03735179254198E-001
50.6702672 2.95321269647974E-001 3.02102920961062E-001
50.7702530 2.93750027205227E-001 3.00482471021839E-001
50.8702350 2.92190156229579E-001 2.98873844298802E-001
50.9702209 2.90641435099933E-001 2.97276810492173E-001
51.0702031 2.89103880488270E-001 2.95691385065147E-001
51.1701853 2.87577332731246E-001 2.94117401671472E-001
51.2701714 2.86061634938612E-001 2.92554696866463E-001
51.3701538 2.84556804543607E-001 2.91003286961182E-001
51.4701400 2.83062629593240E-001 2.89462951800424E-001
51.5701225 2.81579127996854E-001 2.87933708226384E-001
51.6701050 2.80106147511226E-001 2.86415397696845E-001
51.7700914 2.78643538524429E-001 2.84907864421396E-001
51.8700741 2.77191319615202E-001 2.83411125990309E-001
51.9700606 2.75749287974851E-001 2.81924971838194E-001
52.0700434 2.74317462599851E-001 2.80449420023052E-001
52.1700263 2.72895698246244E-001 2.78984319360078E-001
52.2700130 2.71483852168241E-001 2.77529521275758E-001
52.3699959 2.70081943948260E-001 2.76085044485517E-001
52.4699827 2.68689779431689E-001 2.74650687494914E-001
52.5699658 2.67307378565662E-001 2.73226469429505E-001
52.6699489 2.65934602712524E-001 2.71812246045136E-001
52.7699359 2.64571315607725E-001 2.70407875577017E-001
52.8699192 2.63217537708537E-001 2.69013377725768E-001
52.9699063 2.61873083055332E-001 2.67628559582275E-001
53.0698897 2.60537972421937E-001 2.66253441204965E-001
53.1698731 2.59212073409839E-001 2.64887884901176E-001
53.2698603 2.57895255876058E-001 2.63531755333649E-001
53.3698439 2.56587541035706E-001 2.62185073061072E-001
53.4698313 2.55288750693904E-001 2.60847653304822E-001
53.5698149 2.53998906338581E-001 2.59519516933867E-001
53.6697986 2.52717881467073E-001 2.58200532443385E-001
53.7697861 2.51445551721653E-001 2.56890570567423E-001
53.8697699 2.50181938969015E-001 2.55589652607268E-001
53.9697576 2.48926872375564E-001 2.54297601488509E-001
54.0697415 2.47680374041097E-001 2.53014438779555E-001
54.1697254 2.46442323037612E-001 2.51740038823389E-001
54.2697133 2.45212600477943E-001 2.50474278092235E-001
54.3696973 2.43991228783897E-001 2.49217178525129E-001
54.4696852 2.42778044104555E-001 2.47968570352085E-001
54.5696694 2.41573069058785E-001 2.46728475740076E-001
54.6696536 2.40376187992541E-001 2.45496774561728E-001
54.7696417 2.39187287194570E-001 2.44273348715707E-001
54.8696260 2.38006389554237E-001 2.43058220683612E-001
54.9696142 2.36833337847799E-001 2.41851227624700E-001
55.0695986 2.35668155128975E-001 2.40652392212940E-001
55.1695831 2.34510730735975E-001 2.39461599552706E-001
55.2695714 2.33360955857399E-001 2.38278736677206E-001
55.3695560 2.32218853770742E-001 2.37103826524215E-001
55.4695444 2.31084273545406E-001 2.35936712829914E-001
55.5695291 2.29957238593583E-001 2.34777418692186E-001
55.6695138 2.28837642981662E-001 2.33625834168053E-001
55.7695023 2.27725382539289E-001 2.32481851151756E-001
55.8694872 2.26620480860064E-001 2.31345492958888E-001
55.9694758 2.25522792992501E-001 2.30216609571492E-001
56.0694607 2.24432342638009E-001 2.29095224436010E-001
56.1694457 2.23349028343459E-001 2.27981232300463E-001
56.2694345 2.22272750336762E-001 2.26874529663690E-001
56.3694196 2.21203532462352E-001 2.25775140148051E-001
56.4694085 2.20141235452422E-001 2.24682919670180E-001
56.5693936 2.19085883234858E-001 2.23597891956763E-001
56.6693788 2.18037378604529E-001 2.22519956201377E-001
56.7693678 2.16995625959729E-001 2.21449013266887E-001
56.8693531 2.15960649336601E-001 2.20385087018033E-001
56.9693423 2.14932314872940E-001 2.19328039013193E-001
57.0693276 2.13910646666295E-001 2.18277893197409E-001
57.1693130 2.12895551541203E-001 2.17234552979429E-001
57.2693023 2.11886937852307E-001 2.16197923360317E-001
57.3692878 2.10884829773959E-001 2.15168028388882E-001
57.4692772 2.09889098587641E-001 2.14144734989571E-001
57.5692628 2.08899768509167E-001 2.13128067269751E-001
57.6692484 2.07916750187581E-001 2.12117932636968E-001
57.7692379 2.06939955732739E-001 2.11114240018367E-001
57.8692236 2.05969409408817E-001 2.10117013594060E-001
57.9692132 2.05004987394162E-001 2.09126125394901E-001
58.0691990 2.04046713976397E-001 2.08141599639898E-001
58.1691849 2.03094503436173E-001 2.07163347532054E-001
58.2691746 2.02148271449427E-001 2.06191281725242E-001
58.3691605 2.01208042326455E-001 2.05225426483172E-001
58.4691503 2.00273696909736E-001 2.04265658698384E-001
58.5691363 1.99345259516744E-001 2.03312002655717E-001
58.6691224 1.98422647878271E-001 2.02364373162433E-001
58.7691123 1.97505781058394E-001 2.01422686411669E-001
58.8690985 1.96594683374090E-001 2.00486966707641E-001
58.9690885 1.95689240112394E-001 1.99557095573806E-001
59.0690747 1.94789475582798E-001 1.98633097319476E-001
59.1690610 1.93895310795417E-001 1.97714890176291E-001
59.2690511 1.93006668034962E-001 1.96802393700261E-001
59.3690374 1.92123571589547E-001 1.95895632197235E-001
59.4690277 1.91245910983497E-001 1.94994491603852E-001
59.5690141 1.90373710484235E-001 1.94098996216600E-001
59.6690006 1.89506894220328E-001 1.93209067522164E-001
59.7689909 1.88645387539351E-001 1.92324628273373E-001
59.8689774 1.87789214668568E-001 1.91445702742679E-001
59.9689678 1.86938269173831E-001 1.90572181074353E-001
60.0689545 1.86092575249847E-001 1.89704087518476E-001
60.1689411 1.85252059992038E-001 1.88841346657287E-001
60.2689316 1.84416651662161E-001 1.87983884284019E-001
60.3689184 1.83586374397893E-001 1.87131724606209E-001
60.4689090 1.82761125621626E-001 1.86284761781613E-001
60.5688958 1.81940929427828E-001 1.85443019983707E-001
60.6688827 1.81125715735855E-001 1.84606426739983E-001
60.7688734 1.80315415581453E-001 1.83774910736663E-001
60.8688603 1.79510052986938E-001 1.82948496088063E-001
60.9688511 1.78709529056345E-001 1.82127080781944E-001
61.0688381 1.77913867759242E-001 1.81310688888071E-001
61.1688251 1.77123001704095E-001 1.80499250737475E-001
61.2688160 1.76336864568389E-001 1.79692697770365E-001
61.3688031 1.75555480236015E-001 1.78891053982449E-001
61.4687941 1.74778753327201E-001 1.78094221018017E-001
61.5687813 1.74006707664568E-001 1.77302222818837E-001
61.6687685 1.73239278418448E-001 1.76514992385791E-001
61.7687596 1.72476401783238E-001 1.75732463781930E-001
61.8687469 1.71718101483806E-001 1.74954660861650E-001
61.9687381 1.70964285499998E-001 1.74181488761653E-001
62.0687254 1.70214977487821E-001 1.73412971274004E-001
62.1687128 1.69470115059318E-001 1.72649043943255E-001
62.2687041 1.68729636807916E-001 1.71889643331510E-001
62.3686916 1.67993566281128E-001 1.71134793131585E-001
62.4686829 1.67261814670152E-001 1.70384401817263E-001
62.5686704 1.66534405446892E-001 1.69638493011556E-001
62.6686580 1.65811278551590E-001 1.68897004683524E-001
62.7686494 1.65092374865327E-001 1.68159875777422E-001
62.8686371 1.64377717741984E-001 1.67427129806446E-001
62.9686286 1.63667221443657E-001 1.66698678434368E-001
63.0686163 1.62960909242643E-001 1.65974545097948E-001
63.1686040 1.62258723300089E-001 1.65254670078173E-001
63.2685918 1.61560633232136E-001 1.64539021810989E-001
63.3685872 1.60866556128431E-001 1.63827514893406E-001
63.4685751 1.60176568041354E-001 1.63120226881491E-001
63.5685630 1.59490586282770E-001 1.62417072608865E-001
63.6685509 1.58808581531414E-001 1.61718021622567E-001
63.7685388 1.58130524724820E-001 1.61023043740196E-001
63.8685344 1.57456335772028E-001 1.60332056485657E-001
63.9685224 1.56786088985166E-001 1.59645135637247E-001
64.0685105 1.56119704479732E-001 1.58962198938743E-001
64.1684986 1.55457154202056E-001 1.58283217262214E-001
64.2684867 1.54798410344209E-001 1.57608161736559E-001
64.3684824 1.54143395514332E-001 1.56936952686749E-001
64.4684706 1.53492182327961E-001 1.56269664157743E-001
64.5684588 1.52844693585003E-001 1.55606216678783E-001
64.6684470 1.52200902435627E-001 1.54946582379902E-001
64.7684353 1.51560782263443E-001 1.54290733635017E-001
64.8684312 1.50924258261529E-001 1.53638593450795E-001
64.9684195 1.50291401391548E-001 1.52990234182367E-001
65.0684079 1.49662137024645E-001 1.52345579026123E-001
65.1683963 1.49036439454729E-001 1.51704601306854E-001
65.2683847 1.48414283197547E-001 1.51067274581035E-001
65.3683808 1.47795595922720E-001 1.50433524423735E-001
65.4683692 1.47180446979812E-001 1.49803421542818E-001
65.5683578 1.46568764203737E-001 1.49176891689518E-001
65.6683463 1.45960522975458E-001 1.48553909323789E-001
65.7683349 1.45355698886828E-001 1.47934449125769E-001
65.8683311 1.44754221981052E-001 1.47318439131358E-001
65.9683197 1.44156160036419E-001 1.46705948442769E-001
66.0683084 1.43561443249509E-001 1.46096905259419E-001
66.1682971 1.42970048034851E-001 1.45491285120223E-001
66.2682858 1.42381951007533E-001 1.44889063773421E-001
66.3682821 1.41797084486502E-001 1.44290171613557E-001
66.4682709 1.41215514718645E-001 1.43694676177866E-001
66.5682597 1.40637174165166E-001 1.43102508012609E-001
66.6682485 1.40062040223670E-001 1.42513643682620E-001
66.7682374 1.39490090482561E-001 1.41928059951816E-001
66.8682339 1.38921259443513E-001 1.41345689476271E-001
66.9682228 1.38355611860940E-001 1.40766598267962E-001
67.0682118 1.37793082368395E-001 1.40190719123671E-001
67.1682007 1.37233649298872E-001 1.39618029584084E-001
67.2681897 1.36677291166957E-001 1.39048507379294E-001
67.3681864 1.36123944568571E-001 1.38482087334573E-001
67.4681754 1.35573672803654E-001 1.37918833975420E-001
67.5681645 1.35026412590324E-001 1.37358682257543E-001
67.6681536 1.34482143151920E-001 1.36801610650192E-001
67.7681428 1.33940843884660E-001 1.36247597802882E-001
67.8681396 1.33402453394540E-001 1.35696580622264E-001
67.9681288 1.32867033564082E-001 1.35148622185201E-001
68.0681180 1.32334523112436E-001 1.34603659519189E-001
68.1681072 1.31804902110705E-001 1.34061671977363E-001
68.2680965 1.31278150794638E-001 1.33522639084486E-001
68.3680934 1.30754209700176E-001 1.32986499745020E-001
68.4680827 1.30233139328562E-001 1.32453315624105E-001
68.5680721 1.29714880320449E-001 1.31923025738097E-001
68.6680615 1.29199413554444E-001 1.31395610281785E-001
68.7680509 1.28686720066015E-001 1.30871049613422E-001
68.8680479 1.28176742244739E-001 1.30349284555729E-001
68.9680374 1.27669539245816E-001 1.29830375398121E-001
69.0680269 1.27165053555654E-001 1.29314263066855E-001
69.1680164 1.26663266822281E-001 1.28800928558441E-001
69.2680059 1.26164160843219E-001 1.28290353025132E-001
69.3680031 1.25667679788991E-001 1.27782479132152E-001
69.4679927 1.25173881503088E-001 1.27277365828277E-001
69.5679823 1.24682710245502E-001 1.26774955874462E-001
69.6679719 1.24194148397645E-001 1.26275231031165E-001
69.7679615 1.23708178483450E-001 1.25778173207276E-001
69.8679589 1.23224746385108E-001 1.25283726838350E-001
69.9679486 1.22743908667855E-001 1.24791949566717E-001
70.0679383 1.22265611296475E-001 1.24302785916374E-001
70.1679281 1.21789837351649E-001 1.23816218375976E-001
70.2679178 1.21316570049977E-001 1.23332229575696E-001
70.3679153 1.20845756919267E-001 1.22850765652627E-001
70.4679051 1.20377453279089E-001 1.22371882975976E-001
70.5678949 1.19911606733422E-001 1.21895527764468E-001
70.6678848 1.19448201029908E-001 1.21421683201116E-001
70.7678747 1.18987220045856E-001 1.20950332603901E-001
70.8678723 1.18528612891696E-001 1.20481423745868E-001
70.9678622 1.18072433673069E-001 1.20015011755550E-001
71.0678522 1.17618631570575E-001 1.19551044481268E-001
71.1678422 1.17167190968212E-001 1.19089505768340E-001
71.2678322 1.16718096373716E-001 1.18630379590846E-001
71.3678299 1.16271298420035E-001 1.18173615295230E-001
71.4678200 1.15826850029783E-001 1.17719266800956E-001
71.5678100 1.15384701900472E-001 1.17267283523801E-001
71.6678002 1.14944839023447E-001 1.16817649941022E-001
71.7677903 1.14507246508173E-001 1.16370350652759E-001
71.8677881 1.14071876452749E-001 1.15925336519166E-001
71.9677783 1.13638780626845E-001 1.15482660281409E-001
72.0677685 1.13207911187885E-001 1.15042272863424E-001
72.1677587 1.12779253707061E-001 1.14604159345626E-001
72.2677489 1.12352793868357E-001 1.14168304925742E-001
72.3677468 1.11928485180244E-001 1.13734661920660E-001
72.4677371 1.11506378288734E-001 1.13303281923208E-001
72.5677275 1.11086426756730E-001 1.12874117308869E-001
72.6677178 1.10668616709188E-001 1.12447153733931E-001
72.7677082 1.10252934378802E-001 1.12022376966710E-001
72.8677062 1.09839334632099E-001 1.11599740726424E-001
72.9676966 1.09427867019929E-001 1.11179295486723E-001
73.0676870 1.09018486458679E-001 1.10760995020576E-001
73.1676774 1.08611179602320E-001 1.10344825534264E-001
73.2676679 1.08205933207770E-001 1.09930773341079E-001
73.3676660 1.07802703449619E-001 1.09518793510608E-001
73.4676565 1.07401538811291E-001 1.09108935425701E-001
73.5676471 1.07002395512964E-001 1.08701154205164E-001
73.6676376 1.06605260714141E-001 1.08295436580718E-001
73.7676282 1.06210121672719E-001 1.07891769386330E-001
73.8676264 1.05816935823568E-001 1.07490108992302E-001
73.9676171 1.05425750609675E-001 1.07090503718298E-001
74.0676077 1.05036523507503E-001 1.06692909979608E-001
74.1675984 1.04649242159790E-001 1.06297315010081E-001
74.2675890 1.04263894303345E-001 1.05903706141298E-001
74.3675874 1.03880438587628E-001 1.05512040996811E-001
74.4675781 1.03498921441445E-001 1.05122366859968E-001
74.5675688 1.03119301552118E-001 1.04734641395357E-001
74.6675596 1.02741567024445E-001 1.04348852316828E-001
74.7675504 1.02365706053183E-001 1.03964987431675E-001
74.8675488 1.01991678458685E-001 1.03583005571312E-001
74.9675396 1.01619529681117E-001 1.03202953008920E-001
75.0675305 1.01249219575209E-001 1.02824788613256E-001
75.1675213 1.00880736687694E-001 1.02448500557154E-001
75.2675122 1.00514069651365E-001 1.02074077102817E-001
75.3675108 1.00149179415655E-001 1.01701478246114E-001
75.4675017 9.97861104569380E-002 1.01330749275487E-001
75.5674926 9.94248237557705E-002 1.00961850220696E-001
75.6674836 9.90653082816993E-002 1.00594769693593E-001
75.7674746 9.87075530866222E-002 1.00229496391520E-001
75.8674732 9.83515202090346E-002 9.98659914332618E-002
75.9674642 9.79972531856923E-002 9.95042991472679E-002
76.0674553 9.76447140831700E-002 9.91443806829872E-002
76.1674463 9.72938922756509E-002 9.87862250723078E-002
76.2674374 9.69447772161421E-002 9.84298214289299E-002
76.3674361 9.65973319938850E-002 9.80751319547911E-002
76.4674273 9.62515992295280E-002 9.77222000424160E-002
76.5674184 9.59075420375506E-002 9.73709879213971E-002
76.6674096 9.55651501794842E-002 9.70214850256159E-002
76.7674007 9.52244134923285E-002 9.66736808672641E-002
76.8673996 9.48852960793757E-002 9.63275386933676E-002
76.9673908 9.45478396680353E-002 9.59831009839351E-002
77.0673820 9.42120083841832E-002 9.56403310108334E-002
77.1673732 9.38777923602525E-002 9.52992185927768E-002
77.2673645 9.35451818009526E-002 9.49597536234597E-002
77.3673634 9.32141417884701E-002 9.46219003585350E-002
77.4673547 9.28847131792180E-002 9.42857003882658E-002
77.5673461 9.25568610754887E-002 9.39511179905189E-002
77.6673374 9.22305759649665E-002 9.36181433525155E-002
77.7673288 9.19058484045734E-002 9.32867667332882E-002
77.8673278 9.15826444217000E-002 9.29569533621859E-002
77.9673192 9.12610040233951E-002 9.26287439618721E-002
78.0673106 9.09408932548416E-002 9.23021037814556E-002
78.1673020 9.06223029440767E-002 9.19770233611287E-002
78.2672935 9.03052239854832E-002 9.16534933098786E-002
78.3672925 8.99896233193575E-002 9.13314797972717E-002
78.4672840 8.96755401244257E-002 9.10110226999123E-002
78.5672755 8.93629413566168E-002 9.06920882048363E-002
78.6672671 8.90518181701356E-002 9.03746671904169E-002
78.7672586 8.87421617827772E-002 9.00587506009508E-002
78.8672578 8.84339400167741E-002 8.97443055141279E-002
78.9672493 8.81271912429920E-002 8.94313709814425E-002
79.0672409 8.78218832972802E-002 8.91199140959159E-002
79.1672325 8.75180076464991E-002 8.88099260600191E-002
79.2672242 8.72155558184748E-002 8.85013981394112E-002
79.3672234 8.69144964876682E-002 8.81942982891284E-002
79.4672151 8.66148672369875E-002 8.78886647559306E-002
79.5672068 8.63166367526298E-002 8.75844655081900E-002
79.6671985 8.60197968012373E-002 8.72816920590604E-002
79.7671902 8.57243392079165E-002 8.69803359822778E-002
79.8671895 8.54302334708536E-002 8.66803660807022E-002
79.9671813 8.51375164043551E-002 8.63818198161751E-002
80.0671730 8.48461575165889E-002 8.60846660030307E-002
80.1671648 8.45561488617096E-002 8.57888964523237E-002
80.2671566 8.42674825499514E-002 8.54945030332077E-002
80.3671560 8.39801288758683E-002 8.52014553680381E-002
80.4671478 8.36941239039919E-002 8.49097901530116E-002
80.5671397 8.34094379372221E-002 8.46194770202216E-002
80.6671315 8.31260633055283E-002 8.43305080664410E-002
80.7671234 8.28439923926866E-002 8.40428754441746E-002
80.8671229 8.25631962633547E-002 8.37565495680839E-002
80.9671148 8.22837102505993E-002 8.34715663874658E-002
81.0671067 8.20055054258999E-002 8.31878963251007E-002
81.1670987 8.17285743838857E-002 8.29055317518655E-002
81.2670906 8.14529097708251E-002 8.26244650921111E-002
81.3670902 8.11784833962577E-002 8.23446675267012E-002
81.4670822 8.09053298795947E-002 8.20661742762645E-002
81.5670742 8.06334210357770E-002 8.17889565282744E-002
81.6670662 8.03627497134537E-002 8.15130069166351E-002
81.7670583 8.00933088108445E-002 8.12383181265719E-002
81.8670579 7.98250708581431E-002 8.09648620800812E-002
81.9670500 7.95580697784275E-002 8.06926732868562E-002
82.0670421 7.92922781059695E-002 8.04217236740972E-002
82.1670342 7.90276889332858E-002 8.01520061281695E-002
82.2670263 7.87642954004888E-002 7.98835135847057E-002
82.3670260 7.85020707351473E-002 7.96162186827527E-002
82.4670182 7.82410481808548E-002 7.93501552383159E-002
82.5670103 7.79812009680265E-002 7.90852958943372E-002
82.6670025 7.77225224233561E-002 7.88216337795610E-002
82.7669947 7.74650059192485E-002 7.85591620700381E-002
82.8669945 7.72086253582737E-002 7.82978540987258E-002
82.9669867 7.69534133209296E-002 7.80377430047191E-002
83.0669790 7.66993437114863E-002 7.77788021236510E-002
83.1669712 7.64464100815637E-002 7.75210248170221E-002
83.2669635 7.61946060266934E-002 7.72644044917675E-002
83.3669634 7.59439061029361E-002 7.70089151525134E-002
83.4669556 7.56943422436370E-002 7.67545892777633E-002
83.5669479 7.54458890054917E-002 7.65014008736851E-002
83.6669403 7.51985401562115E-002 7.62493435253478E-002
83.7669326 7.49522895057012E-002 7.59984108614680E-002
83.8669326 7.47071122428278E-002 7.57485775369575E-002
83.9669249 7.44630396692928E-002 7.54998753856031E-002
84.0669173 7.42200469736071E-002 7.52522790628036E-002
84.1669097 7.39781281311358E-002 7.50057823684230E-002
84.2669021 7.37372771577941E-002 7.47603791442652E-002
84.3669022 7.34974698553595E-002 7.45160446749643E-002
84.4668946 7.32587369089766E-002 7.42728101650327E-002
84.5668870 7.30210541191470E-002 7.40306508986122E-002
84.6668795 7.27844156608257E-002 7.37895608819796E-002
84.7668720 7.25488157479489E-002 7.35495341617211E-002
84.8668721 7.23142307760615E-002 7.33105466324130E-002
84.9668646 7.20806908284295E-002 7.30726288843163E-002
85.0668571 7.18481722984686E-002 7.28357568106054E-002
85.1668496 7.16166695530178E-002 7.25999246159617E-002
85.2668422 7.13861769963973E-002 7.23651265438173E-002
85.3668424 7.11566715994973E-002 7.21313390796589E-002
85.4668349 7.09281828579855E-002 7.18985922141121E-002
85.5668275 7.07006877398314E-002 7.16668624304171E-002
85.6668201 7.04741807963912E-002 7.14361441240060E-002
85.7668127 7.02486566150684E-002 7.12064317275715E-002
85.8668130 7.00240927243643E-002 7.09777022991939E-002
85.9668056 6.98005180462433E-002 7.07499852440837E-002
86.0667983 6.95779101055528E-002 7.05232576172920E-002
86.1667909 6.93562636311220E-002 7.02975139976838E-002
86.2667836 6.91355733864562E-002 7.00727489999606E-002
86.3667839 6.89158174405923E-002 6.98489402371637E-002
86.4667766 6.86970241553113E-002 6.96261165429241E-002
86.5667694 6.84791715953180E-002 6.94042555265294E-002
86.6667621 6.82622546601770E-002 6.91833519432801E-002
86.7667548 6.80462682828172E-002 6.89634005829510E-002
86.8667552 6.78311910563662E-002 6.87443795965666E-002
86.9667480 6.76170507955774E-002 6.85263172596410E-002
87.0667408 6.74038260886186E-002 6.83091917187738E-002
87.1667336 6.71915119993443E-002 6.80929978990085E-002
87.2667264 6.69801036237178E-002 6.78777307585592E-002
87.3667268 6.67695800631153E-002 6.76633689700812E-002
87.4667197 6.65599685980647E-002 6.74499402640723E-002
87.5667125 6.63512483244029E-002 6.72374233081426E-002
87.6667054 6.61434144641061E-002 6.70258131906751E-002
87.7666983 6.59364622700575E-002 6.68151050319761E-002
87.8666988 6.57303713366165E-002 6.66052780105783E-002
87.9666917 6.55251684225452E-002 6.63963593247121E-002
88.0666846 6.53208331161297E-002 6.61883281472922E-002
88.1666775 6.51173607915634E-002 6.59811797239132E-002
88.2666705 6.49147468527965E-002 6.57749093308995E-002
88.3666710 6.47129713724597E-002 6.55694966374813E-002
88.4666640 6.45120605996752E-002 6.53649683220284E-002
88.5666570 6.43119946005079E-002 6.51613040476251E-002
88.6666500 6.41127688957159E-002 6.49584992112120E-002
88.7666429 6.39143790347127E-002 6.47565492393167E-002
88.8666436 6.37168055542171E-002 6.45554342772362E-002
88.9666366 6.35200742055138E-002 6.43551804955552E-002
89.0666296 6.33241655183034E-002 6.41557680329387E-002
89.1666227 6.31290751544953E-002 6.39571924320572E-002
89.2666157 6.29347988035994E-002 6.37594492640738E-002
89.3666164 6.27413174527467E-002 6.35625191362478E-002
89.4666095 6.25486563668730E-002 6.33664277231318E-002
89.5666026 6.23567965256756E-002 6.31711556249061E-002
89.6665957 6.21657337270301E-002 6.29766985245927E-002
89.7665889 6.19754637954019E-002 6.27830521326582E-002
89.8665896 6.17859681551444E-002 6.25901975047231E-002
89.9665828 6.15972715960275E-002 6.23981598307487E-002
90.0665759 6.14093555345905E-002 6.22069201588663E-002
90.1665691 6.12222158997070E-002 6.20164743072976E-002
90.2665622 6.10358486458722E-002 6.18268181207045E-002
90.3665631 6.08502356219375E-002 6.16379330899508E-002
90.4665563 6.06654011533947E-002 6.14498439315435E-002
90.5665495 6.04813270809330E-002 6.12625321284814E-002
90.6665427 6.02980094596634E-002 6.10759936292495E-002
90.7665359 6.01154443693901E-002 6.08902244078109E-002
90.8665368 5.99336140711855E-002 6.07052063776175E-002
90.9665301 5.97525424368621E-002 6.05209637925640E-002
91.0665233 5.95722117190126E-002 6.03374785578939E-002
91.1665166 5.93926180944218E-002 6.01547467476249E-002
91.2665099 5.92137577636776E-002 5.99727644603306E-002
91.3665108 5.90356133882242E-002 5.97915140198398E-002
91.4665041 5.88582083965153E-002 5.96110192279904E-002
91.5664975 5.86815254412266E-002 5.94312624000898E-002
91.6664908 5.85055608164411E-002 5.92522397311538E-002
91.7664842 5.83303108391920E-002 5.90739474398697E-002
91.8664851 5.81557585598568E-002 5.88963682486576E-002
91.9664785 5.79819269735795E-002 5.87195255175764E-002
92.0664719 5.78087991217073E-002 5.85434019602401E-002
92.1664653 5.76363714114258E-002 5.83679938883148E-002
92.2664587 5.74646402720522E-002 5.81932976362901E-002
92.3664597 5.72935891318537E-002 5.80192963138001E-002
92.4664531 5.71232405624498E-002 5.78460128491324E-002
92.5664466 5.69535779828410E-002 5.76734303428569E-002
92.6664400 5.67845979092904E-002 5.75015452191203E-002
92.7664335 5.66162968794080E-002 5.73303539240798E-002
92.8664346 5.64486586886851E-002 5.71598399435978E-002
92.9664281 5.62817054947468E-002 5.69900257839363E-002
93.0664215 5.61154210836043E-002 5.68208949216606E-002
93.1664150 5.59498020767375E-002 5.66524438893984E-002
93.2664086 5.57848451162198E-002 5.64846692410079E-002
93.3664097 5.56205343544635E-002 5.63175548279705E-002
93.4664032 5.54568915443817E-002 5.61511227440135E-002
93.5663968 5.52939008287157E-002 5.59853568311116E-002
93.6663903 5.51315589304569E-002 5.58202537265362E-002
93.7663839 5.49698625924668E-002 5.56558100880406E-002
93.8663851 5.48087963141260E-002 5.54920101224771E-002
93.9663787 5.46483814526750E-002 5.53288755202819E-002
94.0663723 5.44886024976530E-002 5.51663904786125E-002
94.1663659 5.43294562700059E-002 5.50045517357016E-002
94.2663595 5.41709396098564E-002 5.48433560495455E-002
94.3663607 5.40130373539344E-002 5.46827879724653E-002
94.4663544 5.38557704726142E-002 5.45228688006100E-002
94.5663480 5.36991237926333E-002 5.43635830764384E-002
94.6663417 5.35430942294786E-002 5.42049276356103E-002
94.7663353 5.33876787171465E-002 5.40468993328587E-002
94.8663366 5.32328624204200E-002 5.38894830564052E-002
94.9663303 5.30786659313855E-002 5.37326997168819E-002
95.0663240 5.29250744047007E-002 5.35765341924994E-002
95.1663177 5.27720848471142E-002 5.34209834129509E-002
95.2663114 5.26196942832448E-002 5.32660443263406E-002
95.3663128 5.24678881969408E-002 5.31117021475414E-002
95.4663065 5.23166868103584E-002 5.29579774102123E-002
95.5663002 5.21660755971047E-002 5.28048553190853E-002
95.6662940 5.20160516520415E-002 5.26523328946281E-002
95.7662878 5.18666120872865E-002 5.25004071750838E-002
95.8662892 5.17177426970630E-002 5.23490636930355E-002
95.9662829 5.15694633417396E-002 5.21983226134928E-002
96.0662767 5.14217598051989E-002 5.20481694587843E-002
96.1662705 5.12746292673911E-002 5.18986013370229E-002
96.2662643 5.11280689249315E-002 5.17496153734856E-002
96.3662658 5.09820648740148E-002 5.16011974098200E-002
96.4662596 5.08366366211560E-002 5.14533672504961E-002
96.5662535 5.06917702521232E-002 5.13061107268092E-002
96.6662473 5.05474630290491E-002 5.11594250315108E-002
96.7662412 5.04037122301636E-002 5.10133073739292E-002
96.8662427 5.02605042455024E-002 5.08677438964145E-002
96.9662365 5.01178582354590E-002 5.07227540508000E-002
97.0662304 4.99757605795715E-002 5.05783239690002E-002
97.1662243 4.98342086193615E-002 5.04344509255161E-002
97.2662182 4.96931997119026E-002 5.02911322108617E-002
97.3662198 4.95527205332066E-002 5.01483542600009E-002
97.4662137 4.94127899050800E-002 5.00061361798308E-002
97.5662076 4.92733944929787E-002 4.98644643948105E-002
97.6662016 4.91345317151284E-002 4.97233362584142E-002
97.7661955 4.89961990047827E-002 4.95827491395869E-002
97.8661971 4.88583833163182E-002 4.94426897580802E-002
97.9661911 4.87211031402985E-002 4.93031768833603E-002
98.0661851 4.85843454204977E-002 4.91641972246176E-002
98.1661791 4.84481076492650E-002 4.90257482116305E-002
98.2661730 4.83123873334728E-002 4.88878272891273E-002
98.3661747 4.81771716984964E-002 4.87504214540745E-002
98.4661687 4.80424789108137E-002 4.86135491458215E-002
98.5661627 4.79082961851624E-002 4.84771973507287E-002
98.6661568 4.77746210855328E-002 4.83413635723134E-002
98.7661508 4.76414511899538E-002 4.82060453285409E-002
98.8661525 4.75087739876678E-002 4.80712298862627E-002
98.9661465 4.73766073280448E-002 4.79369353618410E-002
99.0661406 4.72449386896655E-002 4.78031490114877E-002
99.1661347 4.71137657057741E-002 4.76698684099911E-002
99.2661288 4.69830860231870E-002 4.75370911461056E-002
99.3661305 4.68528873881100E-002 4.74048047494719E-002
99.4661246 4.67231873396066E-002 4.72730270204146E-002
99.5661187 4.65939736132060E-002 4.71417454779116E-002
99.6661128 4.64652439091099E-002 4.70109577656492E-002
99.7661070 4.63369959406438E-002 4.68806615408162E-002
99.8661087 4.62092177042905E-002 4.67508445889718E-002
99.9661029 4.60819264354382E-002 4.66215244011781E-002
100.0660970 4.59551101198878E-002 4.64926887523183E-002
100.1660912 4.58287665225893E-002 4.63643353526937E-002
100.2660854 4.57028934211843E-002 4.62364619256621E-002
100.3660872 4.55774790559568E-002 4.61090565060476E-002
100.4660814 4.54525403650855E-002 4.59821362822553E-002
100.5660756 4.53280655781756E-002 4.58556892784292E-002
100.6660698 4.52040525227988E-002 4.57297132692891E-002
100.7660640 4.50804990388028E-002 4.56042060421814E-002
100.8660658 4.49573936039995E-002 4.54791558747513E-002
100.9660601 4.48347528656627E-002 4.53545796591868E-002
101.0660543 4.47125652909360E-002 4.52304656624570E-002
101.1660486 4.45908287679666E-002 4.51068117215857E-002
101.2660428 4.44695411967772E-002 4.49836156858107E-002
101.3660447 4.43486912866290E-002 4.48608660693544E-002
101.4660390 4.42282954000388E-002 4.47385794744683E-002
101.5660333 4.41083422356180E-002 4.46167444047107E-002
101.6660275 4.39888297401184E-002 4.44953587573750E-002
101.7660218 4.38697558717829E-002 4.43744204415709E-002
101.8660238 4.37511095654312E-002 4.42539182020488E-002
101.9660181 4.36329069048194E-002 4.41338683572475E-002
102.0660124 4.35151368141424E-002 4.40142596412732E-002
102.1660067 4.33977972968601E-002 4.38950900097296E-002
102.2660011 4.32808863675523E-002 4.37763574296538E-002
102.3660031 4.31643931808881E-002 4.36580508704624E-002
102.4659974 4.30483335477105E-002 4.35401863727541E-002
102.5659918 4.29326966120955E-002 4.34227528953269E-002
102.6659861 4.28174804323839E-002 4.33057484502090E-002
102.7659805 4.27026830776788E-002 4.31891710604928E-002
102.8659825 4.25882939169641E-002 4.30730099145785E-002
102.9659769 4.24743284938742E-002 4.29572807810505E-002
103.0659713 4.23607761668370E-002 4.28419728377226E-002
103.1659657 4.22476350473142E-002 4.27270841512307E-002
103.2659601 4.21349032571860E-002 4.26126127989196E-002
103.3659622 4.20225703743847E-002 4.24985481826645E-002
103.4659566 4.19106516809000E-002 4.23849058047176E-002
103.5659511 4.17991367441511E-002 4.22716750564061E-002
103.6659455 4.16880237270255E-002 4.21588540572235E-002
103.7659400 4.15773108024973E-002 4.20464409370301E-002
103.8659421 4.14669877522431E-002 4.19344253058353E-002
103.9659365 4.13570696020368E-002 4.18228224051019E-002
104.0659310 4.12475461230899E-002 4.17116218343348E-002
104.1659255 4.11384155280817E-002 4.16008217641993E-002
104.2659200 4.10296760394588E-002 4.14904203753979E-002
104.3659221 4.09213176375951E-002 4.13804074808945E-002
104.4659166 4.08133550973446E-002 4.12707980667701E-002
104.5659112 4.07057783886685E-002 4.11615819355330E-002
104.6659057 4.05985857724636E-002 4.10527573073957E-002
104.7659002 4.04917755190863E-002 4.09443224122902E-002
104.8659024 4.03853378027112E-002 4.08362672611112E-002
104.9658969 4.02792871524403E-002 4.07286065898342E-002
105.0658915 4.01736137320929E-002 4.06213303989514E-002
105.1658860 4.00683158492655E-002 4.05144369566569E-002
105.2658806 3.99633918207175E-002 4.04079245405583E-002
105.3658828 3.98588320096746E-002 4.03017833546075E-002
105.4658774 3.97546507045289E-002 4.01960278898226E-002
105.5658720 3.96508382582114E-002 4.00906483398104E-002
105.6658666 3.95473930235556E-002 3.99856430192376E-002
105.7658612 3.94443133622715E-002 3.98810102518891E-002
105.8658634 3.93415898220258E-002 3.97767404300457E-002
105.9658580 3.92392364554224E-002 3.96728478047914E-002
106.0658527 3.91372437998977E-002 3.95693227581235E-002
106.1658473 3.90356102521115E-002 3.94661636497260E-002
106.2658419 3.89343342173239E-002 3.93633688481169E-002
106.3658442 3.88334064231690E-002 3.92609289293174E-002
106.4658389 3.87328406912652E-002 3.91588579093801E-002
106.5658335 3.86326277390840E-002 3.90571463541075E-002
106.6658282 3.85327660057510E-002 3.89557926667986E-002
106.7658229 3.84332539387255E-002 3.88547952593111E-002
106.8658252 3.83340824412668E-002 3.87541448869536E-002
106.9658199 3.82352651086952E-002 3.86538553355319E-002
107.0658146 3.81367928341782E-002 3.85539173502039E-002
107.1658093 3.80386640979945E-002 3.84543293765303E-002
107.2658040 3.79408773885002E-002 3.83550898683655E-002
107.3658063 3.78434237803636E-002 3.82561897559824E-002
107.4658011 3.77463166471828E-002 3.81576425996103E-002
107.5657958 3.76495470536082E-002 3.80594393194429E-002
107.6657905 3.75531135198059E-002 3.79615784019971E-002
107.7657853 3.74570145737713E-002 3.78640583418284E-002
107.8657877 3.73612414574887E-002 3.77668702399775E-002
107.9657824 3.72658073273008E-002 3.76700274356555E-002
108.0657772 3.71707034152498E-002 3.75735210198979E-002
108.1657720 3.70759282801677E-002 3.74773495189190E-002
108.2657667 3.69814804884766E-002 3.73815114667250E-002
108.3657692 3.68873514455013E-002 3.72859981310493E-002
108.4657639 3.67935540946900E-002 3.71908226345354E-002
108.5657587 3.67000798315039E-002 3.70959762349878E-002
108.6657536 3.66069272522621E-002 3.70014574971031E-002
108.7657484 3.65140949606429E-002 3.69072649931323E-002
108.8657508 3.64215745214503E-002 3.68133901535439E-002
108.9657456 3.63293786694960E-002 3.67198458887582E-002
109.0657405 3.62374989598014E-002 3.66266236193939E-002
