0.0053140 2.18043824458452E+001 4.77814255266313E+003
0.0210792 8.27843833103056E+001 4.65016065965381E+003
0.0467942 1.71312599490379E+002 4.45124960407202E+003
0.0817065 2.72575358835930E+002 4.19933084179208E+003
0.1249105 3.72756148009587E+002 3.91377497730794E+003
0.1754417 4.61704591604920E+002 3.61239523005655E+003
0.2323515 5.33688120628246E+002 3.30967311188846E+003
0.2947571 5.86784645894961E+002 3.01618216589914E+003
0.3618673 6.21712313330727E+002 2.73884208600087E+003
0.4329916 6.40673473816388E+002 2.48158134138453E+003
0.5075377 6.46473868626592E+002 2.24610472308525E+003
0.5850032 6.41960003645007E+002 2.03258866871112E+003
0.6649650 6.29715200808942E+002 1.84023866583713E+003
0.7470680 6.11931522111463E+002 1.66769880948762E+003
0.8310139 5.90386498487324E+002 1.51333736031428E+003
0.9165527 5.66474005700383E+002 1.37543216231398E+003
1.0034738 5.41258065239222E+002 1.25228639694591E+003
1.0915995 5.15531826455692E+002 1.14229536235212E+003
1.1807797 4.89872669831281E+002 1.04398025587015E+003
1.2708868 4.64690188962179E+002 9.56002615096684E+002
1.3618115 4.40265563916934E+002 8.77164922951934E+002
1.4534610 4.16783060277005E+002 8.06404086763583E+002
1.5457546 3.94355133824325E+002 7.42782362881087E+002
1.6386236 3.73041165832283E+002 6.85474411833069E+002
1.7320075 3.52862513817790E+002 6.33756478955303E+002
1.8258543 3.33813211798967E+002 5.86993768427624E+002
1.9201186 3.15868435684655E+002 5.44630091325695E+002
2.0147601 2.98990800821360E+002 5.06178299866383E+002
2.1097440 2.83134635570668E+002 4.71210839339071E+002
2.2050388 2.68249648185222E+002 4.39352747176685E+002
2.3006174 2.54283079738121E+002 4.10274266669373E+002
2.3964555 2.41181560550985E+002 3.83685216240697E+002
2.4925310 2.28892411700666E+002 3.59330016162066E+002
2.5888248 2.17364265762800E+002 3.36982809867914E+002
2.6853193 2.06547853277772E+002 3.16444081883661E+002
2.7819988 1.96396149413552E+002 2.97536944025230E+002
2.8788497 1.86864655849237E+002 2.80104434616457E+002
2.9758588 1.77911545058779E+002 2.64007136054042E+002
3.0730149 1.69497510476581E+002 2.49120736971529E+002
3.1703074 1.61585889603776E+002 2.35334473845598E+002
3.2677268 1.54142435760847E+002 2.22549256099560E+002
3.3652646 1.47135291330726E+002 2.10676404628876E+002
3.4629133 1.40534814151381E+002 1.99636341488901E+002
3.5606650 1.34313571726753E+002 1.89357731694234E+002
3.6585133 1.28446020399254E+002 1.79776239175622E+002
3.7564523 1.22908501842261E+002 1.70833929614923E+002
3.8544764 1.17679082843856E+002 1.62478506014327E+002
3.9525810 1.12737409574027E+002 1.54662650515144E+002
4.0507604 1.08064683602447E+002 1.47343624746180E+002
4.1490108 1.03643410338141E+002 1.40482566309633E+002
4.2473280 9.94573910356523E+001 1.34044217248895E+002
4.3457083 9.54916018905359E+001 1.27996512440088E+002
4.4441489 9.17320866384142E+001 1.22310223642601E+002
4.5426454 8.81659438299154E+001 1.16958774478662E+002
4.6411954 8.47811421364718E+001 1.11917819342875E+002
4.7397961 8.15665216228225E+001 1.07165123855320E+002
4.8384450 7.85117095263412E+001 1.02680332789736E+002
4.9371399 7.56070461062279E+001 9.84447686827300E+001
5.0358779 7.28435834904052E+001 9.44413493306519E+001
5.1346571 7.02129512631975E+001 9.06543219685889E+001
5.2334756 6.77073652818796E+001 8.70692156740731E+001
5.3323316 6.53195700312192E+001 8.36727046322745E+001
5.4312238 6.30427880811806E+001 8.04524891844716E+001
5.5301496 6.08707262620160E+001 7.73972630032769E+001
5.6291079 5.87974768125840E+001 7.44965370526215E+001
5.7280973 5.68175302583672E+001 7.17406261553094E+001
5.8271164 5.49257357465733E+001 6.91205650421776E+001
5.9261644 5.31172663498692E+001 6.66280352073447E+001
6.0252392 5.13876289897341E+001 6.42553562058843E+001
6.1243401 4.97325904765830E+001 6.19953640567433E+001
6.2234659 4.81481918814133E+001 5.98414137406177E+001
6.3226158 4.66307208350716E+001 5.77873256513696E+001
6.4217891 4.51766873349180E+001 5.58273389045527E+001
6.5209840 4.37828351209268E+001 5.39561141246575E+001
6.6202001 4.24460852867074E+001 5.21686463355871E+001
6.7194366 4.11635506219540E+001 5.04602744555659E+001
6.8186927 3.99325158994975E+001 4.88266459175896E+001
6.9179682 3.87504206781100E+001 4.72636858146142E+001
7.0172613 3.76148708200405E+001 4.57676048386407E+001
7.1165720 3.65235947015134E+001 4.43348348960164E+001
7.2158999 3.54744518284887E+001 4.29620347932724E+001
7.3152432 3.44654430496780E+001 4.16460981343375E+001
7.4146030 3.34946490252866E+001 4.03840681887124E+001
7.5139770 3.25602946272657E+001 3.91732175243273E+001
7.6133666 3.16606679666574E+001 3.80109388125283E+001
7.7127702 3.07941773066879E+001 3.68948151320158E+001
7.8121865 2.99593170203693E+001 3.58225725176054E+001
7.9116168 2.91546396566480E+001 3.47920412919543E+001
8.0110589 2.83788058692300E+001 3.38012174597221E+001
8.1105143 2.76305182309984E+001 3.28481755090264E+001
8.2099815 2.69085693132965E+001 3.19311276749388E+001
8.3094593 2.62118142536183E+001 3.10483868032786E+001
8.4089492 2.55391481273297E+001 3.01983359422900E+001
8.5084489 2.48895483227257E+001 2.93794802956266E+001
8.6079599 2.42620198475208E+001 2.85903765582873E+001
8.7074812 2.36556361427548E+001 2.78296830073173E+001
8.8070112 2.30695166889839E+001 2.70961299154226E+001
8.9065517 2.25028084349201E+001 2.63884951995828E+001
9.0061006 2.19547219305042E+001 2.57056485174168E+001
9.1056593 2.14244856850888E+001 2.50464932700492E+001
9.2052267 2.09113809855274E+001 2.44100091010921E+001
9.3048016 2.04147234029931E+001 2.37952279598747E+001
9.4043856 1.99338473737630E+001 2.32012142944727E+001
9.5039766 1.94681371568303E+001 2.26271026255874E+001
9.6035763 1.90169884088151E+001 2.20720494146829E+001
9.7031836 1.85798380338977E+001 2.15352692804466E+001
9.8027972 1.81561487534449E+001 2.10160153726194E+001
9.9024188 1.77453961718055E+001 2.05135630436962E+001
10.0020464 1.73470954256839E+001 2.00272420044001E+001
10.1016817 1.69607685765208E+001 1.95563959865946E+001
10.2013235 1.65859703254510E+001 1.91004137499257E+001
10.3009707 1.62222750190004E+001 1.86587128012443E+001
10.4006251 1.58692656998391E+001 1.82307257763683E+001
10.5002846 1.55265571542612E+001 1.78159280834895E+001
10.5999509 1.51937680411495E+001 1.74138038035575E+001
10.6996230 1.48705431493187E+001 1.70238723623031E+001
10.7992996 1.45565423634923E+001 1.66456748856816E+001
10.8989827 1.42514313194457E+001 1.62787627257254E+001
10.9986702 1.39549014264922E+001 1.59227213336988E+001
11.0983637 1.36666458881333E+001 1.55771412082731E+001
11.1980623 1.33863790544154E+001 1.52416409465550E+001
11.2977649 1.31138269820493E+001 1.49158557043519E+001
11.3974732 1.28487194002284E+001 1.45994274415414E+001
11.4971853 1.25908071809378E+001 1.42920256321657E+001
11.5969029 1.23398415836676E+001 1.39933223388971E+001
11.6966250 1.20955911554648E+001 1.37030122258582E+001
11.7963505 1.18578335999095E+001 1.34208027195980E+001
11.8960812 1.16263488239996E+001 1.31464056501463E+001
11.9958151 1.14009342453270E+001 1.28795552959802E+001
12.0955540 1.11813867280508E+001 1.26199868621276E+001
12.1952970 1.09675174030740E+001 1.23674539320778E+001
12.2950428 1.07591446210280E+001 1.21217200175807E+001
12.3947934 1.05560878986222E+001 1.18825513446955E+001
12.4945468 1.03581813841523E+001 1.16497326431835E+001
12.5943047 1.01652580556414E+001 1.14230484552026E+001
12.6940662 9.97716276892476E+000 1.12022984186466E+001
12.7938302 9.79374611556881E+000 1.09872899619128E+001
12.8935986 9.61485912350901E+000 1.07778320382768E+001
12.9933693 9.44036514767858E+000 1.05737489978074E+001
13.0931443 9.27012598184502E+000 1.03748642676529E+001
13.1929224 9.10401339012848E+000 1.01810137906354E+001
13.2927027 8.94190372585836E+000 9.99203967208474E+000
13.3924871 8.78367326930967E+000 9.80778470639543E+000
13.4922734 8.62920876583946E+000 9.62810461169701E+000
13.5920637 8.47839516623135E+000 9.45285371071687E+000
13.6918568 8.33112585475377E+000 9.28189679307066E+000
13.7916517 8.18729791214107E+000 9.11510355994279E+000
13.8914504 8.04680799498333E+000 8.95234381751699E+000
13.9912508 7.90956170756318E+000 8.79349830765736E+000
14.0910548 7.77546273564355E+000 8.63844608694541E+000
14.1908615 7.64442194959656E+000 8.48707503619060E+000
14.2906697 7.51635321597595E+000 8.33927697847114E+000
14.3904813 7.39116974018948E+000 8.19494343788942E+000
14.4902944 7.26879242860211E+000 8.05397526125853E+000
14.5901109 7.14914022073181E+000 7.91627144694806E+000
14.6899298 7.03213821767330E+000 7.78173848856762E+000
14.7897500 6.91771396354654E+000 7.65028606499946E+000
14.8895734 6.80579418661725E+000 7.52182328145583E+000
14.9893980 6.69631228387937E+000 7.39626724588350E+000
15.0892259 6.58919968883980E+000 7.27353314219699E+000
15.1890558 6.48439315218620E+000 7.15354256519232E+000
15.2888878 6.38183046019968E+000 7.03621859295581E+000
15.3887200 6.28145330539668E+000 6.92148905586759E+000
15.4885562 6.18319959436050E+000 6.80927773152324E+000
15.5883943 6.08701486105140E+000 6.69951737574458E+000
15.6882343 5.99284449882375E+000 6.59214082887597E+000
15.7880763 5.90063562920393E+000 6.48708314009939E+000
15.8879183 5.81033874266166E+000 6.38428342247277E+000
15.9877640 5.72190078500790E+000 6.28367697209155E+000
16.0876115 5.63527543136933E+000 6.18520695361650E+000
16.1874608 5.55041610566606E+000 6.08881644144043E+000
16.2873119 5.46727766728211E+000 5.99445033090065E+000
16.3871628 5.38581789760258E+000 5.90205701424445E+000
16.4870172 5.30599126775514E+000 5.81158130423348E+000
16.5868734 5.22775821249299E+000 5.72297494417355E+000
16.6867312 5.15107883872303E+000 5.63618946271735E+000
16.7865905 5.07591445147509E+000 5.55117789766110E+000
16.8864496 5.00222890361937E+000 5.46789631348984E+000
16.9863121 4.92998296208166E+000 5.38629742800540E+000
17.0861762 4.85914270094584E+000 5.30634009170699E+000
17.1860417 4.78967381514775E+000 5.22798285358103E+000
17.2859087 4.72154300426110E+000 5.15118551963664E+000
17.3857753 4.65471920057159E+000 5.07591052999725E+000
17.4856452 4.58916846281453E+000 5.00211720226774E+000
17.5855166 4.52486159111789E+000 4.92977030419866E+000
17.6853893 4.46176897404247E+000 4.85883424312719E+000
17.7852633 4.39986184624475E+000 4.78927447840499E+000
17.8851368 4.33911340815841E+000 4.72105877368915E+000
17.9850136 4.27949418625243E+000 4.65415198330090E+000
18.0848916 4.22097895840180E+000 4.58852382462423E+000
18.1847709 4.16354207252802E+000 4.52414361655012E+000
18.2846515 4.10715859210378E+000 4.46098156239673E+000
18.3845314 4.05180531903448E+000 4.39900989106120E+000
18.4844144 3.99745656778086E+000 4.33819812306393E+000
18.5842986 3.94409047789661E+000 4.27852013445630E+000
18.6841841 3.89168475097451E+000 4.21994938019096E+000
18.7840706 3.84021769616676E+000 4.16246006195744E+000
18.8839565 3.78966916643023E+000 4.10602817014128E+000
18.9838453 3.74001670089117E+000 4.05062717498830E+000
19.0837353 3.69124129124702E+000 3.99623446142585E+000
19.1836263 3.64332349084674E+000 3.94282698213185E+000
19.2835185 3.59624437086652E+000 3.89038232284959E+000
19.3834098 3.54998637884856E+000 3.83887965562234E+000
19.4833041 3.50452980963889E+000 3.78829580786399E+000
19.5831994 3.45985808380832E+000 3.73861113702940E+000
19.6830957 3.41595418872480E+000 3.68980556559967E+000
19.7829930 3.37280155470701E+000 3.64185955484850E+000
19.8828894 3.33038484371959E+000 3.59475497854417E+000
19.9827887 3.28868671427494E+000 3.54847152892503E+000
20.0826889 3.24769266273553E+000 3.50299209126109E+000
20.1825901 3.20738776136042E+000 3.45829911926411E+000
20.2824922 3.16775746262575E+000 3.41437552691195E+000
20.3823934 3.12878832501453E+000 3.37120549070683E+000
20.4822973 3.09046504159137E+000 3.32877115682543E+000
20.5822022 3.05277488880014E+000 3.28705756803116E+000
20.6821079 3.01570473083977E+000 3.24604934335604E+000
20.7820145 2.97924175936209E+000 3.20573149641497E+000
20.8819201 2.94337416249196E+000 3.16609017335355E+000
20.9818284 2.90808839048151E+000 3.12710962993397E+000
21.0817375 2.87337325124748E+000 3.08877675676942E+000
21.1816475 2.83921715417599E+000 3.05107803167303E+000
21.2815583 2.80560879156201E+000 3.01400027188125E+000
21.3814680 2.77253775629742E+000 2.97753131399555E+000
21.4813803 2.73999202118988E+000 2.94165723360631E+000
21.5812935 2.70796171585374E+000 2.90636650925121E+000
21.6812074 2.67643658626215E+000 2.87164721971638E+000
21.7811221 2.64540662355854E+000 2.83748773671255E+000
21.8810357 2.61486263524154E+000 2.80387735239426E+000
21.9809519 2.58479391747497E+000 2.77080371742134E+000
22.0808688 2.55519174394142E+000 2.73825667924587E+000
22.1807864 2.52604702023559E+000 2.70622569998951E+000
22.2807048 2.49735086504034E+000 2.67470049535772E+000
22.3806219 2.46909513910575E+000 2.64367161469198E+000
22.4805416 2.44127029224838E+000 2.61312807620899E+000
22.5804621 2.41386859130293E+000 2.58306091107584E+000
22.6803832 2.38688195085202E+000 2.55346078036358E+000
22.7803050 2.36030247120332E+000 2.52431856532582E+000
22.8802255 2.33412292899477E+000 2.49562590439137E+000
22.9801486 2.30833478263968E+000 2.46737300677582E+000
23.0800723 2.28293116349021E+000 2.43955193021313E+000
23.1799967 2.25790486648235E+000 2.41215437797068E+000
23.2799217 2.23324884886537E+000 2.38517224504473E+000
23.3798454 2.20895668585683E+000 2.35859811602144E+000
23.4797716 2.18502072008204E+000 2.33242324038373E+000
23.5796984 2.16143483742722E+000 2.30664056864597E+000
23.6796259 2.13819260299208E+000 2.28124271257025E+000
23.7795539 2.11528772409792E+000 2.25622245133044E+000
23.8794806 2.09271447405709E+000 2.23157319374924E+000
23.9794098 2.07046597271955E+000 2.20728710047364E+000
24.0793395 2.04853676618832E+000 2.18335790053943E+000
24.1792698 2.02692109505527E+000 2.15977899980150E+000
24.2792007 2.00561332484090E+000 2.13654395068039E+000
24.3791302 1.98460834062735E+000 2.11364688191346E+000
24.4790621 1.96389994719332E+000 2.09108075438643E+000
24.5789946 1.94348326974385E+000 2.06883997777743E+000
24.6789277 1.92335314278994E+000 2.04691865384761E+000
24.7788612 1.90350451084545E+000 2.02531101299996E+000
24.8787934 1.88393279639340E+000 2.00401181435768E+000
24.9787279 1.86463240929242E+000 1.98301472345064E+000
25.0786630 1.84559898389624E+000 1.96231474650639E+000
25.1785986 1.82682787815353E+000 1.94190659667563E+000
25.2785347 1.80831454709827E+000 1.92178510029570E+000
25.3784693 1.79005488637258E+000 1.90194556982233E+000
25.4784064 1.77204384164464E+000 1.88238229280750E+000
25.5783439 1.75427749592850E+000 1.86309079957612E+000
25.6782819 1.73675166954988E+000 1.84406634171319E+000
25.7782204 1.71946226871104E+000 1.82530427062684E+000
25.8781574 1.70240560657488E+000 1.80680038560661E+000
25.9780968 1.68557710436639E+000 1.78854952461679E+000
26.0780366 1.66897324132170E+000 1.77054767948778E+000
26.1779769 1.65259024710821E+000 1.75279057709223E+000
26.2779176 1.63642442751946E+000 1.73527403254042E+000
26.3778568 1.62047246493104E+000 1.71799427441357E+000
26.4777984 1.60473020358155E+000 1.70094662885554E+000
26.5777404 1.58919447335711E+000 1.68412749498740E+000
26.6776829 1.57386186708762E+000 1.66753302016948E+000
26.7776257 1.55872904522651E+000 1.65115942993002E+000
26.8775671 1.54379301731681E+000 1.63500333222281E+000
26.9775108 1.52905000467739E+000 1.61906048714701E+000
27.0774549 1.51449714814480E+000 1.60332765403711E+000
27.1773994 1.50013136340541E+000 1.58780135306453E+000
27.2773442 1.48594962633739E+000 1.57247817379461E+000
27.3772876 1.47194923697121E+000 1.55735506014104E+000
27.4772333 1.45812675345501E+000 1.54242815879321E+000
27.5771793 1.44447959291222E+000 1.52769454832048E+000
27.6771257 1.43100495862440E+000 1.51315108012494E+000
27.7770725 1.41770010755434E+000 1.49879466733939E+000
27.8770178 1.40456259814827E+000 1.48462255199348E+000
27.9769653 1.39158929003062E+000 1.47063122589284E+000
28.0769132 1.37877784627777E+000 1.45681805108821E+000
28.1768615 1.36612572684935E+000 1.44318017386325E+000
28.2768101 1.35363043967014E+000 1.42971479552383E+000
28.3767572 1.34128977349854E+000 1.41641942315026E+000
28.4767065 1.32910085831481E+000 1.40329085726375E+000
28.5766562 1.31706157654605E+000 1.39032671213108E+000
28.6766062 1.30516961766304E+000 1.37752439706924E+000
28.7765565 1.29342271407250E+000 1.36488137053170E+000
28.8765053 1.28181886016653E+000 1.35239537569521E+000
28.9764563 1.27035542882731E+000 1.34006348977625E+000
29.0764077 1.25903049845443E+000 1.32788355185726E+000
29.1763593 1.24784196410813E+000 1.31585320632254E+000
29.2763113 1.23678775935057E+000 1.30397014151776E+000
29.3762617 1.22586606249247E+000 1.29223231130770E+000
29.4762144 1.21507446504790E+000 1.28063704137507E+000
29.5761673 1.20441122080254E+000 1.26918237155413E+000
29.6761206 1.19387440929910E+000 1.25786615668712E+000
29.7760741 1.18346214466529E+000 1.24668629101799E+000
29.8760261 1.17317276998510E+000 1.23564091675633E+000
29.9759803 1.16300407390549E+000 1.22472758311177E+000
30.0759347 1.15295446743486E+000 1.21394450949346E+000
30.1758895 1.14302219593840E+000 1.20328973950144E+000
30.2758445 1.13320553589933E+000 1.19276135211192E+000
30.3757980 1.12350297826292E+000 1.18235765819221E+000
30.4757536 1.11391248972722E+000 1.17207640840050E+000
30.5757095 1.10443262246752E+000 1.16191598304761E+000
30.6756657 1.09506177114322E+000 1.15187459531845E+000
30.7756221 1.08579835845739E+000 1.14195049021307E+000
30.8755770 1.07664100824966E+000 1.13214212987609E+000
30.9755340 1.06758784830045E+000 1.12244744682970E+000
31.0754913 1.05863755773311E+000 1.11286496578938E+000
31.1754469 1.04978883365495E+000 1.10339323216958E+000
31.2754067 1.04103972720254E+000 1.09403010157373E+000
31.3753629 1.03238948530289E+000 1.08477471090348E+000
31.4753231 1.02383605165800E+000 1.07562480400451E+000
31.5752798 1.01537870639223E+000 1.06657955594655E+000
31.6752368 1.00701577233373E+000 1.05763711912896E+000
31.7751978 9.98745609599227E-001 1.04879568749651E+000
31.8751552 9.90567545355715E-001 1.04005449016545E+000
31.9751168 9.82479673794658E-001 1.03141143956136E+000
32.0750747 9.74481351712280E-001 1.02286579881624E+000
32.1750329 9.66571029792272E-001 1.01441586397985E+000
32.2749952 9.58747192861803E-001 1.00605996907068E+000
32.3749539 9.51009239725960E-001 9.97797425414997E-001
32.4749166 9.43355401778695E-001 9.89626298836407E-001
32.5748758 9.35785104297755E-001 9.81545931010719E-001
32.6748352 9.28296914252034E-001 9.73554748389765E-001
32.7747986 9.20889429919896E-001 9.65651212178174E-001
32.8747585 9.13562114131572E-001 9.57834707075051E-001
32.9747223 9.06313323555095E-001 9.50103438702570E-001
33.0746827 8.99142544696877E-001 9.42456818867511E-001
33.1746432 8.92048450441611E-001 9.34893392576180E-001
33.2746078 8.85029742425521E-001 9.27411736691236E-001
33.3745687 8.78085940756719E-001 9.20011301466939E-001
33.4745337 8.71215516650742E-001 9.12690420120945E-001
33.5744951 8.64418011410978E-001 9.05448567144391E-001
33.6744568 8.57692194529655E-001 8.98284395485220E-001
33.7744224 8.51036861938015E-001 8.91196587334607E-001
33.8743844 8.44451585033841E-001 8.84184651576236E-001
33.9743505 8.37934939918730E-001 8.77247038054732E-001
34.0743130 8.31486516981837E-001 8.70383277344863E-001
34.1742756 8.25105173953951E-001 8.63592120813765E-001
34.2742423 8.18789792910968E-001 8.56872346710453E-001
34.3742054 8.12539991218729E-001 8.50223516403937E-001
34.4741725 8.06354441149130E-001 8.43644186490859E-001
34.5741359 8.00232777099044E-001 8.37133937770685E-001
34.6740996 7.94173937501754E-001 8.30691611471975E-001
34.7740673 7.88176883236778E-001 8.24316073567937E-001
34.8740313 7.82241272902778E-001 8.18006932454924E-001
34.9739994 7.76365867067267E-001 8.11762842577063E-001
35.0739638 7.70550339614062E-001 8.05583429751117E-001
35.1739284 7.64793702882692E-001 7.99467617364278E-001
35.2738971 7.59094989934384E-001 7.93414351611020E-001
35.3738621 7.53453896381933E-001 7.87423283060269E-001
35.4738310 7.47869263963109E-001 7.81493155961740E-001
35.5737964 7.42340802019129E-001 7.75623636515293E-001
35.6737620 7.36867590657768E-001 7.69813723322991E-001
35.7737315 7.31448729140007E-001 7.64062436035369E-001
35.8736974 7.26083946329844E-001 7.58369463070326E-001
35.9736673 7.20772158678609E-001 7.52733631209413E-001
36.0736335 7.15513107389033E-001 7.47154642906407E-001
36.1735999 7.10305934785722E-001 7.41631565709502E-001
36.2735704 7.05149800917927E-001 7.36163486616308E-001
36.3735371 7.00044464540597E-001 7.30750128038521E-001
36.4735079 6.94988910959565E-001 7.25390392700913E-001
36.5734750 6.89982910026554E-001 7.20084015627637E-001
36.6734423 6.85025661255163E-001 7.14830127645530E-001
36.7734135 6.80116380580740E-001 7.09627877574981E-001
36.8733811 6.75254853645194E-001 7.04477018379992E-001
36.9733527 6.70440129284825E-001 6.99376522752041E-001
37.0733206 6.65672003127199E-001 6.94326154995896E-001
37.1732887 6.60949727315106E-001 6.89325104085971E-001
37.2732608 6.56272569223210E-001 6.84372575662906E-001
37.3732292 6.51640338692043E-001 6.79468350167384E-001
37.4732015 6.47052143244001E-001 6.74611464828774E-001
37.5731702 6.42507801710178E-001 6.69801710291156E-001
37.6731391 6.38006614721768E-001 6.65038329024771E-001
37.7731119 6.33547897053783E-001 6.60320578954318E-001
37.8730811 6.29131480337049E-001 6.55648265245545E-001
37.9730543 6.24756526366376E-001 6.51020484727741E-001
38.0730237 6.20422874871090E-001 6.46437051751753E-001
38.1729934 6.16129871205686E-001 6.41897258060831E-001
38.2729669 6.11876873872251E-001 6.37400409744961E-001
38.3729369 6.07663734132320E-001 6.32946334230681E-001
38.4729107 6.03489664026701E-001 6.28534183449752E-001
38.5728809 5.99354522114950E-001 6.24163793101199E-001
38.6728513 5.95257695047059E-001 6.19834500362869E-001
38.7728256 5.91198581707358E-001 6.15545655745456E-001
38.8727962 5.87177051049705E-001 6.11297106727134E-001
38.9727708 5.83192361683209E-001 6.07088056240662E-001
39.0727417 5.79244389140802E-001 6.02918359218013E-001
39.1727127 5.75332558243440E-001 5.98787394778233E-001
39.2726877 5.71456305208205E-001 5.94694554444047E-001
39.3726590 5.67615514939867E-001 5.90639703762935E-001
39.4726343 5.63809489252581E-001 5.86622092923584E-001
39.5726059 5.60038118983894E-001 5.82641594192159E-001
39.6725776 5.56300864274225E-001 5.78697625445582E-001
39.7725533 5.52597195889892E-001 5.74789616111896E-001
39.8725252 5.48927013120748E-001 5.70917448027446E-001
39.9725012 5.45289657906650E-001 5.67080415213042E-001
40.0724734 5.41685034888760E-001 5.63278405563054E-001
40.1724458 5.38112636921597E-001 5.59510872808012E-001
40.2724221 5.34571966777016E-001 5.55777281446390E-001
40.3723947 5.31062936720836E-001 5.52077528002879E-001
40.4723712 5.27584925995956E-001 5.48410947196558E-001
40.5723441 5.24137851695927E-001 5.44777441015887E-001
40.6723171 5.20721237006198E-001 5.41176496392229E-001
40.7722940 5.17334614376975E-001 5.37607610304602E-001
40.8722673 5.13977907780935E-001 5.34070692526042E-001
40.9722444 5.10650531173727E-001 5.30565115602112E-001
41.0722179 5.07352412883944E-001 5.27090794234650E-001
41.1721915 5.04083104245602E-001 5.23647246129999E-001
41.2721690 5.00842165255805E-001 5.20233998378968E-001
41.3721428 4.97629530450202E-001 5.16850972706308E-001
41.4721206 4.94444646117511E-001 5.13497576849431E-001
41.5720946 4.91287450723812E-001 5.10173736979914E-001
41.6720688 4.88157521751035E-001 5.06878999358254E-001
41.7720469 4.85054444788892E-001 5.03612919018134E-001
41.8720213 4.81978163904226E-001 5.00375428467577E-001
41.9719996 4.78928155530276E-001 4.97165968216083E-001
42.0719743 4.75904367280345E-001 4.93984474783952E-001
42.1719490 4.72906400948263E-001 4.90830520950477E-001
42.2719276 4.69933865922589E-001 4.87703687704104E-001
42.3719026 4.66986714870056E-001 4.84603917282418E-001
42.4718815 4.64064452353543E-001 4.81530680742199E-001
42.5718566 4.61167034239497E-001 4.78483923941229E-001
42.6718319 4.58294084946979E-001 4.75463244310235E-001
42.7718111 4.55445236015270E-001 4.72468246968099E-001
42.8717866 4.52620447869830E-001 4.69498882931059E-001
42.9717660 4.49819251346258E-001 4.66554651755429E-001
43.0717417 4.47041609756399E-001 4.63635507723643E-001
43.1717175 4.44287168593484E-001 4.60741071202823E-001
43.2716972 4.41555580031682E-001 4.57870969766518E-001
43.3716732 4.38846811494940E-001 4.55025162350897E-001
43.4716531 4.36160418378530E-001 4.52203175125084E-001
43.5716293 4.33496370709483E-001 4.49404969971620E-001
43.6716056 4.30854333627432E-001 4.46630188617272E-001
43.7715858 4.28233978545889E-001 4.43878479549372E-001
43.8715623 4.25635279199786E-001 4.41149808848061E-001
43.9715428 4.23057813962177E-001 4.38443727555141E-001
44.0715195 4.20501558914781E-001 4.35760204408000E-001
44.1714963 4.17966197528083E-001 4.33098901041987E-001
44.2714770 4.15451419168883E-001 4.30459485439951E-001
44.3714539 4.12957203261029E-001 4.27841930124401E-001
44.4714348 4.10483149693174E-001 4.25245809403306E-001
44.5714120 4.08029240003958E-001 4.22671098194893E-001
44.6713893 4.05595174781412E-001 4.20117476706398E-001
44.7713704 4.03180660159349E-001 4.17584631109508E-001
44.8713479 4.00785680687361E-001 4.15072539734363E-001
44.9713293 3.98409856416908E-001 4.12580798670507E-001
45.0713069 3.96053173802270E-001 4.10109388407106E-001
45.1712846 3.93715349428970E-001 4.07658006490757E-001
45.2712662 3.91396105102586E-001 4.05226356076959E-001
45.3712441 3.89095429988361E-001 4.02814420728942E-001
45.4712259 3.86812963047802E-001 4.00421816944592E-001
45.5712040 3.84548695160474E-001 3.98048530231840E-001
45.6711822 3.82302357874481E-001 3.95694274339098E-001
45.7711643 3.80073687655037E-001 3.93358768293366E-001
45.8711426 3.77862677820800E-001 3.91042000370638E-001
45.9711248 3.75668985082166E-001 3.88743606205746E-001
46.0711034 3.73492604299562E-001 3.86463575825220E-001
46.1710820 3.71333281026574E-001 3.84201638128449E-001
46.2710644 3.69190765451903E-001 3.81957526986258E-001
46.3710432 3.67065054628579E-001 3.79731234915962E-001
46.4710259 3.64955821938683E-001 3.77522415511156E-001
46.5710048 3.62863065820536E-001 3.75331062863711E-001
46.6709838 3.60786544947304E-001 3.73156920052371E-001
46.7709667 3.58726022364545E-001 3.70999734841463E-001
46.8709459 3.56681498479627E-001 3.68859503562286E-001
46.9709290 3.54652662346121E-001 3.66735896674415E-001
47.0709083 3.52639515614740E-001 3.64628911924147E-001
47.1708877 3.50641829257518E-001 3.62538305670419E-001
47.2708710 3.48659378373911E-001 3.60463838691486E-001
47.3708506 3.46692166380847E-001 3.58405510745117E-001
47.4708341 3.44739897073917E-001 3.56363008142428E-001
47.5708138 3.42802574984585E-001 3.54336331911459E-001
47.6707936 3.40879982622794E-001 3.52325250858511E-001
47.7707773 3.38971906397316E-001 3.50329537960987E-001
47.8707573 3.37078352421745E-001 3.48349196051599E-001
47.9707411 3.35199038369224E-001 3.46383926350474E-001
48.0707212 3.33333971350966E-001 3.44433732829278E-001
48.1707014 3.31482944708690E-001 3.42498395969643E-001
48.2706855 3.29645755469460E-001 3.40577700192712E-001
48.3706658 3.27822412159497E-001 3.38671651087158E-001
48.4706500 3.26012645524840E-001 3.36779963905675E-001
48.5706305 3.24216464983175E-001 3.34902645256699E-001
48.6706110 3.22433674052216E-001 3.33039486580921E-001
48.7705955 3.20664079735481E-001 3.31190283042293E-001
48.8705762 3.18907692713921E-001 3.29355042695906E-001
48.9705608 3.17164256056877E-001 3.27533494011367E-001
49.0705416 3.15433781240363E-001 3.25725645955324E-001
49.1705225 3.13716081348569E-001 3.23931300262442E-001
49.2705073 3.12010972764864E-001 3.22150262188576E-001
49.3704883 3.10318468090704E-001 3.20382541992352E-001
49.4704733 3.08638322019901E-001 3.18627880600598E-001
49.5704545 3.06970547861416E-001 3.16886289085241E-001
49.6704357 3.05314967698975E-001 3.15157578856886E-001
49.7704208 3.03671406740790E-001 3.13441564658347E-001
49.8704022 3.02039879296076E-001 3.11738258713062E-001
49.9703875 3.00420151031103E-001 3.10047413696953E-001
50.0703690 2.98812236883052E-001 3.08369042557521E-001
50.1703506 2.97215967407441E-001 3.06702965806537E-001
50.2703361 2.95631176120626E-001 3.05049007111125E-001
50.3703178 2.94057878846320E-001 3.03407180442709E-001
50.4703034 2.92495851614465E-001 3.01777249565738E-001
50.5702853 2.90945110804476E-001 3.00159229094636E-001
50.6702672 2.89405494952032E-001 2.98552948107406E-001
50.7702530 2.87876845400253E-001 2.96958238671756E-001
50.8702350 2.86359179311767E-001 2.95375116310137E-001
50.9702209 2.84852282511347E-001 2.93803355258857E-001
51.0702031 2.83356172651673E-001 2.92242971609725E-001
51.1701853 2.81870695790265E-001 2.90693802508730E-001
51.2701714 2.80395700648195E-001 2.89155687936319E-001
51.3701538 2.78931205567484E-001 2.87628644787036E-001
51.4701400 2.77477005635836E-001 2.86112457192938E-001
51.5701225 2.76033119625683E-001 2.84607142551028E-001
51.6701050 2.74599400688814E-001 2.83112545610874E-001
51.7700914 2.73175704505504E-001 2.81628513810892E-001
51.8700741 2.71762050452247E-001 2.80155065255165E-001
51.9700606 2.70358242381960E-001 2.78691993432886E-001
52.0700434 2.68964300047366E-001 2.77239316889816E-001
52.1700263 2.67580083295357E-001 2.75796887545918E-001
52.2700130 2.66205454374432E-001 2.74364559873350E-001
52.3699959 2.64840433563910E-001 2.72942353038050E-001
52.4699827 2.63484833015872E-001 2.71530069382432E-001
52.5699658 2.62138673336645E-001 2.70127728458900E-001
52.6699489 2.60801820695311E-001 2.68735188953473E-001
52.7699359 2.59474143543307E-001 2.67352311976016E-001
52.8699192 2.58155662943190E-001 2.65979117620168E-001
52.9699063 2.56846198909515E-001 2.64615416609784E-001
53.0698897 2.55545772787145E-001 2.63261229374813E-001
53.1698731 2.54254256718739E-001 2.61916420989647E-001
53.2698603 2.52971525017140E-001 2.60580858831900E-001
53.3698439 2.51697599419545E-001 2.59254563801051E-001
53.4698313 2.50432307393523E-001 2.57937354560402E-001
53.5698149 2.49175670917988E-001 2.56629252300192E-001
53.6697986 2.47927567783045E-001 2.55330128130156E-001
53.7697861 2.46687877843428E-001 2.54039855349822E-001
53.8697699 2.45456623412369E-001 2.52758455553842E-001
53.9697576 2.44233639026273E-001 2.51485754930591E-001
54.0697415 2.43018947203247E-001 2.50221775324117E-001
54.1697254 2.41812431075564E-001 2.48966393549305E-001
54.2697133 2.40613975740713E-001 2.47719488504084E-001
54.3696973 2.39423603998470E-001 2.46481082377797E-001
54.4696852 2.38241157093382E-001 2.45251008495164E-001
54.5696694 2.37066657996668E-001 2.44029289257374E-001
54.6696536 2.35899994896810E-001 2.42815806875406E-001
54.7696417 2.34741057853833E-001 2.41610445542778E-001
54.8696260 2.33589870072854E-001 2.40413227952314E-001
54.9696142 2.32446279167715E-001 2.39223994200167E-001
55.0695986 2.31310308484651E-001 2.38042767156933E-001
55.1695831 2.30181851000331E-001 2.36869434140243E-001
55.2695714 2.29060801474645E-001 2.35703884355568E-001
55.3695560 2.27947183444411E-001 2.34546140916455E-001
55.4695444 2.26840850574230E-001 2.33396050347718E-001
55.5695291 2.25741826514550E-001 2.32253635909771E-001
55.6695138 2.24650008778854E-001 2.31118789755638E-001
55.7695023 2.23565296580521E-001 2.29991405836910E-001
55.8694872 2.22487713721324E-001 2.28871507612798E-001
55.9694758 2.21417119617007E-001 2.27758947714606E-001
56.0694607 2.20353538158065E-001 2.26653749720388E-001
56.1694457 2.19296871158898E-001 2.25555810364197E-001
56.2694345 2.18247022055144E-001 2.24465028094435E-001
56.3694196 2.17204014853067E-001 2.23381426647938E-001
56.4694085 2.16167714437566E-001 2.22304864459499E-001
56.5693936 2.15138144881072E-001 2.21235365359404E-001
56.6693788 2.14115212077393E-001 2.20172830424055E-001
56.7693678 2.13098823467284E-001 2.19117162364716E-001
56.8693531 2.12089003206767E-001 2.18068385134207E-001
56.9693423 2.11085621384335E-001 2.17026362685672E-001
57.0693276 2.10088702201777E-001 2.15991119042387E-001
57.1693130 2.09098155424185E-001 2.14962559399010E-001
57.2693023 2.08113892293391E-001 2.13940590510000E-001
57.3692878 2.07135937065676E-001 2.12925236488352E-001
57.4692772 2.06164164782898E-001 2.11916366537075E-001
57.5692628 2.05198599728664E-001 2.10914004818819E-001
57.6692484 2.04239155343693E-001 2.09918060435976E-001
57.7692379 2.03285746479059E-001 2.08928443979815E-001
57.8692236 2.02338397446573E-001 2.07945179673029E-001
57.9692132 2.01396988005540E-001 2.06968141715530E-001
58.0691990 2.00461542478451E-001 2.05997354360859E-001
58.1691849 1.99531977797602E-001 2.05032730421260E-001
58.2691746 1.98608212242848E-001 2.04074184130790E-001
58.3691605 1.97690270141161E-001 2.03121739776221E-001
58.4691503 1.96778035746741E-001 2.02175276315906E-001
58.5691363 1.95871533382223E-001 2.01234818050481E-001
58.6691224 1.94970683298266E-001 2.00300281315918E-001
58.7691123 1.94075407033645E-001 1.99371583806575E-001
58.8690985 1.93185728894095E-001 1.98448749832112E-001
58.9690885 1.92301537418660E-001 1.97531662884405E-001
59.0690747 1.91422856895214E-001 1.96620347271657E-001
59.1690610 1.90549610729661E-001 1.95714722678423E-001
59.2690511 1.89681723559729E-001 1.94814710087610E-001
59.3690374 1.88819219637148E-001 1.93920333794629E-001
59.4690277 1.87961991587442E-001 1.93031481612607E-001
59.5690141 1.87110063632320E-001 1.92148177821697E-001
59.6690006 1.86263362179241E-001 1.91270345290120E-001
59.7689909 1.85421814814149E-001 1.90397908127601E-001
59.8689774 1.84585445705325E-001 1.89530890581862E-001
59.9689678 1.83754151377336E-001 1.88669184586843E-001
60.0689545 1.82927955957523E-001 1.87812814362589E-001
60.1689411 1.82106788710018E-001 1.86961705805624E-001
60.2689316 1.81290580026867E-001 1.86115786000113E-001
60.3689184 1.80479353966480E-001 1.85275079116018E-001
60.4689090 1.79673010775279E-001 1.84439481018730E-001
60.5688958 1.78871574460954E-001 1.83609015839387E-001
60.6688827 1.78074977007647E-001 1.82783612356361E-001
60.7688734 1.77283151479465E-001 1.81963200484621E-001
60.8688603 1.76496121801283E-001 1.81147804289378E-001
60.9688511 1.75713791773791E-001 1.80337323388482E-001
61.0688381 1.74936185262401E-001 1.79531781798326E-001
61.1688251 1.74163236842309E-001 1.78731111041021E-001
61.2688160 1.73394882123169E-001 1.77935243726859E-001
61.3688031 1.72631144875192E-001 1.77144203792127E-001
61.4687941 1.71871932294735E-001 1.76357894437849E-001
61.5687813 1.71117268084748E-001 1.75576339542556E-001
61.6687685 1.70367089289722E-001 1.74799473241773E-001
61.7687596 1.69621333945399E-001 1.74027230713271E-001
61.8687469 1.68880025648496E-001 1.73259635742809E-001
61.9687381 1.68143074840883E-001 1.72496594954402E-001
62.0687254 1.67410505045084E-001 1.71738132068081E-001
62.1687128 1.66682255659861E-001 1.70984183709750E-001
62.2687041 1.65958267034196E-001 1.70234687503955E-001
62.3686916 1.65238562574584E-001 1.69489667066666E-001
62.4686829 1.64523055826177E-001 1.68749032293255E-001
62.5686704 1.63811770115134E-001 1.68012806726867E-001
62.6686580 1.63104647085781E-001 1.67280929367576E-001
62.7686494 1.62401629293677E-001 1.66553340172688E-001
62.8686371 1.61702739940292E-001 1.65830062571264E-001
62.9686286 1.61007895539260E-001 1.65111009586404E-001
63.0686163 1.60317119206293E-001 1.64396204568058E-001
63.1686040 1.59630354728493E-001 1.63685588780647E-001
63.2685918 1.58947572737999E-001 1.62979131277180E-001
63.3685872 1.58268692484990E-001 1.62276747958730E-001
63.4685751 1.57593788698199E-001 1.61578515593577E-001
63.5685630 1.56922780837816E-001 1.60884350311893E-001
63.6685509 1.56255640557081E-001 1.60194222252432E-001
63.7685388 1.55592339757967E-001 1.59508101818366E-001
63.8685344 1.54932800417536E-001 1.58825907781461E-001
63.9685224 1.54277095557422E-001 1.58147715151887E-001
64.0685105 1.53625147349766E-001 1.57473442914280E-001
64.1684986 1.52976928666244E-001 1.56803062502413E-001
64.2684867 1.52332412614786E-001 1.56136545601092E-001
64.3684824 1.51691523783779E-001 1.55473813729839E-001
64.4684706 1.51054333530709E-001 1.54814940184745E-001
64.5684588 1.50420766625119E-001 1.54159846683073E-001
64.6684470 1.49790797096187E-001 1.53508505888273E-001
64.7684353 1.49164399197590E-001 1.52860890702225E-001
64.8684312 1.48541500019322E-001 1.52216925275556E-001
64.9684195 1.47922169296734E-001 1.51576681233368E-001
65.0684079 1.47306334287994E-001 1.50940082909926E-001
65.1683963 1.46693970122329E-001 1.50307104136776E-001
65.2683847 1.46085052142362E-001 1.49677718972006E-001
65.3683808 1.45479509835496E-001 1.49051854086612E-001
65.4683692 1.44877411356004E-001 1.48429579476861E-001
65.5683578 1.44278686347352E-001 1.47810821984238E-001
65.6683463 1.43683310984598E-001 1.47195556550312E-001
65.7683349 1.43091261645726E-001 1.46583758331976E-001
65.8683311 1.42502470116534E-001 1.45975356415439E-001
65.9683197 1.41917003010325E-001 1.45370419209328E-001
66.0683084 1.41334792257664E-001 1.44768875958073E-001
66.1682971 1.40755815028266E-001 1.44170702658478E-001
66.2682858 1.40180048684891E-001 1.43575875512089E-001
66.3682821 1.39607427217609E-001 1.42984325920409E-001
66.4682709 1.39038015737915E-001 1.42396120744681E-001
66.5682597 1.38471748370104E-001 1.41811191533182E-001
66.6682485 1.37908603230230E-001 1.41229515286244E-001
66.7682374 1.37348558618054E-001 1.40651069198952E-001
66.8682339 1.36791550638405E-001 1.40075786893128E-001
66.9682228 1.36237642939196E-001 1.39503733721935E-001
67.0682118 1.35686771749638E-001 1.38934843443295E-001
67.1682007 1.35138916086479E-001 1.38369094012240E-001
67.2681897 1.34594055141346E-001 1.37806463569129E-001
67.3681864 1.34052127048665E-001 1.37246887865787E-001
67.4681754 1.33513194030051E-001 1.36690430785666E-001
67.5681645 1.32977194335129E-001 1.36137028206728E-001
67.6681536 1.32444107838194E-001 1.35586658992591E-001
67.7681428 1.31913914580084E-001 1.35039302183285E-001
67.8681396 1.31386554643762E-001 1.34494895574725E-001
67.9681288 1.30862088860914E-001 1.33953501618082E-001
68.0681180 1.30340457421124E-001 1.33415058226102E-001
68.1681072 1.29821641015450E-001 1.32879545127410E-001
68.2680965 1.29305620493605E-001 1.32346942218613E-001
68.3680934 1.28792337809906E-001 1.31817189257943E-001
68.4680827 1.28281852441561E-001 1.31290347300802E-001
68.5680721 1.27774106441501E-001 1.30766356213567E-001
68.6680615 1.27269081278967E-001 1.30245196548667E-001
68.7680509 1.26766758574393E-001 1.29726849018544E-001
68.8680479 1.26267082079930E-001 1.29211255265894E-001
68.9680374 1.25770109952858E-001 1.28698474985943E-001
69.0680269 1.25275786036464E-001 1.28188449921421E-001
69.1680164 1.24784092541668E-001 1.27681161409594E-001
69.2680059 1.24295011823523E-001 1.27176590940205E-001
69.3680031 1.23808489361946E-001 1.26674681966258E-001
69.4679927 1.23324582027966E-001 1.26175492857496E-001
69.5679823 1.22843235385648E-001 1.25678967159382E-001
69.6679719 1.22364432353043E-001 1.25185086957155E-001
69.7679615 1.21888155985641E-001 1.24693834481394E-001
69.8679589 1.21414353424340E-001 1.24205154924749E-001
69.9679486 1.20943080286706E-001 1.23719105365289E-001
70.0679383 1.20474283791258E-001 1.23235631081051E-001
70.1679281 1.20007947530455E-001 1.22754714870348E-001
70.2679178 1.19544055227861E-001 1.22276339670083E-001
70.3679153 1.19082555621650E-001 1.21800452345196E-001
70.4679051 1.18623503107874E-001 1.21327108715015E-001
70.5678949 1.18166846496235E-001 1.20856255723261E-001
70.6678848 1.17712570022603E-001 1.20387876848281E-001
70.7678747 1.17260658047953E-001 1.19921955700619E-001
70.8678723 1.16811060846968E-001 1.19458440753273E-001
70.9678622 1.16363831625288E-001 1.18997386598908E-001
71.0678522 1.15918920723427E-001 1.18538741783130E-001
71.1678422 1.15476312991295E-001 1.18082490433026E-001
71.2678322 1.15035993398217E-001 1.17628616801819E-001
71.3678299 1.14597913697387E-001 1.17177070909291E-001
71.4678200 1.14162125934312E-001 1.16727906152678E-001
71.5678100 1.13728581922698E-001 1.16281072618608E-001
71.6678002 1.13297267098645E-001 1.15836555053247E-001
71.7677903 1.12868167012281E-001 1.15394338323158E-001
71.8677881 1.12441234839935E-001 1.14954373936432E-001
71.9677783 1.12016521496460E-001 1.14516714125291E-001
72.0677685 1.11593980213725E-001 1.14081310459281E-001
72.1677587 1.11173596987620E-001 1.13648148275540E-001
72.2677489 1.10755357922940E-001 1.13217213026158E-001
72.3677468 1.10339217566266E-001 1.12788457651708E-001
72.4677371 1.09925225730485E-001 1.12361933249002E-001
72.5677275 1.09513337013070E-001 1.11937592815035E-001
72.6677178 1.09103537944646E-001 1.11515422251260E-001
72.7677082 1.08695815159889E-001 1.11095407568913E-001
72.8677062 1.08290124525102E-001 1.10677503087740E-001
72.9676966 1.07886514779123E-001 1.10261758797954E-001
73.0676870 1.07484941834806E-001 1.09848129071017E-001
73.1676774 1.07085392733737E-001 1.09436600347408E-001
73.2676679 1.06687854616945E-001 1.09027159172490E-001
73.3676660 1.06292284622162E-001 1.08619761194243E-001
73.4676565 1.05898730441342E-001 1.08214455324327E-001
73.5676471 1.05507149254714E-001 1.07811197258045E-001
73.6676376 1.05117528592253E-001 1.07409973950904E-001
73.7676282 1.04729856079004E-001 1.07010772458647E-001
73.8676264 1.04344090077954E-001 1.06613549708816E-001
73.9676171 1.03960277260609E-001 1.06218353561797E-001
74.0676077 1.03578376028662E-001 1.05825140988352E-001
74.1675984 1.03198374379047E-001 1.05433899436237E-001
74.2675890 1.02820260399606E-001 1.05044616449025E-001
74.3675874 1.02443993634427E-001 1.04657250187288E-001
74.4675781 1.02069619760276E-001 1.04271847486690E-001
74.5675688 1.01697098356405E-001 1.03888366547180E-001
74.6675596 1.01326417866341E-001 1.03506795287134E-001
74.7675504 1.00957566820570E-001 1.03127121716549E-001
74.8675488 1.00590505902029E-001 1.02749305184518E-001
74.9675396 1.00225279817763E-001 1.02373391527815E-001
75.0675305 9.98618492825655E-002 1.01999340131324E-001
75.1675213 9.95002031672046E-002 1.01627139363491E-001
75.2675122 9.91403304256574E-002 1.01256777680400E-001
75.3675108 9.87821928392765E-002 1.00888215577089E-001
75.4675017 9.84258341697172E-002 1.00521497916568E-001
75.5674926 9.80712162270991E-002 1.00156585226319E-001
75.6674836 9.77183282910375E-002 9.97934663053313E-002
75.7674746 9.73671597207883E-002 9.94321300364459E-002
75.8674732 9.70176733574096E-002 9.90725380199028E-002
75.9674642 9.66699120408383E-002 9.87147341693915E-002
76.0674553 9.63238386380129E-002 9.83586801144676E-002
76.1674463 9.59794428199034E-002 9.80043650661045E-002
76.2674374 9.56367143337261E-002 9.76517783155247E-002
76.3674361 9.52956170431746E-002 9.73008825291676E-002
76.4674273 9.49561928894885E-002 9.69517206951774E-002
76.5674184 9.46184057595454E-002 9.66042555063860E-002
76.6674096 9.42822456990304E-002 9.62584765681013E-002
76.7674007 9.39477028266452E-002 9.59143735624557E-002
76.8673996 9.36147419932057E-002 9.55719101847369E-002
76.9673908 9.32834042636469E-002 9.52311285206709E-002
77.0673820 9.29536545094511E-002 9.48919922892080E-002
77.1673732 9.26254831351847E-002 9.45544914732036E-002
77.2673645 9.22988806153572E-002 9.42186161290792E-002
77.3673634 9.19738127538765E-002 9.38843309451930E-002
77.4673547 9.16503197611515E-002 9.35516771273461E-002
77.5673461 9.13283674594053E-002 9.32206193850096E-002
77.6673374 9.10079465970147E-002 9.28911480626136E-002
77.7673288 9.06890479893737E-002 9.25632535750536E-002
77.8673278 9.03716383608613E-002 9.22369015694752E-002
77.9673192 9.00557570885422E-002 9.19121323936322E-002
78.0673106 8.97413709129159E-002 9.15889117134027E-002
78.1673020 8.94284709118203E-002 9.12672302195887E-002
78.2672935 8.91170482273233E-002 9.09470786705061E-002
78.3672925 8.88070704729968E-002 9.06284236392275E-002
78.4672840 8.84985762131624E-002 9.03113046367376E-002
78.5672755 8.81915330754640E-002 8.99956882526191E-002
78.6672671 8.78859324535333E-002 8.96815655095720E-002
78.7672586 8.75817658025773E-002 8.93689274949995E-002
78.8672578 8.72790015953604E-002 8.90577416763946E-002
78.9672493 8.69776776034969E-002 8.87480467486676E-002
79.0672409 8.66777623119120E-002 8.84398101937474E-002
79.1672325 8.63792474170103E-002 8.81330233524476E-002
79.2672242 8.60821246742421E-002 8.78276776276072E-002
79.3672234 8.57863633867810E-002 8.75237413509222E-002
79.4672151 8.54920005530208E-002 8.72212524213560E-002
79.5672068 8.51990054865133E-002 8.69201791831048E-002
79.6671985 8.49073701740269E-002 8.66205132819636E-002
79.7671902 8.46170866589648E-002 8.63222464232018E-002
79.8671895 8.43281250472865E-002 8.60253477737282E-002
79.9671813 8.40405215831179E-002 8.57298544561350E-002
80.0671730 8.37542463811338E-002 8.54357356480259E-002
80.1671648 8.34692917066376E-002 8.51429832876631E-002
80.2671566 8.31856498792686E-002 8.48515893703518E-002
80.3671560 8.29032917812538E-002 8.45615238703936E-002
80.4671478 8.26222529208847E-002 8.42728231530485E-002
80.5671397 8.23425041875537E-002 8.39854572016293E-002
80.6671315 8.20640381138195E-002 8.36994182349367E-002
80.7671234 8.17868472843837E-002 8.34146985264959E-002
80.8671229 8.15109033322769E-002 8.31312688312962E-002
80.9671148 8.12362410478848E-002 8.28491647757826E-002
81.0671067 8.09628320699591E-002 8.25683571223859E-002
81.1670987 8.06906691875544E-002 8.22888383590707E-002
81.2670906 8.04197452397765E-002 8.20106010263160E-002
81.3670902 8.01500325860006E-002 8.17336166341560E-002
81.4670822 7.98815653161448E-002 8.14579200882310E-002
81.5670742 7.96143157939598E-002 8.11834829045536E-002
81.6670662 7.93482770547312E-002 8.09102978294048E-002
81.7670583 7.90834421817994E-002 8.06383576594703E-002
81.8670579 7.88197842373838E-002 8.03676346351999E-002
81.9670500 7.85573366278968E-002 8.00981629589473E-002
82.0670421 7.82960724186810E-002 7.98299148757780E-002
82.1670342 7.80359848814556E-002 7.95628833799389E-002
82.2670263 7.77770673340898E-002 7.92970615140694E-002
82.3670260 7.75192935190621E-002 7.90324222253726E-002
82.4670182 7.72626961757780E-002 7.87689990299545E-002
82.5670103 7.70072490486742E-002 7.85067648783653E-002
82.6670025 7.67529456365510E-002 7.82457130029407E-002
82.7669947 7.64997794825397E-002 7.79858366824879E-002
82.8669945 7.62477249876670E-002 7.77271095482241E-002
82.9669867 7.59968142403805E-002 7.74695644465811E-002
83.0669790 7.57470216425809E-002 7.72131750109426E-002
83.1669712 7.54983409112191E-002 7.69579347023042E-002
83.2669635 7.52507658058398E-002 7.67038370262995E-002
83.3669634 7.50042713651407E-002 7.64508562763009E-002
83.4669556 7.47588890422236E-002 7.61990246451881E-002
83.5669479 7.45145938756527E-002 7.59483164274016E-002
83.6669403 7.42713797919996E-002 7.56987253035945E-002
83.7669326 7.40292407587693E-002 7.54502449973062E-002
83.8669326 7.37881524322509E-002 7.52028504430468E-002
83.9669249 7.35481456453879E-002 7.49565731958266E-002
84.0669173 7.33091960533999E-002 7.47113881902028E-002
84.1669097 7.30712977843291E-002 7.44672893178870E-002
84.2669021 7.28344450055648E-002 7.42242705118045E-002
84.3669022 7.25986139716689E-002 7.39823073273883E-002
84.4668946 7.23638349102022E-002 7.37414306970361E-002
84.5668870 7.21300840737888E-002 7.35016161752799E-002
84.6668795 7.18973557841524E-002 7.32628578566752E-002
84.7668720 7.16656444008483E-002 7.30251498753921E-002
84.8668721 7.14349267581207E-002 7.27884683883405E-002
84.9668646 7.12052324925230E-002 7.25528437201476E-002
85.0668571 7.09765384355559E-002 7.23182520259414E-002
85.1668496 7.07488390951798E-002 7.20846875952710E-002
85.2668422 7.05221290157371E-002 7.18521447557720E-002
85.3668424 7.02963855932596E-002 7.16206002471175E-002
85.4668349 7.00716378872801E-002 7.13900838006049E-002
85.5668275 6.98478632903402E-002 7.11605721533090E-002
85.6668201 6.96250564895179E-002 7.09320597822681E-002
85.7668127 6.94032122068876E-002 7.07045412011472E-002
85.8668130 6.91823083830393E-002 7.04779937143708E-002
85.9668056 6.89623735140941E-002 7.02524464739558E-002
86.0667983 6.87433855364612E-002 7.00278767809720E-002
86.1667909 6.85253393095277E-002 6.98042792927728E-002
86.2667836 6.83082297263511E-002 6.95816487019411E-002
86.3667839 6.80920352554875E-002 6.93599628603124E-002
86.4667766 6.78767838428890E-002 6.91392503542935E-002
86.5667694 6.76624539522917E-002 6.89194890316639E-002
86.6667621 6.74490406088784E-002 6.87006737232308E-002
86.7667548 6.72365388702338E-002 6.84827992936946E-002
86.8667552 6.70249277168968E-002 6.82658441256020E-002
86.9667480 6.68142345575370E-002 6.80498362530519E-002
87.0667408 6.66044383672833E-002 6.78347540538867E-002
87.1667336 6.63955343308812E-002 6.76205925258036E-002
87.2667264 6.61875176642645E-002 6.74073466991147E-002
87.3667268 6.59803678445552E-002 6.71949954709926E-002
87.4667197 6.57741117556813E-002 6.69835663361723E-002
87.5667125 6.55687288688101E-002 6.67730381865235E-002
87.6667054 6.53642145222847E-002 6.65634061803528E-002
87.7666983 6.51605640844742E-002 6.63546655073583E-002
87.8666988 6.49577575142421E-002 6.61467955638408E-002
87.9666917 6.47558211829803E-002 6.59398233177688E-002
88.0666846 6.45547350430957E-002 6.57337281595873E-002
88.1666775 6.43544945808179E-002 6.55285054022014E-002
88.2666705 6.41550953112899E-002 6.53241503887372E-002
88.3666710 6.39565176608096E-002 6.51206429996880E-002
88.4666640 6.37587875001124E-002 6.49180096885159E-002
88.5666570 6.35618852485782E-002 6.47162303293492E-002
88.6666500 6.33658065348542E-002 6.45153003839375E-002
88.7666429 6.31705470154356E-002 6.43152153431302E-002
88.8666436 6.29760875702599E-002 6.41159555572167E-002
88.9666366 6.27824535809693E-002 6.39175469770849E-002
89.0666296 6.25896259201600E-002 6.37199699461911E-002
89.1666227 6.23976003536586E-002 6.35232200696191E-002
89.2666157 6.22063726741185E-002 6.33272929804788E-002
89.3666164 6.20159242018138E-002 6.31321694849758E-002
89.4666095 6.18262798405494E-002 6.29378750430383E-002
89.5666026 6.16374209028690E-002 6.27443904536081E-002
89.6665957 6.14493432867605E-002 6.25517114598260E-002
89.7665889 6.12620429160598E-002 6.23598338318303E-002
89.8665896 6.10755015385444E-002 6.21687388183569E-002
89.9665828 6.08897435911393E-002 6.19784513996801E-002
90.0665759 6.07047508135361E-002 6.17889528168771E-002
90.1665691 6.05205192310745E-002 6.16002389460901E-002
90.2665622 6.03370448940049E-002 6.14123056894730E-002
90.3665631 6.01543099652259E-002 6.12251347253802E-002
90.4665563 5.99723384254506E-002 6.10387505654381E-002
90.5665495 5.97911124291676E-002 6.08531348799811E-002
90.6665427 5.96106281244589E-002 6.06682836733080E-002
90.7665359 5.94308816834189E-002 6.04841929747852E-002
90.8665368 5.92518556721174E-002 6.03008448799277E-002
90.9665301 5.90735736254431E-002 6.01182634424293E-002
91.0665233 5.88960181007603E-002 5.99364307494554E-002
91.1665166 5.87191853644748E-002 5.97553429288181E-002
91.2665099 5.85430717061425E-002 5.95749961324922E-002
91.3665108 5.83676600834703E-002 5.93953728611317E-002
91.4665041 5.81929735956354E-002 5.92164967209300E-002
91.5664975 5.80189951913713E-002 5.90383502038910E-002
91.6664908 5.78457212511696E-002 5.88609295568894E-002
91.7664842 5.76731481778452E-002 5.86842310500938E-002
91.8664851 5.75012593096059E-002 5.85082375776933E-002
91.9664785 5.73300773197657E-002 5.83329723085391E-002
92.0664719 5.71595855373165E-002 5.81584181278976E-002
92.1664653 5.69897804527709E-002 5.79845713974371E-002
92.2664587 5.68206585781727E-002 5.78114285012877E-002
92.3664597 5.66522036214755E-002 5.76389727159709E-002
92.4664531 5.64844378397213E-002 5.74672267828866E-002
92.5664466 5.63173449314298E-002 5.72961739693869E-002
92.6664400 5.61509214932356E-002 5.71258107478401E-002
92.7664335 5.59851641425437E-002 5.69561336122777E-002
92.8664346 5.58200569466664E-002 5.67871262107357E-002
92.9664281 5.56556217557143E-002 5.66188108667954E-002
93.0664215 5.54918426273696E-002 5.64511712191006E-002
93.1664150 5.53287162606473E-002 5.62842038467924E-002
93.2664086 5.51662393746027E-002 5.61179053499089E-002
93.3664097 5.50043963858714E-002 5.59522597375518E-002
93.4664032 5.48432087467303E-002 5.57872889248653E-002
93.5663968 5.46826608640098E-002 5.56229769113586E-002
93.6663903 5.45227495355141E-002 5.54593203791774E-002
93.7663839 5.43634715783870E-002 5.52963160306294E-002
93.8663851 5.42048117488901E-002 5.51339482257873E-002
93.9663787 5.40467911103286E-002 5.49722384804959E-002
94.0663723 5.38893944090034E-002 5.48111711450569E-002
94.1663659 5.37326185380608E-002 5.46507430010040E-002
94.2663595 5.35764604093133E-002 5.44909508493272E-002
94.3663607 5.34209051092763E-002 5.43317793913172E-002
94.4663544 5.32659733209162E-002 5.41732497524192E-002
94.5663480 5.31116501206504E-002 5.40153466239936E-002
94.6663417 5.29579324936570E-002 5.38580668834909E-002
94.7663353 5.28048174431340E-002 5.37014074271397E-002
94.8663366 5.26522903767908E-002 5.35453532880227E-002
94.9663303 5.25003716056643E-002 5.33899252098546E-002
95.0663240 5.23490465272464E-002 5.32351082156478E-002
95.1663177 5.21983122155672E-002 5.30808992754354E-002
95.2663114 5.20481657620576E-002 5.29272953773789E-002
95.3663128 5.18985928868598E-002 5.27742818772402E-002
95.4663065 5.17496135372764E-002 5.26218791454507E-002
95.5663002 5.16012134231289E-002 5.24700725275794E-002
95.6662940 5.14533897042467E-002 5.23188590830416E-002
95.7662878 5.13061395572629E-002 5.21682358887556E-002
95.8662892 5.11594490062822E-002 5.20181886143532E-002
95.9662829 5.10133376428560E-002 5.18687372652110E-002
96.0662767 5.08677914806792E-002 5.17198675006615E-002
96.1662705 5.07228077624464E-002 5.15715764664268E-002
96.2662643 5.05783837470825E-002 5.14238613251323E-002
96.3662658 5.04345057544604E-002 5.12767080517600E-002
96.4662596 5.02911930281599E-002 5.11301362946496E-002
96.5662535 5.01484318775697E-002 5.09841320183928E-002
96.6662473 5.00062196254295E-002 5.08386924520647E-002
96.7662412 4.98645536101593E-002 5.06938148410667E-002
96.8662427 4.97234204394722E-002 5.05494854574908E-002
96.9662365 4.95828390165587E-002 5.04057236004533E-002
97.0662304 4.94427959385864E-002 5.02625155315786E-002
97.1662243 4.93032886056305E-002 5.01198585604560E-002
97.2662182 4.91643144329171E-002 4.99777500124468E-002
97.3662198 4.90258603083289E-002 4.98361764487814E-002
97.4662137 4.88879448020559E-002 4.96951568269660E-002
97.5662076 4.87505547913864E-002 4.95546776976997E-002
97.6662016 4.86136877511256E-002 4.94147364483577E-002
97.7661955 4.84773411707206E-002 4.92753304815539E-002
97.8661971 4.83415022107997E-002 4.91364466399437E-002
97.9661911 4.82061891157548E-002 4.89981035468437E-002
98.0661851 4.80713890355820E-002 4.88602880343266E-002
98.1661791 4.79370995173113E-002 4.87229975649304E-002
98.2661730 4.78033181221255E-002 4.85862296159196E-002
98.3661747 4.76700322762119E-002 4.84499713039094E-002
98.4661687 4.75372599051845E-002 4.83142409252593E-002
98.5661627 4.74049884245715E-002 4.81790255859621E-002
98.6661568 4.72732154512185E-002 4.80443228211968E-002
98.7661508 4.71419386156533E-002 4.79101301803761E-002
98.8661525 4.70111456026643E-002 4.77764350468490E-002
98.9661465 4.68808540259313E-002 4.76432553970679E-002
99.0661406 4.67510515595670E-002 4.75105786037309E-002
99.1661347 4.66217358879151E-002 4.73784022722322E-002
99.2661288 4.64929047085481E-002 4.72467240217261E-002
99.3661305 4.63645459581186E-002 4.71155314953002E-002
99.4661246 4.62366769450440E-002 4.69848423563717E-002
99.5661187 4.61092855952932E-002 4.68546442373585E-002
99.6661128 4.59823696584780E-002 4.67249348115372E-002
99.7661070 4.58559268970036E-002 4.65957117654888E-002
99.8661087 4.57299454928605E-002 4.64669629952651E-002
99.9661029 4.56044424557092E-002 4.63387058579481E-002
100.0660970 4.54794059568579E-002 4.62109282389110E-002
100.1660912 4.53548338090411E-002 4.60836278770684E-002
100.2660854 4.52307238373666E-002 4.59568025242003E-002
100.3660872 4.51070644628425E-002 4.58304403227625E-002
100.4660814 4.49838724027148E-002 4.57045583300340E-002
100.5660756 4.48611360673182E-002 4.55791446777913E-002
100.6660698 4.47388533304442E-002 4.54541971684271E-002
100.7660640 4.46170220778543E-002 4.53297136167772E-002
100.8660658 4.44956309634491E-002 4.52056824053466E-002
100.9660601 4.43746964182458E-002 4.50821202979801E-002
101.0660543 4.42542070854887E-002 4.49590156665112E-002
101.1660486 4.41341608980381E-002 4.48363663747316E-002
101.2660428 4.40145558003360E-002 4.47141702984703E-002
101.3660447 4.38953806732410E-002 4.45924160541241E-002
101.4660390 4.37766516675735E-002 4.44711201183149E-002
101.5660333 4.36583576535595E-002 4.43502710967835E-002
101.6660275 4.35404966212139E-002 4.42298669127198E-002
101.7660218 4.34230665717595E-002 4.41099055009599E-002
101.8660238 4.33060566072606E-002 4.39903757058266E-002
101.9660181 4.31894826042242E-002 4.38712937227757E-002
102.0660124 4.30733336541123E-002 4.37526483854960E-002
102.1660067 4.29576078022511E-002 4.36344376746494E-002
102.2660011 4.28423031048144E-002 4.35166595821669E-002
102.3660031 4.27274088794964E-002 4.33993031745146E-002
102.4659974 4.26129407342293E-002 4.32823843718900E-002
102.5659918 4.24988879761408E-002 4.31658922301544E-002
102.6659861 4.23852487040933E-002 4.30498247855858E-002
102.7659805 4.22720210274490E-002 4.29341800853690E-002
102.8659825 4.21591944741260E-002 4.28189474125088E-002
102.9659769 4.20467843890793E-002 4.27041424177059E-002
103.0659713 4.19347802897022E-002 4.25897543733950E-002
103.1659657 4.18231803266823E-002 4.24757813696838E-002
103.2659601 4.17119826608724E-002 4.23622215072371E-002
103.3659622 4.16011770251727E-002 4.22490642801641E-002
103.4659566 4.14907785070215E-002 4.21363250752893E-002
103.5659511 4.13807768288405E-002 4.20239933761927E-002
103.6659455 4.12711701914945E-002 4.19120673250899E-002
103.7659400 4.11619568056914E-002 4.18005450744171E-002
103.8659421 4.10531266042283E-002 4.16894163241190E-002
103.9659365 4.09446944223552E-002 4.15786962026266E-002
104.0659310 4.08366501824427E-002 4.14683743994011E-002
104.1659255 4.07289921339445E-002 4.13584491071076E-002
104.2659200 4.06217185358463E-002 4.12489185283075E-002
104.3659221 4.05148195159114E-002 4.11397725636704E-002
104.4659166 4.04083096623989E-002 4.10310260885832E-002
104.5659112 4.03021790927012E-002 4.09226689932829E-002
104.6659057 4.01964261033298E-002 4.08146995192857E-002
104.7659002 4.00910490000291E-002 4.07071159176917E-002
104.8659024 3.99860381007429E-002 4.05999082849385E-002
104.9658969 3.98814077518128E-002 4.04930912485883E-002
105.0658915 3.97771482608716E-002 4.03866548947011E-002
105.1658860 3.96732579700132E-002 4.02805975121040E-002
105.2658806 3.95697352302751E-002 4.01749173989063E-002
105.3658828 3.94665705451393E-002 4.00696048425047E-002
105.4658774 3.93637780239796E-002 3.99646742277297E-002
105.5658720 3.92613481600305E-002 3.98601158316593E-002
105.6658666 3.91592793395448E-002 3.97559279889464E-002
105.7658612 3.90575699574409E-002 3.96521090432355E-002
105.8658634 3.89562106982328E-002 3.95486494682161E-002
105.9658580 3.88552154391577E-002 3.94455634109565E-002
106.0658527 3.87545748545490E-002 3.93428413348908E-002
106.1658473 3.86542873734467E-002 3.92404816190657E-002
106.2658419 3.85543514332875E-002 3.91384826512393E-002
106.3658442 3.84547578952438E-002 3.90368350868658E-002
106.4658389 3.83555204091312E-002 3.89355528401017E-002
106.5658335 3.82566298260124E-002 3.88346265562118E-002
106.6658282 3.81580846163900E-002 3.87340546572561E-002
106.7658229 3.80598832589052E-002 3.86338355737357E-002
106.8658252 3.79620167871433E-002 3.85339601384739E-002
106.9658199 3.78644986281007E-002 3.84344420374493E-002
107.0658146 3.77673198053259E-002 3.83352720933657E-002
107.1658093 3.76704788295083E-002 3.82364487699645E-002
107.2658040 3.75739742192251E-002 3.81379705391674E-002
107.3658063 3.74777971763522E-002 3.80398284069003E-002
107.4658011 3.73819609095599E-002 3.79420358355845E-002
107.5657958 3.72864566107627E-002 3.78445838210989E-002
107.6657905 3.71912828296044E-002 3.77474708675815E-002
107.7657853 3.70964381233753E-002 3.76506954870994E-002
107.8657877 3.70019138582388E-002 3.75542488545383E-002
107.9657824 3.69077230289251E-002 3.74581442132729E-002
108.0657772 3.68138569917139E-002 3.73623727282170E-002
108.1657720 3.67203143340145E-002 3.72669329426658E-002
108.2657667 3.66270936506502E-002 3.71718234076014E-002
108.3657692 3.65341864681834E-002 3.70770354628462E-002
108.4657639 3.64416055716866E-002 3.69825821371319E-002
108.5657587 3.63493424779191E-002 3.68884547603867E-002
108.6657536 3.62573958109083E-002 3.67946519138673E-002
108.7657484 3.61657642018705E-002 3.67011721862826E-002
108.8657508 3.60744393339909E-002 3.66080070784853E-002
108.9657456 3.59834337868659E-002 3.65151694088630E-002
109.0657405 3.58927392339590E-002 3.64226506684536E-002
