0.0053140 8.60633294470599E+000 2.91463521441863E+003
0.0210792 3.30158982337519E+001 2.84926879629555E+003
0.0467942 6.94493025051739E+001 2.74687683525922E+003
0.0817065 1.12867709493709E+002 2.61574505415909E+003
0.1249105 1.58217378013216E+002 2.46503034798726E+003
0.1754417 2.01347172318967E+002 2.30341321538110E+003
0.2323515 2.39421751895497E+002 2.13823885390720E+003
0.2947571 2.70908964412497E+002 1.97516281008811E+003
0.3618673 2.95325900070437E+002 1.81817219811897E+003
0.4329916 3.12912178256333E+002 1.66981486673028E+003
0.5075377 3.24332324692412E+002 1.53150693730615E+003
0.5850032 3.30449233760333E+002 1.40383428884261E+003
0.6649650 3.32172159339017E+002 1.28681040672006E+003
0.7470680 3.30366068284139E+002 1.18007761224308E+003
0.8310139 3.25804993595979E+002 1.08305677585027E+003
0.9165527 3.19154031694345E+002 9.95051590219130E+002
1.0034738 3.10968342368389E+002 9.15319560196794E+002
1.0915995 3.01701267350308E+002 8.43117959283140E+002
1.1807797 2.91716481174192E+002 7.77731697056376E+002
1.2708868 2.81301380528225E+002 7.18489903684791E+002
1.3618115 2.70679885411845E+002 6.64773608843963E+002
1.4534610 2.60023946545447E+002 6.16018250649348E+002
1.5457546 2.49463684526658E+002 5.71713782769948E+002
1.6386236 2.39095620785833E+002 5.31401317689912E+002
1.7320075 2.28989838237034E+002 4.94670424636502E+002
1.8258543 2.19195484209964E+002 4.61154398185318E+002
1.9201186 2.09745432391325E+002 4.30526428151933E+002
2.0147601 2.00660021369026E+002 4.02495733132653E+002
2.1097440 1.91949826067071E+002 3.76803242630563E+002
2.2050388 1.83618151014932E+002 3.53218606435029E+002
2.3006174 1.75662713752768E+002 3.31536543398224E+002
2.3964555 1.68077150216823E+002 3.11574159145203E+002
2.4925310 1.60852191398505E+002 2.93168490735546E+002
2.5888248 1.53976416772547E+002 2.76173893303701E+002
2.6853193 1.47437073104096E+002 2.60460367022865E+002
2.7819988 1.41220482674285E+002 2.45911477264010E+002
2.8788497 1.35312498027986E+002 2.32422913948020E+002
2.9758588 1.29698846055026E+002 2.19901189802243E+002
3.0730149 1.24365260344877E+002 2.08262202325435E+002
3.1703074 1.19297758004020E+002 1.97430401953133E+002
3.2677268 1.14482671947694E+002 1.87337649989241E+002
3.3652646 1.09906789084868E+002 1.77922502247686E+002
3.4629133 1.05557375594966E+002 1.69129409668973E+002
3.5606650 1.01422295617185E+002 1.60908239739793E+002
3.6585133 9.74899070693602E+001 1.53213457916189E+002
3.7564523 9.37491531296503E+001 1.46003797108881E+002
3.8544764 9.01895389647683E+001 1.39241771601642E+002
3.9525810 8.68011069131199E+001 1.32893255975283E+002
4.0507604 8.35744861175882E+001 1.26927257151899E+002
4.1490108 8.05007778588485E+001 1.21315425131785E+002
4.2473280 7.75716007092870E+001 1.16031902447456E+002
4.3457083 7.47790521949076E+001 1.11053049773877E+002
4.4441489 7.21156737628781E+001 1.06357207657705E+002
4.5426454 6.95744780115185E+001 1.01924591668739E+002
4.6411954 6.71488496690448E+001 9.77369858389439E+001
4.7397961 6.48325744702684E+001 9.37776793903777E+001
4.8384450 6.26198042437148E+001 9.00313057794927E+001
4.9371399 6.05050258820117E+001 8.64837026398026E+001
5.0358779 5.84830808792164E+001 8.31218675846140E+001
5.1346571 5.65490854429023E+001 7.99337571553562E+001
5.2334756 5.46984527899506E+001 7.69082657175214E+001
5.3323316 5.29268653117987E+001 7.40351273435378E+001
5.4312238 5.12302500885768E+001 7.13048303138601E+001
5.5301496 4.96047952580740E+001 6.87086027753308E+001
5.6291079 4.80468867831946E+001 6.62382752760738E+001
5.7280973 4.65531273086376E+001 6.38862797070264E+001
5.8271164 4.51203149007423E+001 6.16455872419684E+001
5.9261644 4.37454244366205E+001 5.95096542173369E+001
6.0252392 4.24256221275890E+001 5.74724222603456E+001
6.1243401 4.11582155066089E+001 5.55282207680814E+001
6.2234659 3.99406698998007E+001 5.36717749421688E+001
6.3226158 3.87705923676748E+001 5.18981651481945E+001
6.4217891 3.76457176851638E+001 5.02027914667617E+001
6.5209840 3.65639213886527E+001 4.85813805160889E+001
6.6202001 3.55231799506240E+001 4.70299140127723E+001
6.7194366 3.45215852797763E+001 4.55446404569275E+001
6.8186927 3.35573325598667E+001 4.41220476442289E+001
6.9179682 3.26287096492183E+001 4.27588386933578E+001
7.0172613 3.17341087745817E+001 4.14519416151212E+001
7.1165720 3.08719945079223E+001 4.01984555133522E+001
7.2158999 3.00409126362211E+001 3.89956576194855E+001
7.3152432 2.92395003247704E+001 3.78410122303934E+001
7.4146030 2.84664391136485E+001 3.67320978230471E+001
7.5139770 2.77205077479344E+001 3.56666785458151E+001
7.6133666 2.70005192275097E+001 3.46426097390490E+001
7.7127702 2.63053675899582E+001 3.36579010884357E+001
7.8121865 2.56340020706223E+001 3.27106761277549E+001
7.9116168 2.49854057466114E+001 3.17991391379753E+001
8.0110589 2.43586368030093E+001 3.09216304233658E+001
8.1105143 2.37527761840403E+001 3.00765501129097E+001
8.2099815 2.31669673125071E+001 2.92624114663765E+001
8.3094593 2.26003948149883E+001 2.84778087944222E+001
8.4089492 2.20522668448404E+001 2.77213911050088E+001
8.5084489 2.15218502821649E+001 2.69919089548940E+001
8.6079599 2.10084268308758E+001 2.62881521732309E+001
8.7074812 2.05113269268320E+001 2.56089950163086E+001
8.8070112 2.00299120518355E+001 2.49533703437173E+001
8.9065517 1.95635599603436E+001 2.43202482916196E+001
9.0061006 1.91116948607978E+001 2.37086761309087E+001
9.1056593 1.86737503061628E+001 2.31177267767313E+001
9.2052267 1.82491982921990E+001 2.25465372020632E+001
9.3048016 1.78375344228925E+001 2.19942873580284E+001
9.4043856 1.74382654540053E+001 2.14601826708759E+001
9.5039766 1.70509352995451E+001 2.09434880951858E+001
9.6035763 1.66750934369880E+001 2.04434851056435E+001
9.7031836 1.63103200023495E+001 1.99595045269109E+001
9.8027972 1.59562132446717E+001 1.94909091158413E+001
9.9024188 1.56123789376348E+001 1.90370790205229E+001
10.0020464 1.52784528949307E+001 1.85974410053396E+001
10.1016817 1.49540738909206E+001 1.81714322018486E+001
10.2013235 1.46389054061797E+001 1.77585282996547E+001
10.3009707 1.43326249376304E+001 1.73582289996682E+001
10.4006251 1.40349149313301E+001 1.69700458048200E+001
10.5002846 1.37454823638312E+001 1.65935272165727E+001
10.5999509 1.34640353900177E+001 1.62282279350802E+001
10.6996230 1.31903022717326E+001 1.58737331810078E+001
10.7992996 1.29240222060281E+001 1.55296464311416E+001
10.8989827 1.26649375081097E+001 1.51955790706511E+001
10.9986702 1.24128107148535E+001 1.48711722151537E+001
11.0983637 1.21674043323321E+001 1.45560703501704E+001
11.1980623 1.19284973837486E+001 1.42499424120567E+001
11.2977649 1.16958774902677E+001 1.39524713604337E+001
11.3974732 1.14693340901594E+001 1.36633453353370E+001
11.4971853 1.12486734398460E+001 1.33822766406901E+001
11.5969029 1.10337009572881E+001 1.31089790342497E+001
11.6966250 1.08242357483070E+001 1.28431860814497E+001
11.7963505 1.06201037290720E+001 1.25846422224191E+001
11.8960812 1.04211317108650E+001 1.23330951592506E+001
11.9958151 1.02271606090203E+001 1.20883124410614E+001
12.0955540 1.00380299743489E+001 1.18500617812489E+001
12.1952970 9.85359079488543E+000 1.16181271059689E+001
12.2950428 9.67369949095063E+000 1.13923008493070E+001
12.3947934 9.49821272828210E+000 1.11723773560609E+001
12.4945468 9.32699909268098E+000 1.09581674312359E+001
12.5943047 9.15992547686099E+000 1.07494811871551E+001
12.6940662 8.99686840450363E+000 1.05461421340979E+001
12.7938302 8.83770876120235E+000 1.03479804936877E+001
12.8935986 8.68232722455541E+000 1.01548274474858E+001
12.9933693 8.53061461967228E+000 9.96652795120458E+000
13.0931443 8.38245988823911E+000 9.78292571082359E+000
13.1929224 8.23776014104577E+000 9.60387560300856E+000
13.2927027 8.09641601341286E+000 9.42923783947689E+000
13.3924871 7.95832762110029E+000 9.25887292570565E+000
13.4922734 7.82340377702646E+000 9.09265298941582E+000
13.5920637 7.69155131664935E+000 8.93044855990900E+000
13.6918568 7.56268405190409E+000 8.77213955736688E+000
13.7916517 7.43671865965307E+000 8.61761017364173E+000
13.8914504 7.31357108827883E+000 8.46674443147805E+000
13.9912508 7.19316478745841E+000 8.31943623555207E+000
14.0910548 7.07542120191470E+000 8.17557768816840E+000
14.1908615 6.96026777247160E+000 8.03506884709238E+000
14.2906697 6.84763428191592E+000 7.89781321353089E+000
14.3904813 6.73744964991372E+000 7.76371380253227E+000
14.4902944 6.62964930422144E+000 7.63268209117617E+000
14.5901109 6.52416668552915E+000 7.50462765045118E+000
14.6899298 6.42094041892095E+000 7.37946683907674E+000
14.7897500 6.31991105423387E+000 7.25711880925728E+000
14.8895734 6.22101819720315E+000 7.13750201483762E+000
14.9893980 6.12420713110083E+000 7.02054220362573E+000
15.0892259 6.02942120033784E+000 6.90616318257423E+000
15.1890558 5.93660825707664E+000 6.79429458865831E+000
15.2888878 5.84571688561888E+000 6.68486730650326E+000
15.3887200 5.75669895519030E+000 6.57781652405413E+000
15.4885562 5.66950280597186E+000 6.47307352271615E+000
15.5883943 5.58408337939392E+000 6.37057784266039E+000
15.6882343 5.50039533840693E+000 6.27026899118963E+000
15.7880763 5.41839473177652E+000 6.17208843016223E+000
15.8879183 5.33804046209559E+000 6.07598131615334E+000
15.9877640 5.25928813939582E+000 5.98188913721278E+000
16.0876115 5.18209923058220E+000 5.88976064264995E+000
16.1874608 5.10643485483064E+000 5.79954440771979E+000
16.2873119 5.03225729000379E+000 5.71119062451011E+000
16.3871628 4.95953130606580E+000 5.62465267632238E+000
16.4870172 4.88821860564490E+000 5.53988051323239E+000
16.5868734 4.81828610892422E+000 5.45683049999374E+000
16.6867312 4.74970034254527E+000 5.37545872792573E+000
16.7865905 4.68242880626177E+000 5.29572263266659E+000
16.8864496 4.61644118663814E+000 5.21758242169489E+000
16.9863121 4.55170431543448E+000 5.14099509712819E+000
17.0861762 4.48818969010652E+000 5.06592335300649E+000
17.1860417 4.42586838623785E+000 4.99232954170247E+000
17.2859087 4.36471230015256E+000 4.92017713875457E+000
17.3857753 4.30469525589338E+000 4.84943204000376E+000
17.4856452 4.24578842191934E+000 4.78005715349828E+000
17.5855166 4.18796715375799E+000 4.71202045874397E+000
17.6853893 4.13120636972982E+000 4.64528954855129E+000
17.7852633 4.07548168319632E+000 4.57983295845087E+000
17.8851368 4.02077041419146E+000 4.51562134781445E+000
17.9850136 3.96704741300493E+000 4.45262259389984E+000
18.0848916 3.91429130002557E+000 4.39080911000336E+000
18.1847709 3.86248025270696E+000 4.33015289496099E+000
18.2846515 3.81159303938028E+000 4.27062674233949E+000
18.3845314 3.76160994551428E+000 4.21220531809725E+000
18.4844144 3.71250895957977E+000 4.15486069913417E+000
18.5842986 3.66427147536081E+000 4.09856903410716E+000
18.6841841 3.61687844502044E+000 4.04330604224982E+000
18.7840706 3.57031132491030E+000 3.98904811556119E+000
18.8839565 3.52455292522687E+000 3.93577330399980E+000
18.9838453 3.47958391933577E+000 3.88345724873777E+000
19.0837353 3.43538806551387E+000 3.83207925826797E+000
19.1836263 3.39194868683094E+000 3.78161820613960E+000
19.2835185 3.34924953810169E+000 3.73205353768095E+000
19.3834098 3.30727558666179E+000 3.68336617237226E+000
19.4833041 3.26600981125237E+000 3.63553478861257E+000
19.5831994 3.22543799305064E+000 3.58854137830242E+000
19.6830957 3.18554548806821E+000 3.54236749978625E+000
19.7829930 3.14631802328339E+000 3.49699519919999E+000
19.8828894 3.10774241535518E+000 3.45240783850385E+000
19.9827887 3.06980362937316E+000 3.40858669417047E+000
20.0826889 3.03248918294145E+000 3.36551604538509E+000
20.1825901 2.99578618105260E+000 3.32317974415665E+000
20.2824922 2.95968204848157E+000 3.28156206013913E+000
20.3823934 2.92416519246977E+000 3.24064844179767E+000
20.4822973 2.88922229525104E+000 3.20042239619061E+000
20.5822022 2.85484236971158E+000 3.16087015905717E+000
20.6821079 2.82101403034967E+000 3.12197754888376E+000
20.7820145 2.78772616818459E+000 3.08373074297819E+000
20.8819201 2.75496856275912E+000 3.04611697836867E+000
20.9818284 2.72272938545379E+000 3.00912168392144E+000
21.0817375 2.69099894072225E+000 2.97273277469346E+000
21.1816475 2.65976714988771E+000 2.93693776086134E+000
21.2815583 2.62902417410227E+000 2.90172446190338E+000
21.3814680 2.59876098041919E+000 2.86708165307200E+000
21.4813803 2.56896703558580E+000 2.83299642457704E+000
21.5812935 2.53963376293792E+000 2.79945813751170E+000
21.6812074 2.51075221849552E+000 2.76645576208394E+000
21.7811221 2.48231366688265E+000 2.73397853596153E+000
21.8810357 2.45431010570000E+000 2.70201656149751E+000
21.9809519 2.42673213180548E+000 2.67055836971036E+000
22.0808688 2.39957214055233E+000 2.63959457071676E+000
22.1807864 2.37282217599390E+000 2.60911539874404E+000
22.2807048 2.34647446413020E+000 2.57911131999923E+000
22.3806219 2.32052189935426E+000 2.54957358525086E+000
22.4805416 2.29495606724380E+000 2.52049197892753E+000
22.5804621 2.26977020986870E+000 2.49185819320437E+000
22.6803832 2.24495723395387E+000 2.46366355989790E+000
22.7803050 2.22051020534225E+000 2.43589961261636E+000
22.8802255 2.19642280088792E+000 2.40855859879693E+000
22.9801486 2.17268747353704E+000 2.38163139648797E+000
23.0800723 2.14929820484740E+000 2.35511063794824E+000
23.1799967 2.12624865673449E+000 2.32898861079683E+000
23.2799217 2.10353263062388E+000 2.30325777867533E+000
23.3798454 2.08114448781162E+000 2.27791125639825E+000
23.4797716 2.05907744414536E+000 2.25294087893278E+000
23.5796984 2.03732612863868E+000 2.22834009750780E+000
23.6796259 2.01588486597662E+000 2.20410203436403E+000
23.7795539 1.99474810346419E+000 2.18021996569834E+000
23.8794806 1.97391080256447E+000 2.15668776319780E+000
23.9794098 1.95336685183306E+000 2.13349810142831E+000
24.0793395 1.93311144852721E+000 2.11064514695203E+000
24.1792698 1.91313950040537E+000 2.08812275274115E+000
24.2792007 1.89344602325695E+000 2.06592490677147E+000
24.3791302 1.87402650605394E+000 2.04404614286953E+000
24.4790621 1.85487543197111E+000 2.02247987420476E+000
24.5789946 1.83598849814598E+000 2.00122089372717E+000
24.6789277 1.81736112649994E+000 1.98026369580903E+000
24.7788612 1.79898883435025E+000 1.95960289350087E+000
24.8787934 1.78086757536867E+000 1.93923360132068E+000
24.9787279 1.76299235955749E+000 1.91914988384359E+000
25.0786630 1.74535932477940E+000 1.89934708385266E+000
25.1785986 1.72796434737753E+000 1.87982026008774E+000
25.2785347 1.71080338811985E+000 1.86056457586510E+000
25.3784693 1.69387281094343E+000 1.84157565617284E+000
25.4784064 1.67716809367190E+000 1.82284814149271E+000
25.5783439 1.66068576357661E+000 1.80437785836959E+000
25.6782819 1.64442209949898E+000 1.78616036330079E+000
25.7782204 1.62837345515559E+000 1.76819130514637E+000
25.8781574 1.61253655745551E+000 1.75046675865949E+000
25.9780968 1.59690730055494E+000 1.73298187468005E+000
26.0780366 1.58148255650860E+000 1.71573290634038E+000
26.1779769 1.56625896141697E+000 1.69871585014471E+000
26.2779176 1.55123321792312E+000 1.68192678435402E+000
26.3778568 1.53640237472115E+000 1.66536218087241E+000
26.4777984 1.52176269726104E+000 1.64901764383860E+000
26.5777404 1.50731136348297E+000 1.63288980337064E+000
26.6776829 1.49304532723757E+000 1.61697504578200E+000
26.7776257 1.47896160163081E+000 1.60126982991003E+000
26.8775671 1.46505752118972E+000 1.58577097909433E+000
26.9775108 1.45132968316853E+000 1.57047450097639E+000
27.0774549 1.43777553741000E+000 1.55537735952204E+000
27.1773994 1.42439232093163E+000 1.54047628711375E+000
27.2773442 1.41117732361877E+000 1.52576808060082E+000
27.3772876 1.39812813437902E+000 1.51124987494138E+000
27.4772333 1.38524164756773E+000 1.49691803771565E+000
27.5771793 1.37251555517606E+000 1.48276982913178E+000
27.6771257 1.35994734704959E+000 1.46880228943671E+000
27.7770725 1.34753456029082E+000 1.45501251629700E+000
27.8770178 1.33527501061261E+000 1.44139792152911E+000
27.9769653 1.32316585890731E+000 1.42795519444961E+000
28.0769132 1.31120501320736E+000 1.41468185865118E+000
28.1768615 1.29939018951414E+000 1.40157522879915E+000
28.2768101 1.28771914614685E+000 1.38863267080041E+000
28.3767572 1.27618990139705E+000 1.37585184291614E+000
28.4767065 1.26479985571774E+000 1.36322972262167E+000
28.5766562 1.25354711022835E+000 1.35076406812124E+000
28.6766062 1.24242958358861E+000 1.33845243915291E+000
28.7765565 1.23144523241947E+000 1.32629244126857E+000
28.8765053 1.22059225626372E+000 1.31428195250563E+000
28.9764563 1.20986827127593E+000 1.30241820892011E+000
29.0764077 1.19927155144011E+000 1.29069917807788E+000
29.1763593 1.18880019733216E+000 1.27912263898644E+000
29.2763113 1.17845234363891E+000 1.26768641168841E+000
29.3762617 1.16822635234232E+000 1.25638857056406E+000
29.4762144 1.15812003415420E+000 1.24522658413905E+000
29.5761673 1.14813181807296E+000 1.23419860713682E+000
29.6761206 1.13825996824517E+000 1.22330261509846E+000
29.7760741 1.12850277951886E+000 1.21253662038434E+000
29.8760261 1.11885875969044E+000 1.20189887308492E+000
29.9759803 1.10932589525388E+000 1.19138705109729E+000
30.0759347 1.09990275443648E+000 1.18099947673768E+000
30.1758895 1.09058774869890E+000 1.17073430200728E+000
30.2758445 1.08137931717874E+000 1.16058971199998E+000
30.3757980 1.07227609876808E+000 1.15056411431418E+000
30.4757536 1.06327623904039E+000 1.14065537574407E+000
30.5757095 1.05437843146667E+000 1.13086196892605E+000
30.6756657 1.04558122038996E+000 1.12118220456398E+000
30.7756221 1.03688317514227E+000 1.11161442315390E+000
30.8755770 1.02828305265691E+000 1.10215717371341E+000
30.9755340 1.01977914270044E+000 1.09280849374994E+000
31.0754913 1.01137025157573E+000 1.08356699094241E+000
31.1754469 1.00305520138803E+000 1.07443129221354E+000
31.2754067 9.94832205981044E-001 1.06539935833117E+000
31.3753629 9.86700601874069E-001 1.05647038524920E+000
31.4753231 9.78658499482317E-001 1.04764222432882E+000
31.5752798 9.70705264522821E-001 1.03891410702740E+000
31.6752368 9.62839361591127E-001 1.03028427740407E+000
31.7751978 9.55059289071053E-001 1.02175101877664E+000
31.8751552 9.47364454081524E-001 1.01331361289416E+000
31.9751168 9.39753102718138E-001 1.00497006998388E+000
32.0750747 9.32224668192953E-001 9.96719703458739E-001
32.1750329 9.24777730052817E-001 9.88560892548694E-001
32.2749952 9.17410898836114E-001 9.80492052397085E-001
32.3749539 9.10123644773042E-001 9.72512541294453E-001
32.4749166 9.02914337875859E-001 9.64620514167856E-001
32.5748758 8.95782471716560E-001 9.56815357578369E-001
32.6748352 8.88726730570094E-001 9.49095573577693E-001
32.7747986 8.81745827177828E-001 9.41459697119814E-001
32.8747585 8.74839288242307E-001 9.33907154855075E-001
32.9747223 8.68005597110522E-001 9.26436233706756E-001
33.0746827 8.61244301385206E-001 9.19046385592379E-001
33.1746432 8.54554180889414E-001 9.11736224330165E-001
33.2746078 8.47934041629095E-001 9.04504393925752E-001
33.3745687 8.41383460885296E-001 8.97350382144879E-001
33.4745337 8.34901025805603E-001 8.90272596495712E-001
33.5744951 8.28486332401650E-001 8.83270547349209E-001
33.6744568 8.22138247788392E-001 8.76342950376726E-001
33.7744224 8.15855663195412E-001 8.69488548985216E-001
33.8743844 8.09638201243029E-001 8.62706885632273E-001
33.9743505 8.03484544275928E-001 8.55996478143496E-001
34.0743130 7.97394331714641E-001 8.49356889219078E-001
34.1742756 7.91366510529288E-001 8.42786927479652E-001
34.2742423 7.85400049928474E-001 8.36285427063626E-001
34.3742054 7.79494613208583E-001 8.29851979417027E-001
34.4741725 7.73648970135886E-001 8.23485203429809E-001
34.5741359 7.67862799087348E-001 8.17184708690881E-001
34.6740996 7.62135120179661E-001 8.10949388760417E-001
34.7740673 7.56464974063635E-001 8.04778160707092E-001
34.8740313 7.50852060556132E-001 7.98670659894686E-001
34.9739994 7.45295229807438E-001 7.92625597925585E-001
35.0739638 7.39794195181261E-001 7.86642626437989E-001
35.1739284 7.34348043880360E-001 7.80720716715194E-001
35.2738971 7.28955882091068E-001 7.74858861725896E-001
35.3738621 7.23617442443137E-001 7.69056736237794E-001
35.4738310 7.18331649092012E-001 7.63313137015709E-001
35.5737964 7.13098246844812E-001 7.57627753437047E-001
35.6737620 7.07916384507579E-001 7.51999627996847E-001
35.7737315 7.02785228457368E-001 7.46427823218942E-001
35.8736974 6.97704540825198E-001 7.40912049251914E-001
35.9736673 6.92673313981769E-001 7.35451181187869E-001
36.0736335 6.87691321011292E-001 7.30044942300148E-001
36.1735999 6.82757767356146E-001 7.24692440411798E-001
36.2735704 6.77871874741097E-001 7.19392801867181E-001
36.3735371 6.73033431837256E-001 7.14145768605952E-001
36.4735079 6.68241493968064E-001 7.08950287850597E-001
36.5734750 6.63495859662362E-001 7.03806113339418E-001
36.6734423 6.58795786493173E-001 6.98712412899364E-001
36.7734135 6.54140547138801E-001 6.93668371505007E-001
36.8733811 6.49529954159829E-001 6.88673759680205E-001
36.9733527 6.44963121042909E-001 6.83727591151700E-001
37.0733206 6.40439869225083E-001 6.78829647056424E-001
37.1732887 6.35959504317397E-001 6.73979150400888E-001
37.2732608 6.31521345959545E-001 6.69175340085751E-001
37.3732292 6.27125228226568E-001 6.64418012351175E-001
37.4732015 6.22770318403596E-001 6.59706242313251E-001
37.5731702 6.18456458562270E-001 6.55039835764164E-001
37.6731391 6.14182998629491E-001 6.50418066512635E-001
37.7731119 6.09949301574841E-001 6.45840223116244E-001
37.8730811 6.05755220857664E-001 6.41306124963998E-001
37.9730543 6.01599973578924E-001 6.36814903905019E-001
38.0730237 5.97483420404894E-001 6.32366387929764E-001
38.1729934 5.93404952188868E-001 6.27959897672185E-001
38.2729669 5.89363971922777E-001 6.23594767467311E-001
38.3729369 5.85360350537939E-001 6.19270837552190E-001
38.4729107 5.81393351312660E-001 6.14987292264613E-001
38.5728809 5.77462851675808E-001 6.10743979590636E-001
38.6728513 5.73568280316825E-001 6.06540263371619E-001
38.7728256 5.69709077233870E-001 6.02375520190207E-001
38.8727962 5.65885129111912E-001 5.98249609067634E-001
38.9727708 5.62095742078499E-001 5.94161762956620E-001
39.0727417 5.58340808678353E-001 5.90111847862249E-001
39.1727127 5.54619792616267E-001 5.86099267538077E-001
39.2726877 5.50932168142993E-001 5.82123437598685E-001
39.3726590 5.47277836151826E-001 5.78184233996462E-001
39.4726343 5.43656142571785E-001 5.74280934759204E-001
39.5726059 5.40066993581991E-001 5.70413422135710E-001
39.6725776 5.36509885324768E-001 5.66581136786725E-001
39.7725533 5.32984323786568E-001 5.62783530425738E-001
39.8725252 5.29490222678109E-001 5.59020494271051E-001
39.9725012 5.26026964935625E-001 5.55291348186898E-001
40.0724734 5.22594469038786E-001 5.51595989069843E-001
40.1724458 5.19192261209008E-001 5.47933891744207E-001
40.2724221 5.15819876865348E-001 5.44304541344004E-001
40.3723947 5.12477241283038E-001 5.40707842855683E-001
40.4723712 5.09163771840815E-001 5.37143155013379E-001
40.5723441 5.05879398117021E-001 5.33610387925491E-001
40.6723171 5.02623674252045E-001 5.30109048072066E-001
40.7722940 4.99396162987761E-001 5.26638651558978E-001
40.8722673 4.96196800034460E-001 5.23199115792575E-001
40.9722444 4.93025034856776E-001 5.19789835656474E-001
41.0722179 4.89880807047951E-001 5.16410733177916E-001
41.1721915 4.86763696686730E-001 5.13061344197727E-001
41.2721690 4.83673291903023E-001 5.09741213552474E-001
41.3721428 4.80609537823274E-001 5.06450269853791E-001
41.4721206 4.77571913830304E-001 5.03187941637262E-001
41.5720946 4.74560368554289E-001 4.99954161683779E-001
41.6720688 4.71574506194378E-001 4.96748493092510E-001
41.7720469 4.68613938492358E-001 4.93570507377205E-001
41.8720213 4.65678619071015E-001 4.90420143259741E-001
41.9719996 4.62768055235315E-001 4.87296860632271E-001
42.0719743 4.59882203769274E-001 4.84200601978545E-001
42.1719490 4.57020691322083E-001 4.81130955727924E-001
42.2719276 4.54183151615182E-001 4.78087518187749E-001
42.3719026 4.51369545936793E-001 4.75070237202174E-001
42.4718815 4.48579407674180E-001 4.72078601908049E-001
42.5718566 4.45812700967268E-001 4.69112563543673E-001
42.6718319 4.43069073378975E-001 4.66171734098422E-001
42.7718111 4.40348179108925E-001 4.63255732943680E-001
42.8717866 4.37649986359733E-001 4.60364516153919E-001
42.9717660 4.34974052903374E-001 4.57497600165613E-001
43.0717417 4.32320349514261E-001 4.54654944115230E-001
43.1717175 4.29688543254618E-001 4.51836181925334E-001
43.2716972 4.27078307419717E-001 4.49040954441613E-001
43.3716732 4.24489616447288E-001 4.46269225163051E-001
43.4716531 4.21922050926169E-001 4.43520536032474E-001
43.5716293 4.19375587612635E-001 4.40794853310659E-001
43.6716056 4.16849911764759E-001 4.38091831356756E-001
43.7715858 4.14344714499200E-001 4.35411131028074E-001
43.8715623 4.11859975874107E-001 4.32752722519673E-001
43.9715428 4.09395297845757E-001 4.30116171625764E-001
44.0715195 4.06950662561584E-001 4.27501451031711E-001
44.1714963 4.04525772273170E-001 4.24908234155114E-001
44.2714770 4.02120334742989E-001 4.22336200517770E-001
44.3714539 3.99734335093055E-001 4.19785326351949E-001
44.4714348 3.97367395305898E-001 4.17255199774424E-001
44.5714120 3.95019502385167E-001 4.14745799262109E-001
44.6713893 3.92690374465868E-001 4.12256816020752E-001
44.7713704 3.90379734870761E-001 4.09787946994763E-001
44.8713479 3.88087573281570E-001 4.07339173857343E-001
44.9713293 3.85813530464898E-001 4.04910105634182E-001
45.0713069 3.83557597795947E-001 4.02500726020724E-001
45.1712846 3.81319508267294E-001 4.00110742838874E-001
45.2712662 3.79098999758694E-001 3.97739869309711E-001
45.3712441 3.76896066054694E-001 3.95388092007463E-001
45.4712259 3.74710365554450E-001 3.93055039558367E-001
45.5712040 3.72541893565412E-001 3.90740700357450E-001
45.6711822 3.70390396988882E-001 3.88444797760472E-001
45.7711643 3.68255627333507E-001 3.86167060206795E-001
45.8711426 3.66137582072421E-001 3.83907478682577E-001
45.9711248 3.64035936168924E-001 3.81665700202560E-001
46.0711034 3.61950688464363E-001 3.79441717391153E-001
46.1710820 3.59881598890372E-001 3.77235268137593E-001
46.2710644 3.57828431725200E-001 3.75046095121127E-001
46.3710432 3.55791187754860E-001 3.72874193296565E-001
46.4710259 3.53769557514646E-001 3.70719226943350E-001
46.5710048 3.51763543018447E-001 3.68581192489047E-001
46.6709838 3.49772916414374E-001 3.66459841430907E-001
46.7709667 3.47797453954013E-001 3.64354929782793E-001
46.8709459 3.45837159395377E-001 3.62266456066263E-001
46.9709290 3.43891737923640E-001 3.60194100782542E-001
47.0709083 3.41961194397335E-001 3.58137863775855E-001
47.1708877 3.40045312426356E-001 3.56097509294541E-001
47.2708710 3.38143879497149E-001 3.54072805848766E-001
47.3708506 3.36256902030353E-001 3.52063755162297E-001
47.4708341 3.34384099003293E-001 3.50070052989470E-001
47.5708138 3.32525477821516E-001 3.48091702240549E-001
47.6707936 3.30680832856291E-001 3.46128479120844E-001
47.7707773 3.28849962143485E-001 3.44180163859840E-001
47.8707573 3.27032874485505E-001 3.42246761052760E-001
47.9707411 3.25229301853338E-001 3.40327980806576E-001
48.0707212 3.23439253929325E-001 3.38423828779431E-001
48.1707014 3.21662535195554E-001 3.36534092397060E-001
48.2706855 3.19898953600602E-001 3.34658562887541E-001
48.3706658 3.18148520073603E-001 3.32797247417361E-001
48.4706500 3.16410978835284E-001 3.30949869608355E-001
48.5706305 3.14686341599385E-001 3.29116437577752E-001
48.6706110 3.12974422354097E-001 3.27296749288019E-001
48.7705955 3.11275038368775E-001 3.25490606296728E-001
48.8705762 3.09588202467657E-001 3.23698018069105E-001
48.9705608 3.07913670427578E-001 3.21918720961788E-001
49.0705416 3.06251455770785E-001 3.20152725288888E-001
49.1705225 3.04601381429030E-001 3.18399838914457E-001
49.2705073 3.02963273441731E-001 3.16659873103901E-001
49.3704883 3.01337146317829E-001 3.14932839373720E-001
49.4704733 2.99722766743036E-001 3.13218486088456E-001
49.5704545 2.98120149845637E-001 3.11516825520989E-001
49.6704357 2.96529126977224E-001 3.09827674846446E-001
49.7704208 2.94949532434530E-001 3.08150854460032E-001
49.8704022 2.93381382220056E-001 3.06486377704763E-001
49.9703875 2.91824453324003E-001 3.04834004275204E-001
50.0703690 2.90278762296749E-001 3.03193748186732E-001
50.1703506 2.88744148421803E-001 3.01565435376114E-001
50.2703361 2.87220453775446E-001 2.99948894830462E-001
50.3703178 2.85707695680081E-001 2.98344141515162E-001
50.4703034 2.84205660865611E-001 2.96750945822138E-001
50.5702853 2.82714367137385E-001 2.95169323312808E-001
50.6702672 2.81233661255913E-001 2.93599108173978E-001
50.7702530 2.79763392631539E-001 2.92040137483762E-001
50.8702350 2.78303579748791E-001 2.90492427644450E-001
50.9702209 2.76854018549105E-001 2.88955759154443E-001
51.0702031 2.75414727940964E-001 2.87430148942722E-001
51.1701853 2.73985561737444E-001 2.85915438969406E-001
51.2701714 2.72566376267259E-001 2.84411473936796E-001
51.3701538 2.71157191033723E-001 2.82918271515603E-001
51.4701400 2.69757810695534E-001 2.81435621758419E-001
51.5701225 2.68368255126367E-001 2.79963542799652E-001
51.6701050 2.66988384795578E-001 2.78501883928176E-001
51.7700914 2.65618062562098E-001 2.77050497035124E-001
51.8700741 2.64257308817810E-001 2.75609400906559E-001
51.9700606 2.62905936475805E-001 2.74178394632701E-001
52.0700434 2.61563966249644E-001 2.72757497406077E-001
52.1700263 2.60231264894708E-001 2.71346565429473E-001
52.2700130 2.58907701437455E-001 2.69945457376547E-001
52.3699959 2.57593297040052E-001 2.68554193009655E-001
52.4699827 2.56287872436234E-001 2.67172579973149E-001
52.5699658 2.54991449065633E-001 2.65800638383864E-001
52.6699489 2.53703899623489E-001 2.64438230971091E-001
52.7699359 2.52425098964655E-001 2.63085222811557E-001
52.8699192 2.51155068914169E-001 2.61741634517598E-001
52.9699063 2.49893637619663E-001 2.60407281834835E-001
53.0698897 2.48640827143493E-001 2.59082185682863E-001
53.1698731 2.47396515796898E-001 2.57766214955467E-001
53.2698603 2.46160583945815E-001 2.56459240777811E-001
53.3698439 2.44933053980625E-001 2.55161284497485E-001
53.4698313 2.43713761081196E-001 2.53872169536931E-001
53.5698149 2.42502727838785E-001 2.52591917508116E-001
53.6697986 2.41299837877437E-001 2.51320403130800E-001
53.7697861 2.40104976777088E-001 2.50057503246931E-001
53.8697699 2.38918167404942E-001 2.48803239835180E-001
53.9697576 2.37739251614745E-001 2.47557443596720E-001
54.0697415 2.36568252441511E-001 2.46320136735666E-001
54.1697254 2.35405058538067E-001 2.45091199480989E-001
54.2697133 2.34249560420015E-001 2.43870514081058E-001
54.3696973 2.33101781351075E-001 2.42658103051054E-001
54.4696852 2.31961569522176E-001 2.41453803997274E-001
54.5696694 2.30828948334854E-001 2.40257639625011E-001
54.6696536 2.29703811204482E-001 2.39069495375845E-001
54.7696417 2.28586053321408E-001 2.37889258613937E-001
54.8696260 2.27475698273033E-001 2.36716952305154E-001
54.9696142 2.26372600270942E-001 2.35552420610064E-001
55.0695986 2.25276783013166E-001 2.34395686652591E-001
55.1695831 2.24188144427906E-001 2.33246640809034E-001
55.2695714 2.23106584135501E-001 2.32105175287013E-001
55.3695560 2.22032125981023E-001 2.30971313425232E-001
55.4695444 2.20964629898956E-001 2.29844905608835E-001
55.5695291 2.19904119820372E-001 2.28725975305512E-001
55.6695138 2.18850497951937E-001 2.27614417565748E-001
55.7695023 2.17803668114249E-001 2.26510129185286E-001
55.8694872 2.16763654350260E-001 2.25413133805080E-001
55.9694758 2.15730322037093E-001 2.24323287724842E-001
56.0694607 2.14703695281395E-001 2.23240614688170E-001
56.1694457 2.13683680348212E-001 2.22165014175329E-001
56.2694345 2.12670185042650E-001 2.21096387330624E-001
56.3694196 2.11663233551419E-001 2.20034758033299E-001
56.4694085 2.10662696430327E-001 2.18979988205973E-001
56.5693936 2.09668597909609E-001 2.17932101806668E-001
56.6693788 2.08680848105884E-001 2.16891002516010E-001
56.7693678 2.07699358606019E-001 2.15856595601986E-001
56.8693531 2.06724153691540E-001 2.14828905124207E-001
56.9693423 2.05755108848206E-001 2.13807798353623E-001
57.0693276 2.04792248382836E-001 2.12793299407022E-001
57.1693130 2.03835486069190E-001 2.11785315949918E-001
57.2693023 2.02884737085263E-001 2.10783757162741E-001
57.3692878 2.01940025763175E-001 2.09788647233054E-001
57.4692772 2.01001232284110E-001 2.08799858521505E-001
57.5692628 2.00068380989024E-001 2.07817415253305E-001
57.6692484 1.99141389125912E-001 2.06841228876349E-001
57.7692379 1.98220175284546E-001 2.05871212284976E-001
57.8692236 1.97304763807734E-001 2.04907389747321E-001
57.9692132 1.96395039350833E-001 2.03949638469962E-001
58.0691990 1.95491026250642E-001 2.02997982741039E-001
58.1691849 1.94592645057233E-001 2.02052337600408E-001
58.2691746 1.93699817603334E-001 2.01112619469612E-001
58.3691605 1.92812568206466E-001 2.00178852654563E-001
58.4691503 1.91930785787311E-001 1.99250918977897E-001
58.5691363 1.91054494644020E-001 1.98328842749604E-001
58.6691224 1.90183618466608E-001 1.97412542422348E-001
58.7691123 1.89318082171751E-001 1.96501937769197E-001
58.8690985 1.88457910019308E-001 1.95597053095232E-001
58.9690885 1.87602994998047E-001 1.94697774622250E-001
59.0690747 1.86753361336438E-001 1.93804126645056E-001
59.1690610 1.85908935711665E-001 1.92916030860462E-001
59.2690511 1.85069645974520E-001 1.92033410227672E-001
59.3690374 1.84235516298097E-001 1.91156289016149E-001
59.4690277 1.83406443552875E-001 1.90284557642086E-001
59.5690141 1.82582451869775E-001 1.89418240351754E-001
59.6690006 1.81763470769124E-001 1.88557261927255E-001
59.7689909 1.80949430894552E-001 1.87701548358130E-001
59.8689774 1.80140356306289E-001 1.86851123846934E-001
59.9689678 1.79336147580320E-001 1.86005882810840E-001
60.0689545 1.78536828725042E-001 1.85165849417599E-001
60.1689411 1.77742331968061E-001 1.84330951384895E-001
60.2689316 1.76952590612581E-001 1.83501117585771E-001
60.3689184 1.76167628582602E-001 1.82676372127767E-001
60.4689090 1.75387349992941E-001 1.81856613246243E-001
60.5688958 1.74611778707133E-001 1.81041865003524E-001
60.6688827 1.73840849531848E-001 1.80232057911710E-001
60.7688734 1.73074498304077E-001 1.79427123588883E-001
60.8688603 1.72312748790728E-001 1.78627086022372E-001
60.9688511 1.71555508487712E-001 1.77831847092885E-001
61.0688381 1.70802801093774E-001 1.77041430733217E-001
61.1688251 1.70054563873580E-001 1.76255770116711E-001
61.2688160 1.69310735079135E-001 1.75474799475850E-001
61.3688031 1.68571338301665E-001 1.74698542655214E-001
61.4687941 1.67836284268828E-001 1.73926905017347E-001
61.5687813 1.67105596496847E-001 1.73159910343971E-001
61.6687685 1.66379214594013E-001 1.72397494343975E-001
61.7687596 1.65657079115127E-001 1.71639593740921E-001
61.8687469 1.64939213459232E-001 1.70886232216532E-001
61.9687381 1.64225531444251E-001 1.70137318460421E-001
62.0687254 1.63516056388167E-001 1.69392876084036E-001
62.1687128 1.62810730134792E-001 1.68652843213101E-001
62.2687041 1.62109495435651E-001 1.67917158945797E-001
62.3686916 1.61412375483007E-001 1.67185846783092E-001
62.4686829 1.60719287050955E-001 1.66458818595107E-001
62.5686704 1.60030253245350E-001 1.65736097805953E-001
62.6686580 1.59345218043304E-001 1.65017624846026E-001
62.7686494 1.58664126292756E-001 1.64303341078082E-001
62.8686371 1.57987000966322E-001 1.63593269806459E-001
62.9686286 1.57313761667124E-001 1.62887325942927E-001
63.0686163 1.56644431276676E-001 1.62185532709149E-001
63.1686040 1.55978955808680E-001 1.61487832734169E-001
63.2685918 1.55317307280207E-001 1.60794195924703E-001
63.3685872 1.54659407906839E-001 1.60104539994037E-001
63.4685751 1.54005330572657E-001 1.59418940604614E-001
63.5685630 1.53354997686862E-001 1.58737315688520E-001
63.6685509 1.52708382231420E-001 1.58059636203297E-001
63.7685388 1.52065457423391E-001 1.57385873362431E-001
63.8685344 1.51426148079182E-001 1.56715947672161E-001
63.9685224 1.50790525422128E-001 1.56049933064491E-001
64.0685105 1.50158514448434E-001 1.55387750248926E-001
64.1684986 1.49530089291883E-001 1.54729371436659E-001
64.2684867 1.48905224309656E-001 1.54074769081931E-001
64.3684824 1.48283846809826E-001 1.53423866364976E-001
64.4684706 1.47666026396925E-001 1.52776735530805E-001
64.5684588 1.47051690545935E-001 1.52133299948442E-001
64.6684470 1.46440814485327E-001 1.51493533019769E-001
64.7684353 1.45833373655940E-001 1.50857408377566E-001
64.8684312 1.45229297753829E-001 1.50224851763158E-001
64.9684195 1.44628654805714E-001 1.49595933777068E-001
65.0684079 1.44031374662535E-001 1.48970580335915E-001
65.1683963 1.43437433593551E-001 1.48348765972910E-001
65.2683847 1.42846808069977E-001 1.47730465440704E-001
65.3683808 1.42259430077323E-001 1.47115606934513E-001
65.4683692 1.41675366104540E-001 1.46504259451922E-001
65.5683578 1.41094548280804E-001 1.45896351350852E-001
65.6683463 1.40516953865281E-001 1.45291858239854E-001
65.7683349 1.39942560309265E-001 1.44690755936107E-001
65.8683311 1.39371301794054E-001 1.44092974986876E-001
65.9683197 1.38803243309924E-001 1.43498582827418E-001
66.0683084 1.38238319171371E-001 1.42907510155957E-001
66.1682971 1.37676507579422E-001 1.42319733603552E-001
66.2682858 1.37117786917944E-001 1.41735229999681E-001
66.3682821 1.36562093474942E-001 1.41153932146872E-001
66.4682709 1.36009490780169E-001 1.40575905957711E-001
66.5682597 1.35459915245059E-001 1.40001084374729E-001
66.6682485 1.34913345967104E-001 1.39429445001609E-001
66.7682374 1.34369762217863E-001 1.38860965630820E-001
66.8682339 1.33829102307291E-001 1.38295581228127E-001
66.9682228 1.33291428341839E-001 1.37733356222167E-001
67.0682118 1.32756678745765E-001 1.37174225708482E-001
67.1682007 1.32224833470128E-001 1.36618168216273E-001
67.2681897 1.31695872631756E-001 1.36065162454423E-001
67.3681864 1.31169736481877E-001 1.35515145464404E-001
67.4681754 1.30646485739933E-001 1.34968180228683E-001
67.5681645 1.30126060762939E-001 1.34424203908963E-001
67.6681536 1.29608442314955E-001 1.33883195915455E-001
67.7681428 1.29093611317964E-001 1.33345135829442E-001
67.8681396 1.28581509887641E-001 1.32809962684813E-001
67.9681288 1.28072197391806E-001 1.32277738054716E-001
68.0681180 1.27565616043970E-001 1.31748401084360E-001
68.1681072 1.27061747382822E-001 1.31221932022887E-001
68.2680965 1.26560573097559E-001 1.30698311282383E-001
68.3680934 1.26062037095117E-001 1.30177479809856E-001
68.4680827 1.25566197426181E-001 1.29659497805075E-001
68.5680721 1.25072998088095E-001 1.29144306318051E-001
68.6680615 1.24582421357878E-001 1.28631886397076E-001
68.7680509 1.24094449656023E-001 1.28122219245688E-001
68.8680479 1.23609028610989E-001 1.27615247648508E-001
68.9680374 1.23126214989924E-001 1.27111030466950E-001
69.0680269 1.22645954504756E-001 1.26609510580866E-001
69.1680164 1.22168230136458E-001 1.26110669800060E-001
69.2680059 1.21693025002830E-001 1.25614490082305E-001
69.3680031 1.21220286387361E-001 1.25120915977885E-001
69.4679927 1.20750069806391E-001 1.24630005043999E-001
69.5679823 1.20282322620399E-001 1.24141701918908E-001
69.6679719 1.19817028481768E-001 1.23655989138313E-001
69.7679615 1.19354171173408E-001 1.23172849378989E-001
69.8679589 1.18893699570424E-001 1.22692228888315E-001
69.9679486 1.18435667970225E-001 1.22214183952537E-001
70.0679383 1.17980025318853E-001 1.21738660900230E-001
70.1679281 1.17526755909269E-001 1.21265642959273E-001
70.2679178 1.17075844158989E-001 1.20795113492089E-001
70.3679153 1.16627240474233E-001 1.20327020377774E-001
70.4679051 1.16180997964519E-001 1.19861418664011E-001
70.5678949 1.15737067101348E-001 1.19398256304764E-001
70.6678848 1.15295432789037E-001 1.18937517188149E-001
70.7678747 1.14856080050800E-001 1.18479185330646E-001
70.8678723 1.14418960766230E-001 1.18023210180706E-001
70.9678622 1.13984126887167E-001 1.17569645579003E-001
71.0678522 1.13551530353199E-001 1.17118441042938E-001
71.1678422 1.13121156652298E-001 1.16669581090611E-001
71.2678322 1.12692991385968E-001 1.16223050362626E-001
71.3678299 1.12266987852038E-001 1.15778799817283E-001
71.4678200 1.11843196874086E-001 1.15336882118964E-001
71.5678100 1.11421571805001E-001 1.14897248289396E-001
71.6678002 1.11002098690137E-001 1.14459883447981E-001
71.7677903 1.10584763683290E-001 1.14024772831073E-001
71.8677881 1.10169521447869E-001 1.13591868850026E-001
71.9677783 1.09756421707816E-001 1.13161223022832E-001
72.0677685 1.09345419176983E-001 1.12732787819107E-001
72.1677587 1.08936500433183E-001 1.12306548932367E-001
72.2677489 1.08529652157841E-001 1.11882492167811E-001
72.3677468 1.08124830329631E-001 1.11460571335610E-001
72.4677371 1.07722083600714E-001 1.11040836836472E-001
72.5677275 1.07321367995898E-001 1.10623242534007E-001
72.6677178 1.06922670601798E-001 1.10207774670054E-001
72.7677082 1.06525978604057E-001 1.09794419593138E-001
72.8677062 1.06131249248526E-001 1.09383132460436E-001
72.9676966 1.05738530142692E-001 1.08973962583706E-001
73.0676870 1.05347778574510E-001 1.08566865169056E-001
73.1676774 1.04958982116941E-001 1.08161826982177E-001
73.2676679 1.04572128437618E-001 1.07758834890707E-001
73.3676660 1.04187176003592E-001 1.07357845349324E-001
73.4676565 1.03804171404045E-001 1.06958906608399E-001
73.5676471 1.03423073144369E-001 1.06561975167330E-001
73.6676376 1.03043869262538E-001 1.06167038292436E-001
73.7676282 1.02666547887069E-001 1.05774083347479E-001
73.8676264 1.02291068662232E-001 1.05383068037317E-001
73.9676171 1.01917477184564E-001 1.04994039577756E-001
74.0676077 1.01545733133160E-001 1.04606955714439E-001
74.1675984 1.01175824990752E-001 1.04221804192260E-001
74.2675890 1.00807741326675E-001 1.03838572849277E-001
74.3675874 1.00441442920349E-001 1.03457220595280E-001
74.4675781 1.00076974400623E-001 1.03077793637605E-001
74.5675688 9.97142965784536E-002 1.02700250923148E-001
74.6675596 9.93533983620669E-002 1.02324580654430E-001
74.7675504 9.89942687425622E-002 1.01950771123078E-001
74.8675488 9.86368695942333E-002 1.01578782400523E-001
74.9675396 9.82812446025232E-002 1.01208659711024E-001
75.0675305 9.79273556701941E-002 1.00840363159685E-001
75.1675213 9.75751921126629E-002 1.00473881386753E-001
75.2675122 9.72247433246671E-002 1.00109203117723E-001
75.3675108 9.68759722368227E-002 9.97462895442538E-002
75.4675017 9.65289216147808E-002 9.93851849322213E-002
75.5674926 9.61835544147585E-002 9.90258505037449E-002
75.6674836 9.58398603419540E-002 9.86682753178863E-002
75.7674746 9.54978291775071E-002 9.83124485152816E-002
75.8674732 9.51574248714331E-002 9.79583323681729E-002
75.9674642 9.48186892925612E-002 9.76059702080771E-002
76.0674553 9.44815864138297E-002 9.72553243346981E-002
76.1674463 9.41461063136570E-002 9.69063842079261E-002
76.2674374 9.38122391431880E-002 9.65591393657366E-002
76.3674361 9.34799498364650E-002 9.62135531229957E-002
76.4674273 9.31492793878366E-002 9.58696679002288E-002
76.5674184 9.28201927517671E-002 9.55274470369631E-002
76.6674096 9.24926803641355E-002 9.51868803768143E-002
76.7674007 9.21667327304882E-002 9.48479578381631E-002
76.8673996 9.18423157349970E-002 9.45106437421436E-002
76.9673908 9.15194695192586E-002 9.41749796210175E-002
77.0673820 9.11981599855316E-002 9.38409298179642E-002
77.1673732 9.08783779121554E-002 9.35084845440525E-002
77.2673645 9.05601141442234E-002 9.31776340819578E-002
77.3673634 9.02433354835429E-002 9.28483437242488E-002
77.4673547 8.99280812400921E-002 9.25206541370295E-002
77.5673461 8.96143182315854E-002 9.21945306324715E-002
77.6673374 8.93020375645386E-002 9.18699637736113E-002
77.7673288 8.89912304094482E-002 9.15469441920859E-002
77.8673278 8.86818644545989E-002 9.12254381185140E-002
77.9673192 8.83739781989038E-002 9.09054853743430E-002
78.0673106 8.80675393445206E-002 9.05870522075144E-002
78.1673020 8.77625393125373E-002 9.02701295182910E-002
78.2672935 8.74589695853802E-002 8.99547082726732E-002
78.3672925 8.71567987079251E-002 8.96407556073255E-002
78.4672840 8.68560643880109E-002 8.93283105199492E-002
78.5672755 8.65567351824879E-002 8.90173401624029E-002
78.6672671 8.62588028140552E-002 8.87078357581377E-002
78.7672586 8.59622590642316E-002 8.83997885936159E-002
78.8672578 8.56670733058098E-002 8.80931666808554E-002
78.9672493 8.53732824749958E-002 8.77880082141494E-002
79.0672409 8.50808559547863E-002 8.74842812187236E-002
79.1672325 8.47897857571384E-002 8.71819772278458E-002
79.2672242 8.45000639504282E-002 8.68810878351969E-002
79.3672234 8.42116607078454E-002 8.65815818987068E-002
79.4672151 8.39246122128723E-002 8.62834968290404E-002
79.5672068 8.36388886472516E-002 8.59868014954823E-002
79.6671985 8.33544823004218E-002 8.56914877283752E-002
79.7671902 8.30713855159523E-002 8.53975474160001E-002
79.8671895 8.27895692410100E-002 8.51049502339476E-002
79.9671813 8.25090689247446E-002 8.48137328284925E-002
80.0671730 8.22298555213366E-002 8.45238648848518E-002
80.1671648 8.19519215864770E-002 8.42353385182998E-002
80.2671566 8.16752597278044E-002 8.39481458996889E-002
80.3671560 8.13998416410923E-002 8.36622574951546E-002
80.4671478 8.11257020590454E-002 8.33777092052924E-002
80.5671397 8.08528126830168E-002 8.30944715042528E-002
80.6671315 8.05811663242379E-002 8.28125367806632E-002
80.7671234 8.03107558438055E-002 8.25318974764795E-002
80.8671229 8.00415536617302E-002 8.22525248223480E-002
80.9671148 7.97735938116694E-002 8.19744539913830E-002
81.0671067 7.95068487178779E-002 8.16976562207440E-002
81.1670987 7.92413114369070E-002 8.14221241613703E-002
81.2670906 7.89769750731865E-002 8.11478505153828E-002
81.3670902 7.87138127475488E-002 8.08748072529363E-002
81.4670822 7.84518578115275E-002 8.06030288373647E-002
81.5670742 7.81910833889554E-002 8.03324872439364E-002
81.6670662 7.79314827719499E-002 8.00631753753691E-002
81.7670583 7.76730492986098E-002 7.97950861835146E-002
81.8670579 7.74157567680855E-002 7.95281923540176E-002
81.9670500 7.71596378662473E-002 7.92625276576477E-002
82.0670421 7.69046663940890E-002 7.89980647838601E-002
82.1670342 7.66508358699818E-002 7.87347968771002E-002
82.2670263 7.63981398564668E-002 7.84727171289928E-002
82.3670260 7.61465528093790E-002 7.82117989175934E-002
82.4670182 7.58961067649370E-002 7.79520753378530E-002
82.5670103 7.56467761797431E-002 7.76935197704247E-002
82.6670025 7.53985547895297E-002 7.74361255918881E-002
82.7669947 7.51514363724691E-002 7.71798862241358E-002
82.8669945 7.49053960202774E-002 7.69247757154509E-002
82.9669867 7.46604651350985E-002 7.66708265012555E-002
83.0669790 7.44166188084154E-002 7.64180126313017E-002
83.1669712 7.41738509848277E-002 7.61663277051434E-002
83.2669635 7.39321556497227E-002 7.59157653658664E-002
83.3669634 7.36915085106875E-002 7.56663003106535E-002
83.4669556 7.34519403509443E-002 7.54179643312435E-002
83.5669479 7.32134268769184E-002 7.51707321252389E-002
83.6669403 7.29759622339615E-002 7.49245975064212E-002
83.7669326 7.27395406066331E-002 7.46795543304014E-002
83.8669326 7.25041382991407E-002 7.44355779227518E-002
83.9669249 7.22697854905260E-002 7.41926994469424E-002
84.0669173 7.20364584829723E-002 7.39508942279901E-002
84.1669097 7.18041516148273E-002 7.37101562855478E-002
84.2669021 7.15728592621367E-002 7.34704796794717E-002
84.3669022 7.13425583072016E-002 7.32318403439937E-002
84.4668946 7.11132783392260E-002 7.29942688293112E-002
84.5668870 7.08849962376873E-002 7.27577410681955E-002
84.6668795 7.06577065265147E-002 7.25222512781860E-002
84.7668720 7.04314037658922E-002 7.22877937154723E-002
84.8668721 7.02060653983810E-002 7.20543449039624E-002
84.9668646 6.99817204373022E-002 7.18219347951699E-002
85.0668571 6.97583463216523E-002 7.15905399107026E-002
85.1668496 6.95359377538527E-002 7.13601546583555E-002
85.2668422 6.93144894711993E-002 7.11307734830880E-002
85.3668424 6.90939794593426E-002 7.09023734802143E-002
85.4668349 6.88744361692987E-002 7.06749840167588E-002
85.5668275 6.86558375824682E-002 7.04485821849564E-002
85.6668201 6.84381785729837E-002 7.02231625755621E-002
85.7668127 6.82214540485320E-002 6.99987198150746E-002
85.8668130 6.80056425213169E-002 6.97752315526261E-002
85.9668056 6.77907718932619E-002 6.95527265845625E-002
86.0667983 6.75768206716861E-002 6.93311825562151E-002
86.1667909 6.73637838959469E-002 6.91105942343219E-002
86.2667836 6.71516566376926E-002 6.88909564200070E-002
86.3667839 6.69404179197494E-002 6.86722472992837E-002
86.4667766 6.67300951078063E-002 6.84544951112582E-002
86.5667694 6.65206672192198E-002 6.82376780374765E-002
86.6667621 6.63121294523643E-002 6.80217910139862E-002
86.7667548 6.61044770366960E-002 6.78068290099217E-002
86.8667552 6.58976894903154E-002 6.75927707318667E-002
86.9667480 6.56917936551892E-002 6.73796438747641E-002
87.0667408 6.54867690434076E-002 6.71674271401128E-002
87.1667336 6.52826110064208E-002 6.69561156268861E-002
87.2667264 6.50793149256031E-002 6.67457044658998E-002
87.3667268 6.48768607995366E-002 6.65361728685931E-002
87.4667197 6.46752749586431E-002 6.63275479984718E-002
87.5667125 6.44745373949968E-002 6.61198090613207E-002
87.6667054 6.42746436074352E-002 6.59129513129282E-002
87.7666983 6.40755891236116E-002 6.57069700397351E-002
87.8666988 6.38773544083291E-002 6.55018449428934E-002
87.9666917 6.36799652923183E-002 6.52976026668565E-002
88.0666846 6.34834022334164E-002 6.50942229065968E-002
88.1666775 6.32876608724014E-002 6.48917010688691E-002
88.2666705 6.30927368778051E-002 6.46900325899412E-002
88.3666710 6.28986111669019E-002 6.44891976460828E-002
88.4666640 6.27053090822679E-002 6.42892223747486E-002
88.5666570 6.25128115337915E-002 6.40900869455451E-002
88.6666500 6.23211142989730E-002 6.38917869105936E-002
88.7666429 6.21302131820501E-002 6.36943178504374E-002
88.8666436 6.19400895395075E-002 6.34976604023930E-002
88.9666366 6.17507682369974E-002 6.33018402086486E-002
89.0666296 6.15622306232337E-002 6.31068378994135E-002
89.1666227 6.13744726074402E-002 6.29126491668123E-002
89.2666157 6.11874901246041E-002 6.27192697303467E-002
89.3666164 6.10012649576281E-002 6.25266806748118E-002
89.4666095 6.08158215061739E-002 6.23349071585498E-002
89.5666026 6.06311415450212E-002 6.21439302588408E-002
89.6665957 6.04472211103272E-002 6.19537458026756E-002
89.7665889 6.02640562630786E-002 6.17643496434206E-002
89.8665896 6.00816292002533E-002 6.15757233002630E-002
89.9665828 5.98999638661666E-002 6.13878914588160E-002
90.0665759 5.97190424493522E-002 6.12008356303781E-002
90.1665691 5.95388611083089E-002 6.10145517718839E-002
90.2665622 5.93594160254699E-002 6.08290358656844E-002
90.3665631 5.91806897999762E-002 6.06442698527333E-002
90.4665563 5.90027059311605E-002 6.04602779567379E-002
90.5665495 5.88254470094273E-002 6.02770421104220E-002
90.6665427 5.86489093112150E-002 6.00945583959470E-002
90.7665359 5.84730891360377E-002 5.99128229199703E-002
90.8665368 5.82979694737011E-002 5.97318180330302E-002
90.9665301 5.81235733886467E-002 5.95515675074648E-002
91.0665233 5.79498838616777E-002 5.93720536852709E-002
91.1665166 5.77768972829510E-002 5.91932727693147E-002
91.2665099 5.76046100648753E-002 5.90152209860760E-002
91.3665108 5.74330055768189E-002 5.88378810839195E-002
91.4665041 5.72621064581585E-002 5.86612763940739E-002
91.5664975 5.70918960690201E-002 5.84853896560793E-002
91.6664908 5.69223709092293E-002 5.83102171891704E-002
91.7664842 5.67535275000741E-002 5.81357553353507E-002
91.8664851 5.65853495797640E-002 5.79619872294598E-002
91.9664785 5.64178593721806E-002 5.77889357716073E-002
92.0664719 5.62510406060751E-002 5.76165840875523E-002
92.1664653 5.60848898870574E-002 5.74449286087403E-002
92.2664587 5.59194038414418E-002 5.72739657885743E-002
92.3664597 5.57545665659234E-002 5.71036791374092E-002
92.4664531 5.55903998782087E-002 5.69340911339638E-002
92.5664466 5.54268878653406E-002 5.67651852792811E-002
92.6664400 5.52640272349854E-002 5.65969581130284E-002
92.7664335 5.51018147147869E-002 5.64294061960531E-002
92.8664346 5.49402347499207E-002 5.62625134036401E-002
92.9664281 5.47793087609959E-002 5.60963018025919E-002
93.0664215 5.46190211833629E-002 5.59307552586734E-002
93.1664150 5.44593688231669E-002 5.57658704159472E-002
93.2664086 5.43003485058323E-002 5.56016439389093E-002
93.3664097 5.41419450153469E-002 5.54380600575500E-002
93.4664032 5.39841793840655E-002 5.52751404359830E-002
93.5663968 5.38270363859972E-002 5.51128692944919E-002
93.6663903 5.36705129223314E-002 5.49512433778621E-002
93.7663839 5.35146059128662E-002 5.47902594505961E-002
93.8663851 5.33593004710575E-002 5.46299020875098E-002
93.9663787 5.32046172496195E-002 5.44701925590165E-002
94.0663723 5.30505413518940E-002 5.43111154300595E-002
94.1663659 5.28970697708167E-002 5.41526675426221E-002
94.2663595 5.27441995172880E-002 5.39948457577166E-002
94.3663607 5.25919160251984E-002 5.38376349854378E-002
94.4663544 5.24402395760136E-002 5.36810561112535E-002
94.5663480 5.22891555933921E-002 5.35250940352387E-002
94.6663417 5.21386611588482E-002 5.33697456931905E-002
94.7663353 5.19887533712424E-002 5.32150080392738E-002
94.8663366 5.18394179761663E-002 5.30608663096347E-002
94.9663303 5.16906748920126E-002 5.29073410133242E-002
95.0663240 5.15425098540386E-002 5.27544173763390E-002
95.1663177 5.13949200292943E-002 5.26020924250398E-002
95.2663114 5.12479026015823E-002 5.24503632035212E-002
95.3663128 5.11014436197477E-002 5.22992152650582E-002
95.4663065 5.09555626470778E-002 5.21486687505951E-002
95.5663002 5.08102457219963E-002 5.19987092031455E-002
95.6662940 5.06654900941657E-002 5.18493337365124E-002
95.7662878 5.05212930294304E-002 5.17005394816233E-002
95.8662892 5.03776408717188E-002 5.15523123002558E-002
95.9662829 5.02345528369754E-002 5.14046719733436E-002
96.0662767 5.00920152586344E-002 5.12576043523060E-002
96.1662705 4.99500254661613E-002 5.11111066353895E-002
96.2662643 4.98085808046549E-002 5.09651760373801E-002
96.3662658 4.96676679052222E-002 5.08197987202145E-002
96.4662596 4.95273056440308E-002 5.06749941127045E-002
96.5662535 4.93874806416334E-002 5.05307483663466E-002
96.6662473 4.92481903045982E-002 5.03870587609496E-002
96.7662412 4.91094320545991E-002 5.02439225922993E-002
96.8662427 4.89711928022733E-002 5.01013263144208E-002
96.9662365 4.88334910913842E-002 4.99592890116916E-002
97.0662304 4.86963138219666E-002 4.98177971276277E-002
97.1662243 4.85596584750954E-002 4.96768480208317E-002
97.2662182 4.84235225464436E-002 4.95364390653416E-002
97.3662198 4.82878932187754E-002 4.93965569994619E-002
97.4662137 4.81527887106374E-002 4.92572205706282E-002
97.5662076 4.80181961941547E-002 4.91184165065800E-002
97.6662016 4.78841132224122E-002 4.89801422420515E-002
97.7661955 4.77505373626055E-002 4.88423952266920E-002
97.8661971 4.76174560624595E-002 4.87051624755289E-002
97.9661911 4.74848872223091E-002 4.85684624063577E-002
98.0661851 4.73528182792146E-002 4.84322820235969E-002
98.1661791 4.72212468558699E-002 4.82966188355525E-002
98.2661730 4.70901705886108E-002 4.81614703649467E-002
98.3661747 4.69595771831847E-002 4.80268238962150E-002
98.4661687 4.68294842285442E-002 4.78926975246305E-002
98.5661627 4.66998794197560E-002 4.77590785239873E-002
98.6661568 4.65707604468140E-002 4.76259644737030E-002
98.7661508 4.64421250129019E-002 4.74933529671299E-002
98.8661525 4.63139610750711E-002 4.73612315510315E-002
98.9661465 4.61862859175498E-002 4.72296180050963E-002
99.0661406 4.60590874867019E-002 4.70984998654241E-002
99.1661347 4.59323635375986E-002 4.69678747801764E-002
99.2661288 4.58061118380669E-002 4.68377404109872E-002
99.3661305 4.56803205899546E-002 4.67080845600922E-002
99.4661246 4.55550067792569E-002 4.65789246983589E-002
99.5661187 4.54301585971362E-002 4.64502486173465E-002
99.6661128 4.53057738616026E-002 4.63220540316834E-002
99.7661070 4.51818504030044E-002 4.61943386690256E-002
99.8661087 4.50583766616818E-002 4.60670905804415E-002
99.9661029 4.49353693317269E-002 4.59403269345721E-002
100.0660970 4.48128168428045E-002 4.58140357718053E-002
100.1660912 4.46907170738059E-002 4.56882148710458E-002
100.2660854 4.45690679155574E-002 4.55628620237969E-002
100.3660872 4.44478580407846E-002 4.54379655235289E-002
100.4660814 4.43271038578486E-002 4.53135422430857E-002
100.5660756 4.42067940288167E-002 4.51895804652619E-002
100.6660698 4.40869264914793E-002 4.50660780311290E-002
100.7660640 4.39674991951752E-002 4.49430327939459E-002
100.8660658 4.38485010390959E-002 4.48204332833540E-002
100.9660601 4.37299481518916E-002 4.46982960826701E-002
101.0660543 4.36118294221200E-002 4.45766097108728E-002
101.1660486 4.34941428445633E-002 4.44553720691712E-002
101.2660428 4.33768864251788E-002 4.43345810705650E-002
101.3660447 4.32600492838877E-002 4.42142254748305E-002
101.4660390 4.31436472755002E-002 4.40943215818711E-002
101.5660333 4.30276695093345E-002 4.39748581408200E-002
101.6660275 4.29121140353270E-002 4.38558331110699E-002
101.7660218 4.27969789142302E-002 4.37372444634221E-002
101.8660238 4.26822534811340E-002 4.36190811819373E-002
101.9660181 4.25679533227351E-002 4.35013592890685E-002
102.0660124 4.24540677635573E-002 4.33840677582602E-002
102.1660067 4.23405949069215E-002 4.32672046052070E-002
102.2660011 4.22275328666190E-002 4.31507678566439E-002
102.3660031 4.21148711875167E-002 4.30347467152461E-002
102.4659974 4.20026251937842E-002 4.29191569318318E-002
102.5659918 4.18907844197644E-002 4.28039876984924E-002
102.6659861 4.17793470204581E-002 4.26892370854122E-002
102.7659805 4.16683111610030E-002 4.25749031734618E-002
102.8659825 4.15576665908147E-002 4.24609753784332E-002
102.9659769 4.14474283769853E-002 4.23474691851828E-002
103.0659713 4.13375862584535E-002 4.22343739989575E-002
103.1659657 4.12281384402576E-002 4.21216879426858E-002
103.2659601 4.11190831372508E-002 4.20094091496411E-002
103.3659622 4.10104102983265E-002 4.18975272434021E-002
103.4659566 4.09021347388164E-002 4.17860574483975E-002
103.5659511 4.07942463971888E-002 4.16749893777046E-002
103.6659455 4.06867435269360E-002 4.15643212053146E-002
103.7659400 4.05796243910557E-002 4.14540511152344E-002
103.8659421 4.04728791330000E-002 4.13441689336603E-002
103.9659365 4.03665223215278E-002 4.12346896299919E-002
104.0659310 4.02605440897227E-002 4.11256030199733E-002
104.1659255 4.01549427380048E-002 4.10169073270374E-002
104.2659200 4.00497165760016E-002 4.09086007843161E-002
104.3659221 3.99448559369516E-002 4.08006734156099E-002
104.4659166 3.98403751481031E-002 4.06931399405566E-002
104.5659112 3.97362645323865E-002 4.05859903725579E-002
104.6659057 3.96325224356790E-002 4.04792229829268E-002
104.7659002 3.95291472127772E-002 4.03728360523699E-002
104.8659024 3.94261293820753E-002 4.02668197974277E-002
104.9658969 3.93234830342511E-002 4.01611886931166E-002
105.0658915 3.92211986774546E-002 4.00559329456360E-002
105.1658860 3.91192747016015E-002 3.99510508726735E-002
105.2658806 3.90177095052496E-002 3.98465408010160E-002
105.3658828 3.89164937874543E-002 3.97423931352251E-002
105.4658774 3.88156414071444E-002 3.96386221107111E-002
105.5658720 3.87151430531985E-002 3.95352181217559E-002
105.6658666 3.86149971582031E-002 3.94321795309706E-002
105.7658612 3.85152021631189E-002 3.93295047097811E-002
105.8658634 3.84157489433003E-002 3.92271842461912E-002
105.9658580 3.83166511306325E-002 3.91252321408990E-002
106.0658527 3.82178995903639E-002 3.90236389716939E-002
106.1658473 3.81194927964322E-002 3.89224031447106E-002
106.2658419 3.80214292308909E-002 3.88215230746244E-002
106.3658442 3.79236999411586E-002 3.87209895284368E-002
106.4658389 3.78263183366704E-002 3.86208162769111E-002
106.5658335 3.77292754548118E-002 3.85209940769027E-002
106.6658282 3.76325698095990E-002 3.84215213767198E-002
106.7658229 3.75361999229149E-002 3.83223966329477E-002
106.8658252 3.74401570101299E-002 3.82236107872708E-002
106.9658199 3.73444542627130E-002 3.81251773851804E-002
107.0658146 3.72490828860776E-002 3.80270873582865E-002
107.1658093 3.71540414330901E-002 3.79293391957692E-002
107.2658040 3.70593284642435E-002 3.78319313948304E-002
107.3658063 3.69649353588667E-002 3.77348550676492E-002
107.4658011 3.68708750948403E-002 3.76381235389964E-002
107.5657958 3.67771390416145E-002 3.75417279110507E-002
107.6657905 3.66837257897211E-002 3.74456667126077E-002
107.7657853 3.65906339370859E-002 3.73499384802390E-002
107.8657877 3.64978550231187E-002 3.72545344925515E-002
107.9657824 3.64054018163848E-002 3.71594678580380E-002
108.0657772 3.63132658464956E-002 3.70647298453818E-002
108.1657720 3.62214457405039E-002 3.69703190217817E-002
108.2657667 3.61299401326331E-002 3.68762339619758E-002
108.3657692 3.60387407186056E-002 3.67824661070485E-002
108.4657639 3.59478600618456E-002 3.66890283535530E-002
108.5657587 3.58572898483594E-002 3.65959121327291E-002
108.6657536 3.57670287406170E-002 3.65031160490096E-002
108.7657484 3.56770754080425E-002 3.64106387141371E-002
108.8657508 3.55874216990112E-002 3.63184717278374E-002
108.9657456 3.54980799758808E-002 3.62266277789594E-002
109.0657405 3.54090420773944E-002 3.61350984574651E-002
