0.0053140 7.66623498186022E+000 2.73711539672033E+003
0.0210792 2.94420506306241E+001 2.67710538599187E+003
0.0467942 6.20406129190121E+001 2.58301832093973E+003
0.0817065 1.01058813506643E+002 2.46236616132158E+003
0.1249105 1.42047053114623E+002 2.32347194421975E+003
0.1754417 1.81309127010258E+002 2.17425317205202E+003
0.2323515 2.16275696607882E+002 2.02143984638875E+003
0.2947571 2.45511216411779E+002 1.87024447550274E+003
0.3618673 2.68507368493318E+002 1.72437121334868E+003
0.4329916 2.85406570047338E+002 1.58621508205106E+003
0.5075377 2.96744615562678E+002 1.45713513929494E+003
0.5850032 3.03251099922138E+002 1.33772498839768E+003
0.6649650 3.05712755725847E+002 1.22804595240125E+003
0.7470680 3.04889817377724E+002 1.12781031945408E+003
0.8310139 3.01471158812287E+002 1.03651868060549E+003
0.9165527 2.96055221700492E+002 9.53556304826387E+002
1.0034738 2.89146629744023E+002 8.78259340848162E+002
1.0915995 2.81161526596764E+002 8.09958144134492E+002
1.1807797 2.72437048326263E+002 7.48003942960048E+002
1.2708868 2.63242336764520E+002 6.91785053289125E+002
1.3618115 2.53789368194396E+002 6.40734750906216E+002
1.4534610 2.44242871415900E+002 5.94334251104674E+002
1.5457546 2.34729197622011E+002 5.52113378776487E+002
1.6386236 2.25343602219998E+002 5.13647891200390E+002
1.7320075 2.16156648346951E+002 4.78557363174163E+002
1.8258543 2.07219172587805E+002 4.46501075406534E+002
1.9201186 1.98566527673560E+002 4.17174703003902E+002
2.0147601 1.90222013728531E+002 3.90306916955250E+002
2.1097440 1.82199443438329E+002 3.65655504676460E+002
2.2050388 1.74505464420639E+002 3.43004720331204E+002
2.3006174 1.67141144408827E+002 3.22161965799362E+002
2.3964555 1.60103395854632E+002 3.02955370201177E+002
2.4925310 1.53386099315708E+002 2.85231562069929E+002
2.5888248 1.46980834558723E+002 2.68853266757019E+002
2.6853193 1.40877671879679E+002 2.53697790187456E+002
2.7819988 1.35065580243586E+002 2.39655094986181E+002
2.8788497 1.29532876911222E+002 2.26626479111222E+002
2.9758588 1.24267572396844E+002 2.14523377691907E+002
3.0730149 1.19257515231288E+002 2.03266023463300E+002
3.1703074 1.14490670370313E+002 1.92782684938143E+002
3.2677268 1.09955166431600E+002 1.83008597910701E+002
3.3652646 1.05639440689298E+002 1.73885302942561E+002
3.4629133 1.01532276356172E+002 1.65359897694394E+002
3.5606650 9.76229266880050E+001 1.57384596059267E+002
3.6585133 9.39010273421362E+001 1.49915954096425E+002
3.7564523 9.03566923283280E+001 1.42914566193437E+002
3.8544764 8.69805005771410E+001 1.36344607935710E+002
3.9525810 8.37634799969423E+001 1.30173439808520E+002
4.0507604 8.06971614076961E+001 1.24371396759737E+002
4.1490108 7.77734757195998E+001 1.18911322137468E+002
4.2473280 7.49848021659168E+001 1.13768429516583E+002
4.3457083 7.23239366882590E+001 1.08920043006989E+002
4.4441489 6.97840628601165E+001 1.04345371632028E+002
4.5426454 6.73587817255850E+001 1.00025412812773E+002
4.6411954 6.50420208047422E+001 9.59426585740552E+001
4.7397961 6.28280646813265E+001 9.20810381050467E+001
4.8384450 6.07115244364192E+001 8.84257646108409E+001
4.9371399 5.86873104430732E+001 8.49632020056838E+001
5.0358779 5.67506533038893E+001 8.16808247410341E+001
5.1346571 5.48970293735222E+001 7.85670241549816E+001
5.2334756 5.31221838709696E+001 7.56110901258325E+001
5.3323316 5.14221058277603E+001 7.28031172846704E+001
5.4312238 4.97930060431135E+001 7.01339232738829E+001
5.5301496 4.82313341220114E+001 6.75950363527523E+001
5.6291079 4.67337189370997E+001 6.51785624352228E+001
5.7280973 4.52969877877876E+001 6.28771853088444E+001
5.8271164 4.39181469365716E+001 6.06841070744769E+001
5.9261644 4.25943645713050E+001 5.85929962011674E+001
6.0252392 4.13229855862706E+001 5.65979885758204E+001
6.1243401 4.01014841428080E+001 5.46935928449590E+001
6.2234659 3.89274801690637E+001 5.28746990030299E+001
6.3226158 3.77987244795548E+001 5.11365392497549E+001
6.4217891 3.67130857858275E+001 4.94746538468385E+001
6.5209840 3.56685637810863E+001 4.78848983483119E+001
6.6202001 3.46632511466807E+001 4.63633740543904E+001
6.7194366 3.36953479450187E+001 4.49064398948574E+001
6.8186927 3.27631502463605E+001 4.35106858701647E+001
6.9179682 3.18650402167678E+001 4.21729098894358E+001
7.0172613 3.09994977387834E+001 4.08901274889205E+001
7.1165720 3.01650697208906E+001 3.96595193294274E+001
7.2158999 2.93603789242309E+001 3.84784383577820E+001
7.3152432 2.85841340493740E+001 3.73444188350051E+001
7.4146030 2.78350844308852E+001 3.62551049790698E+001
7.5139770 2.71120714087227E+001 3.52083213814945E+001
7.6133666 2.64139675158569E+001 3.42019803815082E+001
7.7127702 2.57397219841744E+001 3.32341442764879E+001
7.8121865 2.50883358598177E+001 3.23029856909772E+001
7.9116168 2.44588414144113E+001 3.14067551696372E+001
8.0110589 2.38503423177193E+001 3.05438356467659E+001
8.1105143 2.32619629508804E+001 2.97126676444685E+001
8.2099815 2.26928870735213E+001 2.89118017956396E+001
8.3094593 2.21423372770830E+001 2.81398673998717E+001
8.4089492 2.16095578944667E+001 2.73955465801458E+001
8.5084489 2.10938492948703E+001 2.66776204632562E+001
8.6079599 2.05945252909535E+001 2.59849079758164E+001
8.7074812 2.01109461772559E+001 2.53163103508387E+001
8.8070112 1.96425016081778E+001 2.46707857808869E+001
8.9065517 1.91885962807518E+001 2.40473284751990E+001
9.0061006 1.87486793645264E+001 2.34450079606433E+001
9.1056593 1.83222084376040E+001 2.28629184281024E+001
9.2052267 1.79086778633974E+001 2.23002166094725E+001
9.3048016 1.75076043992762E+001 2.17561010627527E+001
9.4043856 1.71185150999649E+001 2.12297949635458E+001
9.5039766 1.67409726977992E+001 2.07205796951991E+001
9.6035763 1.63745448516088E+001 2.02277525029720E+001
9.7031836 1.60188286406427E+001 1.97506588787178E+001
9.8027972 1.56734383719349E+001 1.92886754267908E+001
9.9024188 1.53379952796507E+001 1.88411955530258E+001
10.0020464 1.50121495164029E+001 1.84076583039846E+001
10.1016817 1.46955537615535E+001 1.79875126487347E+001
10.2013235 1.43878844636051E+001 1.75802452990939E+001
10.3009707 1.40888314346030E+001 1.71853663868269E+001
10.4006251 1.37980890157519E+001 1.68023974366229E+001
10.5002846 1.35153752182530E+001 1.64308962400251E+001
10.5999509 1.32404089367307E+001 1.60704264858526E+001
10.6996230 1.29729284547445E+001 1.57205817722023E+001
10.7992996 1.27126825044725E+001 1.53809735211705E+001
10.8989827 1.24594226400768E+001 1.50512207775353E+001
10.9986702 1.22129199692337E+001 1.47309717600143E+001
11.0983637 1.19729453697138E+001 1.44198778528973E+001
11.1980623 1.17392856798273E+001 1.41176144268437E+001
11.2977649 1.15117359694844E+001 1.38238705562578E+001
11.3974732 1.12900929165784E+001 1.35383402954648E+001
11.4971853 1.10741694924899E+001 1.32607414338554E+001
11.5969029 1.08637776974098E+001 1.29907930766775E+001
11.6966250 1.06587427832153E+001 1.27282337794618E+001
11.7963505 1.04588965336782E+001 1.24728127335652E+001
11.8960812 1.02640714801995E+001 1.22242822512234E+001
11.9958151 1.00741138418858E+001 1.19824141572395E+001
12.0955540 9.88886838674194E+000 1.17469803483854E+001
12.1952970 9.70819097467168E+000 1.15177686559474E+001
12.2950428 9.53194268434532E+000 1.12945752387354E+001
12.3947934 9.35998473627584E+000 1.10771980669558E+001
12.4945468 9.19218993737548E+000 1.08654513072096E+001
12.5943047 9.02842934703443E+000 1.06591483726884E+001
12.6940662 8.86858337957077E+000 1.04581158555381E+001
12.7938302 8.71253664611803E+000 1.02621869216945E+001
12.8935986 8.56017347767485E+000 1.00711956272930E+001
12.9933693 8.41138808286647E+000 9.88498959233412E+000
13.0931443 8.26607275483917E+000 9.70341514827404E+000
13.1929224 8.12412773318194E+000 9.52632962311169E+000
13.2927027 7.98545665335582E+000 9.35359557408053E+000
13.3924871 7.84996258170843E+000 9.18507580350499E+000
13.4922734 7.71755706154969E+000 9.02064456668395E+000
13.5920637 7.58814964220551E+000 8.86017449690883E+000
13.6918568 7.46165666833979E+000 8.70354747854687E+000
13.7916517 7.33799724853812E+000 8.55064958555349E+000
13.8914504 7.21708972962191E+000 8.40136668918642E+000
13.9912508 7.09885977858533E+000 8.25559440513019E+000
14.0910548 6.98323105165335E+000 8.11322653366824E+000
14.1908615 6.87013305260672E+000 7.97416471729820E+000
14.2906697 6.75949754733899E+000 7.83831397778908E+000
14.3904813 6.65125541706647E+000 7.70557882798858E+000
14.4902944 6.54534390097439E+000 7.57587213011598E+000
14.5901109 6.44169825266573E+000 7.44910483455899E+000
14.6899298 6.34025878739927E+000 7.32519458692817E+000
14.7897500 6.24096768164434E+000 7.20406177578304E+000
14.8895734 6.14376615465927E+000 7.08562607634942E+000
14.9893980 6.04860097791854E+000 6.96981436477181E+000
15.0892259 5.95541699040367E+000 6.85655157558616E+000
15.1890558 5.86416343671012E+000 6.74576839718508E+000
15.2888878 5.77479025697810E+000 6.63739673546524E+000
15.3887200 5.68725059817153E+000 6.53137274090155E+000
15.4885562 5.60149411425259E+000 6.42762867820908E+000
15.5883943 5.51747692935684E+000 6.32610497581650E+000
15.6882343 5.43515487350851E+000 6.22674201466723E+000
15.7880763 5.35448512017989E+000 6.12948209727847E+000
15.8879183 5.27542763163867E+000 6.03427117245625E+000
15.9877640 5.19793911251568E+000 5.94105154131075E+000
16.0876115 5.12198201245566E+000 5.84977268578727E+000
16.1874608 5.04751842259914E+000 5.76038390340006E+000
16.2873119 4.97451155839354E+000 5.67283608196197E+000
16.3871628 4.90292707289321E+000 5.58708326029573E+000
16.4870172 4.83272758517657E+000 5.50307606435623E+000
16.5868734 4.76388083588911E+000 5.42077146631032E+000
16.6867312 4.69635416498119E+000 5.34012615767117E+000
16.7865905 4.63011585746702E+000 5.26109815279801E+000
16.8864496 4.56513633923167E+000 5.18364820429410E+000
16.9863121 4.50138321290204E+000 5.10773387896376E+000
17.0861762 4.43882866400538E+000 5.03331837691352E+000
17.1860417 4.37744445174051E+000 4.96036455171545E+000
17.2859087 4.31720313304684E+000 4.88883636263355E+000
17.3857753 4.25807915363310E+000 4.81870016098443E+000
17.4856452 4.20004433324020E+000 4.74991932886859E+000
17.5855166 4.14307460691425E+000 4.68246226938421E+000
17.6853893 4.08714547004061E+000 4.61629699581807E+000
17.7852633 4.03223309409370E+000 4.55139244988228E+000
17.8851368 3.97831532401894E+000 4.48771967323548E+000
17.9850136 3.92536756267580E+000 4.42524694291565E+000
18.0848916 3.87336892053730E+000 4.36394702834494E+000
18.1847709 3.82229806416668E+000 4.30379228266992E+000
18.2846515 3.77213423531605E+000 4.24475584201500E+000
18.3845314 3.72285816442755E+000 4.18681269457243E+000
18.4844144 3.67444831067741E+000 4.12993525584939E+000
18.5842986 3.62688648391404E+000 4.07409997516535E+000
18.6841841 3.58015405247414E+000 4.01928287156327E+000
18.7840706 3.53423287583818E+000 3.96546062714224E+000
18.8839565 3.48910614283817E+000 3.91261156458263E+000
18.9838453 3.44475492934954E+000 3.86071161303653E+000
19.0837353 3.40116334818411E+000 3.80974033584858E+000
19.1836263 3.35831507784101E+000 3.75967686127338E+000
19.2835185 3.31619421767193E+000 3.71050088128710E+000
19.3834098 3.27478605836306E+000 3.66219354708356E+000
19.4833041 3.23407392411346E+000 3.61473378294908E+000
19.5831994 3.19404389927578E+000 3.56810379762786E+000
19.6830957 3.15468164449029E+000 3.52228536667573E+000
19.7829930 3.11597318223221E+000 3.47726074672415E+000
19.8828894 3.07790560625056E+000 3.43301349733366E+000
19.9827887 3.04046417916893E+000 3.38952510571361E+000
20.0826889 3.00363667872552E+000 3.34678003622343E+000
20.1825901 2.96741047188813E+000 3.30476232678233E+000
20.2824922 2.93177323772158E+000 3.26345642733376E+000
20.3823934 2.89671362169829E+000 3.22284795544739E+000
20.4822973 2.86221856317215E+000 3.18292059944183E+000
20.5822022 2.82827729895591E+000 3.14366075373462E+000
20.6821079 2.79487866957411E+000 3.10505439648480E+000
20.7820145 2.76201178558037E+000 3.06708785994987E+000
20.8819201 2.72966663198554E+000 3.02974852636454E+000
20.9818284 2.69783160308187E+000 2.99302198103788E+000
21.0817375 2.66649719667965E+000 2.95689627545118E+000
21.1816475 2.63565352971977E+000 2.92135905737469E+000
21.2815583 2.60529095346866E+000 2.88639827989680E+000
21.3814680 2.57540061272643E+000 2.85200284335810E+000
21.4813803 2.54597216809248E+000 2.81815997343627E+000
21.5812935 2.51699721035913E+000 2.78485914888776E+000
21.6812074 2.48846696535206E+000 2.75208945886540E+000
21.7811221 2.46037286282001E+000 2.71984025660969E+000
21.8810357 2.43270705457515E+000 2.68810175256380E+000
21.9809519 2.40546030655659E+000 2.65686259542139E+000
22.0808688 2.37862515955670E+000 2.62611349708947E+000
22.1807864 2.35219380545115E+000 2.59584479493245E+000
22.2807048 2.32615861406756E+000 2.56604705543005E+000
22.3806219 2.30051261396361E+000 2.53671162302905E+000
22.4805416 2.27524753861324E+000 2.50782838468699E+000
22.5804621 2.25035675674870E+000 2.47938912089383E+000
22.6803832 2.22583330413416E+000 2.45138525315777E+000
22.7803050 2.20167037223218E+000 2.42380840233741E+000
22.8802255 2.17786175493255E+000 2.39665089728828E+000
22.9801486 2.15440003490175E+000 2.36990370565057E+000
23.0800723 2.13127930429736E+000 2.34355953652016E+000
23.1799967 2.10849333797598E+000 2.31761075573411E+000
23.2799217 2.08603604736804E+000 2.29204990306458E+000
23.3798454 2.06390189612533E+000 2.26687016428174E+000
23.4797716 2.04208421417400E+000 2.24206345285850E+000
23.5796984 2.02057772734582E+000 2.21762328705393E+000
23.6796259 1.99937685942883E+000 2.19354285750469E+000
23.7795539 1.97847615430261E+000 2.16981550701333E+000
23.8794806 1.95787066316834E+000 2.14643516926605E+000
23.9794098 1.93755437515937E+000 2.12339458780497E+000
24.0793395 1.91752257249287E+000 2.10068798781765E+000
24.1792698 1.89777025010093E+000 2.07830928223860E+000
24.2792007 1.87829250876323E+000 2.05625251746597E+000
24.3791302 1.85908491631459E+000 2.03451228163562E+000
24.4790621 1.84014204482169E+000 2.01308204867713E+000
24.5789946 1.82145966615058E+000 1.99195666294177E+000
24.6789277 1.80303327908404E+000 1.97113067150160E+000
24.7788612 1.78485847591023E+000 1.95059873877840E+000
24.8787934 1.76693127976501E+000 1.93035602697846E+000
24.9787279 1.74924677940005E+000 1.91039665433284E+000
25.0786630 1.73180117855544E+000 1.89071600879929E+000
25.1785986 1.71459042149766E+000 1.87130919554563E+000
25.2785347 1.69761053527692E+000 1.85217142316709E+000
25.3784693 1.68085794515067E+000 1.83329835862359E+000
25.4784064 1.66432819886565E+000 1.81468468989296E+000
25.5783439 1.64801788189397E+000 1.79632628331336E+000
25.6782819 1.63192333323367E+000 1.77821873637944E+000
25.7782204 1.61604096532961E+000 1.76035773795198E+000
25.8781574 1.60036755933741E+000 1.74273939980756E+000
25.9780968 1.58489907163592E+000 1.72535891492678E+000
26.0780366 1.56963242580631E+000 1.70821257157225E+000
26.1779769 1.55456431133994E+000 1.69129640253087E+000
26.2779176 1.53969148302478E+000 1.67460652147972E+000
26.3778568 1.52501103764198E+000 1.65813943305181E+000
26.4777984 1.51051929612955E+000 1.64189077885853E+000
26.5777404 1.49621348213736E+000 1.62585722009763E+000
26.6776829 1.48209059699922E+000 1.61003517526188E+000
26.7776257 1.46814770021473E+000 1.59442113461257E+000
26.8775671 1.45438216902230E+000 1.57901195048211E+000
26.9775108 1.44079065026014E+000 1.56380366390557E+000
27.0774549 1.42737063439975E+000 1.54879326640139E+000
27.1773994 1.41411940077137E+000 1.53397751895131E+000
27.2773442 1.40103428061821E+000 1.51935324634400E+000
27.3772876 1.38811290085705E+000 1.50491760927234E+000
27.4772333 1.37535220023945E+000 1.49066700513714E+000
27.5771793 1.36274990693726E+000 1.47659871862066E+000
27.6771257 1.35030354857351E+000 1.46270981543846E+000
27.7770725 1.33801069918949E+000 1.44899741814777E+000
27.8770178 1.32586920838521E+000 1.43545896145223E+000
27.9769653 1.31387627688072E+000 1.42209116135192E+000
28.0769132 1.30202984498679E+000 1.40889156322071E+000
28.1768615 1.29032766249553E+000 1.39585750444856E+000
28.2768101 1.27876752077872E+000 1.38298637315981E+000
28.3767572 1.26734746839406E+000 1.37027584800840E+000
28.4767065 1.25606494159040E+000 1.35772293039270E+000
28.5766562 1.24491807033477E+000 1.34532539793731E+000
28.6766062 1.23390480356583E+000 1.33308083069468E+000
28.7765565 1.22302312753242E+000 1.32098685408490E+000
28.8765053 1.21227126885609E+000 1.30904136434859E+000
28.9764563 1.20164687592163E+000 1.29724161903030E+000
29.0764077 1.19114824853852E+000 1.28558560304232E+000
29.1763593 1.18077351446186E+000 1.27407111358484E+000
29.2763113 1.17052083498235E+000 1.26269598849998E+000
29.3762617 1.16038859634949E+000 1.25145831844512E+000
29.4762144 1.15037463834563E+000 1.24035559128303E+000
29.5761673 1.14047741312728E+000 1.22938597725784E+000
29.6761206 1.13069520927883E+000 1.21854746823189E+000
29.7760741 1.12102634557676E+000 1.20783809253957E+000
29.8760261 1.11146935160087E+000 1.19725611485084E+000
29.9759803 1.10202224011022E+000 1.18679923049470E+000
30.0759347 1.09268360013151E+000 1.17646577569767E+000
30.1758895 1.08345186513421E+000 1.16625391712824E+000
30.2758445 1.07432549581284E+000 1.15616185424030E+000
30.3757980 1.06530315064373E+000 1.14618800771261E+000
30.4757536 1.05638299896973E+000 1.13633026008074E+000
30.5757095 1.04756375297175E+000 1.12658709646827E+000
30.6756657 1.03884397684539E+000 1.11695684078174E+000
30.7756221 1.03022225937363E+000 1.10743784644745E+000
30.8755770 1.02169737512363E+000 1.09802867423700E+000
30.9755340 1.01326763540719E+000 1.08872737589627E+000
31.0754913 1.00493186338271E+000 1.07953257033144E+000
31.1754469 9.96688897725332E-001 1.07044289549701E+000
31.2754067 9.88536973951841E-001 1.06145632643680E+000
31.3753629 9.80475440387055E-001 1.05257206706851E+000
31.4753231 9.72502429679404E-001 1.04378798335933E+000
31.5752798 9.64617318827390E-001 1.03510331437242E+000
31.6752368 9.56818591306713E-001 1.02651631660828E+000
31.7751978 9.49104763917758E-001 1.01802528551675E+000
31.8751552 9.41475254321504E-001 1.00962950994796E+000
31.9751168 9.33928328889700E-001 1.00132701342305E+000
32.0750747 9.26463430912716E-001 9.93117116139802E-001
32.1750329 9.19079157113920E-001 9.84998208624847E-001
32.2749952 9.11774134790345E-001 9.76968717039993E-001
32.3749539 9.04547843595725E-001 9.69028006014575E-001
32.4749166 8.97398672060951E-001 9.61174242593876E-001
32.5748758 8.90326122770607E-001 9.53406819398085E-001
32.6748352 8.83328895648869E-001 9.45724248751613E-001
32.7747986 8.76405718709058E-001 9.38125075630548E-001
32.8747585 8.69556127085664E-001 9.30608732349542E-001
32.9747223 8.62778621063371E-001 9.23173516894863E-001
33.0746827 8.56072756312200E-001 9.15818886600625E-001
33.1746432 8.49437326933016E-001 9.08543464640288E-001
33.2746078 8.42871152868397E-001 9.01345904148580E-001
33.3745687 8.36373818951081E-001 8.94225697957889E-001
33.4745337 8.29943927841957E-001 8.87181263690647E-001
33.5744951 8.23581082780327E-001 8.80212116564743E-001
33.6744568 8.17284163925563E-001 8.73316980783361E-001
33.7744224 8.11052075242633E-001 8.66494608080863E-001
33.8743844 8.04884446121096E-001 8.59744545451178E-001
33.9743505 7.98779973133587E-001 8.53065319979822E-001
34.0743130 7.92738302181593E-001 8.46456498708169E-001
34.1742756 7.86758392168674E-001 8.39916898048502E-001
34.2742423 7.80839223956561E-001 8.33445359745817E-001
34.3742054 7.74980466914467E-001 8.27041479311280E-001
34.4741725 7.69180903874967E-001 8.20703884124183E-001
34.5741359 7.63440219031053E-001 8.14432187665018E-001
34.6740996 7.57757443430670E-001 8.08225290619222E-001
34.7740673 7.52131628401223E-001 8.02082117012931E-001
34.8740313 7.46562479211830E-001 7.96002305855869E-001
34.9739994 7.41048858027663E-001 7.89984576543660E-001
35.0739638 7.35590483435658E-001 7.84028584205905E-001
35.1739284 7.30186452664446E-001 7.78133306650296E-001
35.2738971 7.24835881694559E-001 7.72297743217558E-001
35.3738621 7.19538508054351E-001 7.66521571947928E-001
35.4738310 7.14293266961144E-001 7.60803596769712E-001
35.5737964 7.09099907916159E-001 7.55143510195079E-001
35.6737620 7.03957588932239E-001 7.49540360700887E-001
35.7737315 6.98865485382170E-001 7.43993216654228E-001
35.8736974 6.93823363801065E-001 7.38501791143213E-001
35.9736673 6.88830226756467E-001 7.33064965852870E-001
36.0736335 6.83885851553878E-001 7.27682466873096E-001
36.1735999 6.78989452100456E-001 7.22353407518112E-001
36.2735704 6.74140258393194E-001 7.17076919497272E-001
36.3735371 6.69338063065122E-001 7.11852747392434E-001
36.4735079 6.64581930850274E-001 7.06679844501334E-001
36.5734750 6.59871664075837E-001 7.01557967094591E-001
36.6734423 6.55206528106489E-001 6.96486288046025E-001
36.7734135 6.50585803236295E-001 6.91463997262015E-001
36.8733811 6.46009305591971E-001 6.86490867642856E-001
36.9733527 6.41476157355162E-001 6.81565918520208E-001
37.0733206 6.36986183382521E-001 6.76688933309148E-001
37.1732887 6.32538696465326E-001 6.71859139660171E-001
37.2732608 6.28133023262622E-001 6.67075781012860E-001
37.3732292 6.23769001060951E-001 6.62338655746005E-001
37.4732015 6.19445805188292E-001 6.57646844152719E-001
37.5731702 6.15163280796414E-001 6.53000154075804E-001
37.6731391 6.10920784436362E-001 6.48397863602155E-001
37.7731119 6.06717685554525E-001 6.43839265471467E-001
37.8730811 6.02553840503685E-001 6.39324180998371E-001
37.9730543 5.98428473832588E-001 6.34851746819207E-001
38.0730237 5.94341448983037E-001 6.30421792771164E-001
38.1729934 5.90292162926081E-001 6.26033643433796E-001
38.2729669 5.86280024636302E-001 6.21686636999787E-001
38.3729369 5.82304907652924E-001 6.17380615440827E-001
38.4729107 5.78366082158369E-001 6.13114767526370E-001
38.5728809 5.74463428083498E-001 6.08888942906331E-001
38.6728513 5.70596379773806E-001 6.04702509064931E-001
38.7728256 5.66764382759473E-001 6.00554846147057E-001
38.8727962 5.62967326076817E-001 5.96445814737190E-001
38.9727708 5.59204522260203E-001 5.92374651894990E-001
39.0727417 5.55475866110471E-001 5.88341225125218E-001
39.1727127 5.51780826567016E-001 5.84344941548366E-001
39.2726877 5.48118883001191E-001 5.80385220071968E-001
39.3726590 5.44489938426910E-001 5.76461938057695E-001
39.4726343 5.40893344724588E-001 5.72574377343358E-001
39.5726059 5.37329010108270E-001 5.68722421529903E-001
39.6725776 5.33796435569721E-001 5.64905514393226E-001
39.7725533 5.30295131839941E-001 5.61123110693993E-001
39.8725252 5.26825014542592E-001 5.57375102921363E-001
39.9725012 5.23385472147751E-001 5.53660814477762E-001
40.0724734 5.19976424970859E-001 5.49980143479208E-001
40.1724458 5.16597403730386E-001 5.46332567635152E-001
40.2724221 5.13247948245810E-001 5.42717574902212E-001
40.3723947 5.09927985518244E-001 5.39135071413133E-001
40.4723712 5.06636938076999E-001 5.35584419191102E-001
40.5723441 5.03374737156749E-001 5.32065529444539E-001
40.6723171 5.00140941072163E-001 5.28577911328235E-001
40.7722940 4.96935116650289E-001 5.25121083565229E-001
40.8722673 4.93757201158667E-001 5.21694964596000E-001
40.9722444 4.90606648860328E-001 5.18298952364604E-001
41.0722179 4.87483400843034E-001 5.14932969890715E-001
41.1721915 4.84387041063854E-001 5.11596555497266E-001
41.2721690 4.81317161448765E-001 5.08289256449850E-001
41.3721428 4.78273708529336E-001 5.05011002293140E-001
41.4721206 4.75256166162823E-001 5.01761224413159E-001
41.5720946 4.72264484327910E-001 4.98539856486236E-001
41.6720688 4.69298270830413E-001 4.95346463917070E-001
41.7720469 4.66357140942771E-001 4.92180620475952E-001
41.8720213 4.63441049555565E-001 4.89042265726619E-001
41.9719996 4.60549508149881E-001 4.85930862218553E-001
42.0719743 4.57682474726398E-001 4.82846353243435E-001
42.1719490 4.54839579291362E-001 4.79788329374123E-001
42.2719276 4.52020458852947E-001 4.76756389016199E-001
42.3719026 4.49225075843122E-001 4.73750480773389E-001
42.4718815 4.46452967550285E-001 4.70770096262095E-001
42.5718566 4.43704099211895E-001 4.67815187449550E-001
42.6718319 4.40978121518334E-001 4.64885368319789E-001
42.7718111 4.38274691731583E-001 4.61980260197000E-001
42.8717866 4.35593779085870E-001 4.59099819840911E-001
42.9717660 4.32934945000576E-001 4.56243566003723E-001
43.0717417 4.30298161239941E-001 4.53411458479476E-001
43.1717175 4.27683097782273E-001 4.50603133048530E-001
43.2716972 4.25089430778585E-001 4.47818232375632E-001
43.3716732 4.22517135596807E-001 4.45056720577854E-001
43.4716531 4.19965796238833E-001 4.42318141762634E-001
43.5716293 4.17435390353333E-001 4.39602462783810E-001
43.6716056 4.14925605919661E-001 4.36909339732363E-001
43.7715858 4.12436136719771E-001 4.34238435161530E-001
43.8715623 4.09966963650243E-001 4.31589719823729E-001
43.9715428 4.07517691863758E-001 4.28962761538246E-001
44.0715195 4.05088304311951E-001 4.26357533525163E-001
44.1714963 4.02678505787988E-001 4.23773710817847E-001
44.2714770 4.00288006543942E-001 4.21210974520570E-001
44.3714539 3.97916792457166E-001 4.18669301368012E-001
44.4714348 3.95564488506108E-001 4.16148281373051E-001
44.5714120 3.93231082418759E-001 4.13647893494521E-001
44.6713893 3.90916294705789E-001 4.11167830446906E-001
44.7713704 3.88619851017308E-001 4.08707790652445E-001
44.8713479 3.86341741715118E-001 4.06267756237005E-001
44.9713293 3.84081610376044E-001 4.03847338003075E-001
45.0713069 3.81839449027274E-001 4.01446520080209E-001
45.1712846 3.79614992883718E-001 3.99065011700250E-001
45.2712662 3.77407982002521E-001 3.96702527465499E-001
45.3712441 3.75218410780097E-001 3.94359054357800E-001
45.4712259 3.73045940253677E-001 3.92034222669708E-001
45.5712040 3.70890566317114E-001 3.89728021187053E-001
45.6711822 3.68752037952213E-001 3.87440174584254E-001
45.7711643 3.66630108706286E-001 3.85170412592625E-001
45.8711426 3.64524776602491E-001 3.82918726565116E-001
45.9711248 3.62435719082476E-001 3.80684765080395E-001
46.0711034 3.60362935514520E-001 3.78468521114424E-001
46.1710820 3.58306187779462E-001 3.76269733790691E-001
46.2710644 3.56265242065763E-001 3.74088146997829E-001
46.3710432 3.54240099653374E-001 3.71923756020438E-001
46.4710259 3.52230453407604E-001 3.69776226606899E-001
46.5710048 3.50236305815328E-001 3.67645555500749E-001
46.6709838 3.48257430852202E-001 3.65531495355360E-001
46.7709667 3.46293606560993E-001 3.63433803317557E-001
46.8709459 3.44344837142765E-001 3.61352478205128E-001
46.9709290 3.42410829974836E-001 3.59287201900051E-001
47.0709083 3.40491590339778E-001 3.57237974530244E-001
47.1708877 3.38586903562206E-001 3.55204561427797E-001
47.2708710 3.36696558809353E-001 3.53186732165030E-001
47.3708506 3.34820562898724E-001 3.51184488731496E-001
47.4708341 3.32958636871540E-001 3.49197528180337E-001
47.5708138 3.31110788512956E-001 3.47225853676230E-001
47.6707936 3.29276813804253E-001 3.45269242441132E-001
47.7707773 3.27456512359614E-001 3.43327475701030E-001
47.8707573 3.25649893336383E-001 3.41400558289307E-001
47.9707411 3.23856690650049E-001 3.39488201535525E-001
48.0707212 3.22076914322224E-001 3.37590411325667E-001
48.1707014 3.20310370347748E-001 3.35706976039855E-001
48.2706855 3.18556868158318E-001 3.33837687841737E-001
48.3706658 3.16816418999939E-001 3.31982554110885E-001
48.4706500 3.15088768926596E-001 3.30141299620788E-001
48.5706305 3.13373929954668E-001 3.28313932692388E-001
48.6706110 3.11671717494688E-001 3.26500252184719E-001
48.7705955 3.09981950210632E-001 3.24700060534339E-001
48.8705762 3.08304641209033E-001 3.22913367396786E-001
48.9705608 3.06639547996257E-001 3.21139910214277E-001
49.0705416 3.04986684363923E-001 3.19379699482729E-001
49.1705225 3.03345874582010E-001 3.17632543909024E-001
49.2705073 3.01716946002221E-001 3.15898255584956E-001
49.3704883 3.00099913384383E-001 3.14176846196660E-001
49.4704733 2.98494545046949E-001 3.12468065132659E-001
49.5704545 2.96900856357352E-001 3.10771924827739E-001
49.6704357 2.95318679927106E-001 3.09088243249880E-001
49.7704208 2.93747851288560E-001 3.07416841571747E-001
49.8704022 2.92188386666568E-001 3.05757733287209E-001
49.9703875 2.90640064593689E-001 3.04110679057345E-001
50.0703690 2.89102901831989E-001 3.02475693041362E-001
50.1703506 2.87576738851943E-001 3.00852601922361E-001
50.2703361 2.86061418894005E-001 2.99241235419366E-001
50.3703178 2.84556959477015E-001 2.97641608631553E-001
50.4703034 2.83063148788761E-001 2.96053492863706E-001
50.5702853 2.81580004821336E-001 2.94476903804655E-001
50.6702672 2.80107375454194E-001 2.92911676344204E-001
50.7702530 2.78645111195232E-001 2.91357648249944E-001
50.8702350 2.77193230701868E-001 2.89814836042460E-001
50.9702209 2.75751531294427E-001 2.88283021082875E-001
51.0702031 2.74320032045475E-001 2.86762220412671E-001
51.1701853 2.72898587823559E-001 2.85252276654566E-001
51.2701714 2.71487055992784E-001 2.83753035160776E-001
51.3701538 2.70085456207962E-001 2.82264513706229E-001
51.4701400 2.68693594432749E-001 2.80786503159363E-001
51.5701225 2.67311490684318E-001 2.79319021753534E-001
51.6701050 2.65939006428229E-001 2.77861919402531E-001
51.7700914 2.64576005500761E-001 2.76415048610496E-001
51.8700741 2.63222508425856E-001 2.74978428254913E-001
51.9700606 2.61878329352333E-001 2.73551858197991E-001
52.0700434 2.60543489118545E-001 2.72135357718896E-001
52.1700263 2.59217855420709E-001 2.70728783610142E-001
52.2700130 2.57901298208386E-001 2.69331995123942E-001
52.3699959 2.56593838758153E-001 2.67945012102454E-001
52.4699827 2.55295298974585E-001 2.66567642920948E-001
52.5699658 2.54005700405127E-001 2.65199907771713E-001
52.6699489 2.52724916634079E-001 2.63841669940910E-001
52.7699359 2.51452823388680E-001 2.62492795051625E-001
52.8699192 2.50189442592344E-001 2.61153303785439E-001
52.9699063 2.48934603502702E-001 2.59823012580413E-001
53.0698897 2.47688328274498E-001 2.58501942421441E-001
53.1698731 2.46450496059593E-001 2.57189962728453E-001
53.2698603 2.45220988048850E-001 2.55886945142875E-001
53.3698439 2.43999826716476E-001 2.54592911071957E-001
53.4698313 2.42786848295240E-001 2.53307684594502E-001
53.5698149 2.41582075454788E-001 2.52031287378554E-001
53.6697986 2.40385392614438E-001 2.50763594641278E-001
53.7697861 2.39196686134616E-001 2.49504483712728E-001
53.8697699 2.38015978953144E-001 2.48253976622532E-001
53.9697576 2.36843113923057E-001 2.47011904694373E-001
54.0697415 2.35678114145052E-001 2.45778290180073E-001
54.1697254 2.34520869024749E-001 2.44553013779106E-001
54.2697133 2.33371269816605E-001 2.43335958201586E-001
54.3696973 2.32229339842976E-001 2.42127146005753E-001
54.4696852 2.31094928243708E-001 2.40926415388636E-001
54.5696694 2.29968058474497E-001 2.39733789095636E-001
54.6696536 2.28848624663683E-001 2.38549153013639E-001
54.7696417 2.27736522701439E-001 2.37372394943859E-001
54.8696260 2.26631776222939E-001 2.36203537888055E-001
54.9696142 2.25534240341324E-001 2.35042426567673E-001
55.0695986 2.24443938798338E-001 2.33889084139854E-001
55.1695831 2.23360770197796E-001 2.32743401402585E-001
55.2695714 2.22284634823248E-001 2.31605270977396E-001
55.3695560 2.21215556557691E-001 2.30474716232384E-001
55.4695444 2.20153396192614E-001 2.29351588085506E-001
55.5695291 2.19098177693336E-001 2.28235910031420E-001
55.6695138 2.18049803907076E-001 2.27127577520153E-001
55.7695023 2.17008179283280E-001 2.26026487739646E-001
55.8694872 2.15973327893903E-001 2.24932664354358E-001
55.9694758 2.14945115931138E-001 2.23845964170420E-001
56.0694607 2.13923567527310E-001 2.22766410952732E-001
56.1694457 2.12908589555090E-001 2.21693904560316E-001
56.2694345 2.11900090416156E-001 2.20628346509307E-001
56.3694196 2.10898094318148E-001 2.19569760697114E-001
56.4694085 2.09902472592449E-001 2.18518009527933E-001
56.5693936 2.08913249487216E-001 2.17473116975961E-001
56.6693788 2.07930335695754E-001 2.16434987081066E-001
56.7693678 2.06953643371170E-001 2.15403525463932E-001
56.8693531 2.05983196808620E-001 2.14378756197504E-001
56.9693423 2.05018872232217E-001 2.13360547010918E-001
57.0693276 2.04060693959693E-001 2.12348922032495E-001
57.1693130 2.03108576312406E-001 2.11343789268654E-001
57.2693023 2.02162435006066E-001 2.10345058234547E-001
57.3692878 2.01222294379830E-001 2.09352753126704E-001
57.4692772 2.00288035318142E-001 2.08366746741913E-001
57.5692628 1.99359682166538E-001 2.07387063312725E-001
57.6692484 1.98437152693245E-001 2.06413614610704E-001
57.7692379 1.97520365998920E-001 2.05446313848008E-001
57.8692236 1.96609346427455E-001 2.04485185297791E-001
57.9692132 1.95703979304352E-001 2.03530106581993E-001
58.0691990 1.94804288965288E-001 2.02581101992302E-001
58.1691849 1.93910196454804E-001 2.01638086876029E-001
58.2691746 1.93021624091251E-001 2.00700977956641E-001
58.3691605 1.92138596187873E-001 1.99769799541504E-001
58.4691503 1.91261002304244E-001 1.98844433849012E-001
58.5691363 1.90388866732245E-001 1.97924905189286E-001
58.6691224 1.89522113632104E-001 1.97011132307184E-001
58.7691123 1.88660668382327E-001 1.96103035262736E-001
58.8690985 1.87804555233669E-001 1.95200638359263E-001
58.9690885 1.86953667784271E-001 1.94303828195821E-001
59.0690747 1.86108030251707E-001 1.93412629064262E-001
59.1690610 1.85267569760515E-001 1.92526962939226E-001
59.2690511 1.84432214600894E-001 1.91646753052784E-001
59.3690374 1.83601988932499E-001 1.90772023669751E-001
59.4690277 1.82776790207285E-001 1.89902665566105E-001
59.5690141 1.81956642541127E-001 1.89038702982391E-001
59.6690006 1.81141475880149E-001 1.88180060965002E-001
59.7689909 1.80331221286251E-001 1.87326665763069E-001
59.8689774 1.79525902802333E-001 1.86478541571899E-001
59.9689678 1.78725421559484E-001 1.85635583151940E-001
60.0689545 1.77929801547331E-001 1.84797814662731E-001
60.1689411 1.77138975398950E-001 1.83965164073481E-001
60.2689316 1.76352876815866E-001 1.83137560504309E-001
60.3689184 1.75571529701273E-001 1.82315028053170E-001
60.4689090 1.74794838700140E-001 1.81497465283098E-001
60.5688958 1.74022827653908E-001 1.80684896245970E-001
60.6688827 1.73255431755526E-001 1.79877251693377E-001
60.7688734 1.72492587221487E-001 1.79074463478667E-001
60.8688603 1.71734317794779E-001 1.78276555577498E-001
60.9688511 1.70980531477859E-001 1.77483430183491E-001
61.0688381 1.70231251944406E-001 1.76695111216995E-001
61.1688251 1.69486416827249E-001 1.75911532079487E-001
61.2688160 1.68745964740117E-001 1.75132627227571E-001
61.3688031 1.68009919247550E-001 1.74358420492291E-001
61.4687941 1.67278191561394E-001 1.73588817535137E-001
61.5687813 1.66550805170169E-001 1.72823842123603E-001
61.6687685 1.65827700033210E-001 1.72063430183985E-001
61.7687596 1.65108817050245E-001 1.71307518653449E-001
61.8687469 1.64394179591179E-001 1.70556131198516E-001
61.9687381 1.63683701936939E-001 1.69809176794521E-001
62.0687254 1.62977407375468E-001 1.69066679037102E-001
62.1687128 1.62275238085440E-001 1.68328576259254E-001
62.2687041 1.61577137147435E-001 1.67594807762826E-001
62.3686916 1.60883127722402E-001 1.66865397032107E-001
62.4686829 1.60193127027368E-001 1.66140256210413E-001
62.5686704 1.59507158136082E-001 1.65419408704636E-001
62.6686580 1.58825165345217E-001 1.64702795142874E-001
62.7686494 1.58147093816751E-001 1.63990357082152E-001
62.8686371 1.57472966490075E-001 1.63282117808823E-001
62.9686286 1.56802703392208E-001 1.62577992495982E-001
63.0686163 1.56136327370741E-001 1.61878004346828E-001
63.1686040 1.55473784744461E-001 1.61182096179056E-001
63.2685918 1.54815047719611E-001 1.60490238017165E-001
63.3685872 1.54160038918715E-001 1.59802347825215E-001
63.4685751 1.53508830970131E-001 1.59118501111595E-001
63.5685630 1.52861346687786E-001 1.58438616057752E-001
63.6685509 1.52217559235172E-001 1.57762663734209E-001
63.7685388 1.51577442009018E-001 1.57090615466267E-001
63.8685344 1.50940920215461E-001 1.56422392000210E-001
63.9685224 1.50308064828548E-001 1.55758067117852E-001
64.0685105 1.49678801232149E-001 1.55097561767433E-001
64.1684986 1.49053103732508E-001 1.54440848267429E-001
64.2684867 1.48430946857517E-001 1.53787899178271E-001
64.3684824 1.47812258288635E-001 1.53138637910063E-001
64.4684706 1.47197107387405E-001 1.52493136561404E-001
64.5684588 1.46585422000264E-001 1.51851318729965E-001
64.6684470 1.45977177519599E-001 1.51213157919546E-001
64.7684353 1.45372349548511E-001 1.50578627863809E-001
64.8684312 1.44770868140914E-001 1.49947654524295E-001
64.9684195 1.44172801086692E-001 1.49320308358804E-001
65.0684079 1.43578078592848E-001 1.48696515503026E-001
65.1683963 1.42986677084487E-001 1.48076250587029E-001
65.2683847 1.42398573187115E-001 1.47459488459346E-001
65.3683808 1.41813699229347E-001 1.46846157526229E-001
65.4683692 1.41232121469309E-001 1.46236326646156E-001
65.5683578 1.40653772377606E-001 1.45629924387017E-001
65.6683463 1.40078629361638E-001 1.45026926449446E-001
65.7683349 1.39506670019460E-001 1.44427308741785E-001
65.8683311 1.38937828861451E-001 1.43831002013617E-001
65.9683197 1.38372170652930E-001 1.43238073564618E-001
66.0683084 1.37809630035907E-001 1.42648454294336E-001
66.1682971 1.37250185352454E-001 1.42062120921406E-001
66.2682858 1.36693815126089E-001 1.41479050362013E-001
66.3682821 1.36140455960558E-001 1.40899175612715E-001
66.4682709 1.35590171166385E-001 1.40322562453963E-001
66.5682597 1.35042897469281E-001 1.39749144021390E-001
66.6682485 1.34498614100988E-001 1.39178898002000E-001
66.7682374 1.33957300466002E-001 1.38611802270761E-001
66.8682339 1.33418895177326E-001 1.38047791979587E-001
66.9682228 1.32883460127764E-001 1.37486931428342E-001
67.0682118 1.32350934043260E-001 1.36929155897850E-001
67.1682007 1.31821297002701E-001 1.36374443996614E-001
67.2681897 1.31294529249503E-001 1.35822774512038E-001
67.3681864 1.30770571325858E-001 1.35274084664249E-001
67.4681754 1.30249483743011E-001 1.34728437310217E-001
67.5681645 1.29731207147670E-001 1.34185769789490E-001
67.6681536 1.29215722425651E-001 1.33646061587778E-001
67.7681428 1.28703010619522E-001 1.33109292361133E-001
67.8681396 1.28193014124417E-001 1.32575401314956E-001
67.9681288 1.27685792105270E-001 1.32044449900102E-001
68.0681180 1.27181287053862E-001 1.31516377432538E-001
68.1681072 1.26679480624899E-001 1.30991164233317E-001
68.2680965 1.26180354622479E-001 1.30468790785736E-001
68.3680934 1.25683853222038E-001 1.29949198201527E-001
68.4680827 1.25190034276551E-001 1.29432446561279E-001
68.5680721 1.24698842050751E-001 1.28918477079017E-001
68.6680615 1.24210258932235E-001 1.28407270871547E-001
68.7680509 1.23724267451028E-001 1.27898809210260E-001
68.8680479 1.23240813493641E-001 1.27393035038023E-001
68.9680374 1.22759953634554E-001 1.26890007100114E-001
69.0680269 1.22281633842710E-001 1.26389668433971E-001
69.1680164 1.21805837204520E-001 1.25892000914698E-001
69.2680059 1.21332546942224E-001 1.25396986564739E-001
69.3680031 1.20861710587405E-001 1.24904570086458E-001
69.4679927 1.20393383468647E-001 1.24414808923879E-001
69.5679823 1.19927513193554E-001 1.23927647866726E-001
69.6679719 1.19464083515075E-001 1.23443069512954E-001
69.7679615 1.19003078315739E-001 1.22961056601002E-001
69.8679589 1.18544446709249E-001 1.22481555524448E-001
69.9679486 1.18088242810041E-001 1.22004622459247E-001
70.0679383 1.17634415801848E-001 1.21530203879598E-001
70.1679281 1.17182950073579E-001 1.21058283072752E-001
70.2679178 1.16733830137807E-001 1.20588843459947E-001
70.3679153 1.16287006630285E-001 1.20121833060868E-001
70.4679051 1.15842532482216E-001 1.19657306815721E-001
70.5678949 1.15400358393789E-001 1.19195212818520E-001
70.6678848 1.14960469360896E-001 1.18735535014025E-001
70.7678747 1.14522850497480E-001 1.18278257474831E-001
70.8678723 1.14087453904016E-001 1.17823329784629E-001
70.9678622 1.13654331358565E-001 1.17370805679350E-001
71.0678522 1.13223435020809E-001 1.16920634811132E-001
71.1678422 1.12794750466147E-001 1.16472801752133E-001
71.2678322 1.12368263382708E-001 1.16027291196510E-001
71.3678299 1.11943927280947E-001 1.15584054232700E-001
71.4678200 1.11521792815076E-001 1.15143143423005E-001
71.5678100 1.11101813549868E-001 1.14704509918816E-001
71.6678002 1.10683975614175E-001 1.14268138891141E-001
71.7677903 1.10268265244524E-001 1.13834015627463E-001
71.8677881 1.09854637309062E-001 1.13402092664394E-001
71.9677783 1.09443141366659E-001 1.12972421420442E-001
72.0677685 1.09033732335216E-001 1.12544954490043E-001
72.1677587 1.08626396872307E-001 1.12119677615992E-001
72.2677489 1.08221121738398E-001 1.11696576652318E-001
72.3677468 1.07817863109364E-001 1.11275605529794E-001
72.4677371 1.07416669476474E-001 1.10856814552168E-001
72.5677275 1.07017497061091E-001 1.10440157703242E-001
72.6677178 1.06620333026053E-001 1.10025621271929E-001
72.7677082 1.06225164632537E-001 1.09613191653401E-001
72.8677062 1.05831949316390E-001 1.09202824120988E-001
72.9676966 1.05440734528275E-001 1.08794567891945E-001
73.0676870 1.05051477745542E-001 1.08388378288151E-001
73.1676774 1.04664166614011E-001 1.07984242120278E-001
73.2676679 1.04278788873522E-001 1.07582146300537E-001
73.3676660 1.03895303174231E-001 1.07182047395510E-001
73.4676565 1.03513755952459E-001 1.06783993563454E-001
73.5676471 1.03134105896137E-001 1.06387941415312E-001
73.6676376 1.02756341112909E-001 1.05993878260397E-001
73.7676282 1.02380449800337E-001 1.05601791505076E-001
73.8676264 1.02006391779209E-001 1.05211638962048E-001
73.9676171 1.01634212497049E-001 1.04823467757330E-001
74.0676077 1.01263871808942E-001 1.04437235744069E-001
74.1675984 1.00895358264252E-001 1.04052930708264E-001
74.2675890 1.00528660498361E-001 1.03670540528714E-001
74.3675874 1.00163739460899E-001 1.03290024219158E-001
74.4675781 9.98006396354483E-002 1.02911427899408E-001
74.5675688 9.94393220026863E-002 1.02534710619998E-001
74.6675596 9.90797755345893E-002 1.02159860622761E-001
74.7675504 9.87219892854464E-002 1.01786866238290E-001
74.8675488 9.83659252937302E-002 1.01415687638247E-001
74.9675396 9.80116271032593E-002 1.01046369961568E-001
75.0675305 9.76590567805162E-002 1.00678873413295E-001
75.1675213 9.73082037019259E-002 1.00313186671285E-001
75.2675122 9.69590573227023E-002 9.99492984983117E-002
75.3675108 9.66115807318634E-002 9.95871701827054E-002
75.4675017 9.62658165569801E-002 9.92268459071586E-002
75.5674926 9.59217279122429E-002 9.88682869901908E-002
75.6674836 9.55793045612517E-002 9.85114825268530E-002
75.7674746 9.52385363430412E-002 9.81564216934563E-002
75.8674732 9.48993873604965E-002 9.78030668555078E-002
75.9674642 9.45618993478138E-002 9.74514612634232E-002
76.0674553 9.42260364304002E-002 9.71015673099164E-002
76.1674463 9.38917887425957E-002 9.67533744893275E-002
76.2674374 9.35591464909854E-002 9.64068723737818E-002
76.3674361 9.32280747571806E-002 9.60620243681474E-002
76.4674273 9.28986144042493E-002 9.57188728138737E-002
76.5674184 9.25707305338512E-002 9.53773811402523E-002
76.6674096 9.22444136354266E-002 9.50375392238827E-002
76.7674007 9.19196542676257E-002 9.46993370158458E-002
76.8673996 9.15964184571096E-002 9.43627389241511E-002
76.9673908 9.12747462174553E-002 9.40277864039550E-002
77.0673820 9.09546035930621E-002 9.36944438850905E-002
77.1673732 9.06359814135842E-002 9.33627016102165E-002
77.2673645 9.03188705749944E-002 9.30325498933283E-002
77.3673634 9.00032380167199E-002 9.27039541108741E-002
77.4673547 8.96891229238908E-002 9.23769548537693E-002
77.5673461 8.93764922515156E-002 9.20515175178580E-002
77.6673374 8.90653371552865E-002 9.17276326964402E-002
77.7673288 8.87556488544608E-002 9.14052910511585E-002
77.8673278 8.84473951702736E-002 9.10844588936402E-002
77.9673192 8.81406144798747E-002 9.07651759720073E-002
78.0673106 8.78352746180682E-002 9.04474086150165E-002
78.1673020 8.75313670530812E-002 9.01311477519307E-002
78.2672935 8.72288833140829E-002 8.98163843775049E-002
78.3672925 8.69277920744211E-002 8.95030857066589E-002
78.4672840 8.66281309231707E-002 8.91912906655813E-002
78.5672755 8.63298685453705E-002 8.88809664842056E-002
78.6672671 8.60329967089169E-002 8.85721044137796E-002
78.7672586 8.57375072401497E-002 8.82646957683287E-002
78.8672578 8.54433696360356E-002 8.79587086354853E-002
78.9672493 8.51506207169348E-002 8.76541811397929E-002
79.0672409 8.48592299897539E-002 8.73510813819237E-002
79.1672325 8.45691895097974E-002 8.70494009217955E-002
79.2672242 8.42804913884298E-002 8.67491313795173E-002
79.3672234 8.39931059188907E-002 8.64502416860998E-002
79.4672151 8.37070691716538E-002 8.61527691841727E-002
79.5672068 8.34223514482653E-002 8.58566828159449E-002
79.6671985 8.31389450797473E-002 8.55619744373169E-002
79.7671902 8.28568424509109E-002 8.52686359619155E-002
79.8671895 8.25760146250127E-002 8.49766371359809E-002
79.9671813 8.22964969409544E-002 8.46860145394203E-002
80.0671730 8.20182604687765E-002 8.43967379279540E-002
80.1671648 8.17412978040721E-002 8.41087994413726E-002
80.2671566 8.14656015940550E-002 8.38221912748432E-002
80.3671560 8.11911436467862E-002 8.35368839628163E-002
80.4671478 8.09179585874066E-002 8.32529133411422E-002
80.5671397 8.06460182293428E-002 8.29702499521501E-002
80.6671315 8.03753154221236E-002 8.26888862079913E-002
80.7671234 8.01058430648317E-002 8.24088145739518E-002
80.8671229 7.98375736861126E-002 8.21300063467523E-002
80.9671148 7.95705412146711E-002 8.18524966363391E-002
81.0671067 7.93047181831970E-002 8.15762567458187E-002
81.1670987 7.90400976850088E-002 8.13012793487066E-002
81.2670906 7.87766728610053E-002 8.10275571695160E-002
81.3670902 7.85144169371443E-002 8.07550622423233E-002
81.4670822 7.82533631625461E-002 8.04838289688282E-002
81.5670742 7.79934847659833E-002 8.02138293881024E-002
81.6670662 7.77347750748788E-002 7.99450564245361E-002
81.7670583 7.74772274623531E-002 7.96775030514782E-002
81.8670579 7.72208158293089E-002 7.94111420164263E-002
81.9670500 7.69655727616735E-002 7.91460070300084E-002
82.0670421 7.67114721620202E-002 7.88820708434229E-002
82.1670342 7.64585075826310E-002 7.86193266219251E-002
82.2670263 7.62066726196866E-002 7.83577675777823E-002
82.3670260 7.59559418275311E-002 7.80973671489152E-002
82.4670182 7.57063471448438E-002 7.78381583715853E-002
82.5670103 7.54578631265752E-002 7.75801146862080E-002
82.6670025 7.52104835410366E-002 7.73232294893498E-002
82.7669947 7.49642021987204E-002 7.70674962227303E-002
82.8669945 7.47189942867330E-002 7.68128889925864E-002
82.9669867 7.44748911120166E-002 7.65594401770632E-002
83.0669790 7.42318678612954E-002 7.63071238837711E-002
83.1669712 7.39899185104758E-002 7.60559337314650E-002
83.2669635 7.37490370760040E-002 7.58058633822785E-002
83.3669634 7.35091993578582E-002 7.55568875895109E-002
83.4669556 7.32704360463328E-002 7.53090380889973E-002
83.5669479 7.30327229401057E-002 7.50622896343683E-002
83.6669403 7.27960542146193E-002 7.48166360578551E-002
83.7669326 7.25604240842874E-002 7.45720712333725E-002
83.8669326 7.23258089428227E-002 7.43285705408419E-002
83.9669249 7.20922388785517E-002 7.40861650891663E-002
84.0669173 7.18596902830341E-002 7.38448302576294E-002
84.1669097 7.16281575235466E-002 7.36045600836162E-002
84.2669021 7.13976350048376E-002 7.33653486445760E-002
84.3669022 7.11680996959361E-002 7.31271719273895E-002
84.4668946 7.09395810974835E-002 7.28900604289871E-002
84.5668870 7.07120561755654E-002 7.26539901347126E-002
84.6668795 7.04855194819295E-002 7.24189552791521E-002
84.7668720 7.02599656043616E-002 7.21849501354084E-002
84.8668721 7.00353720694774E-002 7.19519512784024E-002
84.9668646 6.98117678041295E-002 7.17199886076455E-002
85.0668571 6.95891303312581E-002 7.14890386956872E-002
85.1668496 6.93674543800409E-002 7.12590959667139E-002
85.2668422 6.91467347143229E-002 7.10301548819487E-002
85.3668424 6.89269494012348E-002 7.08021925861439E-002
85.4668349 6.87081268073624E-002 7.05752383955520E-002
85.5668275 6.84902449954836E-002 7.03492694517801E-002
85.6668201 6.82732988654715E-002 7.01242803613479E-002
85.7668127 6.80572833505556E-002 6.99002657663969E-002
85.8668130 6.78421770419400E-002 6.96772033639807E-002
85.9668056 6.76280077591011E-002 6.94551219008708E-002
86.0667983 6.74147540882642E-002 6.92339990702596E-002
86.1667909 6.72024110935550E-002 6.90138296540501E-002
86.2667836 6.69909738712009E-002 6.87946084684150E-002
86.3667839 6.67804215206407E-002 6.85763137458291E-002
86.4667766 6.65707813270456E-002 6.83589736769895E-002
86.5667694 6.63620323842972E-002 6.81425664898469E-002
86.6667621 6.61541699146083E-002 6.79270871350412E-002
86.7667548 6.59471891710923E-002 6.77125305961868E-002
86.8667552 6.57410697461613E-002 6.74988756249222E-002
86.9667480 6.55358384031416E-002 6.72861498689150E-002
87.0667408 6.53314747283544E-002 6.70743320746668E-002
87.1667336 6.51279740961981E-002 6.68634173551940E-002
87.2667264 6.49253319108217E-002 6.66534008552491E-002
87.3667268 6.47235282429005E-002 6.64442618299704E-002
87.4667197 6.45225893460445E-002 6.62360273966921E-002
87.5667125 6.43224952843467E-002 6.60286768048503E-002
87.6667054 6.41232415787407E-002 6.58222053237513E-002
87.7666983 6.39248237788095E-002 6.56166082532522E-002
87.8666988 6.37272224193116E-002 6.54118653368979E-002
87.9666917 6.35304632559441E-002 6.52080031740440E-002
88.0666846 6.33345268164315E-002 6.50050015020117E-002
88.1666775 6.31394087628313E-002 6.48028557405714E-002
88.2666705 6.29451047847961E-002 6.46015613389085E-002
88.3666710 6.27515958674939E-002 6.44010985144265E-002
88.4666640 6.25589072801989E-002 6.42014933605276E-002
88.5666570 6.23670200006308E-002 6.40027260879117E-002
88.6666500 6.21759298267875E-002 6.38047922612340E-002
88.7666429 6.19856325832525E-002 6.36076874734784E-002
88.8666436 6.17961096924155E-002 6.34113924018809E-002
88.9666366 6.16073859483128E-002 6.32159326455950E-002
89.0666296 6.14194427655059E-002 6.30212888747123E-002
89.1666227 6.12322760729677E-002 6.28274567934305E-002
89.2666157 6.10458818252882E-002 6.26344321332346E-002
89.3666164 6.08602418693569E-002 6.24421960176686E-002
89.4666095 6.06753805348609E-002 6.22507735630301E-002
89.5666026 6.04912796605140E-002 6.20601458853140E-002
89.6665957 6.03079353015048E-002 6.18703088231424E-002
89.7665889 6.01253435377109E-002 6.16812582414270E-002
89.8665896 5.99434866282464E-002 6.14929756969744E-002
89.9665828 5.97623884490494E-002 6.13054858343176E-002
90.0665759 5.95820312507416E-002 6.11187702023432E-002
90.1665691 5.94024112101651E-002 6.09328247691940E-002
90.2665622 5.92235245279617E-002 6.07476455283463E-002
90.3665631 5.90453538636224E-002 6.05632144572837E-002
90.4665563 5.88679226496582E-002 6.03795557395719E-002
90.5665495 5.86912135367797E-002 6.01966513444359E-002
90.6665427 5.85152228191088E-002 6.00144973648393E-002
90.7665359 5.83399468137143E-002 5.98330899181629E-002
90.8665368 5.81653685690273E-002 5.96524113904230E-002
90.9665301 5.79915110841824E-002 5.94724855147301E-002
91.0665233 5.78183573985688E-002 5.92932946685331E-002
91.1665166 5.76459039193939E-002 5.91148350651114E-002
91.2665099 5.74741470759940E-002 5.89371029412827E-002
91.3665108 5.73030702946980E-002 5.87600810798743E-002
91.4665041 5.71326961510505E-002 5.85837927737773E-002
91.5664975 5.69630080621022E-002 5.84082207969712E-002
91.6664908 5.67940025441230E-002 5.82333614787310E-002
91.7664842 5.66256761347263E-002 5.80592111710280E-002
91.8664851 5.64580126274743E-002 5.78857530421846E-002
91.9664785 5.62910341838532E-002 5.77130099548391E-002
92.0664719 5.61247245879345E-002 5.75409650682124E-002
92.1664653 5.59590804611902E-002 5.73696148234324E-002
92.2664587 5.57940984456826E-002 5.71989556835150E-002
92.3664597 5.56297626919067E-002 5.70289711913517E-002
92.4664531 5.54660949565723E-002 5.68596837890339E-002
92.5664466 5.53030793804929E-002 5.66910770101218E-002
92.6664400 5.51407126866384E-002 5.65231474036222E-002
92.7664335 5.49789916178464E-002 5.63558915396547E-002
92.8664346 5.48179006715918E-002 5.61892933251270E-002
92.9664281 5.46574612088498E-002 5.60233747910358E-002
93.0664215 5.44976577172441E-002 5.58581198347512E-002
93.1664150 5.43384870176871E-002 5.56935251093458E-002
93.2664086 5.41799459502654E-002 5.55295872882616E-002
93.3664097 5.40220193498160E-002 5.53662906322278E-002
93.4664032 5.38647281903871E-002 5.52036567703534E-002
93.5663968 5.37080572968140E-002 5.50416699536455E-002
93.6663903 5.35520035845386E-002 5.48803269355839E-002
93.7663839 5.33965639875106E-002 5.47196244893030E-002
93.8663851 5.32417236686336E-002 5.45595472195047E-002
93.9663787 5.30875032236083E-002 5.44001163623772E-002
94.0663723 5.29338878052041E-002 5.42413165127356E-002
94.1663659 5.27808744201146E-002 5.40831445209541E-002
94.2663595 5.26284600929015E-002 5.39255972563760E-002
94.3663607 5.24766303055486E-002 5.37686596581575E-002
94.4663544 5.23254052837674E-002 5.36123525783006E-002
94.5663480 5.21747704992917E-002 5.34566609459291E-002
94.6663417 5.20247230469192E-002 5.33015817049394E-002
94.7663353 5.18752600387009E-002 5.31471118175390E-002
94.8663366 5.17263672670111E-002 5.29932365481372E-002
94.9663303 5.15780645957162E-002 5.28399763730599E-002
95.0663240 5.14303378068410E-002 5.26873165465566E-002
95.1663177 5.12831840802628E-002 5.25352541028075E-002
95.2663114 5.11366006125224E-002 5.23837860936720E-002
95.3663128 5.09905734979807E-002 5.22328980999179E-002
95.4663065 5.08451222465944E-002 5.20826102304850E-002
95.5663002 5.07002329422901E-002 5.19329080558702E-002
95.6662940 5.05559028471195E-002 5.17837886974274E-002
95.7662878 5.04121292392304E-002 5.16352492935822E-002
95.8662892 5.02688985068415E-002 5.14872757328596E-002
95.9662829 5.01262298137322E-002 5.13398877648909E-002
96.0662767 4.99841095376162E-002 5.11930712678350E-002
96.1662705 4.98425350199268E-002 5.10468234472308E-002
96.2662643 4.97015036176486E-002 5.09011415251064E-002
96.3662658 4.95610020049935E-002 5.07560116894246E-002
96.4662596 4.94210490070993E-002 5.06114533383795E-002
96.5662535 4.92816312876145E-002 5.04674526494871E-002
96.6662473 4.91427462646708E-002 5.03240069096007E-002
96.7662412 4.90043913714260E-002 5.01811134215018E-002
96.8662427 4.88665535604746E-002 5.00387586645440E-002
96.9662365 4.87292513256575E-002 4.98969616931543E-002
97.0662304 4.85924716089597E-002 4.97557089761720E-002
97.1662243 4.84562119026302E-002 4.96149978790052E-002
97.2662182 4.83204697134402E-002 4.94748257824511E-002
97.3662198 4.81852322650005E-002 4.93351794494677E-002
97.4662137 4.80505177270140E-002 4.91960775981903E-002
97.5662076 4.79163133124475E-002 4.90575069810076E-002
97.6662016 4.77826165851857E-002 4.89194650392300E-002
97.7661955 4.76494251231508E-002 4.87819492290389E-002
97.8661971 4.75167264138399E-002 4.86449465894614E-002
97.9661911 4.73845383097956E-002 4.85084755096266E-002
98.0661851 4.72528482878464E-002 4.83725230179497E-002
98.1661791 4.71216539811262E-002 4.82370866290928E-002
98.2661730 4.69909530363403E-002 4.81021638720909E-002
98.3661747 4.68607331979675E-002 4.79677420547472E-002
98.4661687 4.67310120081933E-002 4.78338392442860E-002
98.5661627 4.66017772008134E-002 4.77004427378668E-002
98.6661568 4.64730264759153E-002 4.75675501210509E-002
98.7661508 4.63447575467090E-002 4.74351589932932E-002
98.8661525 4.62169584079690E-002 4.73032569241126E-002
98.9661465 4.60896462981561E-002 4.71718616657510E-002
99.0661406 4.59628092013568E-002 4.70409607770621E-002
99.1661347 4.58364448824026E-002 4.69105519121471E-002
99.2661288 4.57105511188163E-002 4.67806327385404E-002
99.3661305 4.55851161491927E-002 4.66511910806400E-002
99.4661246 4.54601569147341E-002 4.65222443824539E-002
99.5661187 4.53356616433503E-002 4.63937804577030E-002
99.6661128 4.52116281624916E-002 4.62657970267596E-002
99.7661070 4.50880543118836E-002 4.61382918229849E-002
99.8661087 4.49649285676682E-002 4.60112529190356E-002
99.9661029 4.48422675800944E-002 4.58846974572654E-002
100.0660970 4.47200598146304E-002 4.57586134996507E-002
100.1660912 4.45983031592987E-002 4.56329988306507E-002
100.2660854 4.44769955139971E-002 4.55078512472872E-002
100.3660872 4.43561255863362E-002 4.53831590640620E-002
100.4660814 4.42357097417611E-002 4.52589391280901E-002
100.5660756 4.41157366772269E-002 4.51351797431988E-002
100.6660698 4.39962043393586E-002 4.50118787558328E-002
100.7660640 4.38771106862714E-002 4.48890340245885E-002
100.8660658 4.37584446511540E-002 4.47666340996003E-002
100.9660601 4.36402223206442E-002 4.46446955390003E-002
101.0660543 4.35224326173008E-002 4.45232068822614E-002
101.1660486 4.34050735444544E-002 4.44021660357909E-002
101.2660428 4.32881431165549E-002 4.42815709177524E-002
101.3660447 4.31716304866601E-002 4.41614103078930E-002
101.4660390 4.30555514684493E-002 4.40417004814620E-002
101.5660333 4.29398952043819E-002 4.39224302075656E-002
101.6660275 4.28246597526673E-002 4.38035974506259E-002
101.7660218 4.27098431822774E-002 4.36852001864409E-002
101.8660238 4.25954348606044E-002 4.35672274185361E-002
101.9660181 4.24814503340737E-002 4.34496951452280E-002
102.0660124 4.23678789595169E-002 4.33325923594283E-002
102.1660067 4.22547188482629E-002 4.32159170816989E-002
102.2660011 4.21419681220586E-002 4.30996673436108E-002
102.3660031 4.20296163572644E-002 4.29838323668129E-002
102.4659974 4.19176788386174E-002 4.28684278784919E-002
102.5659918 4.18061451319603E-002 4.27534430897164E-002
102.6659861 4.16950134000460E-002 4.26388760753818E-002
102.7659805 4.15842818157143E-002 4.25247249210392E-002
102.8659825 4.14739401590899E-002 4.24109790609789E-002
102.9659769 4.13640034586506E-002 4.22976539569184E-002
103.0659713 4.12544614840510E-002 4.21847390326063E-002
103.1659657 4.11453124478354E-002 4.20722324155318E-002
103.2659601 4.10365545723147E-002 4.19601322434994E-002
103.3659622 4.09281778363304E-002 4.18484281581248E-002
103.4659566 4.08201970173980E-002 4.17371353611782E-002
103.5659511 4.07126020839421E-002 4.16262434837779E-002
103.6659455 4.06053912967233E-002 4.15157507043305E-002
103.7659400 4.04985629259614E-002 4.14056552112303E-002
103.8659421 4.03921071443186E-002 4.12959468482631E-002
103.9659365 4.02860384835165E-002 4.11866405626387E-002
104.0659310 4.01803471058576E-002 4.10777261876952E-002
104.1659255 4.00750313188015E-002 4.09692019511413E-002
104.2659200 3.99700894389707E-002 4.08610660903574E-002
104.3659221 3.98655118280978E-002 4.07533086462994E-002
104.4659166 3.97613127771539E-002 4.06459443168731E-002
104.5659112 3.96574826375725E-002 4.05389631326403E-002
104.6659057 3.95540197620501E-002 4.04323633690550E-002
104.7659002 3.94509225121592E-002 4.03261433109388E-002
104.8659024 3.93481814340931E-002 4.02202931915664E-002
104.9658969 3.92458105829943E-002 4.01148274646683E-002
105.0658915 3.91438004948218E-002 4.00097363531837E-002
105.1658860 3.90421495660976E-002 3.99050181788113E-002
105.2658806 3.89408562019443E-002 3.98006712723237E-002
105.3658828 3.88399111285424E-002 3.96966860546086E-002
105.4658774 3.87393281700088E-002 3.95930767402255E-002
105.5658720 3.86390980423574E-002 3.94898337397883E-002
105.6658666 3.85392191845761E-002 3.93869554197937E-002
105.7658612 3.84396900439866E-002 3.92844401555290E-002
105.8658634 3.83405015224138E-002 3.91822785509275E-002
105.9658580 3.82416672176378E-002 3.90804845862620E-002
106.0658527 3.81431780213879E-002 3.89790488552572E-002
106.1658473 3.80450324138052E-002 3.88779697678128E-002
106.2658419 3.79472288831083E-002 3.87772457423459E-002
106.3658442 3.78497585025505E-002 3.86768675614023E-002
106.4658389 3.77526346481513E-002 3.85768489757349E-002
106.5658335 3.76558483831424E-002 3.84771807577499E-002
106.6658282 3.75593982275526E-002 3.83778613594042E-002
106.7658229 3.74632827092400E-002 3.82788892409088E-002
106.8658252 3.73674930687929E-002 3.81802553591192E-002
106.9658199 3.72720424649381E-002 3.80819732399211E-002
107.0658146 3.71769221283182E-002 3.79840338301020E-002
107.1658093 3.70821306176284E-002 3.78864356223781E-002
107.2658040 3.69876664991538E-002 3.77891771174658E-002
107.3658063 3.68935211768422E-002 3.76922494423524E-002
107.4658011 3.67997075964889E-002 3.75956659025982E-002
107.5657958 3.67062171521751E-002 3.74994176151972E-002
107.6657905 3.66130484400828E-002 3.74035031123725E-002
107.7657853 3.65202000637543E-002 3.73079209341026E-002
107.8657877 3.64276635866356E-002 3.72126623734502E-002
107.9657824 3.63354517458492E-002 3.71177405200839E-002
108.0657772 3.62435560950550E-002 3.70231466571497E-002
108.1657720 3.61519752667852E-002 3.69288793551699E-002
108.2657667 3.60607079007088E-002 3.68349371921851E-002
108.3657692 3.59697457160195E-002 3.67413116233935E-002
108.4657639 3.58791012453249E-002 3.66480155269011E-002
108.5657587 3.57887661981150E-002 3.65550403480683E-002
108.6657536 3.56987392421735E-002 3.64623846945503E-002
108.7657484 3.56090190522059E-002 3.63700471812923E-002
108.8657508 3.55195974995092E-002 3.62780194218012E-002
108.9657456 3.54304869162366E-002 3.61863140868468E-002
109.0657405 3.53416791640659E-002 3.60949227801794E-002
