0.0053140 2.35575100961022E+001 4.97362247100010E+003
0.0210792 8.93511536218574E+001 4.83848407782381E+003
0.0467942 1.84612069056809E+002 4.62859430501478E+003
0.0817065 2.93144631890783E+002 4.36303035760690E+003
0.1249105 3.99951799606798E+002 4.06237187144364E+003
0.1754417 4.94141269732299E+002 3.74549301826521E+003
0.2323515 5.69692080277495E+002 3.42768276869432E+003
0.2947571 6.24731415955019E+002 3.12004992930138E+003
0.3618673 6.60217473260472E+002 2.82981297192750E+003
0.4329916 6.78663719196500E+002 2.56102013126921E+003
0.5075377 6.83182287936772E+002 2.31537479778001E+003
0.5850032 6.76883614202846E+002 2.09297849609669E+003
0.6649650 6.62560125660184E+002 1.89292321441059E+003
0.7470680 6.42559776169529E+002 1.71372430034131E+003
0.8310139 6.18770578935193E+002 1.55362051307203E+003
0.9165527 5.92660921108959E+002 1.41076754486904E+003
1.0034738 5.65342252171365E+002 1.28335778580192E+003
1.0915995 5.37635520411315E+002 1.16968854468965E+003
1.1807797 5.10132120525169E+002 1.06819576497191E+003
1.2708868 4.83246295575086E+002 9.77467650105633E+002
1.3618115 4.57257718547868E+002 8.96244048765734E+002
1.4534610 4.32345276606755E+002 8.23408611255321E+002
1.5457546 4.08613794133778E+002 7.57978458942431E+002
1.6386236 3.86113835741587E+002 6.99090020501645E+002
1.7320075 3.64857512152062E+002 6.45987196088381E+002
1.8258543 3.44829634051937E+002 5.98007789468282E+002
1.9201186 3.25996482903572E+002 5.54572386114408E+002
2.0147601 3.08312287339494E+002 5.15174129103546E+002
2.1097440 2.91723573308697E+002 4.79368694243374E+002
2.2050388 2.76172882552140E+002 4.46766837804455E+002
2.3006174 2.61600913588724E+002 4.17026602602316E+002
2.3964555 2.47948362724638E+002 3.89847365724455E+002
2.4925310 2.35157194609012E+002 3.64964594217590E+002
2.5888248 2.23171213012604E+002 3.42144727667808E+002
2.6853193 2.11936813092354E+002 3.21181614559690E+002
2.7819988 2.01403076150498E+002 3.01892629737886E+002
2.8788497 1.91522012645259E+002 2.84115842879687E+002
2.9758588 1.82248668464994E+002 2.67707525027037E+002
3.0730149 1.73540932225022E+002 2.52539610085740E+002
3.1703074 1.65359630424542E+002 2.38498062208331E+002
3.2677268 1.57668263182366E+002 2.25480928259344E+002
3.3652646 1.50432952413889E+002 2.13397021713310E+002
3.4629133 1.43622241464199E+002 2.02164562076573E+002
3.5606650 1.37207070822158E+002 1.91710278862721E+002
3.6585133 1.31160431289222E+002 1.81968126769013E+002
3.7564523 1.25457346750399E+002 1.72878662113275E+002
3.8544764 1.20074697080847E+002 1.64388251635640E+002
3.9525810 1.14991057695776E+002 1.56448391608701E+002
4.0507604 1.10186665732970E+002 1.49015291460221E+002
4.1490108 1.05643153351270E+002 1.42049150314515E+002
4.2473280 1.01343532650950E+002 1.35513873707085E+002
4.3457083 9.72720653277732E+001 1.29376649103781E+002
4.4441489 9.34141470573723E+001 1.23607578945867E+002
4.5426454 8.97562897142212E+001 1.18179487945092E+002
4.6411954 8.62859277324912E+001 1.13067491594148E+002
4.7397961 8.29914158285064E+001 1.08248871219999E+002
4.8384450 7.98619394333019E+001 1.03702835379270E+002
4.9371399 7.68874358875090E+001 9.94103128461977E+001
5.0358779 7.40585907326323E+001 9.53538664756489E+001
5.1346571 7.13666978527476E+001 9.15174216265909E+001
5.2334756 6.88036665603389E+001 8.78862160376046E+001
5.3323316 6.63619608481331E+001 8.44466596082789E+001
5.4312238 6.40345461427834E+001 8.11862124348729E+001
5.5301496 6.18148942160442E+001 7.80933502390726E+001
5.6291079 5.96968808998407E+001 7.51573849639110E+001
5.7280973 5.76747981603674E+001 7.23684501562716E+001
5.8271164 5.57433125803952E+001 6.97174150723189E+001
5.9261644 5.38974290465719E+001 6.71958098454844E+001
6.0252392 5.21325000754048E+001 6.47958159458863E+001
6.1243401 5.04441496118191E+001 6.25101425177346E+001
6.2234659 4.88282870663194E+001 6.03320283368431E+001
6.3226158 4.72810784746257E+001 5.82551871319589E+001
6.4217891 4.57989213094152E+001 5.62737599097471E+001
6.5209840 4.43784556025180E+001 5.43823173514124E+001
6.6202001 4.30165060429805E+001 5.25757713778984E+001
6.7194366 4.17100962199269E+001 5.08493844187146E+001
6.8186927 4.04564281879473E+001 4.91987333501561E+001
6.9179682 3.92528646397392E+001 4.76196780457678E+001
7.0172613 3.80969403450939E+001 4.61083691485756E+001
7.1165720 3.69863173085478E+001 4.46611828022196E+001
7.2158999 3.59187933142256E+001 4.32747262008399E+001
7.3152432 3.48923120961160E+001 4.19458453769163E+001
7.4146030 3.39049005421799E+001 4.06715390636765E+001
7.5139770 3.29547340312214E+001 3.94490389610949E+001
7.6133666 3.20400539121386E+001 3.82756993428562E+001
7.7127702 3.11592252375857E+001 3.71490679170638E+001
7.8121865 3.03107020054698E+001 3.60668378030952E+001
7.9116168 2.94929986514234E+001 3.50268084056133E+001
8.0110589 2.87047406787905E+001 3.40269472853548E+001
8.1105143 2.79445972979227E+001 3.30653020717296E+001
8.2099815 2.72113301842536E+001 3.21400601918756E+001
8.3094593 2.65037655156501E+001 3.12495113221904E+001
8.4089492 2.58207709183215E+001 3.03920166496163E+001
8.5084489 2.51612984235224E+001 2.95660612231035E+001
8.6079599 2.45243288664691E+001 2.87701826161010E+001
8.7074812 2.39089132610971E+001 2.80030214035071E+001
8.8070112 2.33141500054674E+001 2.72632912708016E+001
8.9065517 2.27391659876676E+001 2.65497544181065E+001
9.0061006 2.21831532012541E+001 2.58612659878703E+001
9.1056593 2.16453223917705E+001 2.51967155481935E+001
9.2052267 2.11249383388922E+001 2.45550699115216E+001
9.3048016 2.06213010548992E+001 2.39353489681727E+001
9.4043856 2.01337301162904E+001 2.33366056943408E+001
9.5039766 1.96615960221720E+001 2.27579640011441E+001
9.6035763 1.92042812036002E+001 2.21985701956162E+001
9.7031836 1.87612102586017E+001 2.16576294620109E+001
9.8027972 1.83318342807858E+001 2.11343860590981E+001
9.9024188 1.79156177296120E+001 2.06281068491676E+001
10.0020464 1.75120654137827E+001 2.01381136823573E+001
10.1016817 1.71206894287856E+001 1.96637427360865E+001
10.2013235 1.67410351926295E+001 1.92043757416614E+001
10.3009707 1.63726682604865E+001 1.87594235657923E+001
10.4006251 1.60151632197917E+001 1.83283124804456E+001
10.5002846 1.56681270171729E+001 1.79105119971273E+001
10.5999509 1.53311707177252E+001 1.75055005071305E+001
10.6996230 1.50039320307140E+001 1.71127921369083E+001
10.7992996 1.46860641221935E+001 1.67319229942278E+001
10.8989827 1.43772261446523E+001 1.63624396049581E+001
10.9986702 1.40771034942852E+001 1.60039229460125E+001
11.0983637 1.37853835282869E+001 1.56559591820638E+001
11.1980623 1.35017751427365E+001 1.53181628700441E+001
11.2977649 1.32259992082332E+001 1.49901653316887E+001
11.3974732 1.29577804333805E+001 1.46716048270985E+001
11.4971853 1.26968650332296E+001 1.43621473991516E+001
11.5969029 1.24429997229152E+001 1.40614617744152E+001
11.6966250 1.21959488081207E+001 1.37692395050032E+001
11.7963505 1.19554859519886E+001 1.34851850583404E+001
11.8960812 1.17213871377127E+001 1.32090073996560E+001
11.9958151 1.14934461436705E+001 1.29404381503522E+001
12.0955540 1.12714562699571E+001 1.26792099224224E+001
12.1952970 1.10552253200728E+001 1.24250738793578E+001
12.2950428 1.08445684694620E+001 1.21777912275453E+001
12.3947934 1.06393021417994E+001 1.19371259540697E+001
12.4945468 1.04392576175093E+001 1.17028607122768E+001
12.5943047 1.02442650559489E+001 1.14747780105731E+001
12.6940662 1.00541666811126E+001 1.12526755882539E+001
12.7938302 9.86881056910881E+000 1.10363590619396E+001
12.8935986 9.68804529008562E+000 1.08256356198364E+001
12.9933693 9.51173192116247E+000 1.06203279755699E+001
13.0931443 9.33973000946897E+000 1.04202579477104E+001
13.1929224 9.17190922144473E+000 1.02252599772040E+001
13.2927027 9.00814390249576E+000 1.00351747338775E+001
13.3924871 8.84830836516680E+000 9.84984360936950E+000
13.4922734 8.69228753231706E+000 9.66912102188440E+000
13.5920637 8.53996455087408E+000 9.49286001181589E+000
13.6918568 8.39123112112829E+000 9.32092417153644E+000
13.7916517 8.24598270962194E+000 9.15318205617249E+000
13.8914504 8.10411438641579E+000 8.98950234863832E+000
13.9912508 7.96553028751102E+000 8.82976475053085E+000
14.0910548 7.83013264033735E+000 8.67384728862208E+000
14.1908615 7.69783095425726E+000 8.52163688240817E+000
14.2906697 7.56853778948773E+000 8.37302443345071E+000
14.3904813 7.44216506375349E+000 8.22790055999007E+000
14.4902944 7.31863249282054E+000 8.08616527057821E+000
14.5901109 7.19785782956036E+000 7.94771673083904E+000
14.6899298 7.07976506808596E+000 7.81246065726206E+000
14.7897500 6.96428068867623E+000 7.68030598278985E+000
14.8895734 6.85133036792323E+000 7.55116107722384E+000
14.9893980 6.74084653148091E+000 7.42494236862096E+000
15.0892259 6.63275964137545E+000 7.30156436311729E+000
15.1890558 6.52700554252940E+000 7.18094802327823E+000
15.2888878 6.42352114106085E+000 7.06301581384691E+000
15.3887200 6.32224729993544E+000 6.94769498713735E+000
15.4885562 6.22312107739053E+000 6.83490873208365E+000
15.5883943 6.12608724143967E+000 6.72458927187374E+000
15.6882343 6.03109043168520E+000 6.61666892384475E+000
15.7880763 5.93807704416641E+000 6.51108223430630E+000
15.8879183 5.84699688566489E+000 6.40776784237853E+000
15.9877640 5.75779619959954E+000 6.30666055932070E+000
16.0876115 5.67042802852653E+000 6.20770311214746E+000
16.1874608 5.58484517242416E+000 6.11083814450580E+000
16.2873119 5.50100188950965E+000 6.01601013711600E+000
16.3871628 5.41885539475817E+000 5.92316709151311E+000
16.4870172 5.33835957469412E+000 5.83225341891663E+000
16.5868734 5.25947433898749E+000 5.74322050109315E+000
16.6867312 5.18215927543389E+000 5.65601951002900E+000
16.7865905 5.10637518840926E+000 5.57060313985286E+000
16.8864496 5.03208545921831E+000 5.48692713126718E+000
16.9863121 4.95925036579663E+000 5.40494386776716E+000
17.0861762 4.88783554426216E+000 5.32461189966005E+000
17.1860417 4.81780625557669E+000 5.24588947910328E+000
17.2859087 4.74912878038010E+000 5.16873612581394E+000
17.3857753 4.68177165651805E+000 5.09311401027186E+000
17.4856452 4.61570053177723E+000 5.01898217036564E+000
17.5855166 4.55088583930900E+000 4.94630512338660E+000
17.6853893 4.48729760321513E+000 4.87504702845079E+000
17.7852633 4.42490670601273E+000 4.80517310527710E+000
17.8851368 4.36368601674073E+000 4.73665089191404E+000
17.9850136 4.30360571495363E+000 4.66944500753586E+000
18.0848916 4.24464026969377E+000 4.60352495960271E+000
18.1847709 4.18676372147306E+000 4.53885985848301E+000
18.2846515 4.12995083649558E+000 4.47541970600890E+000
18.3845314 4.07417813706427E+000 4.41317654147381E+000
18.4844144 4.01941964352892E+000 4.35209968683042E+000
18.5842986 3.96565323446595E+000 4.29216284141527E+000
18.6841841 3.91285635110510E+000 4.23333928424652E+000
18.7840706 3.86100705062250E+000 4.17560304687286E+000
18.8839565 3.81008494912201E+000 4.11892995966203E+000
18.9838453 3.76006733536872E+000 4.06329332446403E+000
19.0837353 3.71093497965321E+000 4.00867037683114E+000
19.1836263 3.66266821393849E+000 3.95503792038801E+000
19.2835185 3.61524789498224E+000 3.90237339661751E+000
19.3834098 3.56865626891836E+000 3.85065584197175E+000
19.4833041 3.52287341664471E+000 3.79986194047430E+000
19.5831994 3.47788257018988E+000 3.74997192281739E+000
19.6830957 3.43366652796998E+000 3.70096558470537E+000
19.7829930 3.39020853716492E+000 3.65282326461793E+000
19.8828894 3.34749308784563E+000 3.60552672099024E+000
19.9827887 3.30550265501424E+000 3.55905552348829E+000
20.0826889 3.26422257390150E+000 3.51339244940484E+000
20.1825901 3.22363775491784E+000 3.46851984421694E+000
20.2824922 3.18373349356051E+000 3.42442051699151E+000
20.3823934 3.14449620109649E+000 3.38107854577096E+000
20.4822973 3.10591041262862E+000 3.33847597156629E+000
20.5822022 3.06796326642285E+000 3.29659774483568E+000
20.6821079 3.03064148756909E+000 3.25542839187508E+000
20.7820145 2.99393213270559E+000 3.21495283634849E+000
20.8819201 2.95782326345559E+000 3.17515714005352E+000
20.9818284 2.92230119363894E+000 3.13602546820133E+000
21.0817375 2.88735461229028E+000 3.09754463222729E+000
21.1816475 2.85297180883864E+000 3.05970103021534E+000
21.2815583 2.81914135907909E+000 3.02248140201570E+000
21.3814680 2.78585274685484E+000 2.98587351173048E+000
21.4813803 2.75309382675275E+000 2.94986335671809E+000
21.5812935 2.72085462578567E+000 2.91443934737669E+000
21.6812074 2.68912478615941E+000 2.87958949372093E+000
21.7811221 2.65789419817895E+000 2.84530210066849E+000
21.8810357 2.62715357505213E+000 2.81156639786019E+000
21.9809519 2.59689211018268E+000 2.77836996814734E+000
22.0808688 2.56710098843684E+000 2.74570260015836E+000
22.1807864 2.53777102537604E+000 2.71355369650887E+000
22.2807048 2.50889325213964E+000 2.68191291507481E+000
22.3806219 2.48045944770889E+000 2.65077075112986E+000
22.4805416 2.45245997231148E+000 2.62011616393365E+000
22.5804621 2.42488701567749E+000 2.58994013371962E+000
22.6803832 2.39773241404650E+000 2.56023326991493E+000
22.7803050 2.37098819150670E+000 2.53098640355478E+000
22.8802255 2.34464705358710E+000 2.50219112616838E+000
22.9801486 2.31870038037041E+000 2.47383759555697E+000
23.0800723 2.29314123608668E+000 2.44591782522588E+000
23.1799967 2.26796234731177E+000 2.41842347349250E+000
23.2799217 2.24315660475180E+000 2.39134639161915E+000
23.3798454 2.21871752161892E+000 2.36467912339627E+000
23.4797716 2.19463737186194E+000 2.33841287334136E+000
23.5796984 2.17090998278005E+000 2.31254055345668E+000
23.6796259 2.14752885966448E+000 2.28705473627204E+000
23.7795539 2.12448765158730E+000 2.26194816276986E+000
23.8794806 2.10178057765360E+000 2.23721420619105E+000
23.9794098 2.07940069734079E+000 2.21284498774871E+000
24.0793395 2.05734250548441E+000 2.18883420285541E+000
24.1792698 2.03560019021529E+000 2.16517522303297E+000
24.2792007 2.01416806593503E+000 2.14186156726232E+000
24.3791302 1.99304097021783E+000 2.11888733316645E+000
24.4790621 1.97221265463390E+000 2.09624544695641E+000
24.5789946 1.95167819941589E+000 2.07393028888075E+000
24.6789277 1.93143239294487E+000 2.05193593057795E+000
24.7788612 1.91147013476324E+000 2.03025657309759E+000
24.8787934 1.89178680561781E+000 2.00888694828739E+000
24.9787279 1.87237676835690E+000 1.98782069110948E+000
25.0786630 1.85323561779093E+000 1.96705278196943E+000
25.1785986 1.83435867120917E+000 1.94657790752418E+000
25.2785347 1.81574134398883E+000 1.92639086828144E+000
25.3784693 1.79737949502181E+000 1.90648695272962E+000
25.4784064 1.77926802834333E+000 1.88686042140710E+000
25.5783439 1.76140299211890E+000 1.86750678192885E+000
25.6782819 1.74378017075438E+000 1.84842126252251E+000
25.7782204 1.72639543540223E+000 1.82959919181378E+000
25.8781574 1.70924506679360E+000 1.81103634798335E+000
25.9780968 1.69232444919817E+000 1.79272754506615E+000
26.0780366 1.67563003107368E+000 1.77466875487436E+000
26.1779769 1.65915801028459E+000 1.75685568364124E+000
26.2779176 1.64290466157836E+000 1.73928412633673E+000
26.3778568 1.62686663864855E+000 1.72195029290952E+000
26.4777984 1.61103975285788E+000 1.70484948825769E+000
26.5777404 1.59542080685155E+000 1.68797809381826E+000
26.6776829 1.58000636524139E+000 1.67133223867363E+000
26.7776257 1.56479306092288E+000 1.65490813050834E+000
26.8775671 1.54977787802083E+000 1.63870236079436E+000
26.9775108 1.53495700854475E+000 1.62271067072600E+000
27.0774549 1.52032756917206E+000 1.60692980398284E+000
27.1773994 1.50588645050030E+000 1.59135626451515E+000
27.2773442 1.49163060389577E+000 1.57598662604587E+000
27.3772876 1.47755730681826E+000 1.56081781787934E+000
27.4772333 1.46366309123213E+000 1.54584596984716E+000
27.5771793 1.44994535279275E+000 1.53106814663196E+000
27.6771257 1.43640127243058E+000 1.51648118521041E+000
27.7770725 1.42302808526286E+000 1.50208198462102E+000
27.8770178 1.40982332965508E+000 1.48786777391808E+000
27.9769653 1.39678384179337E+000 1.47383502984386E+000
28.0769132 1.38390726564117E+000 1.45998110210665E+000
28.1768615 1.37119104120767E+000 1.44630312413613E+000
28.2768101 1.35863265691112E+000 1.43279828467443E+000
28.3767572 1.34622988361124E+000 1.41946407925554E+000
28.4767065 1.33397983026700E+000 1.40629729491388E+000
28.5766562 1.32188036225809E+000 1.39329553492561E+000
28.6766062 1.30992915121451E+000 1.38045619713199E+000
28.7765565 1.29812391209279E+000 1.36777672876565E+000
28.8765053 1.28646262330263E+000 1.35525486270971E+000
28.9764563 1.27494263883736E+000 1.34288766408206E+000
29.0764077 1.26356202186454E+000 1.33067296216041E+000
29.1763593 1.25231865146141E+000 1.31860839106475E+000
29.2763113 1.24121044555157E+000 1.30669162910081E+000
29.3762617 1.23023556814964E+000 1.29492062094002E+000
29.4762144 1.21939159376615E+000 1.28329268139158E+000
29.5761673 1.20867676255347E+000 1.27180584152744E+000
29.6761206 1.19808913971068E+000 1.26045794699260E+000
29.7760741 1.18762682532613E+000 1.24924688303159E+000
29.8760261 1.17728814967460E+000 1.23817078362914E+000
29.9759803 1.16707088606974E+000 1.22722718820469E+000
30.0759347 1.15697343329730E+000 1.21641430832327E+000
30.1758895 1.14699402382829E+000 1.20573017932948E+000
30.2758445 1.13713092152104E+000 1.19517287211885E+000
30.3757980 1.12738260582519E+000 1.18474069018793E+000
30.4757536 1.11774702958807E+000 1.17443137536463E+000
30.5757095 1.10822273400940E+000 1.16424330092606E+000
30.6756657 1.09880810213837E+000 1.15417467263449E+000
30.7756221 1.08950154530667E+000 1.14422372822211E+000
30.8755770 1.08030167702085E+000 1.13438892321743E+000
30.9755340 1.07120661252918E+000 1.12466818216465E+000
31.0754913 1.06221502108393E+000 1.11506002346207E+000
31.1754469 1.05332559009254E+000 1.10556298631852E+000
31.2754067 1.04453635812053E+000 1.09617491835264E+000
31.3753629 1.03584656510519E+000 1.08689495195539E+000
31.4753231 1.02725414188198E+000 1.07772082281480E+000
31.5752798 1.01875836189918E+000 1.06865170169413E+000
31.6752368 1.01035753702990E+000 1.05968573403263E+000
31.7751978 1.00205001670765E+000 1.05082110698921E+000
31.8751552 9.93835121865554E-001 1.04205704566134E+000
31.9751168 9.85710934980982E-001 1.03339145505788E+000
32.0750747 9.77676806893354E-001 1.02482359447219E+000
32.1750329 9.69731178336426E-001 1.01635175364112E+000
32.2749952 9.61872524432013E-001 1.00797426042669E+000
32.3749539 9.54100238419306E-001 9.99690422570540E-001
32.4749166 9.46412541011146E-001 9.91498299142644E-001
32.5748758 9.38808852164524E-001 9.83397228393343E-001
32.6748352 9.31287729797781E-001 9.75385631039720E-001
32.7747986 9.23847763359148E-001 9.67461962692471E-001
32.8747585 9.16488410704189E-001 9.59625604849809E-001
32.9747223 9.09208018747289E-001 9.51874756974728E-001
33.0746827 9.02006069237382E-001 9.44208827813962E-001
33.1746432 8.94881226814730E-001 9.36626357156527E-001
33.2746078 8.87832185070091E-001 9.29125916774713E-001
33.3745687 8.80858459660949E-001 9.21706954061599E-001
33.4745337 8.73958512883299E-001 9.14367796609484E-001
33.5744951 8.67131881782593E-001 9.07107916173126E-001
33.6744568 8.60377328330328E-001 8.99925960947059E-001
33.7744224 8.53693641116915E-001 8.92820608483646E-001
33.8743844 8.47080387554622E-001 8.85791365106529E-001
33.9743505 8.40536135576867E-001 8.78836675515157E-001
34.0743130 8.34060471758482E-001 8.71956067835004E-001
34.1742756 8.27652246960268E-001 8.65148289096328E-001
34.2742423 8.21310336551041E-001 8.58412113314893E-001
34.3742054 8.15034354324500E-001 8.51747099566995E-001
34.4741725 8.08822965062250E-001 8.45151799736725E-001
34.5741359 8.02675799741302E-001 8.38625792429228E-001
34.6740996 7.96591790510987E-001 8.32167914910791E-001
34.7740673 7.90569892114629E-001 8.25777029286213E-001
34.8740313 7.84609759946590E-001 8.19452741896737E-001
34.9739994 7.78710147696636E-001 8.13193702864335E-001
35.0739638 7.72870726179913E-001 8.06999536038205E-001
35.1739284 7.67090501980564E-001 8.00869161180681E-001
35.2738971 7.61368502538633E-001 7.94801520946527E-001
35.3738621 7.55704420590354E-001 7.88796264061033E-001
35.4738310 7.50097091550064E-001 7.82852130804576E-001
35.5737964 7.44546222003365E-001 7.76968785611362E-001
35.6737620 7.39050886780064E-001 7.71145223762975E-001
35.7737315 7.33610179985245E-001 7.65380461666816E-001
35.8736974 7.28223827898703E-001 7.59674186085595E-001
35.9736673 7.22890741150680E-001 7.54025220150856E-001
36.0736335 7.17610658467675E-001 7.48433264730730E-001
36.1735999 7.12382717328164E-001 7.42897384327901E-001
36.2735704 7.07206073046465E-001 7.37416662964838E-001
36.3735371 7.02080482054401E-001 7.31990821566162E-001
36.4735079 6.97004924292623E-001 7.26618759496086E-001
36.5734750 6.91979167386232E-001 7.21300210353781E-001
36.6734423 6.87002406393848E-001 7.16034302169334E-001
36.7734135 6.82073852897265E-001 7.10820181030492E-001
36.8733811 6.77193290448683E-001 7.05657598564333E-001
36.9733527 6.72359762933538E-001 7.00545524364505E-001
37.0733206 6.67573063976026E-001 6.95483721454355E-001
37.1732887 6.62832441618736E-001 6.90471376236906E-001
37.2732608 6.58137159228764E-001 6.85507691839889E-001
37.3732292 6.53487024765837E-001 6.80592447501318E-001
37.4732015 6.48881141178513E-001 6.75724677591536E-001
37.5731702 6.44319325494409E-001 6.70904171601620E-001
37.6731391 6.39800874566724E-001 6.66130169634849E-001
37.7731119 6.35325099477190E-001 6.61401927302387E-001
37.8730811 6.30891830162987E-001 6.56719248687489E-001
37.9730543 6.26500224188627E-001 6.52081227977754E-001
38.0730237 6.22150119659114E-001 6.47487678486024E-001
38.1729934 6.17840858443949E-001 6.42937889774277E-001
38.2729669 6.13571795637802E-001 6.38431165800103E-001
38.3729369 6.09342780976397E-001 6.33967333015214E-001
38.4729107 6.05153022583677E-001 6.29545540907761E-001
38.5728809 6.01002377555597E-001 6.25165624241828E-001
38.6728513 5.96890229323937E-001 6.20826918182885E-001
38.7728256 5.92815973625938E-001 6.16528771274004E-001
38.8727962 5.88779478040297E-001 6.12271030115103E-001
38.9727708 5.84779997545576E-001 6.08052895376064E-001
39.0727417 5.80817406355427E-001 6.03874221146403E-001
39.1727127 5.76891126315794E-001 5.99734384686586E-001
39.2726877 5.73000590734037E-001 5.95632775701793E-001
39.3726590 5.69145683275114E-001 5.91569258947938E-001
39.4726343 5.65325702384498E-001 5.87543082515963E-001
39.5726059 5.61540537710163E-001 5.83554117912623E-001
39.6725776 5.57789646639489E-001 5.79601781296480E-001
39.7725533 5.54072497245752E-001 5.75685500414901E-001
39.8725252 5.50388987700709E-001 5.71805156390555E-001
39.9725012 5.46738456815313E-001 5.67960041297551E-001
40.0724734 5.43120808157828E-001 5.64150042345498E-001
40.1724458 5.39535532032567E-001 5.60374611674572E-001
40.2724221 5.35982128716376E-001 5.56633212227522E-001
40.3723947 5.32460509466512E-001 5.52925739885412E-001
40.4723712 5.28970050616790E-001 5.49251527558953E-001
40.5723441 5.25510668292898E-001 5.45610476618996E-001
40.6723171 5.22081883315632E-001 5.42002072523530E-001
40.7722940 5.18683225821383E-001 5.38425810810066E-001
40.8722673 5.15314618872924E-001 5.34881600671060E-001
40.9722444 5.11975473718560E-001 5.31368812970537E-001
41.0722179 5.08665717813656E-001 5.27887361853186E-001
41.1721915 5.05384900297507E-001 5.24436763659006E-001
41.2721690 5.02132579019376E-001 5.21016544141817E-001
41.3721428 4.98908687693933E-001 5.17626624502586E-001
41.4721206 4.95712670087909E-001 5.14266410913597E-001
41.5720946 4.92544463879482E-001 5.10935829043760E-001
41.6720688 4.89403644511660E-001 5.07634423885261E-001
41.7720469 4.86289795578503E-001 5.04361749230544E-001
41.8720213 4.83202860406092E-001 5.01117737115041E-001
41.9719996 4.80142313076163E-001 4.97901826590104E-001
42.0719743 4.77108100491105E-001 4.94713953722484E-001
42.1719490 4.74099822548818E-001 4.91553690113059E-001
42.2719276 4.71117086781912E-001 4.88420615596846E-001
42.3719026 4.68159845188765E-001 4.85314671985021E-001
42.4718815 4.65227600137721E-001 4.82235328974622E-001
42.5718566 4.62320306853833E-001 4.79182532014211E-001
42.6718319 4.59437587991598E-001 4.76155877438611E-001
42.7718111 4.56579073362725E-001 4.73154969293893E-001
42.8717866 4.53744722789715E-001 4.70179758211576E-001
42.9717660 4.50934065058316E-001 4.67229742478851E-001
43.0717417 4.48147062901779E-001 4.64304876008956E-001
43.1717175 4.45383360169595E-001 4.61404778148927E-001
43.2716972 4.42642607426437E-001 4.58529075473590E-001
43.3716732 4.39924771552408E-001 4.55677726572056E-001
43.4716531 4.37229406026407E-001 4.52850256427855E-001
43.5716293 4.34556480353652E-001 4.50046626590501E-001
43.6716056 4.31905658141261E-001 4.47266477836409E-001
43.7715858 4.29276609301969E-001 4.44509457722346E-001
43.8715623 4.26669307080321E-001 4.41775532015434E-001
43.9715428 4.24083328056274E-001 4.39064250648961E-001
44.0715195 4.21518647841090E-001 4.36375582059979E-001
44.1714963 4.18974948475236E-001 4.33709186997698E-001
44.2714770 4.16451917924931E-001 4.31064732577162E-001
44.3714539 4.13949535172006E-001 4.28442191038645E-001
44.4714348 4.11467398425976E-001 4.25841135652794E-001
44.5714120 4.09005488801503E-001 4.23261541067079E-001
44.6713893 4.06563505551139E-001 4.20703086661771E-001
44.7713704 4.04141153500548E-001 4.18165457798599E-001
44.8713479 4.01738416801098E-001 4.15648632553329E-001
44.9713293 3.99354913930549E-001 4.13152206044000E-001
45.0713069 3.96990630961296E-001 4.10676158515794E-001
45.1712846 3.94645283230661E-001 4.08220186742927E-001
45.2712662 3.92318591321420E-001 4.05783993124313E-001
45.3712441 3.90010544040258E-001 4.03367560994029E-001
45.4712259 3.87720778872635E-001 4.00970505939365E-001
45.5712040 3.85449286354362E-001 3.98592813248511E-001
45.6711822 3.83195796865993E-001 3.96234195947898E-001
45.7711643 3.80960045728816E-001 3.93894372357231E-001
45.8711426 3.78742025938879E-001 3.91573330546195E-001
45.9711248 3.76541392821049E-001 3.89270705295443E-001
46.0711034 3.74358140926561E-001 3.86986486433727E-001
46.1710820 3.72192014716044E-001 3.84720402185035E-001
46.2710644 3.70042763307235E-001 3.82472185758450E-001
46.3710432 3.67910383463140E-001 3.80241829485687E-001
46.4710259 3.65794547264295E-001 3.78028986158460E-001
46.5710048 3.63695252871165E-001 3.75833649690771E-001
46.6709838 3.61612257933012E-001 3.73655562529050E-001
46.7709667 3.59545324491977E-001 3.71494471818024E-001
46.8709459 3.57494452694960E-001 3.69350373722164E-001
46.9709290 3.55459330371971E-001 3.67222937947694E-001
47.0709083 3.53439958924293E-001 3.65112162081093E-001
47.1708877 3.51436108364028E-001 3.63017801888871E-001
47.2708710 3.49447552849810E-001 3.60939617568708E-001
47.3708506 3.47474295564911E-001 3.58877608728570E-001
47.4708341 3.45516039153836E-001 3.56831460971289E-001
47.5708138 3.43572787924413E-001 3.54801175181461E-001
47.6707936 3.41644323485974E-001 3.52786519609923E-001
47.7707773 3.39730431364514E-001 3.50787266689662E-001
47.8707573 3.37831117464305E-001 3.48803419119036E-001
47.9707411 3.35946098374819E-001 3.46834677451776E-001
48.0707212 3.34075381007042E-001 3.44881045530963E-001
48.1707014 3.32218757857134E-001 3.42942303317042E-001
48.2706855 3.30376025123255E-001 3.41018234720278E-001
48.3706658 3.28547191144398E-001 3.39108845209008E-001
48.4706500 3.26731985645683E-001 3.37213849408499E-001
48.5706305 3.24930417865822E-001 3.35333253812088E-001
48.6706110 3.23142290528101E-001 3.33466849371091E-001
48.7705955 3.21367409857179E-001 3.31614430769715E-001
48.8705762 3.19605786366836E-001 3.29776005955439E-001
48.9705608 3.17857162163958E-001 3.27951302806725E-001
49.0705416 3.16121548564884E-001 3.26140330187364E-001
49.1705225 3.14398757906904E-001 3.24342889372195E-001
49.2705073 3.12688605841051E-001 3.22558785166252E-001
49.3704883 3.10991104819821E-001 3.20788027732104E-001
49.4704733 3.09306008629086E-001 3.19030357439233E-001
49.5704545 3.07633330435658E-001 3.17285785267831E-001
49.6704357 3.05972891620574E-001 3.15554122196145E-001
49.7704208 3.04324516702990E-001 3.13835182543056E-001
49.8704022 3.02688219859710E-001 3.12128978446441E-001
49.9703875 3.01063765899923E-001 3.10435262056397E-001
50.0703690 2.99451169634584E-001 3.08754046238783E-001
50.1703506 2.97850260957680E-001 3.07085151098572E-001
50.2703361 2.96260872736808E-001 3.05428399903971E-001
50.3703178 2.94683020678297E-001 3.03783806550377E-001
50.4703034 2.93116480002506E-001 3.02151134305824E-001
50.5702853 2.91561266977086E-001 3.00530397712271E-001
50.6702672 2.90017219514529E-001 2.98921425464712E-001
50.7702530 2.88484178346742E-001 2.97324049255237E-001
50.8702350 2.86962160532624E-001 2.95738284538925E-001
50.9702209 2.85450951131746E-001 2.94163905083141E-001
51.0702031 2.83950567698164E-001 2.92600926915559E-001
51.1701853 2.82460855701960E-001 2.91049186821329E-001
51.2701714 2.80981663288001E-001 2.89508524426986E-001
51.3701538 2.79513008706985E-001 2.87978956567571E-001
51.4701400 2.78054686322914E-001 2.86460266931865E-001
51.5701225 2.76606714821537E-001 2.84952472860309E-001
51.6701050 2.75168946800558E-001 2.83455418762300E-001
51.7700914 2.73741237396710E-001 2.81968951742586E-001
51.8700741 2.72323605906435E-001 2.80493089852894E-001
51.9700606 2.70915855497788E-001 2.79027626163145E-001
52.0700434 2.69518005847650E-001 2.77572579169417E-001
52.1700263 2.68129916279969E-001 2.76127800470793E-001
52.2700130 2.66751448530206E-001 2.74693144224646E-001
52.3699959 2.65382622807863E-001 2.73268629551053E-001
52.4699827 2.64023250616528E-001 2.71854058395625E-001
52.5699658 2.62673352496538E-001 2.70449450267330E-001
52.6699489 2.61332794123127E-001 2.69054663549313E-001
52.7699359 2.60001443463190E-001 2.67669559054299E-001
52.8699192 2.58679321518765E-001 2.66294156835959E-001
52.9699063 2.57366247689998E-001 2.64928267242389E-001
53.0698897 2.56062243264711E-001 2.63571910665777E-001
53.1698731 2.54767179918909E-001 2.62224951894466E-001
53.2698603 2.53480931507545E-001 2.60887258025414E-001
53.3698439 2.52203519715743E-001 2.59558849923491E-001
53.4698313 2.50934771428616E-001 2.58239545895957E-001
53.5698149 2.49674708576162E-001 2.56929367100445E-001
53.6697986 2.48423208507284E-001 2.55628184376375E-001
53.7697861 2.47180150643753E-001 2.54335870758032E-001
53.8697699 2.45945557254396E-001 2.53052447810322E-001
53.9697576 2.44719262323151E-001 2.51777741384072E-001
54.0697415 2.43501288326582E-001 2.50511773295404E-001
54.1697254 2.42291517979584E-001 2.49254420103608E-001
54.2697133 2.41089835970024E-001 2.48005560455793E-001
54.3696973 2.39896265060232E-001 2.46765216515972E-001
54.4696852 2.38710645970443E-001 2.45533221288670E-001
54.5696694 2.37533001637028E-001 2.44309597151398E-001
54.6696536 2.36363219853403E-001 2.43094226073325E-001
54.7696417 2.35201190291843E-001 2.41886992010649E-001
54.8696260 2.34046936126330E-001 2.40687917634875E-001
54.9696142 2.32900304472847E-001 2.39496842738254E-001
55.0695986 2.31761318648853E-001 2.38313790171561E-001
55.1695831 2.30629871256868E-001 2.37138647023526E-001
55.2695714 2.29505856689532E-001 2.35971302274954E-001
55.3695560 2.28389298458253E-001 2.34811779021709E-001
55.4695444 2.27280049754642E-001 2.33659923500014E-001
55.5695291 2.26178134205873E-001 2.32515758953958E-001
55.6695138 2.25083448970902E-001 2.31379177319767E-001
55.7695023 2.23995892915087E-001 2.30250072336228E-001
55.8694872 2.22915489819979E-001 2.29128467448167E-001
55.9694758 2.21842098651725E-001 2.28014215012691E-001
56.0694607 2.20775743282534E-001 2.26907338594700E-001
56.1694457 2.19716325190690E-001 2.25807734722801E-001
56.2694345 2.18663747481862E-001 2.24715301643720E-001
56.3694196 2.17618034146790E-001 2.23630063082895E-001
56.4694085 2.16579049642794E-001 2.22551877214467E-001
56.5693936 2.15546818028535E-001 2.21480767858436E-001
56.6693788 2.14521244878998E-001 2.20416635896417E-001
56.7693678 2.13502237321916E-001 2.19359383848443E-001
56.8693531 2.12489819502043E-001 2.18309035658640E-001
56.9693423 2.11483861101030E-001 2.17265455032248E-001
57.0693276 2.10484386310982E-001 2.16228665984858E-001
57.1693130 2.09491304594414E-001 2.15198573526348E-001
57.2693023 2.08504526896065E-001 2.14175084229757E-001
57.3692878 2.07524077464795E-001 2.13158222201835E-001
57.4692772 2.06549830955160E-001 2.12147856409692E-001
57.5692628 2.05581811644777E-001 2.11144011010646E-001
57.6692484 2.04619932687064E-001 2.10146594931714E-001
57.7692379 2.03664108650979E-001 2.09155518591963E-001
57.8692236 2.02714363844386E-001 2.08170806210055E-001
57.9692132 2.01770577657713E-001 2.07192331761320E-001
58.0691990 2.00832774410796E-001 2.06220119496093E-001
58.1691849 1.99900870763001E-001 2.05254082060082E-001
58.2691746 1.98974784726157E-001 2.04294133523815E-001
58.3691605 1.98054540626422E-001 2.03340298172031E-001
58.4691503 1.97140022366505E-001 2.02392454749173E-001
58.5691363 1.96231254269392E-001 2.01450627554586E-001
58.6691224 1.95328156326337E-001 2.00514732766029E-001
58.7691123 1.94430649821353E-001 1.99584687922485E-001
58.8690985 1.93538759062188E-001 1.98660517333388E-001
58.9690885 1.92652372252801E-001 1.97742104286767E-001
59.0690747 1.91771513684128E-001 1.96829473091268E-001
59.1690610 1.90896106515406E-001 1.95922543281062E-001
59.2690511 1.90026075142089E-001 1.95021235691360E-001
59.3690374 1.89161443820470E-001 1.94125574618974E-001
59.4690277 1.88302104856476E-001 1.93235447682684E-001
59.5690141 1.87448082477321E-001 1.92350879164649E-001
59.6690006 1.86599302855797E-001 1.91471791790077E-001
59.7689909 1.85755693347348E-001 1.90598109528232E-001
59.8689774 1.84917278127098E-001 1.89729856629697E-001
59.9689678 1.84083953414665E-001 1.88866924843044E-001
60.0689545 1.83255743345082E-001 1.88009338391724E-001
60.1689411 1.82432576959127E-001 1.87157023036198E-001
60.2689316 1.81614384429446E-001 1.86309905726985E-001
60.3689184 1.80801189823344E-001 1.85468010638224E-001
60.4689090 1.79992893096134E-001 1.84631233458419E-001
60.5688958 1.79189518265161E-001 1.83799598323372E-001
60.6688827 1.78390997101887E-001 1.82973033881944E-001
60.7688734 1.77597262461486E-001 1.82151469921886E-001
60.8688603 1.76808338279566E-001 1.81334930513765E-001
60.9688511 1.76024128078799E-001 1.80523315106561E-001
61.0688381 1.75244655736009E-001 1.79716647722460E-001
61.1688251 1.74469855623784E-001 1.78914859760245E-001
61.2688160 1.73699663152727E-001 1.78117883709048E-001
61.3688031 1.72934102105418E-001 1.77325743511572E-001
61.4687941 1.72173079412591E-001 1.76538342207552E-001
61.5687813 1.71416618790172E-001 1.75755703682323E-001
61.6687685 1.70664657089553E-001 1.74977761953915E-001
61.7687596 1.69917132156758E-001 1.74204452084663E-001
61.8687469 1.69174067602333E-001 1.73435797867680E-001
61.9687381 1.68435373614257E-001 1.72671705772876E-001
62.0687254 1.67701073729421E-001 1.71912199527983E-001
62.1687128 1.66971107162475E-001 1.71157215646918E-001
62.2687041 1.66245414081497E-001 1.70406691644196E-001
62.3686916 1.65524017908109E-001 1.69660651143980E-001
62.4686829 1.64806831944685E-001 1.68919003894333E-001
62.5686704 1.64093879532985E-001 1.68181773446903E-001
62.6686580 1.63385102141716E-001 1.67448898694980E-001
62.7686494 1.62680442153866E-001 1.66720319490944E-001
62.8686371 1.61979922787178E-001 1.65996059272795E-001
62.9686286 1.61283460323040E-001 1.65276030922764E-001
63.0686163 1.60591077893860E-001 1.64560257800010E-001
63.1686040 1.59902719119149E-001 1.63848681067093E-001
63.2685918 1.59218354526504E-001 1.63141269713173E-001
63.3685872 1.58537903143226E-001 1.62437939504178E-001
63.4685751 1.57861439835375E-001 1.61738767290336E-001
63.5685630 1.57188883841512E-001 1.61043669067447E-001
63.6685509 1.56520206714594E-001 1.60352614913037E-001
63.7685388 1.55855380257346E-001 1.59665575169686E-001
63.8685344 1.55194326233469E-001 1.58982468479828E-001
63.9685224 1.54537117798480E-001 1.58303369933536E-001
64.0685105 1.53883676912324E-001 1.57628198386832E-001
64.1684986 1.53233976351440E-001 1.56956925215365E-001
64.2684867 1.52587989129501E-001 1.56289522046414E-001
64.3684824 1.51945639630562E-001 1.55625910275682E-001
64.4684706 1.51306999342622E-001 1.54966163277160E-001
64.5684588 1.50671992831982E-001 1.54310202644965E-001
64.6684470 1.50040594037344E-001 1.53658000987345E-001
64.7684353 1.49412777122825E-001 1.53009531151540E-001
64.8684312 1.48788468982666E-001 1.52364717169593E-001
64.9684195 1.48167739479435E-001 1.51723630742546E-001
65.0684079 1.47550515676561E-001 1.51086196086705E-001
65.1683963 1.46936772617278E-001 1.50452386981172E-001
65.2683847 1.46326485559089E-001 1.49822177432115E-001
65.3683808 1.45719583801786E-001 1.49195493996920E-001
65.4683692 1.45116135623641E-001 1.48572406745872E-001
65.5683578 1.44516070481456E-001 1.47952842407429E-001
65.6683463 1.43919364468532E-001 1.47336775873309E-001
65.7683349 1.43325993881915E-001 1.46724182251061E-001
65.8683311 1.42735890327536E-001 1.46114990518000E-001
65.9683197 1.42149120539548E-001 1.45509269154899E-001
66.0683084 1.41565616269527E-001 1.44906947297842E-001
66.1682971 1.40985354609432E-001 1.44308000896235E-001
66.2682858 1.40408312845035E-001 1.43712406104703E-001
66.3682821 1.39834424793893E-001 1.43120094220341E-001
66.4682709 1.39263755685284E-001 1.42531132174708E-001
66.5682597 1.38696239471812E-001 1.41945451412186E-001
66.6682485 1.38131854195548E-001 1.41363028888024E-001
66.7682374 1.37570578082996E-001 1.40783841752671E-001
66.8682339 1.37012347073473E-001 1.40207823527811E-001
66.9682228 1.36457224929673E-001 1.39635039635134E-001
67.0682118 1.35905147716063E-001 1.39065423732896E-001
67.1682007 1.35356094378970E-001 1.38498953733236E-001
67.2681897 1.34810044040292E-001 1.37935607734036E-001
67.3681864 1.34266934675601E-001 1.37375321391041E-001
67.4681754 1.33726828618369E-001 1.36818158654486E-001
67.5681645 1.33189663960081E-001 1.36264055306691E-001
67.6681536 1.32655420507985E-001 1.35712990170447E-001
67.7681428 1.32124078236520E-001 1.35164942245350E-001
67.8681396 1.31595577076134E-001 1.34619849235094E-001
67.9681288 1.31069977967515E-001 1.34077773655931E-001
68.0681180 1.30547220948401E-001 1.33538653328799E-001
68.1681072 1.30027286645988E-001 1.33002467943446E-001
68.2680965 1.29510155846740E-001 1.32469197357975E-001
68.3680934 1.28995770358494E-001 1.31938781242072E-001
68.4680827 1.28484189764682E-001 1.31411280714562E-001
68.5680721 1.27975355972377E-001 1.30886635553660E-001
68.6680615 1.27469250389972E-001 1.30364826274762E-001
68.7680509 1.26965854577635E-001 1.29845833553635E-001
68.8680479 1.26465112146782E-001 1.29329598947928E-001
68.9680374 1.25967081358212E-001 1.28816182214670E-001
69.0680269 1.25471705915058E-001 1.28305525011904E-001
69.1680164 1.24978967970247E-001 1.27797608641611E-001
69.2680059 1.24488849821383E-001 1.27292414558583E-001
69.3680031 1.24001296813132E-001 1.26789886134111E-001
69.4679927 1.23516365917394E-001 1.26290081798165E-001
69.5679823 1.23034002563528E-001 1.25792945014835E-001
69.6679719 1.22554189614287E-001 1.25298457835720E-001
69.7679615 1.22076910070386E-001 1.24806602458087E-001
69.8679589 1.21602110942689E-001 1.24317323996050E-001
69.9679486 1.21129847947069E-001 1.23830679586368E-001
70.0679383 1.20660068172522E-001 1.23346614428859E-001
70.1679281 1.20192755158765E-001 1.22865111289764E-001
70.2679178 1.19727892577115E-001 1.22386153074217E-001
70.3679153 1.19265429040697E-001 1.21909686571653E-001
70.4679051 1.18805419041364E-001 1.21435767658594E-001
70.5678949 1.18347811264243E-001 1.20964343203550E-001
70.6678848 1.17892589894882E-001 1.20495396654278E-001
70.7678747 1.17439739244409E-001 1.20028911591018E-001
70.8678723 1.16989209467207E-001 1.19564836414151E-001
70.9678622 1.16541053862279E-001 1.19103225772081E-001
71.0678522 1.16095222650285E-001 1.18644028138072E-001
71.1678422 1.15651700633110E-001 1.18187227610025E-001
71.2678322 1.15210472732502E-001 1.17732808412246E-001
71.3678299 1.14771490585891E-001 1.17280720494658E-001
71.4678200 1.14334806329773E-001 1.16831017308818E-001
71.5678100 1.13900371662505E-001 1.16383648871747E-001
71.6678002 1.13468171974343E-001 1.15938599901758E-001
71.7677903 1.13038192769984E-001 1.15495855237812E-001
71.8677881 1.12610387114330E-001 1.15055366320774E-001
71.9677783 1.12184806010907E-001 1.14617185435802E-001
72.0677685 1.11761402580544E-001 1.14181264085454E-001
72.1677587 1.11340162775345E-001 1.13747587580274E-001
72.2677489 1.10921072656721E-001 1.13316141345997E-001
72.3677468 1.10504086663960E-001 1.12886878258482E-001
72.4677371 1.10089254696373E-001 1.12459849466135E-001
72.5677275 1.09676531244504E-001 1.12035007901457E-001
72.6677178 1.09265902797151E-001 1.11612339440502E-001
72.7677082 1.08857355947542E-001 1.11191830069339E-001
72.8677062 1.08450846458640E-001 1.10773434045397E-001
72.9676966 1.08046423153518E-001 1.10357201409174E-001
73.0676870 1.07644041842030E-001 1.09943086470024E-001
73.1676774 1.07243689525793E-001 1.09531075644163E-001
73.2676679 1.06845353306226E-001 1.09121155452906E-001
73.3676660 1.06448990221499E-001 1.08713281484213E-001
73.4676565 1.06054648045673E-001 1.08307502698753E-001
73.5676471 1.05662283859730E-001 1.07903774732003E-001
73.6676376 1.05271885155440E-001 1.07502084516282E-001
73.7676282 1.04883439519986E-001 1.07102419084352E-001
73.8676264 1.04496905220405E-001 1.06704735305924E-001
73.9676171 1.04112329008234E-001 1.06309081089158E-001
74.0676077 1.03729669189515E-001 1.05915413347165E-001
74.1675984 1.03348913724649E-001 1.05523719505536E-001
74.2675890 1.02970050665276E-001 1.05133987085880E-001
74.3675874 1.02593039462986E-001 1.04746174193028E-001
74.4675781 1.02217925872564E-001 1.04360327709214E-001
74.5675688 1.01844669381043E-001 1.03976405778822E-001
74.6675596 1.01473258397009E-001 1.03594396299033E-001
74.7675504 1.01103681416323E-001 1.03214287258838E-001
74.8675488 1.00735899032729E-001 1.02836037953598E-001
74.9675396 1.00369956029329E-001 1.02459694265482E-001
75.0675305 1.00005813031984E-001 1.02085215525803E-001
75.1675213 9.96434588780357E-002 1.01712590082734E-001
75.2675122 9.92828824883317E-002 1.01341806372267E-001
75.3675108 9.89240455581956E-002 1.00972824837625E-001
75.4675017 9.85669919234325E-002 1.00605690386074E-001
75.5674926 9.82116833083752E-002 1.00240363493430E-001
75.6674836 9.78581089606518E-002 9.98768329392884E-002
75.7674746 9.75062582078107E-002 9.95150875872649E-002
75.8674732 9.71560938079108E-002 9.91550889876213E-002
75.9674642 9.68076586731824E-002 9.87968810971920E-002
76.0674553 9.64609155877902E-002 9.84404254956938E-002
76.1674463 9.61158541920848E-002 9.80857113755389E-002
76.2674374 9.57724642029287E-002 9.77327280095503E-002
76.3674361 9.54307094039166E-002 9.73814380159467E-002
76.4674273 9.50906318067769E-002 9.70318844249379E-002
76.5674184 9.47521952184991E-002 9.66840298812654E-002
76.6674096 9.44153896554496E-002 9.63378639724686E-002
76.7674007 9.40802052072640E-002 9.59933763630653E-002
76.8673996 9.37466066474385E-002 9.56505307018061E-002
76.9673908 9.34146351096415E-002 9.53093691154326E-002
77.0673820 9.30842553882315E-002 9.49698552764794E-002
77.1673732 9.27554578596945E-002 9.46319791507876E-002
77.2673645 9.24282329706996E-002 9.42957307779110E-002
77.3673634 9.21025464504978E-002 9.39610748012832E-002
77.4673547 9.17784385765236E-002 9.36280524666999E-002
77.5673461 9.14558750965268E-002 9.32966284388213E-002
77.6673374 9.11348467319818E-002 9.29667930457809E-002
77.7673288 9.08153442716087E-002 9.26385366863170E-002
77.8673278 9.04973343676830E-002 9.23118249641964E-002
77.9673192 9.01808564626337E-002 9.19866982661740E-002
78.0673106 8.98658772250278E-002 9.16631222148554E-002
78.1673020 8.95523877069226E-002 9.13410874854290E-002
78.2672935 8.92403790248234E-002 9.10205848207302E-002
78.3672925 8.89298187226460E-002 9.07015807519343E-002
78.4672840 8.86207454284615E-002 9.03841148280615E-002
78.5672755 8.83131267004173E-002 9.00681535968961E-002
78.6672671 8.80069539074334E-002 8.97536880661753E-002
78.7672586 8.77022184802122E-002 8.94407093084661E-002
78.8672578 8.73988888242101E-002 8.91291847507850E-002
78.9672493 8.70970027732199E-002 8.88191531251383E-002
79.0672409 8.67965287450076E-002 8.85105818730707E-002
79.1672325 8.64974584122840E-002 8.82034623210529E-002
79.2672242 8.61997835070033E-002 8.78977858577010E-002
79.3672234 8.59034732672838E-002 8.75935207755975E-002
79.4672151 8.56085647521701E-002 8.72907050098883E-002
79.5672068 8.53150272102971E-002 8.69893068657420E-002
79.6671985 8.50228526057099E-002 8.66893179752010E-002
79.7671902 8.47320329592769E-002 8.63907300298967E-002
79.8671895 8.44425383140639E-002 8.60935121589320E-002
79.9671813 8.41544049733618E-002 8.57977015201929E-002
80.0671730 8.38676029890811E-002 8.55032672535575E-002
80.1671648 8.35821246047271E-002 8.52102012840982E-002
80.2671566 8.32979621183203E-002 8.49184955940392E-002
80.3671560 8.30150863512696E-002 8.46281201211318E-002
80.4671478 8.27335328695862E-002 8.43391112650650E-002
80.5671397 8.24532725019653E-002 8.40514389726760E-002
80.6671315 8.21742977600493E-002 8.37650954501118E-002
80.7671234 8.18966012077948E-002 8.34800729583486E-002
80.8671229 8.16201544194075E-002 8.31963422170298E-002
80.9671148 8.13449922415871E-002 8.29139388861891E-002
81.0671067 8.10710862543729E-002 8.26328336929812E-002
81.1670987 8.07984292267446E-002 8.23530191132292E-002
81.2670906 8.05270139778968E-002 8.20744876753694E-002
81.3670902 8.02568128102941E-002 8.17972108552472E-002
81.4670822 7.99878598688014E-002 8.15212235912744E-002
81.5670742 7.97201274603639E-002 8.12464973653399E-002
81.6670662 7.94536086009950E-002 8.09730249120706E-002
81.7670583 7.91882963549192E-002 8.07007990165934E-002
81.8670579 7.89241637292849E-002 8.04297918862811E-002
81.9670500 7.86612441841214E-002 8.01600377554629E-002
82.0670421 7.83995107297983E-002 7.98915088361884E-002
82.1670342 7.81389566195285E-002 7.96241981115159E-002
82.2670263 7.78795751528245E-002 7.93580986129871E-002
82.3670260 7.76213400188620E-002 7.90931832557963E-002
82.4670182 7.73642840093696E-002 7.88294855872517E-002
82.5670103 7.71083808155720E-002 7.85669785259510E-002
82.6670025 7.68536239184951E-002 7.83056552934861E-002
82.7669947 7.66000068436379E-002 7.80455091580068E-002
82.8669945 7.63475039404240E-002 7.77865137197479E-002
82.9669867 7.60961473483660E-002 7.75287018555911E-002
83.0669790 7.58459114178455E-002 7.72720471679902E-002
83.1669712 7.55967898487378E-002 7.70165431076212E-002
83.2669635 7.53487763836475E-002 7.67621831698809E-002
83.3669634 7.51018460113034E-002 7.65089416181462E-002
83.4669556 7.48560302346479E-002 7.62568506750145E-002
83.5669479 7.46113040423552E-002 7.60058846049799E-002
83.6669403 7.43676613445880E-002 7.57560370787812E-002
83.7669326 7.41250960925724E-002 7.55073018101222E-002
83.8669326 7.38835838942007E-002 7.52596537044666E-002
83.9669249 7.36431556310665E-002 7.50131243458307E-002
84.0669173 7.34037869100653E-002 7.47676886397706E-002
84.1669097 7.31654718434682E-002 7.45233404684709E-002
84.2669021 7.29282045830173E-002 7.42800737554045E-002
84.3669022 7.26919613363902E-002 7.40378640278712E-002
84.4668946 7.24567723786391E-002 7.37967422465821E-002
84.5668870 7.22226139155714E-002 7.35566839379776E-002
84.6668795 7.19894802537489E-002 7.33176831874558E-002
84.7668720 7.17573657376835E-002 7.30797341201014E-002
84.8668721 7.15262471561905E-002 7.28428128655690E-002
84.9668646 7.12961541921876E-002 7.26069497761254E-002
85.0668571 7.10670636318097E-002 7.23721209796826E-002
85.1668496 7.08389699684373E-002 7.21383207569854E-002
85.2668422 7.06118677319468E-002 7.19055434269345E-002
85.3668424 7.03857342743423E-002 7.16737657027932E-002
85.4668349 7.01605987004240E-002 7.14430173428425E-002
85.5668275 6.99364383587642E-002 7.12132750577836E-002
85.6668201 6.97132479224183E-002 7.09845333161890E-002
85.7668127 6.94910220995461E-002 7.07567866233229E-002
85.8668130 6.92697387880591E-002 7.05300122580141E-002
85.9668056 6.90494265282790E-002 7.03042393986253E-002
86.0667983 6.88300632139902E-002 7.00794453206636E-002
86.1667909 6.86116436910895E-002 6.98556246733395E-002
86.2667836 6.83941628392483E-002 6.96327721411560E-002
86.3667839 6.81775990856432E-002 6.94108655511358E-002
86.4667766 6.79619804193884E-002 6.91899335154110E-002
86.5667694 6.77472852628906E-002 6.89699538569795E-002
86.6667621 6.75335086283517E-002 6.87509213988144E-002
86.7667548 6.73206455604754E-002 6.85328309978427E-002
86.8667552 6.71086749996728E-002 6.83156610125530E-002
86.9667480 6.68976243967650E-002 6.80994395021652E-002
87.0667408 6.66874726867991E-002 6.78841448204926E-002
87.1667336 6.64782150420278E-002 6.76697719576942E-002
87.2667264 6.62698466659868E-002 6.74563159366012E-002
87.3667268 6.60623469968764E-002 6.72437556310553E-002
87.4667197 6.58557429597928E-002 6.70321185603250E-002
87.5667125 6.56500139870236E-002 6.68213835929753E-002
87.6667054 6.54451554048861E-002 6.66115458800574E-002
87.7666983 6.52411625698139E-002 6.64026006040696E-002
87.8666988 6.50380154029110E-002 6.61945271386818E-002
87.9666917 6.48357403157804E-002 6.59873524758240E-002
88.0666846 6.46343172231084E-002 6.57810559833349E-002
88.1666775 6.44337415995454E-002 6.55756329671354E-002
88.2666705 6.42340089487418E-002 6.53710787634197E-002
88.3666710 6.40350996603567E-002 6.51673732307259E-002
88.4666640 6.38370396444049E-002 6.49645428459204E-002
88.5666570 6.36398092836630E-002 6.47625674611988E-002
88.6666500 6.34434041956270E-002 6.45614425315854E-002
88.7666429 6.32478200257235E-002 6.43611635412549E-002
88.8666436 6.30530376183316E-002 6.41617108191924E-002
88.9666366 6.28590823934664E-002 6.39631103391483E-002
89.0666296 6.26659351881978E-002 6.37653424232949E-002
89.1666227 6.24735917576112E-002 6.35684026702394E-002
89.2666157 6.22820478836981E-002 6.33722867066632E-002
89.3666164 6.20912848522157E-002 6.31769753180948E-002
89.4666095 6.19013276044590E-002 6.29824939867977E-002
89.5666026 6.17121574184852E-002 6.27888234910556E-002
89.6665957 6.15237701819332E-002 6.25959595677704E-002
89.7665889 6.13361618083665E-002 6.24038979808878E-002
89.8665896 6.11493140120505E-002 6.22126199590720E-002
89.9665828 6.09632512665416E-002 6.20221505044189E-002
90.0665759 6.07779552780469E-002 6.18324708379516E-002
90.1665691 6.05934220619335E-002 6.16435768298010E-002
90.2665622 6.04096476585527E-002 6.14554643761546E-002
90.3665631 6.02266141982608E-002 6.12681151358788E-002
90.4665563 6.00443456975656E-002 6.10815536419220E-002
90.5665495 5.98628242784385E-002 6.08957615451466E-002
90.6665427 5.96820460793500E-002 6.07107348440588E-002
90.7665359 5.95020072628525E-002 6.05264695622749E-002
90.8665368 5.93226903634098E-002 6.03429477763855E-002
90.9665301 5.91441189508906E-002 6.01601935609197E-002
91.0665233 5.89662755510760E-002 5.99781889841328E-002
91.1665166 5.87891564211057E-002 5.97969301682540E-002
91.2665099 5.86127578413368E-002 5.96164132597152E-002
91.3665108 5.84370627387735E-002 5.94366207407899E-002
91.4665041 5.82620942467800E-002 5.92575762380330E-002
91.5664975 5.80878352834079E-002 5.90792622250810E-002
91.6664908 5.79142822202143E-002 5.89016749434259E-002
91.7664842 5.77414314511443E-002 5.87248106578927E-002
91.8664851 5.75692662845752E-002 5.85486522448152E-002
91.9664785 5.73978094272358E-002 5.83732228929443E-002
92.0664719 5.72270441783061E-002 5.81985054697028E-002
92.1664653 5.70569670196826E-002 5.80244963315689E-002
92.2664587 5.68875744548544E-002 5.78511918575200E-002
92.3664597 5.67188501627875E-002 5.76785753067289E-002
92.4664531 5.65508164331861E-002 5.75066694400461E-002
92.5664466 5.63834569355990E-002 5.73354575074859E-002
92.6664400 5.62167682583494E-002 5.71649359764107E-002
92.7664335 5.60507470105906E-002 5.69951013358829E-002
92.8664346 5.58853772314607E-002 5.68259372170790E-002
92.9664281 5.57206808030003E-002 5.66574659625935E-002
93.0664215 5.55566417547324E-002 5.64896711942205E-002
93.1664150 5.53932567776536E-002 5.63225494862727E-002
93.2664086 5.52305225828579E-002 5.61560974339946E-002
93.3664097 5.50684235595927E-002 5.59902990301012E-002
93.4664032 5.49069811913516E-002 5.58251762083238E-002
93.5663968 5.47461798575901E-002 5.56607129517937E-002
93.6663903 5.45860163483752E-002 5.54969059379983E-002
93.7663839 5.44264874731682E-002 5.53337518646200E-002
93.8663851 5.42675779616022E-002 5.51712350758020E-002
93.9663787 5.41093089075038E-002 5.50093771055607E-002
94.0663723 5.39516650305575E-002 5.48481622882760E-002
94.1663659 5.37946432164420E-002 5.46875874009864E-002
94.2663595 5.36382403695551E-002 5.45276492402185E-002
94.3663607 5.34824415505178E-002 5.43683324917750E-002
94.4663544 5.33272674721409E-002 5.42096582988681E-002
94.5663480 5.31727031849582E-002 5.40516113373772E-002
94.6663417 5.30187456669393E-002 5.38941884804142E-002
94.7663353 5.28653919141245E-002 5.37373866198997E-002
94.8663366 5.27126273090384E-002 5.35811907738547E-002
94.9663303 5.25604721919031E-002 5.34256217033676E-002
95.0663240 5.24089119350351E-002 5.32706644163953E-002
95.1663177 5.22579436055050E-002 5.31163158787828E-002
95.2663114 5.21075642878324E-002 5.29625730745326E-002
95.3663128 5.19577596776617E-002 5.28094213447578E-002
95.4663065 5.18085497508374E-002 5.26568810768795E-002
95.5663002 5.16599201926910E-002 5.25049376018229E-002
95.6662940 5.15118681563313E-002 5.23535879749595E-002
95.7662878 5.13643908117175E-002 5.22028292691924E-002
95.8662892 5.12174741591198E-002 5.20526471399030E-002
95.9662829 5.10711378180056E-002 5.19030616090839E-002
96.0662767 5.09253677782424E-002 5.17540583218219E-002
96.1662705 5.07801612760336E-002 5.16056344199343E-002
96.2662643 5.06355155638583E-002 5.14577870621684E-002
96.3662658 5.04914169383966E-002 5.13105022096419E-002
96.4662596 5.03478846705345E-002 5.11637995269463E-002
96.5662535 5.02049050464739E-002 5.10176649648124E-002
96.6662473 5.00624753826842E-002 5.08720957485439E-002
96.7662412 4.99205930113584E-002 5.07270891197966E-002
96.8662427 4.97792445176382E-002 5.05826313371713E-002
96.9662365 4.96384488314254E-002 5.04387417156807E-002
97.0662304 4.94981925273210E-002 5.02954065034611E-002
97.1662243 4.93584729993422E-002 5.01526230064586E-002
97.2662182 4.92192876566983E-002 5.00103885464160E-002
97.3662198 4.90806233653016E-002 4.98686896714332E-002
97.4662137 4.89424987214742E-002 4.97275453545672E-002
97.5662076 4.88049005805377E-002 4.95869421333894E-002
97.6662016 4.86678264114431E-002 4.94468773917547E-002
97.7661955 4.85312736978233E-002 4.93073485287809E-002
97.8661971 4.83952295789179E-002 4.91683423743422E-002
97.9661911 4.82597123246858E-002 4.90298775669689E-002
98.0661851 4.81247090637373E-002 4.88919409259546E-002
98.1661791 4.79902173374445E-002 4.87545299104355E-002
98.2661730 4.78562347013705E-002 4.86176419942975E-002
98.3661747 4.77227485608769E-002 4.84812642817128E-002
98.4661687 4.75897768665941E-002 4.83454150839257E-002
98.5661627 4.74573070132269E-002 4.82100814944879E-002
98.6661568 4.73253366121516E-002 4.80752610452901E-002
98.7661508 4.71938632884632E-002 4.79409512824796E-002
98.8661525 4.70628747066699E-002 4.78071395772896E-002
98.9661465 4.69323885049311E-002 4.76738439207370E-002
99.0661406 4.68023923370805E-002 4.75410516734054E-002
99.1661347 4.66728838821737E-002 4.74087604375107E-002
99.2661288 4.65438608325309E-002 4.72769678290500E-002
99.3661305 4.64153111050521E-002 4.71456614793123E-002
99.4661246 4.62872520321110E-002 4.70148590659668E-002
99.5661187 4.61596715199249E-002 4.68845482096335E-002
99.6661128 4.60325673129919E-002 4.67547265805160E-002
99.7661070 4.59059371686381E-002 4.66253918621425E-002
99.8661087 4.57797692496131E-002 4.64965319390734E-002
99.9661029 4.56540805890233E-002 4.63681641823382E-002
100.0660970 4.55288593389358E-002 4.62402764658184E-002
100.1660912 4.54041033071396E-002 4.61128665254571E-002
100.2660854 4.52798103138301E-002 4.59859321100821E-002
100.3660872 4.51559687612696E-002 4.58594613509551E-002
100.4660814 4.50325953896528E-002 4.57334713190056E-002
100.5660756 4.49096785905679E-002 4.56079501348154E-002
100.6660698 4.47872162330226E-002 4.54828955979031E-002
100.7660640 4.46652061980264E-002 4.53583055202495E-002
100.8660658 4.45436371212143E-002 4.52341682734529E-002
100.9660601 4.44225254560668E-002 4.51105006347195E-002
101.0660543 4.43018598275610E-002 4.49872909649755E-002
101.1660486 4.41816381639294E-002 4.48645371252326E-002
101.2660428 4.40618584050163E-002 4.47422369885577E-002
101.3660447 4.39425094138796E-002 4.46203791607202E-002
101.4660390 4.38236073633302E-002 4.44989801314209E-002
101.5660333 4.37051411057912E-002 4.43780284957722E-002
101.6660275 4.35871086267998E-002 4.42575221742741E-002
101.7660218 4.34695079231295E-002 4.41374590990907E-002
101.8660238 4.33523280794951E-002 4.40178281041874E-002
101.9660181 4.32355849939324E-002 4.38986453978237E-002
102.0660124 4.31192677405508E-002 4.37798998033302E-002
102.1660067 4.30033743603432E-002 4.36615892987659E-002
102.2660011 4.28879029051774E-002 4.35437118734759E-002
102.3660031 4.27728426758350E-002 4.34262565838316E-002
102.4659974 4.26582093013268E-002 4.33092393625652E-002
102.5659918 4.25439920718649E-002 4.31926492554415E-002
102.6659861 4.24301890821168E-002 4.30764842962197E-002
102.7659805 4.23167984372769E-002 4.29607425295819E-002
102.8659825 4.22038096487746E-002 4.28454132286921E-002
102.9659769 4.20912380822043E-002 4.27305120565238E-002
103.0659713 4.19790732384667E-002 4.26160282756692E-002
103.1659657 4.18673132641888E-002 4.25019599737977E-002
103.2659601 4.17559563161887E-002 4.23883052491516E-002
103.3659622 4.16449921112882E-002 4.22750535862458E-002
103.4659566 4.15344357571369E-002 4.21622203839219E-002
103.5659511 4.14242769600746E-002 4.20497951161635E-002
103.6659455 4.13145139170343E-002 4.19377759228258E-002
103.7659400 4.12051448348172E-002 4.18261609539998E-002
103.8659421 4.10961596305409E-002 4.17149399002743E-002
103.9659365 4.09875731592485E-002 4.16041279018487E-002
104.0659310 4.08793753276267E-002 4.14937146388261E-002
104.1659255 4.07715643813219E-002 4.13836983015864E-002
104.2659200 4.06641385755368E-002 4.12740770904199E-002
104.3659221 4.05570880227413E-002 4.11648408968724E-002
104.4659166 4.04504273305803E-002 4.10560046078558E-002
104.5659112 4.03441466011482E-002 4.09475581044804E-002
104.6659057 4.02382441272692E-002 4.08394996260495E-002
104.7659002 4.01327182110236E-002 4.07318274214639E-002
104.8659024 4.00275591554370E-002 4.06245315782619E-002
104.9658969 3.99227813258387E-002 4.05176267352935E-002
105.0658915 3.98183750149385E-002 4.04111029697169E-002
105.1658860 3.97143385612583E-002 4.03049585682155E-002
105.2658806 3.96106703122865E-002 4.01991918267687E-002
105.3658828 3.95073607569505E-002 4.00937930240920E-002
105.4658774 3.94044240232237E-002 3.99887765560719E-002
105.5658720 3.93018505897810E-002 3.98841326911025E-002
105.6658666 3.91996388394151E-002 3.97798597617603E-002
105.7658612 3.90977871636054E-002 3.96759561096264E-002
105.8658634 3.89962862326650E-002 3.95724121999208E-002
105.9658580 3.88951499420512E-002 3.94692421905419E-002
106.0658527 3.87943689518913E-002 3.93664365364512E-002
106.1658473 3.86939416878722E-002 3.92639936146838E-002
106.2658419 3.85938665840984E-002 3.91619118109987E-002
106.3658442 3.84941344878843E-002 3.90601817725858E-002
106.4658389 3.83947590668958E-002 3.89588174242112E-002
106.5658335 3.82957311583318E-002 3.88578094028725E-002
106.6658282 3.81970492294457E-002 3.87571561286804E-002
106.7658229 3.80987117556493E-002 3.86568560301989E-002
106.8658252 3.80007097570028E-002 3.85568999321864E-002
106.9658199 3.79030566779919E-002 3.84573015310159E-002
107.0658146 3.78057435286338E-002 3.83580516413229E-002
107.1658093 3.77087688164685E-002 3.82591487249599E-002
107.2658040 3.76121310569435E-002 3.81605912519713E-002
107.3658063 3.75158214387325E-002 3.80623702204117E-002
107.4658011 3.74198531876426E-002 3.79644991028866E-002
107.5657958 3.73242174823802E-002 3.78669688874001E-002
107.6657905 3.72289128695359E-002 3.77697780762592E-002
107.7657853 3.71339379033664E-002 3.76729251797115E-002
107.8657877 3.70392839371464E-002 3.75764013649594E-002
107.9657824 3.69449639823989E-002 3.74802198853565E-002
108.0657772 3.68509693825092E-002 3.73843718981297E-002
108.1657720 3.67572987219267E-002 3.72888559447995E-002
108.2657667 3.66639505925332E-002 3.71936705745837E-002
108.3657692 3.65709165083073E-002 3.70988071198041E-002
108.4657639 3.64782092707786E-002 3.70042786189710E-002
108.5657587 3.63858203841163E-002 3.69100763945082E-002
108.6657536 3.62937484694778E-002 3.68161990259516E-002
108.7657484 3.62019921552273E-002 3.67226451002998E-002
108.8657508 3.61105431122624E-002 3.66294061110819E-002
108.9657456 3.60194139363081E-002 3.65364948862687E-002
109.0657405 3.59285962885341E-002 3.64439029095709E-002
