0.0053140 1.16872874623109E+002 1.08096295186013E+004
0.0210792 4.31024751277909E+002 1.04256104794053E+004
0.0467942 8.52872469061484E+002 9.83733971708474E+003
0.0817065 1.28274227162758E+003 9.10767323972605E+003
0.1249105 1.64644287249314E+003 8.30197075913706E+003
0.1754417 1.90764525695662E+003 7.47701899088911E+003
0.2323515 2.06167186004610E+003 6.67541019661150E+003
0.2947571 2.12253793002260E+003 5.92480359424759E+003
0.3618673 2.11152194642541E+003 5.24015566846534E+003
0.4329916 2.05001005669108E+003 4.62703137188896E+003
0.5075377 1.95614091900311E+003 4.08480758662380E+003
0.5850032 1.84386310216975E+003 3.60922733673414E+003
0.6649650 1.72320262841734E+003 3.19421445689225E+003
0.7470680 1.60098255999065E+003 2.83304851041603E+003
0.8310139 1.48160668778096E+003 2.51907041162630E+003
0.9165527 1.36774119739593E+003 2.24606042691105E+003
1.0034738 1.26085121374910E+003 2.00841359821030E+003
1.0915995 1.16159837931256E+003 1.80119216563759E+003
1.1807797 1.07012378149765E+003 1.62010829989658E+003
1.2708868 9.86245209478542E+002 1.46147462766518E+003
1.3618115 9.09590079911169E+002 1.32213801595415E+003
1.4534610 8.39683732254519E+002 1.19941078663072E+003
1.5457546 7.76008001321905E+002 1.09100729724367E+003
1.6386236 7.18036478637363E+002 9.94982726143507E+002
1.7320075 6.65258009073491E+002 9.09683186358728E+002
1.8258543 6.17188523036601E+002 8.33699164992287E+002
1.9201186 5.73378158984360E+002 7.65828033137055E+002
2.0147601 5.33414217446746E+002 7.05042047939283E+002
2.1097440 4.96920662388866E+002 6.50460005838003E+002
2.2050388 4.63557603554816E+002 6.01325540263673E+002
2.3006174 4.33018538639855E+002 5.56987010321452E+002
2.3964555 4.05028095811894E+002 5.16881896132035E+002
2.4925310 3.79339502528640E+002 4.80523591860545E+002
2.5888248 3.55731445820185E+002 4.47489488256778E+002
2.6853193 3.34005992353046E+002 4.17412208542662E+002
2.7819988 3.13985777914514E+002 3.89971079212117E+002
2.8788497 2.95511985223971E+002 3.64885689878320E+002
2.9758588 2.78442450485321E+002 3.41910383160886E+002
3.0730149 2.62649554873387E+002 3.20829058098628E+002
3.1703074 2.48018931692673E+002 3.01451547762243E+002
3.2677268 2.34447750397584E+002 2.83609801741462E+002
3.3652646 2.21843585413802E+002 2.67155147683293E+002
3.4629133 2.10123183394302E+002 2.51955654872036E+002
3.5606650 1.99211672662137E+002 2.37894265239685E+002
3.6585133 1.89041334370188E+002 2.24866511581339E+002
3.7564523 1.79551038607647E+002 2.12779223121777E+002
3.8544764 1.70685486301114E+002 2.01549079402143E+002
3.9525810 1.62394551244532E+002 1.91101377511609E+002
4.0507604 1.54632886699078E+002 1.81369201371704E+002
4.1490108 1.47359202278125E+002 1.72292232387656E+002
4.2473280 1.40535993417736E+002 1.63816176934305E+002
4.3457083 1.34129117898344E+002 1.55892038914520E+002
4.4441489 1.28107428139128E+002 1.48475495085035E+002
4.5426454 1.22442582005419E+002 1.41526517148872E+002
4.6411954 1.17108601744461E+002 1.35008706397791E+002
4.7397961 1.12081750823237E+002 1.28889038806555E+002
4.8384450 1.07340290499675E+002 1.23137477534343E+002
4.9371399 1.02864268118170E+002 1.17726638274896E+002
5.0358779 9.86354304571941E+001 1.12631617174492E+002
5.1346571 9.46369429458808E+001 1.07829593923661E+002
5.2334756 9.08533392010729E+001 1.03299721559202E+002
5.3323316 8.72703761405546E+001 9.90229089735465E+001
5.4312238 8.38749077887249E+001 9.49816323084628E+001
5.5301496 8.06548498169541E+001 9.11598595009797E+001
5.6291079 7.75989930507769E+001 8.75427996224741E+001
5.7280973 7.46969884329659E+001 8.41168601562021E+001
5.8271164 7.19392576318616E+001 8.08695189885242E+001
5.9261644 6.93169151023766E+001 7.77892130904532E+001
6.0252392 6.68217579847880E+001 7.48653093558669E+001
6.1243401 6.44461372878350E+001 7.20879382194637E+001
6.2234659 6.21829596879560E+001 6.94479826137194E+001
6.3226158 6.00256304097177E+001 6.69369993016040E+001
6.4217891 5.79680033997114E+001 6.45471503508681E+001
6.5209840 5.60043834975451E+001 6.22711962437873E+001
6.6202001 5.41294342937946E+001 6.01023805920935E+001
6.7194366 5.23381874620126E+001 5.80344337008855E+001
6.8186927 5.06260050254754E+001 5.60615222853258E+001
6.9179682 4.89885464407135E+001 5.41782056333833E+001
7.0172613 4.74217763676222E+001 5.23794392159866E+001
7.1165720 4.59218967170659E+001 5.06604918210343E+001
7.2158999 4.44853521619268E+001 4.90169477641388E+001
7.3152432 4.31088379434918E+001 4.74447118950121E+001
7.4146030 4.17892104021380E+001 4.59399039102024E+001
7.5139770 4.05235698961404E+001 4.44989499585800E+001
7.6133666 3.93091462723187E+001 4.31184492498632E+001
7.7127702 3.81433720390843E+001 4.17952549125485E+001
7.8121865 3.70238324537426E+001 4.05264148369249E+001
7.9116168 3.59482248848899E+001 3.93091236403585E+001
8.0110589 3.49144226459326E+001 3.81407931115298E+001
8.1105143 3.39203837395961E+001 3.70189472387526E+001
8.2099815 3.29642124770951E+001 3.59412903569520E+001
8.3094593 3.20441205121182E+001 3.49056616701303E+001
8.4089492 3.11583949652042E+001 3.39099981622801E+001
8.5084489 3.03054523883719E+001 3.29523941534378E+001
8.6079599 2.94837649673121E+001 3.20310172836945E+001
8.7074812 2.86919125490352E+001 3.11441659947593E+001
8.8070112 2.79285516708042E+001 3.02902338440022E+001
8.9065517 2.71923900951447E+001 2.94676802587267E+001
9.0061006 2.64822325678022E+001 2.86750809663741E+001
9.1056593 2.57969203655192E+001 2.79110597714295E+001
9.2052267 2.51353753920721E+001 2.71743371765764E+001
9.3048016 2.44965751763525E+001 2.64637018839169E+001
9.4043856 2.38795322058130E+001 2.57779873177777E+001
9.5039766 2.32833328766903E+001 2.51161144605846E+001
9.6035763 2.27070874139871E+001 2.44770357573932E+001
9.7031836 2.21499674095586E+001 2.38597764017316E+001
9.8027972 2.16111853642764E+001 2.32634112295075E+001
9.9024188 2.10899776859707E+001 2.26870455818931E+001
10.0020464 2.05856379891251E+001 2.21298518342931E+001
10.1016817 2.00974751939466E+001 2.15910227666636E+001
10.2013235 1.96248456313243E+001 2.10698067758361E+001
10.3009707 1.91671361040608E+001 2.05654888942162E+001
10.4006251 1.87237497331822E+001 2.00773749834459E+001
10.5002846 1.82941345565370E+001 1.96048230211957E+001
10.5999509 1.78777481606680E+001 1.91472039654222E+001
10.6996230 1.74740852697300E+001 1.87039319268295E+001
10.7992996 1.70826635736381E+001 1.82744483962445E+001
10.8989827 1.67030118230689E+001 1.78582090392035E+001
10.9986702 1.63346945035363E+001 1.74547106145139E+001
11.0983637 1.59772817448377E+001 1.70634578460524E+001
11.1980623 1.56303731411262E+001 1.66839893988641E+001
11.2977649 1.52935857840626E+001 1.63158646399455E+001
11.3974732 1.49665441576128E+001 1.59586524949542E+001
11.4971853 1.46489015227673E+001 1.56119547140155E+001
11.5969029 1.43403141340941E+001 1.52753776132141E+001
11.6966250 1.40404619006559E+001 1.49485545424112E+001
11.7963505 1.37490381975545E+001 1.46311346727475E+001
11.8960812 1.34657412188553E+001 1.43227735103257E+001
11.9958151 1.31902925934018E+001 1.40231530951576E+001
12.0955540 1.29224151487669E+001 1.37319577293320E+001
12.1952970 1.26618509119080E+001 1.34488934988009E+001
12.2950428 1.24083523704890E+001 1.31736787013195E+001
12.3947934 1.21616750199658E+001 1.29060357073968E+001
12.4945468 1.19215936382047E+001 1.26457085731368E+001
12.5943047 1.16878829954068E+001 1.23924420613994E+001
12.6940662 1.14603336042167E+001 1.21459986783538E+001
12.7938302 1.12387441743673E+001 1.19061504431326E+001
12.8935986 1.10229151472364E+001 1.16726718558081E+001
12.9933693 1.08126629820396E+001 1.14453553198188E+001
13.0931443 1.06078033307591E+001 1.12239929051637E+001
13.1929224 1.04081648755629E+001 1.10083912787757E+001
13.2927027 1.02135827742575E+001 1.07983645819015E+001
13.3924871 1.00238930185125E+001 1.05937283162783E+001
13.4922734 9.83894502376101E+000 1.03943129030317E+001
13.5920637 9.65858688093651E+000 1.01999477459413E+001
13.6918568 9.48267756101629E+000 1.00104743687346E+001
13.7916517 9.31108118964632E+000 9.82574021478234E+000
13.8914504 9.14366209779680E+000 9.64559330130078E+000
13.9912508 8.98029595831581E+000 9.46989418586356E+000
14.0910548 8.82085679850942E+000 9.29850197200385E+000
14.1908615 8.66522780458829E+000 9.13128591318335E+000
14.2906697 8.51329629519548E+000 8.96811998633887E+000
14.3904813 8.36494935830982E+000 8.80887819339991E+000
14.4902944 8.22008373736570E+000 8.65344516127590E+000
14.5901109 8.07859434551339E+000 8.50170379784526E+000
14.6899298 7.94038386448782E+000 8.35354557905652E+000
14.7897500 7.80535831111631E+000 8.20886577631495E+000
14.8895734 7.67342317378534E+000 8.06755930735021E+000
14.9893980 7.54449221833860E+000 7.92953015863355E+000
15.0892259 7.41847728993122E+000 7.79468045168983E+000
15.1890558 7.29529686958873E+000 7.66291959451273E+000
15.2888878 7.17487101128866E+000 7.53415885101306E+000
15.3887200 7.05712469494864E+000 7.40831491717703E+000
15.4885562 6.94197878767114E+000 7.28530025280600E+000
15.5883943 6.82936341503441E+000 7.16503736388407E+000
15.6882343 6.71920883101595E+000 7.04744903573779E+000
15.7880763 6.61144759622827E+000 6.93246065408576E+000
15.8879183 6.50601647826685E+000 6.82000222439009E+000
15.9877640 6.40284836748431E+000 6.70999974279824E+000
16.0876115 6.30188425978293E+000 6.60238797108627E+000
16.1874608 6.20306509206361E+000 6.49710172100675E+000
16.2873119 6.10633370084924E+000 6.39407793809749E+000
16.3871628 6.01163653832327E+000 6.29325752272944E+000
16.4870172 5.91891641819593E+000 6.19457760232900E+000
16.5868734 5.82812328634225E+000 6.09798299338525E+000
16.6867312 5.73920689584867E+000 6.00341839743284E+000
16.7865905 5.65211857260763E+000 5.91083027666748E+000
16.8864496 5.56681276838266E+000 5.82016849986115E+000
16.9863121 5.48324053152365E+000 5.73137939960865E+000
17.0861762 5.40135921559143E+000 5.64441608654622E+000
17.1860417 5.32112588748403E+000 5.55923143931600E+000
17.2859087 5.24249892291861E+000 5.47577979699663E+000
17.3857753 5.16543941507740E+000 5.39401845002415E+000
17.4856452 5.08990528071837E+000 5.31390138395654E+000
17.5855166 5.01586003514395E+000 5.23538858673108E+000
17.6853893 4.94326684286301E+000 5.15843973290880E+000
17.7852633 4.87208996276151E+000 5.08301571449929E+000
17.8851368 4.80229602848777E+000 5.00907999441062E+000
17.9850136 4.73384871357079E+000 4.93659295285870E+000
18.0848916 4.66671668289815E+000 4.86552030823743E+000
18.1847709 4.60086820859290E+000 4.79582741074738E+000
18.2846515 4.53627248202481E+000 4.72748063027874E+000
18.3845314 4.47290078003165E+000 4.66044858766219E+000
18.4844144 4.41072162352799E+000 4.59469703198185E+000
18.5842986 4.34970800039871E+000 4.53019647869156E+000
18.6841841 4.28983248027476E+000 4.46691704001135E+000
18.7840706 4.23106840827925E+000 4.40482968605124E+000
18.8839565 4.17339096940622E+000 4.34390736719670E+000
18.9838453 4.11677278419425E+000 4.28412036069685E+000
19.0837353 4.06119048509027E+000 4.22544321542940E+000
19.1836263 4.00662027301309E+000 4.16785005668630E+000
19.2835185 3.95303900580153E+000 4.11131573460564E+000
19.3834098 3.90042517154232E+000 4.05581684935551E+000
19.4833041 3.84875487252285E+000 4.00132751384231E+000
19.5831994 3.79800782625243E+000 3.94782568252205E+000
19.6830957 3.74816331443909E+000 3.89528887677619E+000
19.7829930 3.69920117745812E+000 3.84369523291082E+000
19.8828894 3.65110270610053E+000 3.79302444036327E+000
19.9827887 3.60384697146944E+000 3.74325387450734E+000
20.0826889 3.55741631262059E+000 3.69436437674366E+000
20.1825901 3.51179263510987E+000 3.64633635388875E+000
20.2824922 3.46695832138639E+000 3.59915073645273E+000
20.3823934 3.42289704929235E+000 3.55278983884991E+000
20.4822973 3.37959043103615E+000 3.50723382230896E+000
20.5822022 3.33702304155419E+000 3.46246598483335E+000
20.6821079 3.29517902932482E+000 3.41846919413458E+000
20.7820145 3.25404295137440E+000 3.37522676557046E+000
20.8819201 3.21360052587199E+000 3.33272325226617E+000
20.9818284 3.17383554796788E+000 3.29094120325842E+000
21.0817375 3.13473450625840E+000 3.24986601454507E+000
21.1816475 3.09628347327694E+000 3.20948266027958E+000
21.2815583 3.05846887275381E+000 3.16977649860849E+000
21.3814680 3.02127817279269E+000 3.13073399867814E+000
21.4813803 2.98469705034217E+000 3.09233976350828E+000
21.5812935 2.94871363737990E+000 3.05458098703824E+000
21.6812074 2.91331566252054E+000 3.01744445272157E+000
21.7811221 2.87849115726540E+000 2.98091727451476E+000
21.8810357 2.84422909550303E+000 2.94498756693657E+000
21.9809519 2.81051678179465E+000 2.90964170590336E+000
22.0808688 2.77734376393130E+000 2.87486843125753E+000
22.1807864 2.74469920055489E+000 2.84065608568549E+000
22.2807048 2.71257251234954E+000 2.80699329725659E+000
22.3806219 2.68095397296087E+000 2.77386959799910E+000
22.4805416 2.64983229921391E+000 2.74127289913896E+000
22.5804621 2.61919826241212E+000 2.70919327392437E+000
22.6803832 2.58904225984267E+000 2.67762041304008E+000
22.7803050 2.55935491618090E+000 2.64654425435621E+000
22.8802255 2.53012763035715E+000 2.61595555487201E+000
22.9801486 2.50135034836320E+000 2.58584355956639E+000
23.0800723 2.47301490195152E+000 2.55619949529353E+000
23.1799967 2.44511276446449E+000 2.52701422166773E+000
23.2799217 2.41763560713146E+000 2.49827881303895E+000
23.3798454 2.39057580591743E+000 2.46998508812068E+000
23.4797716 2.36392437977246E+000 2.44212345405247E+000
23.5796984 2.33767408216636E+000 2.41468613864020E+000
23.6796259 2.31181732390755E+000 2.38766501810712E+000
23.7795539 2.28634668849530E+000 2.36105215575361E+000
23.8794806 2.26125540255128E+000 2.33484029311697E+000
23.9794098 2.23653542427698E+000 2.30902085292138E+000
24.0793395 2.21218031045205E+000 2.28358693389158E+000
24.1792698 2.18818329084213E+000 2.25853129886677E+000
24.2792007 2.16453774631748E+000 2.23384687411287E+000
24.3791302 2.14123764608772E+000 2.20952720545171E+000
24.4790621 2.11827577279761E+000 2.18556460557900E+000
24.5789946 2.09564638516557E+000 2.16195293302585E+000
24.6789277 2.07334343026555E+000 2.13868572595924E+000
24.7788612 2.05136098772702E+000 2.11575666568772E+000
24.8787934 2.02969367665864E+000 2.09316000083626E+000
24.9787279 2.00833500526812E+000 2.07088882608821E+000
25.0786630 1.98727984717102E+000 2.04893766454847E+000
25.1785986 1.96652277930438E+000 2.02730073414846E+000
25.2785347 1.94605849517559E+000 2.00597237851089E+000
25.3784693 1.92588218406550E+000 1.98494746192895E+000
25.4784064 1.90598799433337E+000 1.96421976796642E+000
25.5783439 1.88637133954209E+000 1.94378440244217E+000
25.6782819 1.86702735105185E+000 1.92363618075256E+000
25.7782204 1.84795126297933E+000 1.90377002893085E+000
25.8781574 1.82913876600990E+000 1.88418135190922E+000
25.9780968 1.81058457466939E+000 1.86486454161977E+000
26.0780366 1.79228457775407E+000 1.84581521603374E+000
26.1779769 1.77423439578630E+000 1.82702871693683E+000
26.2779176 1.75642974007549E+000 1.80850048372881E+000
26.3778568 1.73886674323826E+000 1.79022639719849E+000
26.4777984 1.72154062170584E+000 1.77220138783208E+000
26.5777404 1.70444768348484E+000 1.75442152476629E+000
26.6776829 1.68758398165546E+000 1.73688261462809E+000
26.7776257 1.67094564968691E+000 1.71958055036326E+000
26.8775671 1.65452921055970E+000 1.70251163253507E+000
26.9775108 1.63833032664883E+000 1.68567126948361E+000
27.0774549 1.62234567654911E+000 1.66905592866285E+000
27.1773994 1.60657169667768E+000 1.65266182810454E+000
27.2773442 1.59100489478535E+000 1.63648526233739E+000
27.3772876 1.57564213939324E+000 1.62052290302538E+000
27.4772333 1.56047948996288E+000 1.60477058344990E+000
27.5771793 1.54551395337514E+000 1.58922512347203E+000
27.6771257 1.53074230647859E+000 1.57388310601774E+000
27.7770725 1.51616138955042E+000 1.55874118194839E+000
27.8770178 1.50176837759793E+000 1.54379635168124E+000
27.9769653 1.48755968441026E+000 1.52904482719980E+000
28.0769132 1.47353260826397E+000 1.51448374079293E+000
28.1768615 1.45968422894989E+000 1.50010999970050E+000
28.2768101 1.44601168277067E+000 1.48592057161694E+000
28.3767572 1.43251241711302E+000 1.47191274878242E+000
28.4767065 1.41918316258380E+000 1.45808308137756E+000
28.5766562 1.40602147661084E+000 1.44442897922337E+000
28.6766062 1.39302470909576E+000 1.43094763838435E+000
28.7765565 1.38019026038623E+000 1.41763630882828E+000
28.8765053 1.36751582039618E+000 1.40449254233837E+000
28.9764563 1.35499840356959E+000 1.39151319172784E+000
29.0764077 1.34263579824022E+000 1.37869591382277E+000
29.1763593 1.33042559560426E+000 1.36603816240538E+000
29.2763113 1.31836543197305E+000 1.35353743941104E+000
29.3762617 1.30645321360288E+000 1.34119152788891E+000
29.4762144 1.29468620971291E+000 1.32899755198774E+000
29.5761673 1.28306241474771E+000 1.31695338877529E+000
29.6761206 1.27157963585197E+000 1.30505672242602E+000
29.7760741 1.26023572059058E+000 1.29330528020985E+000
29.8760261 1.24902876854632E+000 1.28169705161840E+000
29.9759803 1.23795627804977E+000 1.27022940453420E+000
30.0759347 1.22701642784531E+000 1.25890041275365E+000
30.1758895 1.21620721868605E+000 1.24770796678894E+000
30.2758445 1.20552668760205E+000 1.23664999578990E+000
30.3757980 1.19497310723136E+000 1.22572467385407E+000
30.4757536 1.18454418230621E+000 1.21492958820353E+000
30.5757095 1.17423825664652E+000 1.20426298866390E+000
30.6756657 1.16405350488372E+000 1.19372295086671E+000
30.7756221 1.15398813426270E+000 1.18330758514407E+000
30.8755770 1.14404057258794E+000 1.17301523095208E+000
30.9755340 1.13420871085728E+000 1.16284367324898E+000
31.0754913 1.12449104098916E+000 1.15279131963116E+000
31.1754469 1.11488607617482E+000 1.14285660047929E+000
31.2754067 1.10539163041207E+000 1.13303722385633E+000
31.3753629 1.09600681727664E+000 1.12333224272981E+000
31.4753231 1.08672933807011E+000 1.11373925033412E+000
31.5752798 1.07755834558727E+000 1.10425734162018E+000
31.6752368 1.06849195596436E+000 1.09488454036778E+000
31.7751978 1.05952832778673E+000 1.08561891513403E+000
31.8751552 1.05066666937684E+000 1.07645962028961E+000
31.9751168 1.04190485445343E+000 1.06740443141447E+000
32.0750747 1.03324212628253E+000 1.05845254025872E+000
32.1750329 1.02467674799998E+000 1.04960212628355E+000
32.2749952 1.01620702152275E+000 1.04085140981986E+000
32.3749539 1.00783223961975E+000 1.03219963555293E+000
32.4749166 9.99550432844622E-001 1.02364474477118E+000
32.5748758 9.91360925136192E-001 1.01518601547956E+000
32.6748352 9.83262113027036E-001 1.00682176828271E+000
32.7747986 9.75252428534147E-001 9.98550361146684E-001
32.8747585 9.67331239777542E-001 9.90371119289139E-001
32.9747223 9.59496720192978E-001 9.82282134825684E-001
33.0746827 9.51748265734568E-001 9.74282762708233E-001
33.1746432 9.44084394171590E-001 9.66371451702629E-001
33.2746078 9.36503655789634E-001 9.58546684780847E-001
33.3745687 9.29005486016293E-001 9.50807859049829E-001
33.4745337 9.21588188654020E-001 9.43153204118001E-001
33.5744951 9.14251224011408E-001 9.35582143655344E-001
33.6744568 9.06993220205711E-001 9.28093242975821E-001
33.7744224 8.99812835193700E-001 9.20685098756782E-001
33.8743844 8.92709564586906E-001 9.13357172346553E-001
33.9743505 8.85681831309330E-001 9.06107818877539E-001
34.0743130 8.78729153235513E-001 8.98936523452139E-001
34.1742756 8.71850259064182E-001 8.91841957526562E-001
34.2742423 8.65043904915552E-001 8.84822821354994E-001
34.3742054 8.58309640267289E-001 8.77878633750110E-001
34.4741725 8.51645997044541E-001 8.71007864607167E-001
34.5741359 8.45052544663915E-001 8.64210054001362E-001
34.6740996 8.38528103631561E-001 8.57483970191723E-001
34.7740673 8.32071519687358E-001 8.50828407916352E-001
34.8740313 8.25682390564413E-001 8.44242937438647E-001
34.9739994 8.19359348066323E-001 8.37726133725725E-001
35.0739638 8.13102007799263E-001 8.31277586090514E-001
35.1739284 8.06909274182023E-001 8.24896151199229E-001
35.2738971 8.00780074884621E-001 8.18580710097757E-001
35.3738621 7.94714050906383E-001 8.12330879156898E-001
35.4738310 7.88709925693217E-001 8.06145329674535E-001
35.5737964 7.82767356278826E-001 8.00023695102872E-001
35.6737620 7.76885323880167E-001 7.93964912956378E-001
35.7737315 7.71062831166232E-001 7.87967943225626E-001
35.8736974 7.65299557960398E-001 7.82032443634970E-001
35.9736673 7.59594311903901E-001 7.76157173916638E-001
36.0736335 7.53946787216002E-001 7.70341807123844E-001
36.1735999 7.48356035491036E-001 7.64585354803450E-001
36.2735704 7.42821128140133E-001 7.58886849249814E-001
36.3735371 7.37341779850844E-001 7.53245985306221E-001
36.4735079 7.31916875716376E-001 7.47661603995181E-001
36.5734750 7.26546143358340E-001 7.42133413926370E-001
36.6734423 7.21228698945333E-001 7.36660494524157E-001
36.7734135 7.15963676974400E-001 7.31241944388423E-001
36.8733811 7.10750823463185E-001 7.25877491704745E-001
36.9733527 7.05589094841899E-001 7.20566052313117E-001
37.0733206 7.00478248756563E-001 7.15307366770885E-001
37.1732887 6.95417460697792E-001 7.10100576813981E-001
37.2732608 6.90405923128119E-001 7.04944841922267E-001
37.3732292 6.85443410237663E-001 6.99839920251562E-001
37.4732015 6.80528944240768E-001 6.94784796586410E-001
37.5731702 6.75662309788434E-001 6.89779240208196E-001
37.6731391 6.70842736933109E-001 6.84822450124034E-001
37.7731119 6.66069471461105E-001 6.79913641779471E-001
37.8730811 6.61342312910700E-001 6.75052600286409E-001
37.9730543 6.56660344231066E-001 6.70238374037926E-001
38.0730237 6.52023374376324E-001 6.65470758156705E-001
38.1729934 6.47430683640771E-001 6.60749004350420E-001
38.2729669 6.42881566921151E-001 6.56072379573047E-001
38.3729369 6.38375846575076E-001 6.51440693195458E-001
38.4729107 6.33912661689042E-001 6.46853052364530E-001
38.5728809 6.29491843100126E-001 6.42309275463652E-001
38.6728513 6.25112717418877E-001 6.37808662750911E-001
38.7728256 6.20774624822994E-001 6.33350528640680E-001
38.8727962 6.16477408222886E-001 6.28934704346889E-001
38.9727708 6.12220258650850E-001 6.24560351347561E-001
39.0727417 6.08003026656930E-001 6.20227308974334E-001
39.1727127 6.03825081596168E-001 6.15934922262496E-001
39.2726877 5.99685805442240E-001 6.11682549405708E-001
39.3726590 5.95585059624949E-001 6.07470041294794E-001
39.4726343 5.91522083296165E-001 6.03296609704741E-001
39.5726059 5.87496744771382E-001 5.99162112841231E-001
39.6725776 5.83508452896298E-001 5.95065937081922E-001
39.7725533 5.79556628265173E-001 5.91007481048127E-001
39.8725252 5.75641149001257E-001 5.86986613363480E-001
39.9725012 5.71761298878943E-001 5.83002592415502E-001
40.0724734 5.67916962229713E-001 5.79055293421674E-001
40.1724458 5.64107584422122E-001 5.75144140971397E-001
40.2724221 5.60332621774230E-001 5.71268571058245E-001
40.3723947 5.56591967461610E-001 5.67428468292304E-001
40.4723712 5.52884946681141E-001 5.63623134304516E-001
40.5723441 5.49211458207381E-001 5.59852459650730E-001
40.6723171 5.45570981221640E-001 5.56115904275291E-001
40.7722940 5.41963005120030E-001 5.52412938755387E-001
40.8722673 5.38387436654191E-001 5.48743462117427E-001
40.9722444 5.34843639511814E-001 5.45106816151350E-001
41.0722179 5.31331525495152E-001 5.41502905246295E-001
41.1721915 5.27850605120632E-001 5.37931222091592E-001
41.2721690 5.24400398443195E-001 5.34391269299877E-001
41.3721428 5.20980824461500E-001 5.30882958901023E-001
41.4721206 5.17591282665151E-001 5.27405670016882E-001
41.5720946 5.14231696609459E-001 5.23959319515117E-001
41.6720688 5.10901605878299E-001 5.20543430442858E-001
41.7720469 5.07600558970857E-001 5.17157535117126E-001
41.8720213 5.04328485935359E-001 5.13801557298886E-001
41.9719996 5.01084819594348E-001 5.10474910847756E-001
42.0719743 4.97869494107407E-001 5.07177523889488E-001
42.1719490 4.94682076048085E-001 5.03908947643155E-001
42.2719276 4.91522140330345E-001 5.00668741995335E-001
42.3719026 4.88389626972273E-001 4.97456841291338E-001
42.4718815 4.85283999859843E-001 4.94272691745524E-001
42.5718566 4.82205202720794E-001 4.91116231641473E-001
42.6718319 4.79152827212522E-001 4.87987038366510E-001
42.7718111 4.76126472801931E-001 4.84884697419523E-001
42.8717866 4.73126088502753E-001 4.81809152695905E-001
42.9717660 4.70151167176003E-001 4.78759880573284E-001
43.0717417 4.67201661182425E-001 4.75736828500444E-001
43.1717175 4.64277185513309E-001 4.72739598194294E-001
43.2716972 4.61377362478676E-001 4.69767798969695E-001
43.3716732 4.58502149208263E-001 4.66821383338645E-001
43.4716531 4.55651065614400E-001 4.63899855824602E-001
43.5716293 4.52824071846251E-001 4.61003172145417E-001
43.6716056 4.50020804620521E-001 4.58130956658588E-001
43.7715858 4.47240907518515E-001 4.55282840844584E-001
43.8715623 4.44484344991215E-001 4.52458784988928E-001
43.9715428 4.41750662228419E-001 4.49658319901774E-001
44.0715195 4.39039826404433E-001 4.46881408760473E-001
44.1714963 4.36351494481453E-001 4.44127697010033E-001
44.2714770 4.33685329865635E-001 4.41396836778729E-001
44.3714539 4.31041303610697E-001 4.38688795363702E-001
44.4714348 4.28418984546635E-001 4.36003128146804E-001
44.5714120 4.25818346182685E-001 4.33339805033090E-001
44.6713893 4.23239064363547E-001 4.30698491125540E-001
44.7713704 4.20680820987891E-001 4.28078857802973E-001
44.8713479 4.18143593062227E-001 4.25480878685173E-001
44.9713293 4.15626971544055E-001 4.22904132142110E-001
45.0713069 4.13130935653057E-001 4.20348594144645E-001
45.1712846 4.10655178859936E-001 4.17813948136633E-001
45.2712662 4.08199400327461E-001 4.15299883459882E-001
45.3712441 4.05763582426684E-001 4.12806379433456E-001
45.4712259 4.03347336843689E-001 4.10333035951779E-001
45.5712040 4.00950647943284E-001 4.07879834452526E-001
45.6711822 3.98573225662757E-001 4.05446475505763E-001
45.7711643 3.96214785295301E-001 4.03032665228702E-001
45.8711426 3.93875314043839E-001 4.00638388075380E-001
45.9711248 3.91554443028127E-001 3.98263264110585E-001
46.0711034 3.89252161246079E-001 3.95907279696446E-001
46.1710820 3.86968194030740E-001 3.93570151408002E-001
46.2710644 3.84702271758545E-001 3.91251601041469E-001
46.3710432 3.82454385981690E-001 3.88951617674763E-001
46.4710259 3.80224186053886E-001 3.86669840289148E-001
46.5710048 3.78011665142194E-001 3.84406259679899E-001
46.6709838 3.75816562985520E-001 3.82160607391078E-001
46.7709667 3.73638624075360E-001 3.79932619884772E-001
46.8709459 3.71477843875791E-001 3.77722290399655E-001
46.9709290 3.69333888861936E-001 3.75529275671324E-001
47.0709083 3.67206755949432E-001 3.73353570482932E-001
47.1708877 3.65096198367143E-001 3.71194920389563E-001
47.2708710 3.63001973825718E-001 3.69053075582142E-001
47.3708506 3.60924081304505E-001 3.66928033040280E-001
47.4708341 3.58862203367469E-001 3.64819466175835E-001
47.5708138 3.56816340297399E-001 3.62727373356137E-001
47.6707936 3.54786257964966E-001 3.60651513260587E-001
47.7707773 3.52771726470209E-001 3.58591648941550E-001
47.8707573 3.50772747948001E-001 3.56547780738849E-001
47.9707411 3.48789020091955E-001 3.54519597739661E-001
48.0707212 3.46820546206002E-001 3.52507101529327E-001
48.1707014 3.44867104016517E-001 3.50510063090161E-001
48.2706855 3.42928475243791E-001 3.48528257532333E-001
48.3706658 3.41004664851796E-001 3.46561688210492E-001
48.4706500 3.39095384772027E-001 3.44610058957001E-001
48.5706305 3.37200641015552E-001 3.42673374242998E-001
48.6706110 3.35320222435271E-001 3.40751416592139E-001
48.7705955 3.33453921658178E-001 3.38843972427223E-001
48.8705762 3.31601746181072E-001 3.36951047804293E-001
48.9705608 3.29763421343564E-001 3.35072360435858E-001
49.0705416 3.27938955578831E-001 3.33207917377335E-001
49.1705225 3.26128148189349E-001 3.31357511987055E-001
49.2705073 3.24330802046321E-001 3.29520941308905E-001
49.3704883 3.22546926910385E-001 3.27698213815807E-001
49.4704733 3.20776260756583E-001 3.25889060295257E-001
49.5704545 3.19018814181397E-001 3.24093490113220E-001
49.6704357 3.17274396307939E-001 3.22311306806453E-001
49.7704208 3.15542819636016E-001 3.20542317397645E-001
49.8704022 3.13824095945849E-001 3.18786532518268E-001
49.9703875 3.12117975127802E-001 3.17043695280783E-001
50.0703690 3.10424469706632E-001 3.15313817113147E-001
50.1703506 3.08743398041279E-001 3.13596711120622E-001
50.2703361 3.07074581687686E-001 3.11892193707693E-001
50.3703178 3.05418034223816E-001 3.10200277429785E-001
50.4703034 3.03773516783721E-001 3.08520717025111E-001
50.5702853 3.02141043606965E-001 3.06853525757883E-001
50.6702672 3.00520441744120E-001 3.05198525734567E-001
50.7702530 2.98911541274509E-001 3.03555542186092E-001
50.8702350 2.97314357372317E-001 3.01924589378756E-001
50.9702209 2.95728661788401E-001 3.00305433024180E-001
51.0702031 2.94154470283208E-001 2.98698088017785E-001
51.1701853 2.92591618092177E-001 2.97102384939184E-001
51.2701714 2.91039943321815E-001 2.95518157328752E-001
51.3701538 2.89499462559472E-001 2.93945420970097E-001
51.4701400 2.87969957587246E-001 2.92383951939178E-001
51.5701225 2.86451445510298E-001 2.90833766576354E-001
51.6701050 2.84943769276654E-001 2.89294703442484E-001
51.7700914 2.83446774557551E-001 2.87766603905741E-001
51.8700741 2.81960479187184E-001 2.86249485091196E-001
51.9700606 2.80484674431540E-001 2.84743132870059E-001
52.0700434 2.79019378580443E-001 2.83247564858405E-001
52.1700263 2.77564441854058E-001 2.81762627139778E-001
52.2700130 2.76119717057008E-001 2.80288168461109E-001
52.3699959 2.74685223119241E-001 2.78824207129177E-001
52.4699827 2.73260760278624E-001 2.77370538278323E-001
52.5699658 2.71846347864239E-001 2.75927180646602E-001
52.6699489 2.70441842957333E-001 2.74493987412466E-001
52.7699359 2.69047105093319E-001 2.73070814282653E-001
52.8699192 2.67662154160630E-001 2.71657680600516E-001
52.9699063 2.66286798889735E-001 2.70254390265630E-001
53.0698897 2.64921059516887E-001 2.68860962998362E-001
53.1698731 2.63564799600516E-001 2.67477258672729E-001
53.2698603 2.62217885030791E-001 2.66103139564124E-001
53.3698439 2.60880336529948E-001 2.64738625920634E-001
53.4698313 2.59551970872101E-001 2.63383529940864E-001
53.5698149 2.58232809080699E-001 2.62037872200626E-001
53.6697986 2.56922720832580E-001 2.60701518896430E-001
53.7697861 2.55621578021204E-001 2.59374338506888E-001
53.8697699 2.54329402089369E-001 2.58056352065067E-001
53.9697576 2.53046017434008E-001 2.56747379631774E-001
54.0697415 2.51771445756807E-001 2.55447442523038E-001
54.1697254 2.50505562517487E-001 2.54156412909113E-001
54.2697133 2.49248245284079E-001 2.52874165130168E-001
54.3696973 2.47999516117120E-001 2.51600720895504E-001
54.4696852 2.46759206641633E-001 2.50335907718549E-001
54.5696694 2.45527339138617E-001 2.49079747550921E-001
54.6696536 2.44303794536687E-001 2.47832118210375E-001
54.7696417 2.43088455770797E-001 2.46592899579003E-001
54.8696260 2.41881345425880E-001 2.45362113943601E-001
54.9696142 2.40682301984565E-001 2.44139595885945E-001
55.0695986 2.39491348217373E-001 2.42925367898253E-001
55.1695831 2.38308370227790E-001 2.41719313140399E-001
55.2695714 2.37133256029571E-001 2.40521316737172E-001
55.3695560 2.35966028647349E-001 2.39331401463243E-001
55.4695444 2.34806533073399E-001 2.38149408607966E-001
55.5695291 2.33654792486301E-001 2.36975361117958E-001
55.6695138 2.32510697888899E-001 2.35809147209168E-001
55.7695023 2.31374142103761E-001 2.34650656968778E-001
55.8694872 2.30245148518381E-001 2.33499913578026E-001
55.9694758 2.29123568307685E-001 2.32356764694922E-001
56.0694607 2.28009424984429E-001 2.31221233642286E-001
56.1694457 2.26902614192499E-001 2.30093213424047E-001
56.2694345 2.25803033310099E-001 2.28972598827034E-001
56.3694196 2.24710706017930E-001 2.27859413365316E-001
56.4694085 2.23625489366072E-001 2.26753510746968E-001
56.5693936 2.22547407134493E-001 2.25654914600111E-001
56.6693788 2.21476359365767E-001 2.24563522465222E-001
56.7693678 2.20412247756190E-001 2.23479233582341E-001
56.8693531 2.19355096216557E-001 2.22402071731532E-001
56.9693423 2.18304767382774E-001 2.21331896371271E-001
57.0693276 2.17261285241355E-001 2.20268731370735E-001
57.1693130 2.16224554006056E-001 2.19212478570992E-001
57.2693023 2.15194479468252E-001 2.18163041434016E-001
57.3692878 2.14171085711680E-001 2.17120443945323E-001
57.4692772 2.13154240685675E-001 2.16084551031762E-001
57.5692628 2.12143968528387E-001 2.15055386745379E-001
57.6692484 2.11140177411052E-001 2.14032857006282E-001
57.7692379 2.10142777010625E-001 2.13016869281191E-001
57.8692236 2.09151791532079E-001 2.12007447706269E-001
57.9692132 2.08167093981573E-001 2.11004462411152E-001
58.0691990 2.07188708599225E-001 2.10007937578105E-001
58.1691849 2.06216547312905E-001 2.09017782998113E-001
58.2691746 2.05250523488227E-001 2.08033909938571E-001
58.3691605 2.04290661404664E-001 2.07056342636723E-001
58.4691503 2.03336838883326E-001 2.06084956174738E-001
58.5691363 2.02389080221424E-001 2.05119774817501E-001
58.6691224 2.01447300914581E-001 2.04160712031186E-001
58.7691123 2.00511417831876E-001 2.03207682691997E-001
58.8690985 1.99581455285069E-001 2.02260711093472E-001
58.9690885 1.98657295682120E-001 2.01319677034383E-001
59.0690747 1.97738963336822E-001 2.00384604819234E-001
59.1690610 1.96826377134827E-001 1.99455411405324E-001
59.2690511 1.95919457274408E-001 1.98532015097179E-001
59.3690374 1.95018228061541E-001 1.97614440204205E-001
59.4690277 1.94122576275788E-001 1.96702571019214E-001
59.5690141 1.93232526211006E-001 1.95796431847545E-001
59.6690006 1.92347999975555E-001 1.94895942964380E-001
59.7689909 1.91468920932821E-001 1.94001025932687E-001
59.8689774 1.90595313348700E-001 1.93111705041303E-001
59.9689678 1.89727068171134E-001 1.92227868867013E-001
60.0689545 1.88864209641166E-001 1.91349541681044E-001
60.1689411 1.88006662932257E-001 1.90476646913327E-001
60.2689316 1.87154354418328E-001 1.89609109225292E-001
60.3689184 1.86307308294348E-001 1.88746952852391E-001
60.4689090 1.85465419484671E-001 1.87890070457019E-001
60.5688958 1.84628712147972E-001 1.87038486244843E-001
60.6688827 1.83797114374266E-001 1.86192126646842E-001
60.7688734 1.82970555402315E-001 1.85350919272161E-001
60.8688603 1.82149059328464E-001 1.84514888273382E-001
60.9688511 1.81332524872037E-001 1.83683930211076E-001
61.0688381 1.80520976082828E-001 1.82858069197107E-001
61.1688251 1.79714343827330E-001 1.82037234518610E-001
61.2688160 1.78912560071747E-001 1.81221356590328E-001
61.3688031 1.78115648788977E-001 1.80410459455511E-001
61.4687941 1.77323512321743E-001 1.79604443395724E-001
61.5687813 1.76536174587210E-001 1.78803332403705E-001
61.6687685 1.75753569096192E-001 1.78007058486087E-001
61.7687596 1.74975630412697E-001 1.77215554729153E-001
61.8687469 1.74202382363978E-001 1.76428845043134E-001
61.9687381 1.73433730753828E-001 1.75646833263000E-001
62.0687254 1.72669699345572E-001 1.74869543239713E-001
62.1687128 1.71910224169596E-001 1.74096909570437E-001
62.2687041 1.71155242265325E-001 1.73328867886485E-001
62.3686916 1.70404777294564E-001 1.72565441943905E-001
62.4686829 1.69658738368527E-001 1.71806538972483E-001
62.5686704 1.68917149077794E-001 1.71052182661190E-001
62.6686580 1.68179947854507E-001 1.70302310075959E-001
62.7686494 1.67447074097913E-001 1.69556859273680E-001
62.8686371 1.66718551286761E-001 1.68815853837355E-001
62.9686286 1.65994291694163E-001 1.68079204241447E-001
63.0686163 1.65274318721167E-001 1.67346933994940E-001
63.1686040 1.64558573090342E-001 1.66618982517518E-001
63.2685918 1.63847023515762E-001 1.65895317703480E-001
63.3685872 1.63139585178874E-001 1.65175853009019E-001
63.4685751 1.62436335287300E-001 1.64460666673999E-001
63.5685630 1.61737189255670E-001 1.63749672397872E-001
63.6685509 1.61042116897665E-001 1.63042839208339E-001
63.7685388 1.60351088294745E-001 1.62340136409075E-001
63.8685344 1.59664021529910E-001 1.61641480432519E-001
63.9685224 1.58980992041679E-001 1.60946947723725E-001
64.0685105 1.58301918129728E-001 1.60256454941197E-001
64.1684986 1.57626770919176E-001 1.59569972464092E-001
64.2684867 1.56955521789346E-001 1.58887470933493E-001
64.3684824 1.56288091600274E-001 1.58208869629703E-001
64.4684706 1.55624554065635E-001 1.57534243247752E-001
64.5684588 1.54964830246756E-001 1.56863511277986E-001
64.6684470 1.54308892513913E-001 1.56196645382418E-001
64.7684353 1.53656713478792E-001 1.55533617471752E-001
64.8684312 1.53008216660328E-001 1.54874349552389E-001
64.9684195 1.52363474090682E-001 1.54218914613193E-001
65.0684079 1.51722409475737E-001 1.53567234855672E-001
65.1683963 1.51084996368454E-001 1.52919283160059E-001
65.2683847 1.50451208551152E-001 1.52275032642803E-001
65.3683808 1.49820972089533E-001 1.51634407920854E-001
65.4683692 1.49194357376623E-001 1.50997480319832E-001
65.5683578 1.48571290651700E-001 1.50364174637870E-001
65.6683463 1.47951746591513E-001 1.49734464912491E-001
65.7683349 1.47335700090795E-001 1.49108325405672E-001
65.8683311 1.46723079655533E-001 1.48485683235216E-001
65.9683197 1.46113954081061E-001 1.47866608105477E-001
66.0683084 1.45508252034466E-001 1.47251027302454E-001
66.1682971 1.44905949260726E-001 1.46638915963502E-001
66.2682858 1.44307021712068E-001 1.46030249439329E-001
66.3682821 1.43711400233609E-001 1.45424957244410E-001
66.4682709 1.43119152063474E-001 1.44823107502855E-001
66.5682597 1.42530208196243E-001 1.44224629885221E-001
66.6682485 1.41944545392683E-001 1.43629500574478E-001
66.7682374 1.41362140610689E-001 1.43037695956483E-001
66.8682339 1.40782926938359E-001 1.42449147843381E-001
66.9682228 1.40206970096152E-001 1.41863922819121E-001
67.0682118 1.39634203310774E-001 1.41281952840632E-001
67.1682007 1.39064604309282E-001 1.40703215085331E-001
67.2681897 1.38498151006294E-001 1.40127686923635E-001
67.3681864 1.37934778641474E-001 1.39555302371256E-001
67.4681754 1.37374551456213E-001 1.38986126511117E-001
67.5681645 1.36817404818650E-001 1.38420093493166E-001
67.6681536 1.36263317375376E-001 1.37857181440949E-001
67.7681428 1.35712267951504E-001 1.37297368661674E-001
67.8681396 1.35164193851303E-001 1.36740591285123E-001
67.9681288 1.34619157874762E-001 1.36186912931387E-001
68.0681180 1.34077097445164E-001 1.35636269854642E-001
68.1681072 1.33537992084453E-001 1.35088641078918E-001
68.2680965 1.33001821484557E-001 1.34544005803082E-001
68.3680934 1.32468524931594E-001 1.34002302185840E-001
68.4680827 1.31938163820885E-001 1.33463592421714E-001
68.5680721 1.31410677548734E-001 1.32927814784618E-001
68.6680615 1.30886046470677E-001 1.32394949155926E-001
68.7680509 1.30364251104154E-001 1.31864975583509E-001
68.8680479 1.29845232638351E-001 1.31337834173955E-001
68.9680374 1.29329051099741E-001 1.30813585732560E-001
69.0680269 1.28815647779452E-001 1.30292170472541E-001
69.1680164 1.28305003827113E-001 1.29773569091832E-001
69.2680059 1.27797100546625E-001 1.29257762446979E-001
69.3680031 1.27291880955207E-001 1.28744692515283E-001
69.4679927 1.26789403745399E-001 1.28234418748244E-001
69.5679823 1.26289612028662E-001 1.27726883221785E-001
69.6679719 1.25792487711362E-001 1.27222067411824E-001
69.7679615 1.25298012846901E-001 1.26719952945432E-001
69.8679589 1.24806132209043E-001 1.26220483597118E-001
69.9679486 1.24316903190421E-001 1.25723717499119E-001
70.0679383 1.23830270651848E-001 1.25229598517084E-001
70.1679281 1.23346217221060E-001 1.24738108868418E-001
70.2679178 1.22864725665994E-001 1.24249230914617E-001
70.3679153 1.22385742448811E-001 1.23762910157351E-001
70.4679051 1.21909323695388E-001 1.23279203443239E-001
70.5678949 1.21435415948220E-001 1.22798056358107E-001
70.6678848 1.20964002522940E-001 1.22319451826297E-001
70.7678747 1.20495066868897E-001 1.21843372909553E-001
70.8678723 1.20028557071679E-001 1.21369766769934E-001
70.9678622 1.19564528022692E-001 1.20898689001218E-001
71.0678522 1.19102927881585E-001 1.20430086843090E-001
71.1678422 1.18643740620174E-001 1.19963943894115E-001
71.2678322 1.18186950337854E-001 1.19500243883925E-001
71.3678299 1.17732506681664E-001 1.19038935571281E-001
71.4678200 1.17280463339980E-001 1.18580073329046E-001
71.5678100 1.16830770028038E-001 1.18123605987512E-001
71.6678002 1.16383411343797E-001 1.17669517788474E-001
71.7677903 1.15938372006972E-001 1.17217793098792E-001
71.8677881 1.15495603166914E-001 1.16768382213180E-001
71.9677783 1.15055157339579E-001 1.16321338314665E-001
72.0677685 1.14616985737038E-001 1.15876611763796E-001
72.1677587 1.14181073554910E-001 1.15434187416227E-001
72.2677489 1.13747406105062E-001 1.14994050246994E-001
72.3677468 1.13315935982695E-001 1.14556152028776E-001
72.4677371 1.12886714561153E-001 1.14120544785032E-001
72.5677275 1.12459694493241E-001 1.13687180348956E-001
72.6677178 1.12034861545241E-001 1.13256044162221E-001
72.7677082 1.11612201594451E-001 1.12827121780493E-001
72.8677062 1.11191668628013E-001 1.12400366399057E-001
72.9676966 1.10773312905664E-001 1.11975828911265E-001
73.0676870 1.10357088467369E-001 1.11553462567943E-001
73.1676774 1.09942981624462E-001 1.11133253370386E-001
73.2676679 1.09530978794325E-001 1.10715187428760E-001
73.3676660 1.09121035304544E-001 1.10299219308088E-001
73.4676565 1.08713200329479E-001 1.09885398800283E-001
73.5676471 1.08307429245069E-001 1.09473680521265E-001
73.6676376 1.07903708883395E-001 1.09064051006896E-001
73.7676282 1.07502026177877E-001 1.08656496897061E-001
73.8676264 1.07102337747330E-001 1.08250974076006E-001
73.9676171 1.06704691708204E-001 1.07847531262107E-001
74.0676077 1.06309044723497E-001 1.07446124386167E-001
74.1675984 1.05915384122965E-001 1.07046740494850E-001
74.2675890 1.05523697333240E-001 1.06649366734231E-001
74.3675874 1.05133942217316E-001 1.06253960259504E-001
74.4675781 1.04746165860469E-001 1.05860568742658E-001
74.5675688 1.04360326165976E-001 1.05469149381385E-001
74.6675596 1.03976410939372E-001 1.05079689710582E-001
74.7675504 1.03594408078815E-001 1.04692177360187E-001
74.8675488 1.03214276646497E-001 1.04306570710178E-001
74.9675396 1.02836062722519E-001 1.03922916412577E-001
75.0675305 1.02459725405710E-001 1.03541172886070E-001
75.1675213 1.02085252956576E-001 1.03161328132362E-001
75.2675122 1.01712633724210E-001 1.02783370244039E-001
75.3675108 1.01341827926965E-001 1.02407258781718E-001
75.4675017 1.00972880665067E-001 1.02033039403155E-001
75.5674926 1.00605752190100E-001 1.01660671704136E-001
75.6674836 1.00240431197773E-001 1.01290144132811E-001
75.7674746 9.98769064685465E-002 1.00921445224264E-001
75.8674732 9.95151393357531E-002 1.00554535677520E-001
75.9674642 9.91551739443540E-002 1.00189460181065E-001
76.0674553 9.87969716577323E-002 9.98261794657838E-002
76.1674463 9.84405215880083E-002 9.94646824069257E-002
76.2674374 9.80858129284116E-002 9.91049579629235E-002
76.3674361 9.77328080878346E-002 9.87469679307845E-002
76.4674273 9.73815502799124E-002 9.83907560540504E-002
76.5674184 9.70320019406172E-002 9.80362841584982E-002
76.6674096 9.66841525806171E-002 9.76835415280874E-002
76.7674007 9.63379917882218E-002 9.73325175263913E-002
76.8673996 9.59934830101402E-002 9.69831750097044E-002
76.9673908 9.56506685519652E-002 9.66355568002791E-002
77.0673820 9.53095118847099E-002 9.62896257802924E-002
77.1673732 9.49700029005976E-002 9.59453716249245E-002
77.2673645 9.46321315661959E-002 9.56027840855753E-002
77.3673634 9.42958623298764E-002 9.52618270407679E-002
77.4673547 9.39612366118376E-002 9.49225424144753E-002
77.5673461 9.36282188821635E-002 9.45848941084068E-002
77.6673374 9.32967993984664E-002 9.42488721723271E-002
77.7673288 9.29669684895654E-002 9.39144667289921E-002
77.8673278 9.26386915708545E-002 9.35816426436525E-002
77.9673192 9.23120091991657E-002 9.32504409643822E-002
78.0673106 9.19868868091852E-002 9.29208265771004E-002
78.1673020 9.16633150085294E-002 9.25927898903268E-002
78.2672935 9.13412844730334E-002 9.22663213824995E-002
78.3672925 9.10207615519143E-002 9.19413868715778E-002
78.4672840 9.07017859600611E-002 9.16180265515038E-002
78.5672755 9.03843240637231E-002 9.12962062585542E-002
78.6672671 9.00683668058729E-002 9.09759167449368E-002
78.7672586 8.97539051948582E-002 9.06571488298521E-002
78.8672578 8.94409064818887E-002 9.03398692513586E-002
78.9672493 8.91294095607472E-002 9.00241173704376E-002
79.0672409 8.88193816975664E-002 8.97098599412701E-002
79.1672325 8.85108141567272E-002 8.93970880454061E-002
79.2672242 8.82036982652760E-002 8.90857928286021E-002
79.3672234 8.78980021458896E-002 8.87759419177484E-002
79.4672151 8.75937638915100E-002 8.84675738614554E-002
79.5672068 8.72909516377690E-002 8.81606563006880E-002
79.6671985 8.69895569571682E-002 8.78551806326746E-002
79.7671902 8.66895714822935E-002 8.75511383161964E-002
79.8671895 8.63909641780057E-002 8.72484978369858E-002
79.9671813 8.60937723561158E-002 8.69472969513083E-002
80.0671730 8.57979649926031E-002 8.66475041570592E-002
80.1671648 8.55035339554292E-002 8.63491111541288E-002
80.2671566 8.52104711701795E-002 8.60521097014306E-002
80.3671560 8.49187464157988E-002 8.57564691147656E-002
80.4671478 8.46283962421364E-002 8.54622263775318E-002
80.5671397 8.43393904375437E-002 8.51693508159105E-002
80.6671315 8.40517211533732E-002 8.48778344200478E-002
80.7671234 8.37653805962572E-002 8.45876692367029E-002
80.8671229 8.34803393322526E-002 8.42988253841324E-002
80.9671148 8.31966331678911E-002 8.40113390918091E-002
81.0671067 8.29142326770395E-002 8.37251804867073E-002
81.1670987 8.26331302829361E-002 8.34403418374033E-002
81.2670906 8.23533184618620E-002 8.31568154667885E-002
81.3670902 8.20747685410891E-002 8.28745722690663E-002
81.4670822 8.17975156019659E-002 8.25936477382088E-002
81.5670742 8.15215309780858E-002 8.23140127755872E-002
81.6670662 8.12468073535992E-002 8.20356599169317E-002
81.7670583 8.09733374635658E-002 8.17585817500959E-002
81.8670579 8.07010933716014E-002 8.14827499197750E-002
81.9670500 8.04301094515076E-002 8.12081992023600E-002
82.0670421 8.01603577718355E-002 8.09349012482703E-002
82.1670342 7.98918312671784E-002 8.06628488496339E-002
82.2670263 7.96245229210041E-002 8.03920348486111E-002
82.3670260 7.93584055093782E-002 8.01224316159397E-002
82.4670182 7.90935127157111E-002 7.98540732278589E-002
82.5670103 7.88298173197130E-002 7.95869320594849E-002
82.6670025 7.85673124964308E-002 7.93210011490821E-002
82.7669947 7.83059914678428E-002 7.90562735829507E-002
82.8669945 7.80458276995043E-002 7.87927224343795E-002
82.9669867 7.77868542011213E-002 7.85303810964096E-002
83.0669790 7.75290444406922E-002 7.82692226454558E-002
83.1669712 7.72723918241816E-002 7.80092403561239E-002
83.2669635 7.70168898026314E-002 7.77504275491522E-002
83.3669634 7.67625125090165E-002 7.74927579778034E-002
83.4669556 7.65092922955706E-002 7.72362643684112E-002
83.5669479 7.62572032965938E-002 7.69809204761995E-002
83.6669403 7.60062391398647E-002 7.67267198027667E-002
83.7669326 7.57563934964677E-002 7.64736558940244E-002
83.8669326 7.55076411455784E-002 7.62217031615075E-002
83.9669249 7.52600137977473E-002 7.59708936808828E-002
84.0669173 7.50134862324362E-002 7.57212018645619E-002
84.1669097 7.47680522905422E-002 7.54726214322080E-002
84.2669021 7.45237058545767E-002 7.52251461460603E-002
84.3669022 7.42804223295092E-002 7.49787510550564E-002
84.4668946 7.40382327995673E-002 7.47334675998011E-002
84.5668870 7.37971126690409E-002 7.44892708291011E-002
84.6668795 7.35570559836396E-002 7.42461546721567E-002
84.7668720 7.33180568290706E-002 7.40041130990853E-002
84.8668721 7.30800912164665E-002 7.37631217761548E-002
84.9668646 7.28431896186751E-002 7.35232115240880E-002
85.0668571 7.26073280452530E-002 7.32843580080869E-002
85.1668496 7.23725007387846E-002 7.30465553587413E-002
85.2668422 7.21387019803075E-002 7.28097977459730E-002
85.3668424 7.19059083682288E-002 7.25740614340698E-002
85.4668349 7.16741497785536E-002 7.23393766386410E-002
85.5668275 7.14434028072815E-002 7.21057196220395E-002
85.6668201 7.12136618862854E-002 7.18730847084593E-002
85.7668127 7.09849214844146E-002 7.16414662599105E-002
85.8668130 7.07571587691704E-002 7.14108411201173E-002
85.9668056 7.05304030338605E-002 7.11812389139439E-002
86.0667983 7.03046314428079E-002 7.09526364823742E-002
86.1667909 7.00798386099207E-002 7.07250283357633E-002
86.2667836 6.98560191846717E-002 7.04984090208337E-002
86.3667839 6.96331508861547E-002 7.02727559428582E-002
86.4667766 6.94112624387422E-002 7.00480981499360E-002
86.5667694 6.91903315576356E-002 6.98244130438533E-002
86.6667621 6.89703530318424E-002 6.96016953140099E-002
86.7667548 6.87513216845840E-002 6.93799396847875E-002
86.8667552 6.85332157696932E-002 6.91591241057857E-002
86.9667480 6.83160634559991E-002 6.89392770619406E-002
87.0667408 6.80998429927816E-002 6.87203764986743E-002
87.1667336 6.78845493375127E-002 6.85024172776251E-002
87.2667264 6.76701774805860E-002 6.82853942940877E-002
87.3667268 6.74567061943410E-002 6.80692860254029E-002
87.4667197 6.72441631050942E-002 6.78541204065798E-002
87.5667125 6.70325269800214E-002 6.76398759101428E-002
87.6667054 6.68217929387111E-002 6.74265475634573E-002
87.7666983 6.66119561324368E-002 6.72141304262774E-002
87.8666988 6.64029958364056E-002 6.70026034877079E-002
87.9666917 6.61949391471031E-002 6.67919941457122E-002
88.0666846 6.59877653340091E-002 6.65822813839882E-002
88.1666775 6.57814696727533E-002 6.63734603893986E-002
88.2666705 6.55760474694666E-002 6.61655263799805E-002
88.3666710 6.53714784871539E-002 6.59584588412097E-002
88.4666640 6.51677893048111E-002 6.57522846465379E-002
88.5666570 6.49649596791962E-002 6.55469832754895E-002
88.6666500 6.47629850361643E-002 6.53425500684604E-002
88.7666429 6.45618608309389E-002 6.51389803958601E-002
88.8666436 6.43615672997962E-002 6.49362542246990E-002
88.9666366 6.41621305162551E-002 6.47343979161174E-002
89.0666296 6.39635307098668E-002 6.45333914306730E-002
89.1666227 6.37657634511435E-002 6.43332302565865E-002
89.2666157 6.35688243388810E-002 6.41339099109795E-002
89.3666164 6.33726940686227E-002 6.39354108280967E-002
89.4666095 6.31773982201019E-002 6.37377588686406E-002
89.5666026 6.29829174816976E-002 6.35409344599416E-002
89.6665957 6.27892475632463E-002 6.33449332325780E-002
89.7665889 6.25963842018285E-002 6.31497508449640E-002
89.8665896 6.24043085387505E-002 6.29553681847895E-002
89.9665828 6.22130456713404E-002 6.27618106238770E-002
90.0665759 6.20225767333372E-002 6.25690590425784E-002
90.1665691 6.18328975687926E-002 6.23771092085936E-002
90.2665622 6.16440040480070E-002 6.21859569164376E-002
90.3665631 6.14558777450233E-002 6.19955834939474E-002
90.4665563 6.12685432858442E-002 6.18060138353163E-002
90.5665495 6.10819822365761E-002 6.16172292606548E-002
90.6665427 6.08961905705911E-002 6.14292256697676E-002
90.7665359 6.07111642865561E-002 6.12419989882968E-002
90.8665368 6.05268853786842E-002 6.10555309713990E-002
90.9665301 6.03433780124377E-002 6.08698460465903E-002
91.0665233 6.01606241737560E-002 6.06849259609451E-002
91.1665166 5.99786199606406E-002 6.05007667415661E-002
91.2665099 5.97973614954725E-002 6.03173644404558E-002
91.3665108 5.96168311805085E-002 6.01347012277131E-002
91.4665041 5.94370527311719E-002 5.99528010748404E-002
91.5664975 5.92580085411385E-002 5.97716461435300E-002
91.6664908 5.90796948285415E-002 5.95912325835748E-002
91.7664842 5.89021078350169E-002 5.94115565687689E-002
91.8664851 5.87252303591609E-002 5.92326006722090E-002
91.9664785 5.85490856765820E-002 5.90543884197656E-002
92.0664719 5.83736565770164E-002 5.88769023758337E-002
92.1664653 5.81989393944169E-002 5.87001388084788E-002
92.2664587 5.80249304853982E-002 5.85240940089061E-002
92.3664597 5.78516130335968E-002 5.83487509416808E-002
92.4664531 5.76790098847625E-002 5.81741326971498E-002
92.5664466 5.75071042134187E-002 5.80002222309088E-002
92.6664400 5.73358924652024E-002 5.78270159250596E-002
92.7664335 5.71653711076058E-002 5.76545101840182E-002
92.8664346 5.69955236983949E-002 5.74826883526861E-002
92.9664281 5.68263726631565E-002 5.73115730957310E-002
93.0664215 5.66579015503152E-002 5.71411477488425E-002
93.1664150 5.64901069132249E-002 5.69714088040963E-002
93.2664086 5.63229853263212E-002 5.68023527750895E-002
93.3664097 5.61565207109618E-002 5.66339633763105E-002
93.4664032 5.59907350820131E-002 5.64662628563337E-002
93.5663968 5.58256123512860E-002 5.62992349202173E-002
93.6663903 5.56611491760453E-002 5.61328761661126E-002
93.7663839 5.54973422338948E-002 5.59671832129327E-002
93.8663851 5.53341757996046E-002 5.58021401343692E-002
93.9663787 5.51716714865171E-002 5.56377687722401E-002
94.0663723 5.50098135596717E-002 5.54740531906108E-002
94.1663659 5.48485987765913E-002 5.53109900899689E-002
94.2663595 5.46880239144247E-002 5.51485761908330E-002
94.3663607 5.45280735915191E-002 5.49867959160677E-002
94.4663544 5.43687690286505E-002 5.48256707098275E-002
94.5663480 5.42100948342716E-002 5.46651849851753E-002
94.6663417 5.40520478626570E-002 5.45053355413449E-002
94.7663353 5.38946249870227E-002 5.43461191969006E-002
94.8663366 5.37378111597881E-002 5.41875207141863E-002
94.9663303 5.35816272178881E-002 5.40295611485512E-002
95.0663240 5.34260581037030E-002 5.38722252523822E-002
95.1663177 5.32711007648925E-002 5.37155099202131E-002
95.2663114 5.31167521674006E-002 5.35594120652359E-002
95.3663128 5.29629975885309E-002 5.34039167799056E-002
95.4663065 5.28098574898783E-002 5.32490447393948E-002
95.5663002 5.26573171385805E-002 5.30947810260647E-002
95.6662940 5.25053735724494E-002 5.29411226264401E-002
95.7662878 5.23540238469504E-002 5.27880665450588E-002
95.8662892 5.22032535553886E-002 5.26355981954306E-002
95.9662829 5.20530827923006E-002 5.24837378809576E-002
96.0662767 5.19034971407154E-002 5.23324710049363E-002
96.1662705 5.17544937254921E-002 5.21817946427053E-002
96.2662643 5.16060696885371E-002 5.20317058869953E-002
96.3662658 5.14582109305679E-002 5.18821904636152E-002
96.4662596 5.13109371871315E-002 5.17332683123865E-002
96.5662535 5.11642343485748E-002 5.15849251488011E-002
96.6662473 5.10180996238207E-002 5.14371581339584E-002
96.7662412 5.08725302382575E-002 5.12899644457546E-002
96.8662427 5.07275123917073E-002 5.11433301138292E-002
96.9662365 5.05830654685908E-002 5.09972747224038E-002
97.0662304 5.04391756582791E-002 5.08517842907124E-002
97.1662243 5.02958402508929E-002 5.07068560626831E-002
97.2662182 5.01530565524584E-002 5.05624872984672E-002
97.3662198 5.00108110538660E-002 5.04186643233449E-002
97.4662137 4.98691227960724E-002 5.02754063737138E-002
97.5662076 4.97279782594499E-002 5.01326997643739E-002
97.6662016 4.95873748125623E-002 4.99905418192630E-002
97.7661955 4.94473098393403E-002 4.98489298779922E-002
97.8661971 4.93077701139669E-002 4.97078505535578E-002
97.9661911 4.91687743414021E-002 4.95673227421119E-002
98.0661851 4.90303092852566E-002 4.94273330461093E-002
98.1661791 4.88923723898886E-002 4.92878788667891E-002
98.2661730 4.87549611145065E-002 4.91489576205340E-002
98.3661747 4.86180625090607E-002 4.90105562003894E-002
98.4661687 4.84816949497926E-002 4.88726931696474E-002
98.5661627 4.83458454760383E-002 4.87353554107626E-002
98.6661568 4.82105116054043E-002 4.85985403996706E-002
98.7661508 4.80756908698499E-002 4.84622456269426E-002
98.8661525 4.79413705878099E-002 4.83264582582516E-002
98.9661465 4.78075688139011E-002 4.81911965312289E-002
99.0661406 4.76742728559124E-002 4.80564476009193E-002
99.1661347 4.75414803022503E-002 4.79222090154513E-002
99.2661288 4.74091887551954E-002 4.77884783370994E-002
99.3661305 4.72773857946156E-002 4.76552429969814E-002
99.4661246 4.71460891604185E-002 4.75225209140845E-002
99.5661187 4.70152864218052E-002 4.73902995088715E-002
99.6661128 4.68849752356268E-002 4.72585763992551E-002
99.7661070 4.67551532721482E-002 4.71273492168237E-002
99.8661087 4.66258083658432E-002 4.69966056511850E-002
99.9661029 4.64969579486517E-002 4.68663633095230E-002
100.0660970 4.63685898443694E-002 4.67366098707733E-002
100.1660912 4.62407017760259E-002 4.66073430203166E-002
100.2660854 4.61132914796222E-002 4.64785604567562E-002
100.3660872 4.59863470376260E-002 4.63502501214554E-002
100.4660814 4.58598855805827E-002 4.62224293164635E-002
100.5660756 4.57338951802787E-002 4.60950859724643E-002
100.6660698 4.56083736237427E-002 4.59682178400770E-002
100.7660640 4.54833187105482E-002 4.58418226827084E-002
100.8660658 4.53587187647519E-002 4.57158886869545E-002
100.9660601 4.52345906219133E-002 4.55904328562325E-002
101.0660543 4.51109225954142E-002 4.54654433664600E-002
101.1660486 4.49877125341833E-002 4.53409180313502E-002
101.2660428 4.48649582992847E-002 4.52168546769849E-002
101.3660447 4.47426484501594E-002 4.50932417288745E-002
101.4660390 4.46207995336306E-002 4.49700958981439E-002
101.5660333 4.44994000984778E-002 4.48474055996343E-002
101.6660275 4.43784480535108E-002 4.47251687080887E-002
101.7660218 4.42579413192793E-002 4.46033831102149E-002
101.8660238 4.41378686845968E-002 4.44820374643161E-002
101.9660181 4.40182464136443E-002 4.43611481954076E-002
102.0660124 4.38990632845944E-002 4.42407039511399E-002
102.1660067 4.37803172641930E-002 4.41207026652984E-002
102.2660011 4.36620063305461E-002 4.40011422832449E-002
102.3660031 4.35441194960127E-002 4.38820116901432E-002
102.4659974 4.34266727480754E-002 4.37633270309281E-002
102.5659918 4.33096550884799E-002 4.36450771801345E-002
102.6659861 4.31930645400360E-002 4.35272601286768E-002
102.7659805 4.30768991365472E-002 4.34098738786716E-002
102.8659825 4.29611481082706E-002 4.32929075363937E-002
102.9659769 4.28458271717878E-002 4.31763769725784E-002
103.0659713 4.27309255467757E-002 4.30602712829016E-002
103.1659657 4.26164413103047E-002 4.29445885135641E-002
103.2659601 4.25023725500863E-002 4.28293267216086E-002
103.3659622 4.23887087087998E-002 4.27144752288474E-002
103.4659566 4.22754652377808E-002 4.26000496375523E-002
103.5659511 4.21626315691680E-002 4.24860392589726E-002
103.6659455 4.20502058325550E-002 4.23724421928205E-002
103.7659400 4.19381861678372E-002 4.22592565493036E-002
103.8659421 4.18265622248073E-002 4.21464718603680E-002
103.9659365 4.17153491950710E-002 4.20341034654169E-002
104.0659310 4.16045367179251E-002 4.19221408858751E-002
104.1659255 4.14941229738130E-002 4.18105822732568E-002
104.2659200 4.13841061531523E-002 4.16994257892368E-002
104.3659221 4.12744761077006E-002 4.15886611706553E-002
104.4659166 4.11652477747156E-002 4.14783034995052E-002
104.5659112 4.10564109955082E-002 4.13683425021523E-002
104.6659057 4.09479639997589E-002 4.12587763802650E-002
104.7659002 4.08399050268070E-002 4.11496033453504E-002
104.8659024 4.07322241253803E-002 4.10408133340607E-002
104.9658969 4.06249359836398E-002 4.09324211763040E-002
105.0658915 4.05180306399212E-002 4.08244167983095E-002
105.1658860 4.04115063715874E-002 4.07167984503125E-002
105.2658806 4.03053614653561E-002 4.06095643920763E-002
105.3658828 4.01995861620814E-002 4.05027047551354E-002
105.4658774 4.00941949059506E-002 4.03962341225093E-002
105.5658720 3.99891779274837E-002 4.02901426153651E-002
105.6658666 3.98845335502278E-002 4.01844285309750E-002
105.7658612 3.97802601067917E-002 4.00790901758394E-002
105.8658634 3.96763480254547E-002 3.99741178715925E-002
105.9658580 3.95728115114303E-002 3.98695259594352E-002
106.0658527 3.94696409827260E-002 3.97653047506943E-002
106.1658473 3.93668348076285E-002 3.96614525882033E-002
106.2658419 3.92643913632034E-002 3.95579678237354E-002
106.3658442 3.91623012605939E-002 3.94548409643838E-002
106.4658389 3.90605784709189E-002 3.93520861144785E-002
106.5658335 3.89592135951151E-002 3.92496937708691E-002
106.6658282 3.88582050448158E-002 3.91476623205278E-002
106.7658229 3.87575512401607E-002 3.90459901590889E-002
106.8658252 3.86572429707290E-002 3.89446679746005E-002
106.9658199 3.85572939783076E-002 3.88437096393509E-002
107.0658146 3.84576950423381E-002 3.87431058312116E-002
107.1658093 3.83584446164570E-002 3.86428549799224E-002
107.2658040 3.82595411625439E-002 3.85429555236164E-002
107.3658063 3.81609756443164E-002 3.84433983269252E-002
107.4658011 3.80627615788774E-002 3.83441970348084E-002
107.5657958 3.79648899198789E-002 3.82453425017912E-002
107.6657905 3.78673591616642E-002 3.81468331990578E-002
107.7657853 3.77701678065664E-002 3.80486676059264E-002
107.8657877 3.76733069882689E-002 3.79508367593688E-002
107.9657824 3.75767900037279E-002 3.78533540816157E-002
108.0657772 3.74806079766355E-002 3.77562105996053E-002
108.1657720 3.73847594407919E-002 3.76594048246897E-002
108.2657667 3.72892429377421E-002 3.75629352761055E-002
108.3657692 3.71940497670834E-002 3.74667931590433E-002
108.4657639 3.70991930100549E-002 3.73709916774967E-002
108.5657587 3.70046639563396E-002 3.72755220266984E-002
108.6657536 3.69104611779879E-002 3.71803827569373E-002
108.7657484 3.68165832545590E-002 3.70855724261452E-002
108.8657508 3.67230216476289E-002 3.69910824037307E-002
108.9657456 3.66297892270443E-002 3.68969256798340E-002
109.0657405 3.65368774445463E-002 3.68030936139836E-002
