0.0053140 4.65361032609724E+000 2.08147515984288E+003
0.0210792 1.79509501979519E+001 2.04013284406208E+003
0.0467942 3.80921995973870E+001 1.97507108466422E+003
0.0817065 6.26204512120435E+001 1.89119280474660E+003
0.1249105 8.89782088834234E+001 1.79398724361983E+003
0.1754417 1.14946509509485E+002 1.68875058417141E+003
0.2323515 1.38877888386404E+002 1.58006811884660E+003
0.2947571 1.59739151105475E+002 1.47157642669378E+003
0.3618673 1.77031665986598E+002 1.36594250649137E+003
0.4329916 1.90660048635236E+002 1.26497040226129E+003
0.5075377 2.00797769900201E+002 1.16976338580972E+003
0.5850032 2.07774706061276E+002 1.08089184034445E+003
0.6649650 2.11993869096653E+002 9.98542842495229E+002
0.7470680 2.13875463756037E+002 9.22641138870233E+002
0.8310139 2.13822596137042E+002 8.52942575938760E+002
0.9165527 2.12202651286399E+002 7.89101647517037E+002
1.0034738 2.09339069480545E+002 7.30719550358928E+002
1.0915995 2.05509636582572E+002 6.77376963811362E+002
1.1807797 2.00948501571030E+002 6.28655333700570E+002
1.2708868 1.95850173873489E+002 5.84150800021190E+002
1.3618115 1.90374272384762E+002 5.43481964971574E+002
1.4534610 1.84650367449860E+002 5.06293917029452E+002
1.5457546 1.78782663209917E+002 4.72260400339896E+002
1.6386236 1.72854057157254E+002 4.41083195813126E+002
1.7320075 1.66929898551403E+002 4.12491802014655E+002
1.8258543 1.61061021626094E+002 3.86241337434906E+002
1.9201186 1.55286438333683E+002 3.62110922794236E+002
2.0147601 1.49635597246221E+002 3.39901842332650E+002
2.1097440 1.44130129864522E+002 3.19435164768113E+002
2.2050388 1.38785478318526E+002 3.00550252474499E+002
2.3006174 1.33612051166402E+002 2.83102606237093E+002
2.3964555 1.28616285981759E+002 2.66962358907366E+002
2.4925310 1.23801516098476E+002 2.52012850196841E+002
2.5888248 1.19168565449114E+002 2.38148981838682E+002
2.6853193 1.14716389491290E+002 2.25276258471432E+002
2.7819988 1.10442440930163E+002 2.13309432850452E+002
2.8788497 1.06343063017249E+002 2.02171616566863E+002
2.9758588 1.02413805119051E+002 1.91793459897161E+002
3.0730149 9.86495863334003E+001 1.82112178044459E+002
3.1703074 9.50449550140795E+001 1.73071045101666E+002
3.2677268 9.15941716843317E+001 1.64618601934681E+002
3.3652646 8.82913613436237E+001 1.56708193475880E+002
3.4629133 8.51305806980935E+001 1.49297416084268E+002
3.5606650 8.21059487552210E+001 1.42347816912842E+002
3.6585133 7.92116111333284E+001 1.35824291256252E+002
3.7564523 7.64418425434936E+001 1.29694878230024E+002
3.8544764 7.37910623503391E+001 1.23930414555220E+002
3.9525810 7.12538452045219E+001 1.18504233440286E+002
4.0507604 6.88249845593122E+001 1.13392020260206E+002
4.1490108 6.64994303671550E+001 1.08571437685655E+002
4.2473280 6.42723439376013E+001 1.04022034214736E+002
4.3457083 6.21390881402486E+001 9.97250417788278E+001
4.4441489 6.00952177878275E+001 9.56631995282720E+001
4.5426454 5.81365160674977E+001 9.18206890788849E+001
4.6411954 5.62589324112107E+001 8.81828917793982E+001
4.7397961 5.44586170267310E+001 8.47363534317375E+001
4.8384450 5.27319052322298E+001 8.14686620295713E+001
4.9371399 5.10753034065223E+001 7.83683411962027E+001
5.0358779 4.94855135367391E+001 7.54248254335916E+001
5.1346571 4.79593788934712E+001 7.26282965197000E+001
5.2334756 4.64939088771164E+001 6.99696756400652E+001
5.3323316 4.50862638744381E+001 6.74405469491441E+001
5.4312238 4.37337419204911E+001 6.50330908998195E+001
5.5301496 4.24337973380567E+001 6.27400793022689E+001
5.6291079 4.11839953341978E+001 6.05547608827328E+001
5.7280973 3.99820315199475E+001 5.84708663098584E+001
5.8271164 3.88257190293784E+001 5.64825587633342E+001
5.9261644 3.77129772512495E+001 5.45843908082030E+001
6.0252392 3.66418470294054E+001 5.27713089362079E+001
6.1243401 3.56104532803971E+001 5.10385708162157E+001
6.2234659 3.46170211076137E+001 4.93817559043332E+001
6.3226158 3.36598653396061E+001 4.77967324318473E+001
6.4217891 3.27373814066703E+001 4.62796286076988E+001
6.5209840 3.18480582071787E+001 4.48268413479715E+001
6.6202001 3.09904473992618E+001 4.34349746829135E+001
6.7194366 3.01631770529876E+001 4.21008522940229E+001
6.8186927 2.93649432895459E+001 4.08214947917554E+001
6.9179682 2.85945030009072E+001 3.95940999013516E+001
7.0172613 2.78506849408571E+001 3.84160526783515E+001
7.1165720 2.71323644114965E+001 3.72848784996865E+001
7.2158999 2.64384717341266E+001 3.61982506589034E+001
7.3152432 2.57680018456923E+001 3.51539996758077E+001
7.4146030 2.51199759784049E+001 3.41500484902724E+001
7.5139770 2.44934867644860E+001 3.31844781132579E+001
7.6133666 2.38876462954898E+001 3.22554429940654E+001
7.7127702 2.33016261413947E+001 3.13612290514112E+001
7.8121865 2.27346363856540E+001 3.05002177517968E+001
7.9116168 2.21859081883046E+001 2.96708566747436E+001
8.0110589 2.16547292534938E+001 2.88717104065958E+001
8.1105143 2.11404000932718E+001 2.81013917923207E+001
8.2099815 2.06422681730124E+001 2.73586109925935E+001
8.3094593 2.01597103804111E+001 2.66421467783655E+001
8.4089492 1.96921183684441E+001 2.59508228868014E+001
8.5084489 1.92389289544662E+001 2.52835512297111E+001
8.6079599 1.87995870422564E+001 2.46392753576511E+001
8.7074812 1.83735749199450E+001 2.40170120986749E+001
8.8070112 1.79603974926069E+001 2.34158282766188E+001
8.9065517 1.75595698722949E+001 2.28348214314042E+001
9.0061006 1.71706435702492E+001 2.22731566524245E+001
9.1056593 1.67931748592069E+001 2.17300195814648E+001
9.2052267 1.64267500425901E+001 2.12046519147606E+001
9.3048016 1.60709729264203E+001 2.06963322744565E+001
9.4043856 1.57254542382905E+001 2.02043602821486E+001
9.5039766 1.53898343055349E+001 1.97280880973786E+001
9.6035763 1.50637558937983E+001 1.92668809755872E+001
9.7031836 1.47468861073516E+001 1.88201476809008E+001
9.8027972 1.44389056889209E+001 1.83873245906648E+001
9.9024188 1.41394999383303E+001 1.79678623893508E+001
10.0020464 1.38483784386563E+001 1.75612531971003E+001
10.1016817 1.35652516033560E+001 1.71669971856325E+001
10.2013235 1.32898497437512E+001 1.67846287552920E+001
10.3009707 1.30219138720927E+001 1.64137031933712E+001
10.4006251 1.27611878590854E+001 1.60537854464738E+001
10.5002846 1.25074356671442E+001 1.57044735627556E+001
10.5999509 1.22604209905557E+001 1.53653702189100E+001
10.6996230 1.20199239284946E+001 1.50361053571216E+001
10.7992996 1.17857330333320E+001 1.47163248869235E+001
10.8989827 1.15576384990546E+001 1.44056811280641E+001
10.9986702 1.13354472789642E+001 1.41038531586028E+001
11.0983637 1.11189653219153E+001 1.38105223625137E+001
11.1980623 1.09080122114769E+001 1.35253920946518E+001
11.2977649 1.07024142529802E+001 1.32481780368458E+001
11.3974732 1.05019985257247E+001 1.29785999991860E+001
11.4971853 1.03066061969600E+001 1.27163996596224E+001
11.5969029 1.01160769502068E+001 1.24613194324490E+001
11.6966250 9.93026188882468E+000 1.22131196266883E+001
11.7963505 9.74901749528474E+000 1.19715701552149E+001
11.8960812 9.57220041189278E+000 1.17364434522549E+001
11.9958151 9.39967921008274E+000 1.15075300040617E+001
12.0955540 9.23132068019977E+000 1.12846199824189E+001
12.1952970 9.06700124742610E+000 1.10675182791683E+001
12.2950428 8.90660166802901E+000 1.08560373323597E+001
12.3947934 8.75000242830051E+000 1.06499909695275E+001
12.4945468 8.59709418536578E+000 1.04492080594484E+001
12.5943047 8.44776564612011E+000 1.02535164647338E+001
12.6940662 8.30191370263418E+000 1.00627562685601E+001
12.7938302 8.15943875475232E+000 9.87677353079996E+000
12.8935986 8.02024063667313E+000 9.69541490559520E+000
12.9933693 7.88422791056503E+000 9.51853968786267E+000
13.0931443 7.75130710900380E+000 9.34600572402855E+000
13.1929224 7.62139176367302E+000 9.17768109311306E+000
13.2927027 7.49439826322026E+000 9.01343864305897E+000
13.3924871 7.37024223260040E+000 8.85315126083072E+000
13.4922734 7.24884683219032E+000 8.69670254158611E+000
13.5920637 7.13013317564995E+000 8.54397436299196E+000
13.6918568 7.01402839843032E+000 8.39485723907955E+000
13.7916517 6.90046197540091E+000 8.24924551568926E+000
13.8914504 6.78936249066034E+000 8.10703319426829E+000
13.9912508 6.68066507130193E+000 7.96812341435050E+000
14.0910548 6.57430282307869E+000 7.83241744925969E+000
14.1908615 6.47021406274295E+000 7.69982391552641E+000
14.2906697 6.36833903251292E+000 7.57025452872405E+000
14.3904813 6.26861700821284E+000 7.44362040006160E+000
14.4902944 6.17099297737818E+000 7.31984049232198E+000
14.5901109 6.07540995994292E+000 7.19883183643502E+000
14.6899298 5.98181550982875E+000 7.08051775010716E+000
14.7897500 5.89015877348623E+000 6.96482407291616E+000
14.8895734 5.80038789248182E+000 6.85167586894227E+000
14.9893980 5.71245601946921E+000 6.74100499127438E+000
15.0892259 5.62631441149094E+000 6.63274135237282E+000
15.1890558 5.54191829077339E+000 6.52682028162793E+000
15.2888878 5.45922342220350E+000 6.42317819481821E+000
15.3887200 5.37818844158900E+000 6.32175549284366E+000
15.4885562 5.29876865768848E+000 6.22248878754171E+000
15.5883943 5.22092527961698E+000 6.12532243188003E+000
15.6882343 5.14461916011710E+000 6.03020066899810E+000
15.7880763 5.06981231513263E+000 5.93706951879646E+000
15.8879183 4.99646926891069E+000 5.84587843318380E+000
15.9877640 4.92455144773965E+000 5.75657331259401E+000
16.0876115 4.85402553546070E+000 5.66910688018671E+000
16.1874608 4.78485781506538E+000 5.58343163061904E+000
16.2873119 4.71701554722595E+000 5.49950153216884E+000
16.3871628 4.65046819455017E+000 5.41727352593633E+000
16.4870172 4.58518233744803E+000 5.33670123374254E+000
16.5868734 4.52112925865244E+000 5.25774431831506E+000
16.6867312 4.45827981270673E+000 5.18036213126421E+000
16.7865905 4.39660567931703E+000 5.10451525249143E+000
16.8864496 4.33608047988502E+000 5.03016685100490E+000
16.9863121 4.27667515557625E+000 4.95727699964469E+000
17.0861762 4.21836486806892E+000 4.88581114279600E+000
17.1860417 4.16112433626960E+000 4.81573435798361E+000
17.2859087 4.10492897828980E+000 4.74701275137592E+000
17.3857753 4.04975593174195E+000 4.67961469560270E+000
17.4856452 3.99557984219966E+000 4.61350567899321E+000
17.5855166 3.94237915581972E+000 4.54865598526770E+000
17.6853893 3.89013187084666E+000 4.48503549555355E+000
17.7852633 3.83881658025215E+000 4.42261495629250E+000
17.8851368 3.78841340586626E+000 4.36136710749402E+000
17.9850136 3.73890015227783E+000 4.30126200437488E+000
18.0848916 3.69025805714896E+000 4.24227399912420E+000
18.1847709 3.64246791201457E+000 4.18437702047322E+000
18.2846515 3.59551101611281E+000 4.12754572817965E+000
18.3845314 3.54937003320369E+000 4.07175654346629E+000
18.4844144 3.50402547177438E+000 4.01698338949745E+000
18.5842986 3.45946095049408E+000 3.96320405320492E+000
18.6841841 3.41565964870622E+000 3.91039588819737E+000
18.7840706 3.37260518067998E+000 3.85853686817243E+000
18.8839565 3.33028238291380E+000 3.80760652983917E+000
18.9838453 3.28867408646367E+000 3.75758208585983E+000
19.0837353 3.24776594782869E+000 3.70844423447260E+000
19.1836263 3.20754319455056E+000 3.66017323881098E+000
19.2835185 3.16799142799844E+000 3.61274989003332E+000
19.3834098 3.12909734804088E+000 3.56615637177454E+000
19.4833041 3.09084578754871E+000 3.52037270526391E+000
19.5831994 3.05322415286227E+000 3.47538206576663E+000
19.6830957 3.01621943420035E+000 3.43116719754299E+000
19.7829930 2.97981894412568E+000 3.38771129614510E+000
19.8828894 2.94401098567511E+000 3.34499880235987E+000
19.9827887 2.90878212272032E+000 3.30301214437741E+000
20.0826889 2.87412126888419E+000 3.26173661264057E+000
20.1825901 2.84001693613915E+000 3.22115707490316E+000
20.2824922 2.80645791526527E+000 3.18125878599107E+000
20.3823934 2.77343389283774E+000 3.14202811825979E+000
20.4822973 2.74093293425455E+000 3.10344957009017E+000
20.5822022 2.70894525540855E+000 3.06551024437236E+000
20.6821079 2.67746068602054E+000 3.02819683258051E+000
20.7820145 2.64646929767700E+000 2.99149635930081E+000
20.8819201 2.61596197447169E+000 2.95539685541273E+000
20.9818284 2.58592808820850E+000 2.91988460595558E+000
21.0817375 2.55635898318733E+000 2.88494827200845E+000
21.1816475 2.52724563355008E+000 2.85057611651342E+000
21.2815583 2.49857922385455E+000 2.81675669001366E+000
21.3814680 2.47035167764073E+000 2.78347945205878E+000
21.4813803 2.44255350665516E+000 2.75073223472104E+000
21.5812935 2.41517703568005E+000 2.71850504292398E+000
21.6812074 2.38821423553767E+000 2.68678749802217E+000
21.7811221 2.36165726060725E+000 2.65556947044710E+000
21.8810357 2.33549893912534E+000 2.62484165421999E+000
21.9809519 2.30973078030952E+000 2.59459322518444E+000
22.0808688 2.28434596317529E+000 2.56481535076644E+000
22.1807864 2.25933732890040E+000 2.53549883014151E+000
22.2807048 2.23469787921132E+000 2.50663467883877E+000
22.3806219 2.21042123182258E+000 2.47821466070554E+000
22.4805416 2.18649977110739E+000 2.45022912233357E+000
22.5804621 2.16292742224108E+000 2.42267023970506E+000
22.6803832 2.13969778841844E+000 2.39552983621842E+000
22.7803050 2.11680461361536E+000 2.36879992373711E+000
22.8802255 2.09424220621631E+000 2.34247319587845E+000
22.9801486 2.07200372042599E+000 2.31654102220153E+000
23.0800723 2.05008373479712E+000 2.29099645612631E+000
23.1799967 2.02847652135906E+000 2.26583221420583E+000
23.2799217 2.00717647589063E+000 2.24104117761388E+000
23.3798454 1.98617851247153E+000 2.21661685021697E+000
23.4797716 1.96547646418357E+000 2.19255149791089E+000
23.5796984 1.94506548307984E+000 2.16883893952564E+000
23.6796259 1.92494042965332E+000 2.14547267257297E+000
23.7795539 1.90509627343195E+000 2.12244633873613E+000
23.8794806 1.88552846091314E+000 2.09975414982062E+000
23.9794098 1.86623142529253E+000 2.07738915921285E+000
24.0793395 1.84720082317186E+000 2.05534585514642E+000
24.1792698 1.82843203399979E+000 2.03361841975974E+000
24.2792007 1.80992053351397E+000 2.01220116177321E+000
24.3791302 1.79166223727241E+000 1.99108891309431E+000
24.4790621 1.77365211019562E+000 1.97027542076012E+000
24.5789946 1.75588625375867E+000 1.94975575989192E+000
24.6789277 1.73836050609630E+000 1.92952471430233E+000
24.7788612 1.72107079056313E+000 1.90957717921327E+000
24.8787934 1.70401343685907E+000 1.88990853100845E+000
24.9787279 1.68718388209444E+000 1.87051312923920E+000
25.0786630 1.67057862084146E+000 1.85138656479477E+000
25.1785986 1.65419389753027E+000 1.83252415153041E+000
25.2785347 1.63802603217441E+000 1.81392130158679E+000
25.3784693 1.62207172089455E+000 1.79557387053353E+000
25.4784064 1.60632682103385E+000 1.77747676008829E+000
25.5783439 1.59078817523023E+000 1.75962601544561E+000
25.6782819 1.57545238855683E+000 1.74201741848039E+000
25.7782204 1.56031613326096E+000 1.72464683797128E+000
25.8781574 1.54537643031899E+000 1.70751055215773E+000
25.9780968 1.53062951185351E+000 1.69060394376616E+000
26.0780366 1.51607252931138E+000 1.67392345904137E+000
26.1779769 1.50170240853450E+000 1.65746529403480E+000
26.2779176 1.48751613518376E+000 1.64122572180565E+000
26.3778568 1.47351101880513E+000 1.62520139421787E+000
26.4777984 1.45968362644375E+000 1.60938812170114E+000
26.5777404 1.44603138405538E+000 1.59378270529162E+000
26.6776829 1.43255150334411E+000 1.57838170835766E+000
26.7776257 1.41924124938553E+000 1.56318176265001E+000
26.8775671 1.40609818854740E+000 1.54817985099071E+000
26.9775108 1.39311918776874E+000 1.53337216493498E+000
27.0774549 1.38030191747955E+000 1.51875582003143E+000
27.1773994 1.36764384462121E+000 1.50432770608447E+000
27.2773442 1.35514248384250E+000 1.49008477374524E+000
27.3772876 1.34279563049634E+000 1.47602429958895E+000
27.4772333 1.33060042056278E+000 1.46214281549904E+000
27.5771793 1.31855474259075E+000 1.44843771638279E+000
27.6771257 1.30665629183319E+000 1.43490618273227E+000
27.7770725 1.29490280626420E+000 1.42154544928751E+000
27.8770178 1.28329228576405E+000 1.40835305386019E+000
27.9769653 1.27182210812107E+000 1.39532583284445E+000
28.0769132 1.26049035682912E+000 1.38246142975632E+000
28.1768615 1.24929493173056E+000 1.36975728444443E+000
28.2768101 1.23823377099051E+000 1.35721088521416E+000
28.3767572 1.22730505748423E+000 1.34482000263186E+000
28.4767065 1.21650638672149E+000 1.33258174608570E+000
28.5766562 1.20583601672391E+000 1.32049398074424E+000
28.6766062 1.19529203098178E+000 1.30855437829292E+000
28.7765565 1.18487254742075E+000 1.29676065378059E+000
28.8765053 1.17457591291728E+000 1.28511078552733E+000
28.9764563 1.16439991935570E+000 1.27360212812266E+000
29.0764077 1.15434298126256E+000 1.26223274470737E+000
29.1763593 1.14440334725350E+000 1.25100051458047E+000
29.2763113 1.13457929693717E+000 1.23990335591551E+000
29.3762617 1.12486932440526E+000 1.22893943279569E+000
29.4762144 1.11527139896132E+000 1.21810632045125E+000
29.5761673 1.10578407569792E+000 1.20740225915042E+000
29.6761206 1.09640575194219E+000 1.19682531444048E+000
29.7760741 1.08713485296038E+000 1.18637358677912E+000
29.8760261 1.07797000519749E+000 1.17604540663122E+000
29.9759803 1.06890933851285E+000 1.16583854811901E+000
30.0759347 1.05995153444371E+000 1.15575141025310E+000
30.1758895 1.05109512445694E+000 1.14578222594707E+000
30.2758445 1.04233866524442E+000 1.13592925951745E+000
30.3757980 1.03368090242269E+000 1.12619099069592E+000
30.4757536 1.02512011137713E+000 1.11656537319961E+000
30.5757095 1.01665508755661E+000 1.10705094853511E+000
30.6756657 1.00828448360852E+000 1.09764610026294E+000
30.7756221 1.00000697498895E+000 1.08834924023725E+000
30.8755770 9.91821414774187E-001 1.07915898231494E+000
30.9755340 9.83726210456520E-001 1.07007344265331E+000
31.0754913 9.75720260254179E-001 1.06109129087186E+000
31.1754469 9.67802476640478E-001 1.05221121475999E+000
31.2754067 9.59971191980912E-001 1.04343125398324E+000
31.3753629 9.52225806959893E-001 1.03475064834566E+000
31.4753231 9.44564553658521E-001 1.02616732996413E+000
31.5752798 9.36986859119376E-001 1.01768057217856E+000
31.6752368 9.29491291174138E-001 1.00928868780240E+000
31.7751978 9.22076448915673E-001 1.00099002720180E+000
31.8751552 9.14741796780958E-001 9.92783911234405E-001
31.9751168 9.07485691876079E-001 9.84668423651649E-001
32.0750747 9.00307622217201E-001 9.76642915236822E-001
32.1750329 8.93206261316904E-001 9.68705827667490E-001
32.2749952 8.86180311400167E-001 9.60855636999756E-001
32.3749539 8.79229293950860E-001 9.53091736442190E-001
32.4749166 8.72351680417444E-001 9.45412347964223E-001
32.5748758 8.65547013396790E-001 9.37816891507108E-001
32.6748352 8.58814062814265E-001 9.30303925926800E-001
32.7747986 8.52151625002780E-001 9.22872041598333E-001
32.8747585 8.45559272539882E-001 9.15520696381039E-001
32.9747223 8.39035581591801E-001 9.08248238420765E-001
33.0746827 8.32580143657602E-001 9.01054149481508E-001
33.1746432 8.26191816740152E-001 8.93937095127532E-001
33.2746078 8.19869483162347E-001 8.86895769861881E-001
33.3745687 8.13612761303327E-001 8.79929689371770E-001
33.4745337 8.07420323362188E-001 8.73037317153826E-001
33.5744951 8.01291804689726E-001 8.66218190291632E-001
33.6744568 7.95226143858510E-001 8.59471071661449E-001
33.7744224 7.89222301867616E-001 8.52794750746144E-001
33.8743844 7.83279938187465E-001 8.46188795006899E-001
33.9743505 7.77397813201194E-001 8.39651773542796E-001
34.0743130 7.71575601613866E-001 8.33183272983660E-001
34.1742756 7.65812315795249E-001 8.26782145071630E-001
34.2742423 7.60106988821528E-001 8.20447266044221E-001
34.3742054 7.54459317056813E-001 8.14178249757784E-001
34.4741725 7.48868141964578E-001 8.07973762121742E-001
34.5741359 7.43333173594337E-001 8.01833434179987E-001
34.6740996 7.37853491994988E-001 7.95756198936745E-001
34.7740673 7.32428196357067E-001 7.89741011977447E-001
34.8740313 7.27057016193292E-001 7.83787528768508E-001
34.9739994 7.21738867608923E-001 7.77894504087787E-001
35.0739638 7.16473492418745E-001 7.72061608825238E-001
35.1739284 7.11260032816116E-001 7.66287850391356E-001
35.2738971 7.06097648710556E-001 7.60572257039761E-001
35.3738621 7.00986099418272E-001 7.54914521584694E-001
35.4738310 6.95924369842440E-001 7.49313480487778E-001
35.5737964 6.90912230364771E-001 7.43768840414204E-001
35.6737620 6.85948880309294E-001 7.38279676990242E-001
35.7737315 6.81033535415875E-001 7.32845085104789E-001
35.8736974 6.76165981813058E-001 7.27464791118868E-001
35.9736673 6.71345267890614E-001 7.22137706668756E-001
36.0736335 6.66571189736049E-001 7.16863570562846E-001
36.1735999 6.61842999256063E-001 7.11641521045425E-001
36.2735704 6.57159963585446E-001 7.06470714184188E-001
36.3735371 6.52521892987649E-001 7.01350906493277E-001
36.4735079 6.47927894505277E-001 6.96281078878168E-001
36.5734750 6.43377787369543E-001 6.91260999046231E-001
36.6734423 6.38870871938926E-001 6.86289862790949E-001
36.7734135 6.34406462713686E-001 6.81366882416830E-001
36.8733811 6.29984391693139E-001 6.76491841557830E-001
36.9733527 6.25603820167890E-001 6.71663785023423E-001
37.0733206 6.21264588216258E-001 6.66882506518963E-001
37.1732887 6.16966040891682E-001 6.62147254791021E-001
37.2732608 6.12707536394607E-001 6.57457293898867E-001
37.3732292 6.08488926308512E-001 6.52812431882149E-001
37.4732015 6.04309422152960E-001 6.48211772573405E-001
37.5731702 6.00168882792779E-001 6.43655133079163E-001
37.6731391 5.96066694555500E-001 6.39141810926078E-001
37.7731119 5.92002256003583E-001 6.34671117857900E-001
37.8730811 5.87975436373016E-001 6.30242883888949E-001
37.9730543 5.83985493740738E-001 6.25856267428599E-001
38.0730237 5.80032303907541E-001 6.21511106657678E-001
38.1729934 5.76115291356302E-001 6.17206744089186E-001
38.2729669 5.72233891967581E-001 6.12942535450249E-001
38.3729369 5.68387990894191E-001 6.08718330550256E-001
38.4729107 5.64576889412260E-001 6.04533338319998E-001
38.5728809 5.60800478595156E-001 6.00387415927559E-001
38.6728513 5.57058218234430E-001 5.96279947418994E-001
38.7728256 5.53349578749862E-001 5.92210329135185E-001
38.8727962 5.49674459650154E-001 5.88178428724528E-001
38.9727708 5.46032202335448E-001 5.84183501935644E-001
39.0727417 5.42422711655279E-001 5.80225423050197E-001
39.1727127 5.38845480108519E-001 5.76303614500033E-001
39.2726877 5.35300010114322E-001 5.72417510168202E-001
39.3726590 5.31786214132332E-001 5.68566993785067E-001
39.4726343 5.28303470867472E-001 5.64751364530669E-001
39.5726059 5.24851697598137E-001 5.60970512116611E-001
39.6725776 5.21430417150663E-001 5.57223894488738E-001
39.7725533 5.18039161619585E-001 5.53510980269005E-001
39.8725252 5.14677855149947E-001 5.49831667690081E-001
39.9725012 5.11345911163947E-001 5.46185296263355E-001
40.0724734 5.08043258154840E-001 5.42571769616175E-001
40.1724458 5.04769447096800E-001 5.38990578584883E-001
40.2724221 5.01524037630920E-001 5.35441223968981E-001
40.3723947 4.98306964446801E-001 5.31923617082058E-001
40.4723712 4.95117673306490E-001 5.28437134925601E-001
40.5723441 4.91956102823409E-001 5.24981693679785E-001
40.6723171 4.88821830121165E-001 5.21556814672023E-001
40.7722940 4.85714440435267E-001 5.18162028536372E-001
40.8722673 4.82633877970697E-001 5.14797258387335E-001
40.9722444 4.79579618642616E-001 5.11461916109511E-001
41.0722179 4.76551610196787E-001 5.08155929208171E-001
41.1721915 4.73549454072070E-001 5.04878847304863E-001
41.2721690 4.70572759306376E-001 5.01630228722556E-001
41.3721428 4.67621478690999E-001 4.98410007223109E-001
41.4721206 4.64695116280752E-001 4.95217627179535E-001
41.5720946 4.61793628061760E-001 4.92053026315410E-001
41.6720688 4.58916638102936E-001 4.88915780532681E-001
41.7720469 4.56063777597891E-001 4.85805473876196E-001
41.8720213 4.53235007084962E-001 4.82722049714775E-001
41.9719996 4.50429856902814E-001 4.79664982707785E-001
42.0719743 4.47648290471971E-001 4.76634219798615E-001
42.1719490 4.44889952941522E-001 4.73629361321832E-001
42.2719276 4.42154496146072E-001 4.70650015238944E-001
42.3719026 4.39441887612394E-001 4.67696133586757E-001
42.4718815 4.36751682250796E-001 4.64767219283915E-001
42.5718566 4.34083850187520E-001 4.61863227592220E-001
42.6718319 4.31438056225003E-001 4.58983781581591E-001
42.7718111 4.28813971444178E-001 4.56128511471752E-001
42.8717866 4.26211569674150E-001 4.53297377119488E-001
42.9717660 4.23630428815598E-001 4.50489907834798E-001
43.0717417 4.21070525041298E-001 4.47706066383607E-001
43.1717175 4.18531541492202E-001 4.44945497010577E-001
43.2716972 4.16013167210205E-001 4.42207850668510E-001
43.3716732 4.13515381705867E-001 4.39493094267821E-001
43.4716531 4.11037784408492E-001 4.36800781786865E-001
43.5716293 4.08580356940738E-001 4.34130882759638E-001
43.6716056 4.06142799569313E-001 4.31483061169158E-001
43.7715858 4.03724818111320E-001 4.28856987297356E-001
43.8715623 4.01326397196622E-001 4.26252634415316E-001
43.9715428 3.98947156430626E-001 4.23669579578853E-001
44.0715195 3.96587082345559E-001 4.21107798424310E-001
44.1714963 3.94245891214227E-001 4.18566973349727E-001
44.2714770 3.91923304534066E-001 4.16046792672513E-001
44.3714539 3.89619311545020E-001 4.13547235397463E-001
44.4714348 3.87333550775994E-001 4.11067900187511E-001
44.5714120 3.85066013179245E-001 4.08608768178907E-001
44.6713893 3.82816429999040E-001 4.06169538964351E-001
44.7713704 3.80584537401274E-001 4.03749917703590E-001
44.8713479 3.78370328774487E-001 4.01349888567581E-001
44.9713293 3.76173460409963E-001 3.98969070466178E-001
45.0713069 3.73993927236268E-001 3.96607449490072E-001
45.1712846 3.71831474512205E-001 3.94264741300183E-001
45.2712662 3.69685852136133E-001 3.91940666797120E-001
45.3712441 3.67557057226786E-001 3.89635214803987E-001
45.4712259 3.65444762760571E-001 3.87348023218073E-001
45.5712040 3.63348967240001E-001 3.85079082590397E-001
45.6711822 3.61269429052598E-001 3.82828123609399E-001
45.7711643 3.59205910962627E-001 3.80594881898773E-001
45.8711426 3.57158413439529E-001 3.78379350468014E-001
45.9711248 3.55126625144524E-001 3.76181185034574E-001
46.0711034 3.53110547789080E-001 3.74000380162002E-001
46.1710820 3.51109952068740E-001 3.71836680603902E-001
46.2710644 3.49124612810726E-001 3.69689835765778E-001
46.3710432 3.47154533490874E-001 3.67559842421310E-001
46.4710259 3.45199417525567E-001 3.65446373025339E-001
46.5710048 3.43259269504029E-001 3.63349425747949E-001
46.6709838 3.41333871668825E-001 3.61268758517228E-001
46.7709667 3.39423010165496E-001 3.59204133649196E-001
46.8709459 3.37526691163780E-001 3.57155551298843E-001
46.9709290 3.35644631970533E-001 3.55122699653129E-001
47.0709083 3.33776839752107E-001 3.53105580120449E-001
47.1708877 3.31923107591865E-001 3.51103962978311E-001
47.2708710 3.30083232262547E-001 3.49117622646053E-001
47.3708506 3.28257222344099E-001 3.47146562312640E-001
47.4708341 3.26444808228929E-001 3.45190484963050E-001
47.5708138 3.24645999387564E-001 3.43249394909893E-001
47.6707936 3.22860599088252E-001 3.41323074015185E-001
47.7707773 3.21088414088966E-001 3.39411308053130E-001
47.8707573 3.19329455122249E-001 3.37514102931470E-001
47.9707411 3.17583464916183E-001 3.35631175564510E-001
48.0707212 3.15850454997594E-001 3.33762532865861E-001
48.1707014 3.14130238209940E-001 3.31907967572303E-001
48.2706855 3.12422630699657E-001 3.30067276118359E-001
48.3706658 3.10727645117914E-001 3.28240466844436E-001
48.4706500 3.09045035829318E-001 3.26427269785638E-001
48.5706305 3.07374816191852E-001 3.24627694181318E-001
48.6706110 3.05716808057057E-001 3.22841542983935E-001
48.7705955 3.04070836404641E-001 3.21068622643282E-001
48.8705762 3.02436915591863E-001 3.19308943672661E-001
48.9705608 3.00814810967517E-001 3.17562248474844E-001
49.0705416 2.99204537516212E-001 3.15828548364980E-001
49.1705225 2.97605925569625E-001 3.14107655898685E-001
49.2705073 2.96018808423835E-001 3.12399386941475E-001
49.3704883 2.94443201949111E-001 3.10703753943631E-001
49.4704733 2.92878881869307E-001 3.09020510973525E-001
49.5704545 2.91325864609844E-001 3.07349671195096E-001
49.6704357 2.89783988490688E-001 3.05691056197426E-001
49.7704208 2.88253094642689E-001 3.04044490704056E-001
49.8704022 2.86733200273696E-001 3.02409988887976E-001
49.9703875 2.85224090913440E-001 3.00787315828173E-001
50.0703690 2.83725784259325E-001 2.99176486331184E-001
50.1703506 2.82238126161060E-001 2.97577330489289E-001
50.2703361 2.80760965135227E-001 2.95989681364901E-001
50.3703178 2.79294319567869E-001 2.94413554659073E-001
50.4703034 2.77837984262335E-001 2.92848725849893E-001
50.5702853 2.76391978034630E-001 2.91295211199189E-001
50.6702672 2.74956153836396E-001 2.89752848808499E-001
50.7702530 2.73530367150965E-001 2.88221479595468E-001
50.8702350 2.72114637397762E-001 2.86701120612386E-001
50.9702209 2.70708768155692E-001 2.85191557165095E-001
51.0702031 2.69312779219999E-001 2.83692806800544E-001
51.1701853 2.67926530244851E-001 2.82204715169093E-001
51.2701714 2.66549883289121E-001 2.80727130592738E-001
51.3701538 2.65182858674059E-001 2.79260071314358E-001
51.4701400 2.63825268287726E-001 2.77803331933341E-001
51.5701225 2.62477132778008E-001 2.76356931127161E-001
51.6701050 2.61138318128447E-001 2.74920721665485E-001
51.7700914 2.59808692607926E-001 2.73494558854011E-001
51.8700741 2.58488277320018E-001 2.72078461980263E-001
51.9700606 2.57176892024904E-001 2.70672234437339E-001
52.0700434 2.55874558108117E-001 2.69275895892793E-001
52.1700263 2.54581147533718E-001 2.67889305834645E-001
52.2700130 2.53296534438832E-001 2.66512326159579E-001
52.3699959 2.52020740600824E-001 2.65144977067181E-001
52.4699827 2.50753593242191E-001 2.63787070276263E-001
52.5699658 2.49495114381693E-001 2.62438626316876E-001
52.6699489 2.48245181637543E-001 2.61099511020844E-001
52.7699359 2.47003674695350E-001 2.59769592508940E-001
52.8699192 2.45770615907725E-001 2.58448891772390E-001
52.9699063 2.44545839574968E-001 2.57137228417226E-001
53.0698897 2.43329368254265E-001 2.55834623720124E-001
53.1698731 2.42121084912459E-001 2.54540949506580E-001
53.2698603 2.40920874484277E-001 2.53256079778457E-001
53.3698439 2.39728759808133E-001 2.51980036209259E-001
53.4698313 2.38544581901108E-001 2.50712645881111E-001
53.5698149 2.37368363772775E-001 2.49453930712096E-001
53.6697986 2.36199993452419E-001 2.48203768193870E-001
53.7697861 2.35039360843433E-001 2.46962037888498E-001
53.8697699 2.33886489188870E-001 2.45728762052469E-001
53.9697576 2.32741225883428E-001 2.44503774858294E-001
54.0697415 2.31603594311008E-001 2.43287098769935E-001
54.1697254 2.30473487295085E-001 2.42078616638643E-001
54.2697133 2.29350799444819E-001 2.40878213286305E-001
54.3696973 2.28235554334302E-001 2.39685911462266E-001
54.4696852 2.27127605416995E-001 2.38501552067317E-001
54.5696694 2.26026976380361E-001 2.37325158024611E-001
54.6696536 2.24933564590464E-001 2.36156617257852E-001
54.7696417 2.23847269115637E-001 2.34995819567373E-001
54.8696260 2.22768113794290E-001 2.33842788113604E-001
54.9696142 2.21695957838732E-001 2.32697370185451E-001
55.0695986 2.20630825175846E-001 2.31559589086615E-001
55.1695831 2.19572617478172E-001 2.30429337544143E-001
55.2695714 2.18521238041769E-001 2.29306510073068E-001
55.3695560 2.17476710908927E-001 2.28191130170749E-001
55.4695444 2.16438900768518E-001 2.27083051194461E-001
55.5695291 2.15407831728760E-001 2.25982296757143E-001
55.6695138 2.14383409546946E-001 2.24888764136804E-001
55.7695023 2.13365541529507E-001 2.23802352315819E-001
55.8694872 2.12354251867902E-001 2.22723085061253E-001
55.9694758 2.11349410461722E-001 2.21650821498009E-001
56.0694607 2.10351041547962E-001 2.20585585483646E-001
56.1694457 2.09359054760334E-001 2.19527278610302E-001
56.2694345 2.08373361211401E-001 2.18475804095555E-001
56.3694196 2.07393985192307E-001 2.17431185915280E-001
56.4694085 2.06420801562859E-001 2.16393288678975E-001
56.5693936 2.05453834641304E-001 2.15362136430300E-001
56.6693788 2.04492997741917E-001 2.14337634853144E-001
56.7693678 2.03538205591359E-001 2.13319691182303E-001
56.8693531 2.02589482535748E-001 2.12308329547336E-001
56.9693423 2.01646708158922E-001 2.11303419775814E-001
57.0693276 2.00709906817457E-001 2.10304986044533E-001
57.1693130 1.99778995321951E-001 2.09312937920219E-001
57.2693023 1.98853891832510E-001 2.08327186450057E-001
57.3692878 1.97934620709869E-001 2.07347755867441E-001
57.4692772 1.97021066039086E-001 2.06374520966880E-001
57.5692628 1.96113252176346E-001 2.05407506010429E-001
57.6692484 1.95211099255162E-001 2.04446624251249E-001
57.7692379 1.94314528699039E-001 2.03491790356359E-001
57.8692236 1.93423564846944E-001 2.02543028617927E-001
57.9692132 1.92538096074859E-001 2.01600218560657E-001
58.0691990 1.91658146703678E-001 2.00663384488606E-001
58.1691849 1.90783640026535E-001 1.99732443156639E-001
58.2691746 1.89914500570187E-001 1.98807312670475E-001
58.3691605 1.89050752619077E-001 1.97888017340391E-001
58.4691503 1.88192288641502E-001 1.96974441197955E-001
58.5691363 1.87339132891677E-001 1.96066608550208E-001
58.6691224 1.86491211668489E-001 1.95164439479859E-001
58.7691123 1.85648452451041E-001 1.94267855360847E-001
58.8690985 1.84810879439812E-001 1.93376880484889E-001
58.9690885 1.83978389007754E-001 1.92491403179644E-001
59.0690747 1.83151005314204E-001 1.91611447719968E-001
59.1690610 1.82328657518750E-001 1.90736937352714E-001
59.2690511 1.81511275910566E-001 1.89867796559484E-001
59.3690374 1.80698884579749E-001 1.89004049580428E-001
59.4690277 1.79891383626502E-001 1.88145588840256E-001
59.5690141 1.79088797090002E-001 1.87292438550001E-001
59.6690006 1.78291056853721E-001 1.86444524966413E-001
59.7689909 1.77498095882694E-001 1.85601775527493E-001
59.8689774 1.76709938132989E-001 1.84764214392142E-001
59.9689678 1.75926487264251E-001 1.83931737894068E-001
60.0689545 1.75147767172884E-001 1.83104370152059E-001
60.1689411 1.74373712337128E-001 1.82282040287367E-001
60.2689316 1.73604258271217E-001 1.81464678551776E-001
60.3689184 1.72839428776060E-001 1.80652308996317E-001
60.4689090 1.72079130911946E-001 1.79844831685921E-001
60.5688958 1.71323388412325E-001 1.79042270621644E-001
60.6688827 1.70572138228295E-001 1.78244557652111E-001
60.7688734 1.69825318303685E-001 1.77451625708377E-001
60.8688603 1.69082952265421E-001 1.76663498709752E-001
60.9688511 1.68344950424084E-001 1.75880080284257E-001
61.0688381 1.67611336332214E-001 1.75101394292415E-001
61.1688251 1.66882049298598E-001 1.74327375180820E-001
61.2688160 1.66157029583670E-001 1.73557958432850E-001
61.3688031 1.65436300623653E-001 1.72793167814795E-001
61.4687941 1.64719775836999E-001 1.72032910358658E-001
61.5687813 1.64007478579403E-001 1.71277209764080E-001
61.6687685 1.63299350408500E-001 1.70526002953447E-001
61.7687596 1.62595333794527E-001 1.69779227842606E-001
61.8687469 1.61895451968207E-001 1.69036908025834E-001
61.9687381 1.61199621320882E-001 1.68298953788492E-001
62.0687254 1.60507864997327E-001 1.67565388651218E-001
62.1687128 1.59820126701103E-001 1.66836151896789E-001
62.2687041 1.59136351011254E-001 1.66111183760289E-001
62.3686916 1.58456560939954E-001 1.65390507647119E-001
62.4686829 1.57780675723460E-001 1.64674036953316E-001
62.5686704 1.57108718283235E-001 1.63961795004444E-001
62.6686580 1.56440634371397E-001 1.63253723334603E-001
62.7686494 1.55776370580248E-001 1.62549764391101E-001
62.8686371 1.55115949691968E-001 1.61849941375525E-001
62.9686286 1.54459293666322E-001 1.61154170659378E-001
63.0686163 1.53806425190619E-001 1.60462475358941E-001
63.1686040 1.53157291973378E-001 1.59774799156513E-001
63.2685918 1.52511867080697E-001 1.59091112615673E-001
63.3685872 1.51870074990774E-001 1.58411334850597E-001
63.4685751 1.51231987157757E-001 1.57735540659897E-001
63.5685630 1.50597528241248E-001 1.57063649368705E-001
63.6685509 1.49966672229942E-001 1.56395632564673E-001
63.7685388 1.49339393337361E-001 1.55731462084902E-001
63.8685344 1.48715618547081E-001 1.55071059776717E-001
63.9685224 1.48095417688545E-001 1.54414498729960E-001
64.0685105 1.47478717913736E-001 1.53761700987913E-001
64.1684986 1.46865494313018E-001 1.53112639360172E-001
64.2684867 1.46255722190469E-001 1.52467286893261E-001
64.3684824 1.45649330930693E-001 1.51825568051752E-001
64.4684706 1.45046388779570E-001 1.51187554259690E-001
64.5684588 1.44446825277987E-001 1.50553170163622E-001
64.6684470 1.43850616563693E-001 1.49922389733942E-001
64.7684353 1.43257738977664E-001 1.49295187166173E-001
64.8684312 1.42668124206382E-001 1.48671489432100E-001
64.9684195 1.42081838952346E-001 1.48051366332006E-001
65.0684079 1.41498815047008E-001 1.47434745006612E-001
65.1683963 1.40919029624263E-001 1.46821600529453E-001
65.2683847 1.40342460011335E-001 1.46211908188062E-001
65.3683808 1.39769040102321E-001 1.45605597356932E-001
65.4683692 1.39198835095580E-001 1.45002736253671E-001
65.5683578 1.38631779019626E-001 1.44403254409547E-001
65.6683463 1.38067849956114E-001 1.43807127946840E-001
65.7683349 1.37507026170681E-001 1.43214333191317E-001
65.8683311 1.36949243675401E-001 1.42624801820887E-001
65.9683197 1.36394566202781E-001 1.42038600510619E-001
66.0683084 1.35842929889461E-001 1.41455661083848E-001
66.1682971 1.35294313719149E-001 1.40875960660254E-001
66.2682858 1.34748696850700E-001 1.40299476553083E-001
66.3682821 1.34206017328875E-001 1.39726142649271E-001
66.4682709 1.33666337457689E-001 1.39156024120540E-001
66.5682597 1.33129595397277E-001 1.38589054988663E-001
66.6682485 1.32595770990198E-001 1.38025213322236E-001
66.7682374 1.32064844245809E-001 1.37464477374055E-001
66.8682339 1.31536755160383E-001 1.36906783150319E-001
66.9682228 1.31011564645876E-001 1.36352194357656E-001
67.0682118 1.30489212805346E-001 1.35800647127223E-001
67.1682007 1.29969680299364E-001 1.35252120430732E-001
67.2681897 1.29452947947396E-001 1.34706593415245E-001
67.3681864 1.28938957619932E-001 1.34164004120830E-001
67.4681754 1.28427768872384E-001 1.33624414826339E-001
67.5681645 1.27919323674006E-001 1.33087763687571E-001
67.6681536 1.27413603464747E-001 1.32554030536076E-001
67.7681428 1.26910589835980E-001 1.32023195370384E-001
67.8681396 1.26410226458778E-001 1.31495198183152E-001
67.9681288 1.25912571566623E-001 1.30970099861852E-001
68.0681180 1.25417568921866E-001 1.30447840506260E-001
68.1681072 1.24925200707280E-001 1.29928400766844E-001
68.2680965 1.24435449249989E-001 1.29411761453136E-001
68.3680934 1.23948259951482E-001 1.28897864432992E-001
68.4680827 1.23463689757040E-001 1.28386769237991E-001
68.5680721 1.22981684152438E-001 1.27878417835066E-001
68.6680615 1.22502226028670E-001 1.27372791654897E-001
68.7680509 1.22025298414384E-001 1.26869872279748E-001
68.8680479 1.21550848374595E-001 1.26369603378956E-001
68.9680374 1.21078931599238E-001 1.25872043162789E-001
69.0680269 1.20609495231078E-001 1.25377135392153E-001
69.1680164 1.20142522836566E-001 1.24884862241325E-001
69.2680059 1.19677998113463E-001 1.24395206029078E-001
69.3680031 1.19215869726512E-001 1.23908112155985E-001
69.4679927 1.18756192142304E-001 1.23423637544706E-001
69.5679823 1.18298914097229E-001 1.22941727680366E-001
69.6679719 1.17844019802153E-001 1.22462365446178E-001
69.7679615 1.17391493593243E-001 1.21985533863143E-001
69.8679589 1.16941285674113E-001 1.21511179996103E-001
69.9679486 1.16493449319159E-001 1.21039359512938E-001
70.0679383 1.16047934797941E-001 1.20570019556494E-001
70.1679281 1.15604726936323E-001 1.20103143686094E-001
70.2679178 1.15163810679777E-001 1.19638715592501E-001
70.3679153 1.14725137712698E-001 1.19176683940967E-001
70.4679051 1.14288760147625E-001 1.18717103176566E-001
70.5678949 1.13854629729572E-001 1.18259922036433E-001
70.6678848 1.13422731871518E-001 1.17805124724914E-001
70.7678747 1.12993052100646E-001 1.17352695571776E-001
70.8678723 1.12565543526675E-001 1.16902584781757E-001
70.9678622 1.12140257129817E-001 1.16454845608260E-001
71.0678522 1.11717146075426E-001 1.16009428322186E-001
71.1678422 1.11296196337153E-001 1.15566317743445E-001
71.2678322 1.10877393997726E-001 1.15125498811658E-001
71.3678299 1.10460693539220E-001 1.14686923212907E-001
71.4678200 1.10046144838253E-001 1.14250643039236E-001
71.5678100 1.09633702427884E-001 1.13816610037545E-001
71.6678002 1.09223352817344E-001 1.13384809615376E-001
71.7677903 1.08815082620080E-001 1.12955227294574E-001
71.8677881 1.08408847639917E-001 1.12527816187054E-001
71.9677783 1.08004696677843E-001 1.12102627253006E-001
72.0677685 1.07602585584324E-001 1.11679613660172E-001
72.1677587 1.07202501380358E-001 1.11258761377241E-001
72.2677489 1.06804431186548E-001 1.10840056482074E-001
72.3677468 1.06408332080105E-001 1.10423453459402E-001
72.4677371 1.06014251813596E-001 1.10009002166285E-001
72.5677275 1.05622147506809E-001 1.09596657138614E-001
72.6677178 1.05232006669911E-001 1.09186404881102E-001
72.7677082 1.04843816908287E-001 1.08778232002763E-001
72.8677062 1.04457536526287E-001 1.08372094310494E-001
72.9676966 1.04073212254538E-001 1.07968040586169E-001
73.0676870 1.03690802436172E-001 1.07566026683490E-001
73.1676774 1.03310295049053E-001 1.07166039619347E-001
73.2676679 1.02931678162107E-001 1.06768066510311E-001
73.3676660 1.02554911262595E-001 1.06372064437037E-001
73.4676565 1.02180040084957E-001 1.05978081133410E-001
73.5676471 1.01807024151691E-001 1.05586073722817E-001
73.6676376 1.01435851887971E-001 1.05196029711692E-001
73.7676282 1.01066511806069E-001 1.04807936701761E-001
73.8676264 1.00698964533848E-001 1.04421753001157E-001
73.9676171 1.00333254834616E-001 1.04037525322235E-001
74.0676077 9.99693433681581E-002 1.03655212012054E-001
74.1675984 9.96072189875720E-002 1.03274801045096E-001
74.2675890 9.92468706292990E-002 1.02896280486966E-001
74.3675874 9.88882600213006E-002 1.02519609829014E-001
74.4675781 9.85314309801311E-002 1.02144834787805E-001
74.5675688 9.81763452625804E-002 1.01771914890061E-001
74.6675596 9.78229921312491E-002 1.01400838557891E-001
74.7675504 9.74713609285066E-002 1.01031594300567E-001
74.8675488 9.71214144436457E-002 1.00664142750306E-001
74.9675396 9.67731955701722E-002 1.00298528652934E-001
75.0675305 9.64266671233159E-002 9.99347126727165E-002
75.1675213 9.60818187576604E-002 9.95726836599855E-002
75.2675122 9.57386402041585E-002 9.92124305484735E-002
75.3675108 9.53970952763052E-002 9.88539150707409E-002
75.4675017 9.50572259676171E-002 9.84971810262279E-002
75.5674926 9.47189961148261E-002 9.81421901764417E-002
75.6674836 9.43823957478334E-002 9.77889317814911E-002
75.7674746 9.40474149696744E-002 9.74373951813057E-002
75.8674732 9.37140185824780E-002 9.70875431699919E-002
75.9674642 9.33822477022001E-002 9.67394186243030E-002
76.0674553 9.30520671516845E-002 9.63929843643932E-002
76.1674463 9.27234673202918E-002 9.60482300426074E-002
76.2674374 9.23964386674385E-002 9.57051453877072E-002
76.3674361 9.20709469498028E-002 9.53636942181911E-002
76.4674273 9.17470324275938E-002 9.50239185111737E-002
76.5674184 9.14246608758502E-002 9.46857821084941E-002
76.6674096 9.11038230282976E-002 9.43492750380479E-002
76.7674007 9.07845096857863E-002 9.40143874009093E-002
76.8673996 9.04666875268724E-002 9.36810840043776E-002
76.9673908 9.01503959772335E-002 9.33494059483462E-002
77.0673820 8.98356017315877E-002 9.30193180609268E-002
77.1673732 8.95222958536537E-002 9.26908107296899E-002
77.2673645 8.92104694714830E-002 9.23638744123022E-002
77.3673634 8.89000901541822E-002 9.20384748707591E-002
77.4673547 8.85911965135308E-002 9.17146523495358E-002
77.5673461 8.82837561327458E-002 9.13923726290796E-002
77.6673374 8.79777603918495E-002 9.10716264415241E-002
77.7673288 8.76732007325393E-002 9.07524045861660E-002
77.8673278 8.73700455844237E-002 9.04346737470046E-002
77.9673192 8.70683327654525E-002 9.01184733343040E-002
78.0673106 8.67680307174305E-002 8.98037700483118E-002
78.1673020 8.64691311236430E-002 8.94905549513379E-002
78.2672935 8.61716257265163E-002 8.91788191700605E-002
78.3672925 8.58754837873328E-002 8.88685302791384E-002
78.4672840 8.55807423497297E-002 8.85597268752483E-002
78.5672755 8.52873706853997E-002 8.82523765472405E-002
78.6672671 8.49953607684624E-002 8.79464706738976E-002
78.7672586 8.47047046297632E-002 8.76420006957094E-002
78.8672578 8.44153723345911E-002 8.73389350479297E-002
78.9672493 8.41274001712532E-002 8.70373115337074E-002
79.0672409 8.38407582137834E-002 8.67370986005684E-002
79.1672325 8.35554387152877E-002 8.64382879307142E-002
79.2672242 8.32714339832951E-002 8.61408712655166E-002
79.3672234 8.29887148605409E-002 8.58448178719805E-002
79.4672151 8.27073168984645E-002 8.55501647792365E-002
79.5672068 8.24272109469939E-002 8.52568812647715E-002
79.6671985 8.21483895269233E-002 8.49649593017645E-002
79.7671902 8.18708452112745E-002 8.46743909201477E-002
79.8671895 8.15945495947244E-002 8.43851461909964E-002
79.9671813 8.13195375098015E-002 8.40972613883971E-002
80.0671730 8.10457805569289E-002 8.38107065922375E-002
80.1671648 8.07732715138132E-002 8.35254740548152E-002
80.2671566 8.05020032082934E-002 8.32415560828759E-002
80.3671560 8.02319479624899E-002 8.29589235249923E-002
80.4671478 7.99631399074862E-002 8.26776119186617E-002
80.5671397 7.96955513698018E-002 8.23975921197134E-002
80.6671315 7.94291753737737E-002 8.21188566482545E-002
80.7671234 7.91640049918720E-002 8.18413980766432E-002
80.8671229 7.89000132501240E-002 8.15651880054336E-002
80.9671148 7.86372335951557E-002 8.12902612534831E-002
81.0671067 7.83756390561386E-002 8.10165894271522E-002
81.1670987 7.81152228942274E-002 8.07441653035723E-002
81.2670906 7.78559784168019E-002 8.04729817100286E-002
81.3670902 7.75978793311750E-002 8.02030109745480E-002
81.4670822 7.73409584160399E-002 7.99342872148071E-002
81.5670742 7.70851893806862E-002 7.96667827632884E-002
81.6670662 7.68305657137190E-002 7.94004906438565E-002
81.7670583 7.65770809481463E-002 7.91354039285292E-002
81.8670579 7.63247094508211E-002 7.88714956492592E-002
81.9670500 7.60734833485772E-002 7.86087992395233E-002
82.0670421 7.58233770091585E-002 7.83472877344723E-002
82.1670342 7.55743841396754E-002 7.80869543948831E-002
82.2670263 7.53264984899006E-002 7.78277925277757E-002
82.3670260 7.50796950653174E-002 7.75697758463993E-002
82.4670182 7.48340053565363E-002 7.73129371165490E-002
82.5670103 7.45894043689219E-002 7.70572500535011E-002
82.6670025 7.43458860195459E-002 7.68027081455700E-002
82.7669947 7.41034442664795E-002 7.65493049254887E-002
82.8669945 7.38620547337241E-002 7.62970147660491E-002
82.9669867 7.36217482908782E-002 7.60458697814320E-002
83.0669790 7.33825005608872E-002 7.57958443453678E-002
83.1669712 7.31443056626206E-002 7.55469321647554E-002
83.2669635 7.29071577543591E-002 7.52991269891713E-002
83.3669634 7.26710330592731E-002 7.50524038300320E-002
83.4669556 7.24359618407472E-002 7.48067941655345E-002
83.5669479 7.22019203200257E-002 7.45622730070225E-002
83.6669403 7.19689028099747E-002 7.43188342714288E-002
83.7669326 7.17369036613535E-002 7.40764719167001E-002
83.8669326 7.15058996778812E-002 7.38351615727597E-002
83.9669249 7.12759205311257E-002 7.35949340970256E-002
84.0669173 7.10469430220734E-002 7.33557651184081E-002
84.1669097 7.08189616501297E-002 7.31176487557050E-002
84.2669021 7.05919709511414E-002 7.28805791671379E-002
84.3669022 7.03659482914537E-002 7.26445325817811E-002
84.4668946 7.01409227648257E-002 7.24095392510669E-002
84.5668870 6.99168717341215E-002 7.21755754021842E-002
84.6668795 6.96937898781558E-002 7.19426353479885E-002
84.7668720 6.94716719107957E-002 7.17107134392401E-002
84.8668721 6.92504957437559E-002 7.14797864855385E-002
84.9668646 6.90302899066163E-002 7.12498841467219E-002
85.0668571 6.88110323069185E-002 7.10209832296959E-002
85.1668496 6.85927177960659E-002 7.07930782339111E-002
85.2668422 6.83753412591871E-002 7.05661636952699E-002
85.3668424 6.81588811367474E-002 7.03402169859695E-002
85.4668349 6.79433654074102E-002 7.01152671882567E-002
85.5668275 6.77287725068276E-002 6.98912916708848E-002
85.6668201 6.75150974524681E-002 6.96682851127640E-002
85.7668127 6.73023352942546E-002 6.94462422278673E-002
85.8668130 6.70904649853949E-002 6.92251409337283E-002
85.9668056 6.68795139665417E-002 6.90050097486274E-002
86.0667983 6.66694611854982E-002 6.87858265859599E-002
86.1667909 6.64603018195549E-002 6.85675862972716E-002
86.2667836 6.62520310772409E-002 6.83502837678423E-002
86.3667839 6.60446284090819E-002 6.81338974439190E-002
86.4667766 6.58381207302802E-002 6.79184552930733E-002
86.5667694 6.56324874854111E-002 6.77039357567722E-002
86.6667621 6.54277240056122E-002 6.74903338526686E-002
86.7667548 6.52238256520955E-002 6.72776446308784E-002
86.8667552 6.50207723578394E-002 6.70658470503497E-002
86.9667480 6.48185905248196E-002 6.68549685408468E-002
87.0667408 6.46172600795613E-002 6.66449880559450E-002
87.1667336 6.44167765013288E-002 6.64359007731577E-002
87.2667264 6.42171352983459E-002 6.62277019012445E-002
87.3667268 6.40183168717145E-002 6.60203708964272E-002
87.4667197 6.38203471220807E-002 6.58139346632181E-002
87.5667125 6.36232064436308E-002 6.56083726519189E-002
87.6667054 6.34268904582776E-002 6.54036801939249E-002
87.7666983 6.32313948158261E-002 6.51998526507124E-002
87.8666988 6.30367003716852E-002 6.49968699609088E-002
87.9666917 6.28428325367522E-002 6.47947585159940E-002
88.0666846 6.26497721590954E-002 6.45934982481708E-002
88.1666775 6.24575149980295E-002 6.43930846369926E-002
88.2666705 6.22660568397390E-002 6.41935131909784E-002
88.3666710 6.20753789806148E-002 6.39947643168288E-002
88.4666640 6.18855063530780E-002 6.37968639048845E-002
88.5666570 6.16964202457901E-002 6.35997923549578E-002
88.6666500 6.15081165504407E-002 6.34035452892789E-002
88.7666429 6.13205911846097E-002 6.32081183579759E-002
88.8666436 6.11338258728168E-002 6.30134924220039E-002
88.9666366 6.09478450799809E-002 6.28196928821405E-002
89.0666296 6.07626305225361E-002 6.26267005920267E-002
89.1666227 6.05781782197303E-002 6.24345113113200E-002
89.2666157 6.03944842157623E-002 6.22431208265526E-002
89.3666164 6.02115306508793E-002 6.20525104396075E-002
89.4666095 6.00293415331816E-002 6.18627050729679E-002
89.5666026 5.98478989945055E-002 6.16736860208120E-002
89.6665957 5.96671991770401E-002 6.14854491751954E-002
89.7665889 5.94872382470251E-002 6.12979904540679E-002
89.8665896 5.93079987484665E-002 6.11112915873849E-002
89.9665828 5.91295042430484E-002 6.09253770303053E-002
90.0665759 5.89517372660701E-002 6.07402285047228E-002
90.1665691 5.87746940782354E-002 6.05558420302712E-002
90.2665622 5.85983709634356E-002 6.03722136515396E-002
90.3665631 5.84227508578828E-002 6.01893255141524E-002
90.4665563 5.82478568869733E-002 6.00072016166247E-002
90.5665495 5.80736719779442E-002 5.98258240961929E-002
90.6665427 5.79001925057692E-002 5.96451890954503E-002
90.7665359 5.77274148677819E-002 5.94652927810446E-002
90.8665368 5.75553223812467E-002 5.92861177022996E-002
90.9665301 5.73839377451351E-002 5.91076874114847E-002
91.0665233 5.72132442674933E-002 5.89299844492389E-002
91.1665166 5.70432384334939E-002 5.87530050766864E-002
91.2665099 5.68739167498755E-002 5.85767455781418E-002
91.3665108 5.67052629041833E-002 5.84011888950748E-002
91.4665041 5.65372991785689E-002 5.82263581436339E-002
91.5664975 5.63700092511403E-002 5.80522362563340E-002
91.6664908 5.62033897133637E-002 5.78788196085836E-002
91.7664842 5.60374371775085E-002 5.77061045981535E-002
91.8664851 5.58721356909972E-002 5.75340745475037E-002
91.9664785 5.57075071285158E-002 5.73627521465216E-002
92.0664719 5.55435355278529E-002 5.71921207084686E-002
92.1664653 5.53802175830199E-002 5.70221767189645E-002
92.2664587 5.52175500081005E-002 5.68529166851970E-002
92.3664597 5.50555172003432E-002 5.66843242998444E-002
92.4664531 5.48941406360793E-002 5.65164218361342E-002
92.5664466 5.47334047027481E-002 5.63491929773267E-002
92.6664400 5.45733061933091E-002 5.61826343153454E-002
92.7664335 5.44138419200925E-002 5.60167424629196E-002
92.8664346 5.42549966204604E-002 5.58515014725415E-002
92.9664281 5.40967913812643E-002 5.56869332101299E-002
93.0664215 5.39392109299014E-002 5.55230217185614E-002
93.1664150 5.37822521548263E-002 5.53597636923142E-002
93.2664086 5.36259119631906E-002 5.51971558459408E-002
93.3664097 5.34701754230829E-002 5.50351825816952E-002
93.4664032 5.33150632405204E-002 5.48738653672955E-002
93.5663968 5.31605604734896E-002 5.47131885952042E-002
93.6663903 5.30066641026247E-002 5.45531490588556E-002
93.7663839 5.28533711266096E-002 5.43937435710561E-002
93.8663851 5.27006669351854E-002 5.42349568741089E-002
93.9663787 5.25485718619573E-002 5.40768100464031E-002
94.0663723 5.23970712864441E-002 5.39192878202938E-002
94.1663659 5.22461622782753E-002 5.37623870847171E-002
94.2663595 5.20958419245083E-002 5.36061047473069E-002
94.3663607 5.19460959277632E-002 5.34504258810284E-002
94.4663544 5.17969442574388E-002 5.32953711835840E-002
94.5663480 5.16483726058288E-002 5.31409257178524E-002
94.6663417 5.15003781284993E-002 5.29870864649550E-002
94.7663353 5.13529579978468E-002 5.28338504240630E-002
94.8663366 5.12060982208855E-002 5.26812029897292E-002
94.9663303 5.10598184108035E-002 5.25291644873883E-002
95.0663240 5.09141045641997E-002 5.23777203013863E-002
95.1663177 5.07689539196375E-002 5.22268675018436E-002
95.2663114 5.06243637319376E-002 5.20766031763093E-002
95.3663128 5.04803203043012E-002 5.19269130321501E-002
95.4663065 5.03368429014967E-002 5.17778170307361E-002
95.5663002 5.01939178162352E-002 5.16293008691223E-002
95.6662940 5.00515423672538E-002 5.14813617033689E-002
95.7662878 4.99097138889951E-002 5.13339967063675E-002
95.8662892 4.97684189729076E-002 5.11871918898137E-002
95.9662829 4.96276765429326E-002 5.10409668590055E-002
96.0662767 4.94874731799670E-002 5.08953076152376E-002
96.1662705 4.93478062802069E-002 5.07502113975703E-002
96.2662643 4.92086732550235E-002 5.06056754613210E-002
96.3662658 4.90700609764302E-002 5.04616861143074E-002
96.4662596 4.89319880349407E-002 5.03182626135439E-002
96.5662535 4.87944412919673E-002 5.01753912563721E-002
96.6662473 4.86574182185554E-002 5.00330693620271E-002
96.7662412 4.85209163004160E-002 4.98912942654497E-002
96.8662427 4.83849226826911E-002 4.97500525626401E-002
96.9662365 4.82494556296799E-002 4.96093631699189E-002
97.0662304 4.81145022758858E-002 4.94692126727480E-002
97.1662243 4.79800601646942E-002 4.93295984678224E-002
97.2662182 4.78461268536658E-002 4.91905179670121E-002
97.3662198 4.77126897538745E-002 4.90519580468172E-002
97.4662137 4.75797668104346E-002 4.89139372902618E-002
97.5662076 4.74473454237541E-002 4.87764425632579E-002
97.6662016 4.73154232071452E-002 4.86394713373498E-002
97.7661955 4.71839977876236E-002 4.85030210987470E-002
97.8661971 4.70530568352264E-002 4.83670789970142E-002
97.9661911 4.69226179827366E-002 4.82316632890888E-002
98.0661851 4.67926688895084E-002 4.80967611139092E-002
98.1661791 4.66632072364591E-002 4.79623700153590E-002
98.2661730 4.65342307177562E-002 4.78284875514967E-002
98.3661747 4.64057272556518E-002 4.76951011377547E-002
98.4661687 4.62777141772795E-002 4.75622287120112E-002
98.5661627 4.61501793942007E-002 4.74298576790446E-002
98.6661568 4.60231206527046E-002 4.72979856526640E-002
98.7661508 4.58965357118939E-002 4.71666102603819E-002
98.8661525 4.57704127397006E-002 4.70357191765299E-002
98.9661465 4.56447687641226E-002 4.69053300267782E-002
99.0661406 4.55195919424024E-002 4.67754304747872E-002
99.1661347 4.53948800840515E-002 4.66460182019694E-002
99.2661288 4.52706310109749E-002 4.65170909029871E-002
99.3661305 4.51468331304535E-002 4.63886365043238E-002
99.4661246 4.50235031777019E-002 4.62606723261208E-002
99.5661187 4.49006295493204E-002 4.61331862841823E-002
99.6661128 4.47782101159742E-002 4.60061761252903E-002
99.7661070 4.46562427603180E-002 4.58796396090399E-002
99.8661087 4.45347161228476E-002 4.57535649075317E-002
99.9661029 4.44136466521884E-002 4.56279690418899E-002
100.0660970 4.42930229781722E-002 4.55028401735362E-002
100.1660912 4.41728430306267E-002 4.53781761124726E-002
100.2660854 4.40531047509796E-002 4.52539746810935E-002
100.3660872 4.39337970069979E-002 4.51302242907861E-002
100.4660814 4.38149359667586E-002 4.50069416700076E-002
100.5660756 4.36965104873879E-002 4.48841152194746E-002
100.6660698 4.35785185559586E-002 4.47617428103396E-002
100.7660640 4.34609581707687E-002 4.46398223257438E-002
100.8660658 4.33438184210955E-002 4.45183424102274E-002
100.9660601 4.32271152003587E-002 4.43973195057720E-002
101.0660543 4.31108375872250E-002 4.42767422462640E-002
101.1660486 4.29949836241658E-002 4.41566085620149E-002
101.2660428 4.28795513645165E-002 4.40369163949350E-002
101.3660447 4.27645301134804E-002 4.39176546167748E-002
101.4660390 4.26499354955667E-002 4.37988393890790E-002
101.5660333 4.25357568054039E-002 4.36804595729670E-002
101.6660275 4.24219921390835E-002 4.35625131559914E-002
101.7660218 4.23086396032133E-002 4.34449981369291E-002
101.8660238 4.21956887135081E-002 4.33279036089801E-002
101.9660181 4.20831548311721E-002 4.32112454591416E-002
102.0660124 4.19710274613872E-002 4.30950127700124E-002
102.1660067 4.18593047521516E-002 4.29792035845396E-002
102.2660011 4.17479848616446E-002 4.28638159565335E-002
102.3660031 4.16370575108427E-002 4.27488391950599E-002
102.4659974 4.15265378031134E-002 4.26342889183128E-002
102.5659918 4.14164154489469E-002 4.25201544247928E-002
102.6659861 4.13066886465971E-002 4.24064338110627E-002
102.7659805 4.11973556041765E-002 4.22931251842005E-002
102.8659825 4.10884062428311E-002 4.21802180637245E-002
102.9659769 4.09798554134270E-002 4.20677278046291E-002
103.0659713 4.08716930266753E-002 4.19556439159083E-002
103.1659657 4.07639173294952E-002 4.18439645460272E-002
103.2659601 4.06565265783527E-002 4.17326878536307E-002
103.3659622 4.05495108896241E-002 4.16218035634399E-002
103.4659566 4.04428848668799E-002 4.15113267727160E-002
103.5659511 4.03366386161171E-002 4.14012471957023E-002
103.6659455 4.02307704313863E-002 4.12915630311148E-002
103.7659400 4.01252786159856E-002 4.11822724875269E-002
103.8659421 4.00201534767292E-002 4.10733654897709E-002
103.9659365 3.99154093749713E-002 4.09648568827081E-002
104.0659310 3.98110366072072E-002 4.08567365807447E-002
104.1659255 3.97070335131410E-002 4.07490028312566E-002
104.2659200 3.96033984414345E-002 4.06416538911657E-002
104.3659221 3.95001218846906E-002 4.05346798804776E-002
104.4659166 3.93972179670040E-002 4.04280953968570E-002
104.5659112 3.92946771707223E-002 4.03218905499388E-002
104.6659057 3.91924978797774E-002 4.02160636342251E-002
104.7659002 3.90906784867802E-002 4.01106129534645E-002
104.8659024 3.89892096656095E-002 4.00055288180439E-002
104.9658969 3.88881053079384E-002 3.99008255835097E-002
105.0658915 3.87873560774574E-002 3.97964935499377E-002
105.1658860 3.86869604009516E-002 3.96925310574784E-002
105.2658806 3.85869167136167E-002 3.95889364552388E-002
105.3658828 3.84872158662272E-002 3.94857002393385E-002
105.4658774 3.83878715227562E-002 3.93828365281602E-002
105.5658720 3.82888745238601E-002 3.92803358075760E-002
105.6658666 3.81902233378519E-002 3.91781964619585E-002
105.7658612 3.80919164411951E-002 3.90764168843585E-002
105.8658634 3.79939448573083E-002 3.89749877521164E-002
105.9658580 3.78963220270731E-002 3.88739229512870E-002
106.0658527 3.77990389638628E-002 3.87732131490300E-002
106.1658473 3.77020941762391E-002 3.86728567725660E-002
106.2658419 3.76054861806639E-002 3.85728522575245E-002
106.3658442 3.75092061690709E-002 3.84731904580873E-002
106.4658389 3.74132673637496E-002 3.83738850327015E-002
106.5658335 3.73176609466640E-002 3.82749268254380E-002
106.6658282 3.72223854653907E-002 3.81763143050395E-002
106.7658229 3.71274394751646E-002 3.80780459483980E-002
106.8658252 3.70328143324253E-002 3.79801127822853E-002
106.9658199 3.69385230452627E-002 3.78825282421479E-002
107.0658146 3.68445569602245E-002 3.77852833447192E-002
107.1658093 3.67509146627113E-002 3.76883765989852E-002
107.2658040 3.66575947455488E-002 3.75918065218304E-002
107.3658063 3.65645887257888E-002 3.74955643084888E-002
107.4658011 3.64719094016094E-002 3.73996631759034E-002
107.5657958 3.63795482802507E-002 3.73040943093455E-002
107.6657905 3.62875039837880E-002 3.72088562568099E-002
107.7657853 3.61957751414963E-002 3.71139475739483E-002
107.8657877 3.61043534272575E-002 3.70193596204487E-002
107.9657824 3.60132514335248E-002 3.69251053991412E-002
108.0657772 3.59224608244505E-002 3.68311762598288E-002
108.1657720 3.58319802576747E-002 3.67375707883240E-002
108.2657667 3.57418083978208E-002 3.66442875778639E-002
108.3657692 3.56519370719252E-002 3.65513181486969E-002
108.4657639 3.55623786708058E-002 3.64586752938269E-002
108.5657587 3.54731250118534E-002 3.63663505236976E-002
108.6657536 3.53841747872023E-002 3.62743424607904E-002
108.7657484 3.52955266957602E-002 3.61826497347859E-002
108.8657508 3.52071727141480E-002 3.60912640227115E-002
108.9657456 3.51191250355406E-002 3.60001979119305E-002
109.0657405 3.50313756269988E-002 3.59094430697477E-002
