0.0053140 4.40396816091298E+000 2.01898342240569E+003
0.0210792 1.69956451404242E+001 1.97932104733539E+003
0.0467942 3.60909863490552E+001 1.91687842997495E+003
0.0817065 5.93867126741475E+001 1.83633138134912E+003
0.1249105 8.44780316927336E+001 1.74292057738237E+003
0.1754417 1.09269344520573E+002 1.64170985150848E+003
0.2323515 1.32194739087231E+002 1.53709172079559E+003
0.2947571 1.52261727675909E+002 1.43255842040907E+003
0.3618673 1.68980051104696E+002 1.33067933843753E+003
0.4329916 1.82241032258621E+002 1.23320031301352E+003
0.5075377 1.92192756211334E+002 1.14119660068297E+003
0.5850032 1.99134784046604E+002 1.05523201105096E+003
0.6649650 2.03439569189063E+002 9.75501203298326E+002
0.7470680 2.05499191251338E+002 9.01945120478321E+002
0.8310139 2.05692322503860E+002 8.34340420563487E+002
0.9165527 2.04365964653486E+002 7.72364330393486E+002
1.0034738 2.01827069479913E+002 7.15640949565674E+002
1.0915995 1.98340417155460E+002 6.63772964456215E+002
1.1807797 1.94130127602883E+002 6.16362344611023E+002
1.2708868 1.89383142382182E+002 5.73023976477155E+002
1.3618115 1.84253503450234E+002 5.33393352214052E+002
1.4534610 1.78866786537507E+002 4.97130633168249E+002
1.5457546 1.73324434477636E+002 4.63922910945380E+002
1.6386236 1.67707540362962E+002 4.33483744193470E+002
1.7320075 1.62080372453304E+002 4.05552976638920E+002
1.8258543 1.56493232147446E+002 3.79894805836753E+002
1.9201186 1.50985002551784E+002 3.56296306112311E+002
2.0147601 1.45585295302319E+002 3.34565722448377E+002
2.1097440 1.40316116076291E+002 3.14530222917155E+002
2.2050388 1.35193422302292E+002 2.96034508438633E+002
2.3006174 1.30228233481679E+002 2.78938762079103E+002
2.3964555 1.25427654677023E+002 2.63117224421192E+002
2.4925310 1.20795714254243E+002 2.48456840895702E+002
2.5888248 1.16333941494811E+002 2.34855686852510E+002
2.6853193 1.12041989258894E+002 2.22222059127114E+002
2.7819988 1.07917992180194E+002 2.10473174547139E+002
2.8788497 1.03958951454943E+002 1.99534320769397E+002
2.9758588 1.00161044819080E+002 1.89338071495709E+002
3.0730149 9.65197896125937E+001 1.79823347592988E+002
3.1703074 9.30302983304290E+001 1.70934934993142E+002
3.2677268 8.96873631890830E+001 1.62622719222019E+002
3.3652646 8.64856075236683E+001 1.54841241695523E+002
3.4629133 8.34195545567608E+001 1.47549165946573E+002
3.5606650 8.04837573691179E+001 1.40708990346762E+002
3.6585133 7.76727673002833E+001 1.34286462394820E+002
3.7564523 7.49812361199035E+001 1.28250383899112E+002
3.8544764 7.24039336504184E+001 1.22572275658842E+002
3.9525810 6.99357603358327E+001 1.17226085720323E+002
4.0507604 6.75718110654288E+001 1.12188051443674E+002
4.1490108 6.53073164063485E+001 1.07436333824914E+002
4.2473280 6.31376976307168E+001 1.02950930538125E+002
4.3457083 6.10585586949029E+001 9.87134792666486E+001
4.4441489 5.90656782198560E+001 9.47070864348695E+001
4.5426454 5.71550462471108E+001 9.09162655518288E+001
4.6411954 5.53228047687499E+001 8.73266997130197E+001
4.7397961 5.35652823952341E+001 8.39252084725106E+001
4.8384450 5.18789799863665E+001 8.06996287122342E+001
4.9371399 5.02605577502393E+001 7.76387107943616E+001
5.0358779 4.87068599744193E+001 7.47320953202707E+001
5.1346571 4.72148626264967E+001 7.19701526526094E+001
5.2334756 4.57816982335662E+001 6.93439760629825E+001
5.3323316 4.44046416382707E+001 6.68453070735554E+001
5.4312238 4.30810974525018E+001 6.44664703345083E+001
5.5301496 4.18086187580545E+001 6.22003694110493E+001
5.6291079 4.05848630903429E+001 6.00403742921584E+001
5.7280973 3.94076119132399E+001 5.79803268773782E+001
5.8271164 3.82747583545359E+001 5.60144925960909E+001
5.9261644 3.71842964782083E+001 5.41375181971899E+001
6.0252392 3.61343364681705E+001 5.23444366271776E+001
6.1243401 3.51230682537566E+001 5.06305855478568E+001
6.2234659 3.41487775354296E+001 4.89916181328426E+001
6.3226158 3.32098357470160E+001 4.74234706975108E+001
6.4217891 3.23046913032178E+001 4.59223344614821E+001
6.5209840 3.14318824070045E+001 4.44846644173395E+001
6.6202001 3.05900070837873E+001 4.31071185918469E+001
6.7194366 2.97777367266150E+001 4.17865706349392E+001
6.8186927 2.89938080301324E+001 4.05200875026586E+001
6.9179682 2.82370159677076E+001 3.93049099966317E+001
7.0172613 2.75062248043608E+001 3.81384630195660E+001
7.1165720 2.68003433389104E+001 3.70183091611099E+001
7.2158999 2.61183333198832E+001 3.59421563294287E+001
7.3152432 2.54592189730310E+001 3.49078670809336E+001
7.4146030 2.48220494161553E+001 3.39133945311211E+001
7.5139770 2.42059430779639E+001 3.29568474679305E+001
7.6133666 2.36100366988672E+001 3.20364065985908E+001
7.7127702 2.30335247493336E+001 3.11503821093165E+001
7.8121865 2.24756388764796E+001 3.02971781492090E+001
7.9116168 2.19356307985352E+001 2.94752637205797E+001
8.0110589 2.14128072564555E+001 2.86832231693472E+001
8.1105143 2.09064870206358E+001 2.79196881061145E+001
8.2099815 2.04160345410599E+001 2.71833860727769E+001
8.3094593 1.99408427357235E+001 2.64731121381427E+001
8.4089492 1.94803185917334E+001 2.57877054957737E+001
8.5084489 1.90339131369758E+001 2.51260923373629E+001
8.6079599 1.86010849552736E+001 2.44872298349994E+001
8.7074812 1.81813290741575E+001 2.38701474568689E+001
8.8070112 1.77741624487500E+001 2.32739239136337E+001
8.9065517 1.73791117556966E+001 2.26976680625732E+001
9.0061006 1.69957392297263E+001 2.21405554627685E+001
9.1056593 1.66236115045446E+001 2.16017817853128E+001
9.2052267 1.62623245407556E+001 2.10805980477311E+001
9.3048016 1.59114912979251E+001 2.05762916613813E+001
9.4043856 1.55707313166514E+001 2.00881706473113E+001
9.5039766 1.52396930994681E+001 1.96155949433252E+001
9.6035763 1.49180273393628E+001 1.91579372863650E+001
9.7031836 1.46054085347754E+001 1.87146134029166E+001
9.8027972 1.43015244506532E+001 1.82850662514159E+001
9.9024188 1.40060671690602E+001 1.78687528281249E+001
10.0020464 1.37187525657095E+001 1.74651711025575E+001
10.1016817 1.34392971776588E+001 1.70738268948712E+001
10.2013235 1.31674370310982E+001 1.66942598674321E+001
10.3009707 1.29029185756304E+001 1.63260302926983E+001
10.4006251 1.26454909496860E+001 1.59687079149393E+001
10.5002846 1.23949230031896E+001 1.56218952307094E+001
10.5999509 1.21509832034044E+001 1.52851992288047E+001
10.6996230 1.19134561056113E+001 1.49582538718460E+001
10.7992996 1.16821345092138E+001 1.46407088862822E+001
10.8989827 1.14568127351995E+001 1.43322202774716E+001
10.9986702 1.12373015653562E+001 1.40324705416962E+001
11.0983637 1.10234107003561E+001 1.37411443888639E+001
11.1980623 1.08149632273100E+001 1.34579482767367E+001
11.2977649 1.06117887961337E+001 1.31826008387281E+001
11.3974732 1.04137177458713E+001 1.29148247442074E+001
11.4971853 1.02205942667196E+001 1.26543643231179E+001
11.5969029 1.00322610148684E+001 1.24009645796489E+001
11.6966250 9.84857186985628E+000 1.21543882401001E+001
11.7963505 9.66938596843151E+000 1.19144075209174E+001
11.8960812 9.49456254745000E+000 1.16807970949028E+001
11.9958151 9.32397258322458E+000 1.14533495243064E+001
12.0955540 9.15748523912394E+000 1.12318570156462E+001
12.1952970 8.99497915636816E+000 1.10161263603778E+001
12.2950428 8.83633721301249E+000 1.08059718098793E+001
12.3947934 8.68144197541495E+000 1.06012089592917E+001
12.4945468 8.53018602744987E+000 1.04016683160899E+001
12.5943047 8.38245998376020E+000 1.02071793547610E+001
12.6940662 8.23816251761509E+000 1.00175836634659E+001
12.7938302 8.09719573662349E+000 9.83272874097857E+000
12.8935986 7.95946115398158E+000 9.65246264831360E+000
12.9933693 7.82486888585629E+000 9.47664598400747E+000
13.0931443 7.69332700876203E+000 9.30513788131221E+000
13.1929224 7.56475049544353E+000 9.13780762067424E+000
13.2927027 7.43905711797632E+000 8.97452920041649E+000
13.3924871 7.31616386531898E+000 8.81517663563196E+000
13.4922734 7.19599515911466E+000 8.65963456611773E+000
13.5920637 7.07847337041051E+000 8.50778590435041E+000
13.6918568 6.96352680774333E+000 8.35952213030757E+000
13.7916517 6.85108607352328E+000 8.21473851602591E+000
13.8914504 6.74108086670964E+000 8.07332997390828E+000
13.9912508 6.63344734417248E+000 7.93520048633592E+000
14.0910548 6.52811964178905E+000 7.80025216447258E+000
14.1908615 6.42503703683599E+000 7.66839440667552E+000
14.2906697 6.32414069582794E+000 7.53953967915626E+000
14.3904813 6.22537081107017E+000 7.41359983356119E+000
14.4902944 6.12867321561074E+000 7.29049451708865E+000
14.5901109 6.03399177808389E+000 7.17014144339339E+000
14.6899298 5.94127484324090E+000 7.05246456697327E+000
14.7897500 5.85047231936668E+000 6.93739033955155E+000
14.8895734 5.76153310554575E+000 6.82484443078025E+000
14.9893980 5.67441105235633E+000 6.71475925288158E+000
15.0892259 5.58905811980954E+000 6.60706527801429E+000
15.1890558 5.50543018465956E+000 6.50169835731009E+000
15.2888878 5.42348365002205E+000 6.39859541375397E+000
15.3887200 5.34317775308145E+000 6.29769732626436E+000
15.4885562 5.26446842333150E+000 6.19894119609497E+000
15.5883943 5.18731742746909E+000 6.10227181780041E+000
15.6882343 5.11168616951211E+000 6.00763386932874E+000
15.7880763 5.03753719711323E+000 5.91497378918993E+000
15.8879183 4.96483553537293E+000 5.82424142375665E+000
15.9877640 4.89354312995101E+000 5.73538307919819E+000
16.0876115 4.82362712991139E+000 5.64835184381912E+000
16.1874608 4.75505427924554E+000 5.56310057265053E+000
16.2873119 4.68779228367171E+000 5.47958358127416E+000
16.3871628 4.62181102485310E+000 5.39775813798458E+000
16.4870172 4.55707751978443E+000 5.31757820271475E+000
16.5868734 4.49356344111372E+000 5.23900374165226E+000
16.6867312 4.43124003063020E+000 5.16199440659178E+000
16.7865905 4.37007934221094E+000 5.08651106701332E+000
16.8864496 4.31005534941084E+000 5.01251716464786E+000
16.9863121 4.25113936201748E+000 4.93997305548409E+000
17.0861762 4.19330686991102E+000 4.86884443730915E+000
17.1860417 4.13653291868570E+000 4.79909663888809E+000
17.2859087 4.08079324237314E+000 4.73069600897659E+000
17.3857753 4.02606527575237E+000 4.66361114857752E+000
17.4856452 3.97232397695201E+000 4.59780778425037E+000
17.5855166 3.91954806951559E+000 4.53325641227694E+000
17.6853893 3.86771582841452E+000 4.46992712501307E+000
17.7852633 3.81680611443893E+000 4.40779087303286E+000
17.8851368 3.76679930118178E+000 4.34682058842259E+000
17.9850136 3.71767345931669E+000 4.28698652772873E+000
18.0848916 3.66941006185947E+000 4.22826322221230E+000
18.1847709 3.62199013566641E+000 4.17062477895781E+000
18.2846515 3.57539520789403E+000 4.11404603022826E+000
18.3845314 3.52960815640766E+000 4.05850355947140E+000
18.4844144 3.48460971709093E+000 4.00397146071711E+000
18.5842986 3.44038370904645E+000 3.95042767237432E+000
18.6841841 3.39691351247441E+000 3.89784969926334E+000
18.7840706 3.35418293632290E+000 3.84621566145160E+000
18.8839565 3.31217699983011E+000 3.79550523320606E+000
18.9838453 3.27087872910117E+000 3.74569577278556E+000
19.0837353 3.23027395193649E+000 3.69676810706314E+000
19.1836263 3.19034806792813E+000 3.64870262787316E+000
19.2835185 3.15108684531927E+000 3.60148025104821E+000
19.3834098 3.11247714048739E+000 3.55508327730720E+000
19.4833041 3.07450395419625E+000 3.50949185242183E+000
19.5831994 3.03715483968728E+000 3.46468926130094E+000
19.6830957 3.00041693505676E+000 3.42065835815400E+000
19.7829930 2.96427769639091E+000 3.37738244511941E+000
19.8828894 2.92872556121368E+000 3.33484606300205E+000
19.9827887 2.89374723840224E+000 3.29303174691677E+000
20.0826889 2.85933176796565E+000 3.25192488109449E+000
20.1825901 2.82546778939195E+000 3.21151042755275E+000
20.2824922 2.79214421730096E+000 3.17177373256110E+000
20.3823934 2.75935085419798E+000 3.13270125420969E+000
20.4822973 2.72707589112440E+000 3.09427758300152E+000
20.5822022 2.69530965304802E+000 3.05648990232428E+000
20.6821079 2.66404207999094E+000 3.01932498474277E+000
20.7820145 2.63326335072654E+000 2.98276993355998E+000
20.8819201 2.60296444958575E+000 2.94681285338912E+000
20.9818284 2.57313485757717E+000 2.91144010890551E+000
21.0817375 2.54376601341661E+000 2.87664043050273E+000
21.1816475 2.51484898694301E+000 2.84240215110832E+000
21.2815583 2.48637505576359E+000 2.80871388924515E+000
21.3814680 2.45833623033925E+000 2.77556516807589E+000
21.4813803 2.43072311761625E+000 2.74294388873703E+000
21.5812935 2.40352812433788E+000 2.71084011602244E+000
21.6812074 2.37674330459191E+000 2.67924353187601E+000
21.7811221 2.35036089376489E+000 2.64814406561776E+000
21.8810357 2.32437379567774E+000 2.61753246631650E+000
21.9809519 2.29877360277660E+000 2.58739796989692E+000
22.0808688 2.27355356542179E+000 2.55773179565172E+000
22.1807864 2.24870659744042E+000 2.52852479536780E+000
22.2807048 2.22422577127614E+000 2.49976803573861E+000
22.3806219 2.20010477054628E+000 2.47145332838500E+000
22.4805416 2.17633605258730E+000 2.44357107232023E+000
22.5804621 2.15291360484222E+000 2.41611348858766E+000
22.6803832 2.12983109406118E+000 2.38907244640057E+000
22.7803050 2.10708232611715E+000 2.36244000220204E+000
22.8802255 2.08466166700420E+000 2.33620889118540E+000
22.9801486 2.06256233506066E+000 2.31037052877858E+000
23.0800723 2.04077896332273E+000 2.28491800765720E+000
23.1799967 2.01930587956169E+000 2.25984408438046E+000
23.2799217 1.99813753387106E+000 2.23514167907057E+000
23.3798454 1.97726889081549E+000 2.21080433187312E+000
23.4797716 1.95669383999326E+000 2.18682434892915E+000
23.5796984 1.93640758124631E+000 2.16319558335661E+000
23.6796259 1.91640502407715E+000 2.13991156769358E+000
23.7795539 1.89668118579146E+000 2.11696597774115E+000
23.8794806 1.87723155723365E+000 2.09435305704306E+000
23.9794098 1.85805062152601E+000 2.07206589438988E+000
24.0793395 1.83913407728561E+000 2.05009900803976E+000
24.1792698 1.82047734715372E+000 2.02844661087547E+000
24.2792007 1.80207594899449E+000 2.00710304157930E+000
24.3791302 1.78392583741088E+000 1.98606315989289E+000
24.4790621 1.76602202153323E+000 1.96532074407783E+000
24.5789946 1.74836063985966E+000 1.94487089561047E+000
24.6789277 1.73093756867812E+000 1.92470842535540E+000
24.7788612 1.71374876857132E+000 1.90482825491062E+000
24.8787934 1.69679060369214E+000 1.88522578512814E+000
24.9787279 1.68005855038821E+000 1.86589540316490E+000
25.0786630 1.66354913592692E+000 1.84683272309826E+000
25.1785986 1.64725863851456E+000 1.82803308264268E+000
25.2785347 1.63118341113609E+000 1.80949191721260E+000
25.3784693 1.61532018037821E+000 1.79120510393621E+000
25.4784064 1.59966483848510E+000 1.77316756899490E+000
25.5783439 1.58421425702873E+000 1.75537537803077E+000
25.6782819 1.56896507104723E+000 1.73782433400987E+000
25.7782204 1.55391398205115E+000 1.72051032629354E+000
25.8781574 1.53905803801283E+000 1.70342965215790E+000
25.9780968 1.52439350216522E+000 1.68657771605810E+000
26.0780366 1.50991755161276E+000 1.66995098230902E+000
26.1779769 1.49562713883593E+000 1.65354566564712E+000
26.2779176 1.48151927552087E+000 1.63735805737407E+000
26.3778568 1.46759129518229E+000 1.62138482619925E+000
26.4777984 1.45383979265398E+000 1.60562180189420E+000
26.5777404 1.44026221668852E+000 1.59006580149751E+000
26.6776829 1.42685580271855E+000 1.57471340496597E+000
26.7776257 1.41361783901092E+000 1.55956126025261E+000
26.8775671 1.40054591325527E+000 1.54460636511641E+000
26.9775108 1.38763691726185E+000 1.52984492836630E+000
27.0774549 1.37488854175406E+000 1.51527407975084E+000
27.1773994 1.36229827485036E+000 1.50089072383165E+000
27.2773442 1.34986365190488E+000 1.48669182567935E+000
27.3772876 1.33758248727311E+000 1.47267467513995E+000
27.4772333 1.32545193923823E+000 1.45883581951949E+000
27.5771793 1.31346991444717E+000 1.44517266635024E+000
27.6771257 1.30163412708799E+000 1.43168240927838E+000
27.7770725 1.28994233365491E+000 1.41836229590190E+000
27.8770178 1.27839255099414E+000 1.40520987584553E+000
27.9769653 1.26698217693166E+000 1.39222199931655E+000
28.0769132 1.25570931113003E+000 1.37939632107684E+000
28.1768615 1.24457187039264E+000 1.36673029272252E+000
28.2768101 1.23356780947977E+000 1.35422141404634E+000
28.3767572 1.22269532644058E+000 1.34186746614939E+000
28.4767065 1.21195203481980E+000 1.32966557081525E+000
28.5766562 1.20133620710887E+000 1.31761360324804E+000
28.6766062 1.19084594201735E+000 1.30570924564390E+000
28.7765565 1.18047937236694E+000 1.29395022333331E+000
28.8765053 1.17023485862807E+000 1.28233452404795E+000
28.9764563 1.16011020894604E+000 1.27085951352112E+000
29.0764077 1.15010385081833E+000 1.25952326386492E+000
29.1763593 1.14021404654005E+000 1.24832366379927E+000
29.2763113 1.13043908911321E+000 1.23725864071655E+000
29.3762617 1.12077748482790E+000 1.22632636712257E+000
29.4762144 1.11122721767410E+000 1.21552442828422E+000
29.5761673 1.10178685439041E+000 1.20485107250324E+000
29.6761206 1.09245480461954E+000 1.19430437378565E+000
29.7760741 1.08322950568965E+000 1.18388244086927E+000
29.8760261 1.07410959500906E+000 1.17358361176910E+000
29.9759803 1.06509321572345E+000 1.16340566966261E+000
30.0759347 1.05617905984274E+000 1.15334702076603E+000
30.1758895 1.04736566993915E+000 1.14340590560050E+000
30.2758445 1.03865161358453E+000 1.13358059593195E+000
30.3757980 1.03003564626377E+000 1.12386957827103E+000
30.4757536 1.02151605540130E+000 1.11427081451846E+000
30.5757095 1.01309164587774E+000 1.10478285265418E+000
30.6756657 1.00476108036993E+000 1.09540408309189E+000
30.7756221 9.96523044162877E-001 1.08613292439855E+000
30.8755770 9.88376399228795E-001 1.07696799652716E+000
30.9755340 9.80319563985772E-001 1.06790742304305E+000
31.0754913 9.72351445158786E-001 1.05894987939015E+000
31.1754469 9.64470963586020E-001 1.05009405908187E+000
31.2754067 9.56676462645080E-001 1.04133800922031E+000
31.3753629 9.48967348931689E-001 1.03268097372185E+000
31.4753231 9.41341865841503E-001 1.02412089231937E+000
31.5752798 9.33799446067918E-001 1.01565704228104E+000
31.6752368 9.26338667032907E-001 1.00728774290026E+000
31.7751978 9.18958137185859E-001 9.99011350862719E-001
31.8751552 9.11657326246802E-001 9.90827190694854E-001
31.9751168 9.04434601652323E-001 9.82733353085043E-001
32.0750747 8.97289456470859E-001 9.74729192322700E-001
32.1750329 8.90220572949806E-001 9.66813155973371E-001
32.2749952 8.83226661837962E-001 9.58983725836800E-001
32.3749539 8.76307249345434E-001 9.51240298398167E-001
32.4749166 8.69460816366308E-001 9.43581101954906E-001
32.5748758 8.62686910018962E-001 9.36005559580930E-001
32.6748352 8.55984308195662E-001 9.28512235490245E-001
32.7747986 8.49351815005476E-001 9.21099725285794E-001
32.8747585 8.42789007258026E-001 9.13767489756289E-001
32.9747223 8.36294469768177E-001 9.06513882828569E-001
33.0746827 8.29867798085202E-001 8.99338389068422E-001
33.1746432 8.23507857488463E-001 8.92239678922962E-001
33.2746078 8.17213537404645E-001 8.85216451660553E-001
33.3745687 8.10984460005821E-001 8.78268225589904E-001
33.4745337 8.04819305420763E-001 8.71393469496449E-001
33.5744951 7.98717712631434E-001 8.64591722972023E-001
33.6744568 7.92678626865225E-001 8.57861753348926E-001
33.7744224 7.86701015619415E-001 8.51202354459753E-001
33.8743844 7.80784541766611E-001 8.44613096113805E-001
33.9743505 7.74927972970072E-001 8.38092552255412E-001
34.0743130 7.69130987192975E-001 8.31640311761879E-001
34.1742756 7.63392602899284E-001 8.25255230447433E-001
34.2742423 7.57711859117144E-001 8.18936188525357E-001
34.3742054 7.52088455264730E-001 8.12682801957077E-001
34.4741725 7.46521239497911E-001 8.06493741096901E-001
34.5741359 7.41009924791811E-001 8.00368639004238E-001
34.6740996 7.35553596783207E-001 7.94306432409475E-001
34.7740673 7.30151360121156E-001 7.88306080536808E-001
34.8740313 7.24802947061939E-001 7.82367240741372E-001
34.9739994 7.19507279870653E-001 7.76488671883984E-001
35.0739638 7.14264102990975E-001 7.70670046663523E-001
35.1739284 7.09072563746227E-001 7.64910375904517E-001
35.2738971 7.03931827058085E-001 7.59208691195195E-001
35.3738621 6.98841654709043E-001 7.53564687045689E-001
35.4738310 6.93801037278872E-001 7.47977203672917E-001
35.5737964 6.88809747513087E-001 7.42445949366783E-001
35.6737620 6.83866989450976E-001 7.36970002885538E-001
35.7737315 6.78971983440212E-001 7.31548462177792E-001
35.8736974 6.74124517827754E-001 7.26181055128389E-001
35.9736673 6.69323646240863E-001 7.20866696831837E-001
36.0736335 6.64569166893778E-001 7.15605127556784E-001
36.1735999 6.59860336032359E-001 7.10395488424279E-001
36.2735704 6.55196425032431E-001 7.05236938312917E-001
36.3735371 6.50577246154042E-001 7.00129235106952E-001
36.4735079 6.46001911277750E-001 6.95071362900380E-001
36.5734750 6.41470241549258E-001 6.90063090713852E-001
36.6734423 6.36981541324678E-001 6.85103616986344E-001
36.7734135 6.32535129012179E-001 6.80192156607761E-001
36.8733811 6.28130838408959E-001 6.75328494444702E-001
36.9733527 6.23767835279577E-001 6.70511678249963E-001
37.0733206 6.19445961426633E-001 6.65741502910681E-001
37.1732887 6.15164565590665E-001 6.61017219609076E-001
37.2732608 6.10923009577074E-001 6.56338094785162E-001
37.3732292 6.06721146589033E-001 6.51703937588165E-001
37.4732015 6.02558192288008E-001 6.47113854570721E-001
37.5731702 5.98434007092477E-001 6.42567663903375E-001
37.6731391 5.94347980734369E-001 6.38064665357781E-001
37.7731119 5.90299515105241E-001 6.33604172872454E-001
37.8730811 5.86288480900841E-001 6.29186017461012E-001
37.9730543 5.82314140036729E-001 6.24809360049453E-001
38.0730237 5.78376369714139E-001 6.20474039777039E-001
38.1729934 5.74474597562664E-001 6.16179401228337E-001
38.2729669 5.70608262540467E-001 6.11924802156021E-001
38.3729369 5.66777251116444E-001 6.07710093269852E-001
38.4729107 5.62980868127996E-001 6.03534485831536E-001
38.5728809 5.59219005911250E-001 5.99397837872851E-001
38.6728513 5.55491127169316E-001 5.95299535353446E-001
38.7728256 5.51796705170023E-001 5.91238976485596E-001
38.8727962 5.48135640608966E-001 5.87216029729246E-001
38.9727708 5.44507278193637E-001 5.83229952994230E-001
39.0727417 5.40911523912487E-001 5.79280621340811E-001
39.1727127 5.37347872961093E-001 5.75367458970369E-001
39.2726877 5.33815830396891E-001 5.71489901496738E-001
39.3726590 5.30315309750159E-001 5.67647833382010E-001
39.4726343 5.26845692800417E-001 5.63840555812178E-001
39.5726059 5.23406897853495E-001 5.60067959200941E-001
39.6725776 5.19998450235909E-001 5.56329503132150E-001
39.7725533 5.16619884488570E-001 5.52624657830146E-001
39.8725252 5.13271125722446E-001 5.48953322187530E-001
39.9725012 5.09951590220751E-001 5.45314837579423E-001
40.0724734 5.06661207403738E-001 5.41709108266442E-001
40.1724458 5.03399530565802E-001 5.38135626602707E-001
40.2724221 5.00166121618648E-001 5.34593894872715E-001
40.3723947 4.96960916123430E-001 5.31083824985362E-001
40.4723712 4.93783362506998E-001 5.27604795675444E-001
40.5723441 4.90633400219221E-001 5.24156723694428E-001
40.6723171 4.87510608538954E-001 5.20739131777485E-001
40.7722940 4.84414574811171E-001 5.17351551936219E-001
40.8722673 4.81345244027283E-001 5.13993907822224E-001
40.9722444 4.78302094586808E-001 5.10665612933668E-001
41.0722179 4.75285074990256E-001 5.07366595291265E-001
41.1721915 4.72293788680345E-001 5.04096405823524E-001
41.2721690 4.69327846656546E-001 5.00854604132518E-001
41.3721428 4.66387202419745E-001 4.97641124464702E-001
41.4721206 4.63471362342990E-001 4.94455412696615E-001
41.5720946 4.60580283093393E-001 4.91297407016904E-001
41.6720688 4.57713590604649E-001 4.88166684542042E-001
41.7720469 4.54870917896035E-001 4.85062830505674E-001
41.8720213 4.52052226146087E-001 4.81985788713863E-001
41.9719996 4.49257047858607E-001 4.78935035228250E-001
42.0719743 4.46485347068467E-001 4.75910517411839E-001
42.1719490 4.43736770661654E-001 4.72911836728859E-001
42.2719276 4.41010972173451E-001 4.69938602246695E-001
42.3719026 4.38307919708115E-001 4.66990766396641E-001
42.4718815 4.35627170199858E-001 4.64067833406362E-001
42.5718566 4.32968694329033E-001 4.61169758916226E-001
42.6718319 4.30332158517249E-001 4.58296167047816E-001
42.7718111 4.27717235431063E-001 4.55446689050521E-001
42.8717866 4.25123899420342E-001 4.52621285136988E-001
42.9717660 4.22551730279258E-001 4.49819485840259E-001
43.0717417 4.20000704680206E-001 4.47041254267731E-001
43.1717175 4.17470507274849E-001 4.44286235643981E-001
43.2716972 4.14960828584673E-001 4.41554081881347E-001
43.3716732 4.12471648589682E-001 4.38844760211191E-001
43.4716531 4.10002568492131E-001 4.36157825755565E-001
43.5716293 4.07553570364983E-001 4.33493248356394E-001
43.6716056 4.05124355885628E-001 4.30850692910542E-001
43.7715858 4.02714632252956E-001 4.28229830594888E-001
43.8715623 4.00324384519814E-001 4.25630634969882E-001
43.9715428 3.97953233953043E-001 4.23052684161734E-001
44.0715195 3.95601167490518E-001 4.20495954084378E-001
44.1714963 3.93267902723388E-001 4.17960127988789E-001
44.2714770 3.90953162440580E-001 4.15444895027790E-001
44.3714539 3.88656936262944E-001 4.12950234466956E-001
44.4714348 3.86378864277545E-001 4.10475745971842E-001
44.5714120 3.84118937801839E-001 4.08021410928819E-001
44.6713893 3.81876889313117E-001 4.05586929727333E-001
44.7713704 3.79652456185323E-001 4.03172008307604E-001
44.8713479 3.77445632149771E-001 4.00776631075489E-001
44.9713293 3.75256074960189E-001 3.98400417880732E-001
45.0713069 3.73083779873678E-001 3.96043355039268E-001
45.1712846 3.70928493303165E-001 3.93705158956875E-001
45.2712662 3.68789966277884E-001 3.91385551263891E-001
45.3712441 3.66668196224771E-001 3.89084520994874E-001
45.4712259 3.64562857493886E-001 3.86801706928892E-001
45.5712040 3.62473948883034E-001 3.84537099819669E-001
45.6711822 3.60401229860827E-001 3.82290431052540E-001
45.7711643 3.58344464250969E-001 3.80061436934017E-001
45.8711426 3.56303652799750E-001 3.77850110663802E-001
45.9711248 3.54278485459598E-001 3.75656108787244E-001
46.0711034 3.52268964207123E-001 3.73479426050165E-001
46.1710820 3.50274860751303E-001 3.71319807858694E-001
46.2710644 3.48295950912606E-001 3.69177004257749E-001
46.3710432 3.46332238415276E-001 3.67051012191952E-001
46.4710259 3.44383427890293E-001 3.64941504894035E-001
46.5710048 3.42449524164663E-001 3.62848480697830E-001
46.6709838 3.40530310431661E-001 3.60771698142864E-001
46.7709667 3.38625573768694E-001 3.58710920144376E-001
46.8709459 3.36735320568098E-001 3.56666147010827E-001
46.9709290 3.34859269280073E-001 3.54637067660621E-001
47.0709083 3.32997427283923E-001 3.52623683649094E-001
47.1708877 3.31149588555512E-001 3.50625765827119E-001
47.2708710 3.29315550742488E-001 3.48643089176000E-001
47.3708506 3.27495322623963E-001 3.46675657022315E-001
47.4708341 3.25688635669368E-001 3.44723173039314E-001
47.5708138 3.23895499539638E-001 3.42785641671298E-001
47.6707936 3.22115718341467E-001 3.40862845318330E-001
47.7707773 3.20349099654831E-001 3.38954570282026E-001
47.8707573 3.18595654390165E-001 3.37060822593351E-001
47.9707411 3.16855126290793E-001 3.35181319814713E-001
48.0707212 3.15127527053476E-001 3.33316068977569E-001
48.1707014 3.13412670309883E-001 3.31464863323967E-001
48.2706855 3.11710372979275E-001 3.29627499783758E-001
48.3706658 3.10020647871389E-001 3.27803986807514E-001
48.4706500 3.08343250308481E-001 3.25994055041035E-001
48.5706305 3.06678193799876E-001 3.24197713828951E-001
48.6706110 3.05025300938596E-001 3.22414766598537E-001
48.7705955 3.03384397431428E-001 3.20645020265110E-001
48.8705762 3.01755497776651E-001 3.18888485440269E-001
48.9705608 3.00138368226968E-001 3.17144905102633E-001
49.0705416 2.98533023901447E-001 3.15414290661212E-001
49.1705225 2.96939295829743E-001 3.13696455118125E-001
49.2705073 2.95357017992432E-001 3.11991214776696E-001
49.3704883 2.93786206384855E-001 3.10298582174731E-001
49.4704733 2.92226637584607E-001 3.08618311923942E-001
49.5704545 2.90678328136223E-001 3.06950417271766E-001
49.6704357 2.89141117017127E-001 3.05294720227442E-001
49.7704208 2.87614846002991E-001 3.03651045926527E-001
49.8704022 2.86099532412254E-001 3.02019408619753E-001
49.9703875 2.84594962581506E-001 3.00399573899108E-001
50.0703690 2.83101154313327E-001 2.98791556645214E-001
50.1703506 2.81617954077111E-001 2.97195187345974E-001
50.2703361 2.80145210997270E-001 2.95610299451800E-001
50.3703178 2.78682943557279E-001 2.94036908732598E-001
50.4703034 2.77230947323513E-001 2.92474791151126E-001
50.5702853 2.75789241204487E-001 2.90923963034737E-001
50.6702672 2.74357678736291E-001 2.89384262857736E-001
50.7702530 2.72936115975576E-001 2.87855531903387E-001
50.8702350 2.71524572427241E-001 2.86337787284753E-001
50.9702209 2.70122852392204E-001 2.84830814765864E-001
51.0702031 2.68730975746713E-001 2.83334631951424E-001
51.1701853 2.67348802696487E-001 2.81849084843243E-001
51.2701714 2.65976195841496E-001 2.80374022108061E-001
51.3701538 2.64613175577604E-001 2.78909462042192E-001
51.4701400 2.63259554476481E-001 2.77455199678444E-001
51.5701225 2.61915353256563E-001 2.76011253744983E-001
51.6701050 2.60580438422214E-001 2.74577477343038E-001
51.7700914 2.59254678753308E-001 2.73153726103566E-001
51.8700741 2.57938095418167E-001 2.71740019360861E-001
51.9700606 2.56630508824593E-001 2.70336160918258E-001
52.0700434 2.55331940419183E-001 2.68942170487587E-001
52.1700263 2.54042262658084E-001 2.67557907869855E-001
52.2700130 2.52761350161271E-001 2.66183235268810E-001
52.3699959 2.51489224761896E-001 2.64818172924754E-001
52.4699827 2.50225714296339E-001 2.63462532945020E-001
52.5699658 2.48970840835801E-001 2.62116335898110E-001
52.6699489 2.47724482463710E-001 2.60779447911474E-001
52.7699359 2.46486519322189E-001 2.59451737395946E-001
52.8699192 2.45256973811504E-001 2.58133225377970E-001
52.9699063 2.44035680814183E-001 2.56823731831742E-001
53.0698897 2.42822662932025E-001 2.55523278067102E-001
53.1698731 2.41617803571932E-001 2.54231736188940E-001
53.2698603 2.40420988100494E-001 2.52948980473274E-001
53.3698439 2.39232239396396E-001 2.51675032623832E-001
53.4698313 2.38051399029229E-001 2.50409720071819E-001
53.5698149 2.36878490046076E-001 2.49153064763674E-001
53.6697986 2.35713400892714E-001 2.47904944455257E-001
53.7697861 2.34556021881311E-001 2.46665238967910E-001
53.8697699 2.33406376288493E-001 2.45433970583810E-001
53.9697576 2.32264312033543E-001 2.44210973806632E-001
54.0697415 2.31129852531433E-001 2.42996271124336E-001
54.1697254 2.30002891000044E-001 2.41789745638154E-001
54.2697133 2.28883322435665E-001 2.40591282415311E-001
54.3696973 2.27771170439884E-001 2.39400904226732E-001
54.4696852 2.26666288964505E-001 2.38218452287544E-001
54.5696694 2.25568701722216E-001 2.37043949540939E-001
54.6696536 2.24478306452777E-001 2.35877284147282E-001
54.7696417 2.23395002591348E-001 2.34718346139182E-001
54.8696260 2.22318813998326E-001 2.33567158694917E-001
54.9696142 2.21249600359679E-001 2.32423569401922E-001
55.0695986 2.20187385622221E-001 2.31287601580348E-001
55.1695831 2.19132071812748E-001 2.30159148181406E-001
55.2695714 2.18083562575094E-001 2.29038103940166E-001
55.3695560 2.17041881968548E-001 2.27924492368451E-001
55.4695444 2.16006895132406E-001 2.26818167107195E-001
55.5695291 2.14978626190024E-001 2.25719151782539E-001
55.6695138 2.13956981234698E-001 2.24627343884934E-001
55.7695023 2.12941867902742E-001 2.23542642605307E-001
55.8694872 2.11933310398099E-001 2.22465071722118E-001
55.9694758 2.10931179048904E-001 2.21394490629945E-001
56.0694607 2.09935498102952E-001 2.20330923196601E-001
56.1694457 2.08946177512808E-001 2.19274271215666E-001
56.2694345 2.07963128704108E-001 2.18224438102484E-001
56.3694196 2.06986375976394E-001 2.17181447841550E-001
56.4694085 2.06015794597402E-001 2.16145165298872E-001
56.5693936 2.05051408892256E-001 2.15115614525693E-001
56.6693788 2.04093132477963E-001 2.14092701397014E-001
56.7693678 2.03140880378451E-001 2.13076333335266E-001
56.8693531 2.02194676944544E-001 2.12066534476118E-001
56.9693423 2.01254402148575E-001 2.11063174891245E-001
57.0693276 2.00320080350451E-001 2.10066278762615E-001
57.1693130 1.99391628648342E-001 2.09075755838356E-001
57.2693023 1.98468965484748E-001 2.08091517343767E-001
57.3692878 1.97552115221781E-001 2.07113587516078E-001
57.4692772 1.96640962314658E-001 2.06141841382218E-001
57.5692628 1.95735531119699E-001 2.05176303207230E-001
57.6692484 1.94835742043715E-001 2.04216886416545E-001
57.7692379 1.93941516778616E-001 2.03263505846344E-001
57.8692236 1.93052879661738E-001 2.02316185790583E-001
57.9692132 1.92169719421917E-001 2.01374805995355E-001
58.0691990 1.91292060377303E-001 2.00439390765744E-001
58.1691849 1.90419826080888E-001 1.99509857020290E-001
58.2691746 1.89552941314654E-001 1.98586123025451E-001
58.3691605 1.88691430358709E-001 1.97668213091439E-001
58.4691503 1.87835186017864E-001 1.96756011460813E-001
58.5691363 1.86984232540996E-001 1.95849542439862E-001
58.6691224 1.86138496474190E-001 1.94948726266886E-001
58.7691123 1.85297905539352E-001 1.94053484468630E-001
58.8690985 1.84462483930198E-001 1.93163841335080E-001
58.9690885 1.83632128340753E-001 1.92279685395066E-001
59.0690747 1.82806862922689E-001 1.91401040921094E-001
59.1690610 1.81986617070853E-001 1.90527831307988E-001
59.2690511 1.81171321305516E-001 1.89659981182687E-001
59.3690374 1.80360999707832E-001 1.88797514782108E-001
59.4690277 1.79555552684477E-001 1.87940324722859E-001
59.5690141 1.78755004264878E-001 1.87088435212185E-001
59.6690006 1.77959286556507E-001 1.86241772647629E-001
59.7689909 1.77168332744454E-001 1.85400264605484E-001
59.8689774 1.76382166773889E-001 1.84563935240077E-001
59.9689678 1.75600692597125E-001 1.83732681068243E-001
60.0689545 1.74823934098949E-001 1.82906526203693E-001
60.1689411 1.74051825970978E-001 1.82085399901704E-001
60.2689316 1.73284303937077E-001 1.81269232545712E-001
60.3689184 1.72521391785511E-001 1.80458048180964E-001
60.4689090 1.71762996856175E-001 1.79651747047232E-001
60.5688958 1.71009142869236E-001 1.78850353139340E-001
60.6688827 1.70259766979134E-001 1.78053798433550E-001
60.7688734 1.69514807329492E-001 1.77262015986305E-001
60.8688603 1.68774287533036E-001 1.76475029710052E-001
60.9688511 1.68038118167586E-001 1.75692743399809E-001
61.0688381 1.67306322770910E-001 1.74915180908837E-001
61.1688251 1.66578840845670E-001 1.74142276805337E-001
61.2688160 1.65855612842790E-001 1.73373966692164E-001
61.3688031 1.65136662182916E-001 1.72610274327777E-001
61.4687941 1.64421902540020E-001 1.71851106903759E-001
61.5687813 1.63711357253712E-001 1.71096488111565E-001
61.6687685 1.63004968066543E-001 1.70346354989497E-001
61.7687596 1.62302677630459E-001 1.69600645567293E-001
61.8687469 1.61604509159377E-001 1.68859383430543E-001
61.9687381 1.60910379289060E-001 1.68122479017158E-001
62.0687254 1.60220311147033E-001 1.67389955838772E-001
62.1687128 1.59534248613305E-001 1.66661753288700E-001
62.2687041 1.58852136440321E-001 1.65937811710640E-001
62.3686916 1.58173997622371E-001 1.65218154500544E-001
62.4686829 1.57499751629605E-001 1.64502695200341E-001
62.5686704 1.56829421365213E-001 1.63791457125866E-001
62.6686580 1.56162952749753E-001 1.63084381916673E-001
62.7686494 1.55500292541061E-001 1.62381412123695E-001
62.8686371 1.54841463502492E-001 1.61682570938398E-001
62.9686286 1.54186387817716E-001 1.60987774871863E-001
63.0686163 1.53535088154873E-001 1.60297047030006E-001
63.1686040 1.52887512383340E-001 1.59610331195769E-001
63.2685918 1.52243633668540E-001 1.58927597995403E-001
63.3685872 1.51603376703674E-001 1.58248766677045E-001
63.4685751 1.50966812805974E-001 1.57573911956288E-001
63.5685630 1.50333866848898E-001 1.56902953291479E-001
63.6685509 1.49704512916473E-001 1.56235862330394E-001
63.7685388 1.49078725316589E-001 1.55572610969641E-001
63.8685344 1.48456431238784E-001 1.54913121184802E-001
63.9685224 1.47837700379045E-001 1.54257465984781E-001
64.0685105 1.47222460094250E-001 1.53605567540425E-001
64.1684986 1.46610685565362E-001 1.52957398718431E-001
64.2684867 1.46002352186146E-001 1.52312932621849E-001
64.3684824 1.45397389538590E-001 1.51672093838091E-001
64.4684706 1.44795865738491E-001 1.51034953712305E-001
64.5684588 1.44197710523123E-001 1.50401437013233E-001
64.6684470 1.43602900116368E-001 1.49771517765528E-001
64.7684353 1.43011410944474E-001 1.49145170218421E-001
64.8684312 1.42423174883151E-001 1.48522321461398E-001
64.9684195 1.41838258508116E-001 1.47903041217838E-001
65.0684079 1.41256593839119E-001 1.47287256745560E-001
65.1683963 1.40678158091973E-001 1.46674943169672E-001
65.2683847 1.40102928675006E-001 1.46066075828761E-001
65.3683808 1.39530839663793E-001 1.45460584210138E-001
65.4683692 1.38961956133131E-001 1.44858536456454E-001
65.5683578 1.38396212292142E-001 1.44259862211232E-001
65.6683463 1.37833586300421E-001 1.43664537645789E-001
65.7683349 1.37274056500771E-001 1.43072539134446E-001
65.8683311 1.36717559079371E-001 1.42483798463283E-001
65.9683197 1.36164157648314E-001 1.41898382234319E-001
66.0683084 1.35613788517532E-001 1.41316222378538E-001
66.1682971 1.35066430744911E-001 1.40737296062266E-001
66.2682858 1.34522063562755E-001 1.40161580644936E-001
66.3682821 1.33980625182918E-001 1.39589010117244E-001
66.4682709 1.33442177792067E-001 1.39019649579717E-001
66.5682597 1.32906659716670E-001 1.38453433157401E-001
66.6682485 1.32374050869909E-001 1.37890338963279E-001
66.7682374 1.31844331331078E-001 1.37330345294098E-001
66.8682339 1.31317441256866E-001 1.36773388255621E-001
66.9682228 1.30793441444871E-001 1.36219531485094E-001
67.0682118 1.30272272157861E-001 1.35668711212779E-001
67.1682007 1.29753914123670E-001 1.35120906452643E-001
67.2681897 1.29238348228378E-001 1.34576096393588E-001
67.3681864 1.28725516496533E-001 1.34034219171251E-001
67.4681754 1.28215478372109E-001 1.33495336996870E-001
67.5681645 1.27708175977758E-001 1.32959388121384E-001
67.6681536 1.27203590817516E-001 1.32426352416581E-001
67.7681428 1.26701704546225E-001 1.31896209920836E-001
67.8681396 1.26202460982962E-001 1.31368900718571E-001
67.9681288 1.25705918252615E-001 1.30844485631369E-001
68.0681180 1.25212020264921E-001 1.30322904850373E-001
68.1681072 1.24720749263732E-001 1.29804139064378E-001
68.2680965 1.24232087636668E-001 1.29288169120876E-001
68.3680934 1.23745980927452E-001 1.28774936975867E-001
68.4680827 1.23262485975542E-001 1.28264502096720E-001
68.5680721 1.22781548408369E-001 1.27756806538139E-001
68.6680615 1.22303151175159E-001 1.27251831767328E-001
68.7680509 1.21827277362243E-001 1.26749559402725E-001
68.8680479 1.21353874171367E-001 1.26249933198360E-001
68.9680374 1.20882997189342E-001 1.25753011301931E-001
69.0680269 1.20414593695129E-001 1.25258737558687E-001
69.1680164 1.19948647310713E-001 1.24767094177721E-001
69.2680059 1.19485141788872E-001 1.24278063512291E-001
69.3680031 1.19024025925838E-001 1.23791591044375E-001
69.4679927 1.18565354087702E-001 1.23307733635657E-001
69.5679823 1.18109075141841E-001 1.22826436852341E-001
69.6679719 1.17655173352104E-001 1.22347683610839E-001
69.7679615 1.17203633107148E-001 1.21871456965035E-001
69.8679589 1.16754404737069E-001 1.21397704058042E-001
69.9679486 1.16307541418326E-001 1.20926480498318E-001
70.0679383 1.15862993546493E-001 1.20457733506672E-001
70.1679281 1.15420745997998E-001 1.19991446674097E-001
70.2679178 1.14980783768408E-001 1.19527603722724E-001
70.3679153 1.14543058663826E-001 1.19066153393084E-001
70.4679051 1.14107622701346E-001 1.18607150072342E-001
70.5678949 1.13674427747247E-001 1.18150542572627E-001
70.6678848 1.13243459262781E-001 1.17696315128501E-001
70.7678747 1.12814702822959E-001 1.17244452099666E-001
70.8678723 1.12388111654645E-001 1.16794903763284E-001
70.9678622 1.11963736645030E-001 1.16347723316322E-001
71.0678522 1.11541531076207E-001 1.15902861101842E-001
71.1678422 1.11121480967921E-001 1.15460301968592E-001
71.2678322 1.10703572448576E-001 1.15020030884769E-001
71.3678299 1.10287760113039E-001 1.14581999606154E-001
71.4678200 1.09874093747265E-001 1.14146260169789E-001
71.5678100 1.09462527996727E-001 1.13712764392030E-001
71.6678002 1.09053049414685E-001 1.13281497707953E-001
71.7677903 1.08645644658219E-001 1.12852445666687E-001
71.8677881 1.08240269639787E-001 1.12425561447244E-001
71.9677783 1.07836973072013E-001 1.12000895956212E-001
72.0677685 1.07435710913635E-001 1.11578402428201E-001
72.1677587 1.07036470227728E-001 1.11158066858198E-001
72.2677489 1.06639238176589E-001 1.10739875350125E-001
72.3677468 1.06243971942082E-001 1.10323782453325E-001
72.4677371 1.05850719190648E-001 1.09909837972612E-001
72.5677275 1.05459437146396E-001 1.09497996508279E-001
72.6677178 1.05070113359707E-001 1.09088244590162E-001
72.7677082 1.04682735475820E-001 1.08680568852173E-001
72.8677062 1.04297261899942E-001 1.08274925163451E-001
72.9676966 1.03913739278742E-001 1.07871362254944E-001
73.0676870 1.03532126055896E-001 1.07469836042394E-001
73.1676774 1.03152410247718E-001 1.07070333566702E-001
73.2676679 1.02774579961238E-001 1.06672841968235E-001
73.3676660 1.02398594780938E-001 1.06277318387618E-001
73.4676565 1.02024500359419E-001 1.05883810509100E-001
73.5676471 1.01652256316105E-001 1.05492275515849E-001
73.6676376 1.01281851112941E-001 1.05102700937254E-001
73.7676282 1.00913273298648E-001 1.04715074397788E-001
73.8676264 1.00546483594827E-001 1.04329354263386E-001
73.9676171 1.00181526685007E-001 1.03945587198018E-001
74.0676077 9.98183633224389E-002 1.03563731606366E-001
74.1675984 9.94569823953993E-002 1.03183775484863E-001
74.2675890 9.90973728751988E-002 1.02805706920867E-001
74.3675874 9.87394965802091E-002 1.02429485461452E-001
74.4675781 9.83833972492068E-002 1.02055156776018E-001
74.5675688 9.80290367291366E-002 1.01682680446845E-001
74.6675596 9.76764043162631E-002 1.01312044917036E-001
74.7675504 9.73254893863254E-002 1.00943238716675E-001
74.8675488 9.69762548158389E-002 1.00576222531716E-001
74.9675396 9.66287434224792E-002 1.00211041062002E-001
75.0675305 9.62829181084609E-002 9.98476550253823E-002
75.1675213 9.59387685605906E-002 9.94860532922778E-002
75.2675122 9.55962845417645E-002 9.91262248163321E-002
75.3675108 9.52554299496480E-002 9.87681313819412E-002
75.4675017 9.49162467038219E-002 9.84118167437169E-002
75.5674926 9.45786987249663E-002 9.80572427148582E-002
75.6674836 9.42427760738349E-002 9.77043985746992E-002
75.7674746 9.39084688840497E-002 9.73532736822275E-002
75.8674732 9.35757420389862E-002 9.70038308815643E-002
75.9674642 9.32446365825069E-002 9.66561130057557E-002
76.0674553 9.29151174184945E-002 9.63100829248364E-002
76.1674463 9.25871749658583E-002 9.59657303095562E-002
76.2674374 9.22607997133099E-002 9.56230449069228E-002
76.3674361 9.19359574959728E-002 9.52819905837057E-002
76.4674273 9.16126885037540E-002 9.49426092744023E-002
76.5674184 9.12909585899435E-002 9.46048648689976E-002
76.6674096 9.09707585165741E-002 9.42687474130115E-002
76.7674007 9.06520791125626E-002 9.39342470249918E-002
76.8673996 9.03348871322241E-002 9.36013285588379E-002
76.9673908 9.00192219326775E-002 9.32700330728866E-002
77.0673820 8.97050502842193E-002 9.29403254417330E-002
77.1673732 8.93923632776933E-002 9.26121960698294E-002
77.2673645 8.90811520680474E-002 9.22856354315804E-002
77.3673634 8.87713842975721E-002 9.19606093339802E-002
77.4673547 8.84630985111831E-002 9.16371579809794E-002
77.5673461 8.81562623651127E-002 9.13152471979146E-002
77.6673374 8.78508672653832E-002 9.09948677330946E-002
77.7673288 8.75469046794731E-002 9.06760104018535E-002
77.8673278 8.72443431077052E-002 9.03586419316548E-002
77.9673192 8.69432203028141E-002 9.00428016932406E-002
78.0673106 8.66435047771612E-002 8.97284564302205E-002
78.1673020 8.63451882389594E-002 8.94155972204059E-002
78.2672935 8.60482624553545E-002 8.91042152058462E-002
78.3672925 8.57526967559731E-002 8.87942780031917E-002
78.4672840 8.54585281208406E-002 8.84858241705731E-002
78.5672755 8.51657258898474E-002 8.81788213387371E-002
78.6672671 8.48742820610187E-002 8.78732609013269E-002
78.7672586 8.45841886889073E-002 8.75691343135680E-002
78.8672578 8.42954159048720E-002 8.72664100512935E-002
78.9672493 8.40079999351680E-002 8.69651258800554E-002
79.0672409 8.37219109197623E-002 8.66652502878704E-002
79.1672325 8.34371411346923E-002 8.63667749711890E-002
79.2672242 8.31536829102296E-002 8.60696916855138E-002
79.3672234 8.28715071529963E-002 8.57739697370740E-002
79.4672151 8.25906493538964E-002 8.54796461183260E-002
79.5672068 8.23110804266172E-002 8.51866901458984E-002
79.6671985 8.20327929139555E-002 8.48950938066371E-002
79.7671902 8.17557794107555E-002 8.46048491440279E-002
79.8671895 8.14800115734845E-002 8.43159262670699E-002
79.9671813 8.12055241756109E-002 8.40283614140731E-002
80.0671730 8.09322888792293E-002 8.37421247027717E-002
80.1671648 8.06602984831629E-002 8.34572083985747E-002
80.2671566 8.03895458361954E-002 8.31736048212317E-002
80.3671560 8.01200033202243E-002 8.28912848559904E-002
80.4671478 7.98517050087075E-002 8.26102840054447E-002
80.5671397 7.95846232878306E-002 8.23305731620267E-002
80.6671315 7.93187512022022E-002 8.20521448584258E-002
80.7671234 7.90540818443994E-002 8.17749916794789E-002
80.8671229 7.87905882982918E-002 8.14990852612159E-002
80.9671148 7.85283039542757E-002 8.12244603884403E-002
81.0671067 7.82672018992616E-002 8.09510887029210E-002
81.1670987 7.80072754138691E-002 8.06789629938662E-002
81.2670906 7.77485178247857E-002 8.04080761005396E-002
81.3670902 7.74909028953075E-002 8.01384003852920E-002
81.4670822 7.72344633492553E-002 7.98699699325716E-002
81.5670742 7.69791729518057E-002 7.96027571091220E-002
81.6670662 7.67250252102585E-002 7.93367549504026E-002
81.7670583 7.64720136761665E-002 7.90719565399323E-002
81.8670579 7.62201127705783E-002 7.88083349428801E-002
81.9670500 7.59693545667761E-002 7.85459235602983E-002
82.0670421 7.57197134866102E-002 7.82846954604959E-002
82.1670342 7.54711832551502E-002 7.80246439153845E-002
82.2670263 7.52237576399849E-002 7.77657622430293E-002
82.3670260 7.49774116990747E-002 7.75080241888319E-002
82.4670182 7.47321768707628E-002 7.72514624869440E-002
82.5670103 7.44880282128083E-002 7.69960508847406E-002
82.6670025 7.42449596595391E-002 7.67417828812309E-002
82.7669947 7.40029651861471E-002 7.64886520197584E-002
82.8669945 7.37620204674575E-002 7.62366327042439E-002
82.9669867 7.35221563220513E-002 7.59857570179855E-002
83.0669790 7.32833484236211E-002 7.57359993657925E-002
83.1669712 7.30455909076217E-002 7.54873534648397E-002
83.2669635 7.28088779487894E-002 7.52398130748976E-002
83.3669634 7.25731858195281E-002 7.49933532375286E-002
83.4669556 7.23385447334206E-002 7.47480054007858E-002
83.5669479 7.21049309608737E-002 7.45037446061120E-002
83.6669403 7.18723388306976E-002 7.42605647803149E-002
83.7669326 7.16407627094713E-002 7.40184598911384E-002
83.8669326 7.14101794486174E-002 7.37774055977047E-002
83.9669249 7.11806186710847E-002 7.35374327280079E-002
84.0669173 7.09520572254968E-002 7.32985169401141E-002
84.1669097 7.07244896265904E-002 7.30606523623131E-002
84.2669021 7.04979104254243E-002 7.28238331622441E-002
84.3669022 7.02722970345740E-002 7.25880355972698E-002
84.4668946 7.00476785003304E-002 7.23532898900986E-002
84.5668870 6.98240322317270E-002 7.21195722961676E-002
84.6668795 6.96013529223230E-002 7.18868771374584E-002
84.7668720 6.93796353006168E-002 7.16551987737859E-002
84.8668721 6.91588573231353E-002 7.14245140421621E-002
84.9668646 6.89390474731099E-002 7.11948525743819E-002
85.0668571 6.87201837028377E-002 7.09661912047256E-002
85.1668496 6.85022608779063E-002 7.07385244414202E-002
85.2668422 6.82852738975197E-002 7.05118468290759E-002
85.3668424 6.80692012455897E-002 7.02861357664584E-002
85.4668349 6.78540708555208E-002 7.00614203084342E-002
85.5668275 6.76398612063588E-002 6.98376778502902E-002
85.6668201 6.74265673292205E-002 6.96149030793782E-002
85.7668127 6.72141842875724E-002 6.93930907180478E-002
85.8668130 6.70026910767531E-002 6.91722187095884E-002
85.9668056 6.67921150932168E-002 6.89523155455446E-002
86.0667983 6.65824353268487E-002 6.87333591650359E-002
86.1667909 6.63736469680744E-002 6.85153444277295E-002
86.2667836 6.61657452384580E-002 6.82982662269643E-002
86.3667839 6.59587096293883E-002 6.80821030339610E-002
86.4667766 6.57525670129009E-002 6.78668827901827E-002
86.5667694 6.55472968743895E-002 6.76525839620405E-002
86.6667621 6.53428945576352E-002 6.74392015750026E-002
86.7667548 6.51393554363983E-002 6.72267306869402E-002
86.8667552 6.49366594832989E-002 6.70151502810214E-002
86.9667480 6.47348330581497E-002 6.68044877615126E-002
87.0667408 6.45338561270766E-002 6.65947221061816E-002
87.1667336 6.43337241815170E-002 6.63858485000640E-002
87.2667264 6.41344327417770E-002 6.61778621593843E-002
87.3667268 6.39359622474221E-002 6.59707425638578E-002
87.4667197 6.37383385579136E-002 6.57645165930933E-002
87.5667125 6.35415421058634E-002 6.55591637208606E-002
87.6667054 6.33455685249077E-002 6.53546792857965E-002
87.7666983 6.31504134764870E-002 6.51510586565644E-002
87.8666988 6.29560578533388E-002 6.49482817945850E-002
87.9666917 6.27625270261263E-002 6.47463750670128E-002
88.0666846 6.25698018802118E-002 6.45453184288208E-002
88.1666775 6.23778781862016E-002 6.43451073665353E-002
88.2666705 6.21867517414882E-002 6.41457373955960E-002
88.3666710 6.19964038786962E-002 6.39471889448220E-002
88.4666640 6.18068594909387E-002 6.37494878807911E-002
88.5666570 6.16180999030789E-002 6.35526146254131E-002
88.6666500 6.14301210176850E-002 6.33565648076338E-002
88.7666429 6.12429187631351E-002 6.31613340842468E-002
88.8666436 6.10564748991264E-002 6.29669033376750E-002
88.9666366 6.08708138521713E-002 6.27732979454811E-002
89.0666296 6.06859173738521E-002 6.25804987827542E-002
89.1666227 6.05017814938993E-002 6.23885016156211E-002
89.2666157 6.03184022669175E-002 6.21973022370355E-002
89.3666164 6.01357618673118E-002 6.20068819697198E-002
89.4666095 5.99538842656541E-002 6.18172657134762E-002
89.5666026 5.97727516279121E-002 6.16284347833047E-002
89.6665957 5.95923601063782E-002 6.14403850774941E-002
89.7665889 5.94127058773214E-002 6.12531125201815E-002
89.8665896 5.92337715179222E-002 6.10665988615563E-002
89.9665828 5.90555805531908E-002 6.08808685346156E-002
90.0665759 5.88781155515768E-002 6.06959032814706E-002
90.1665691 5.87013727835234E-002 6.05116991277623E-002
90.2665622 5.85253485425903E-002 6.03282521240425E-002
90.3665631 5.83500257972150E-002 6.01455444355855E-002
90.4665563 5.81754276369519E-002 5.99636000392497E-002
90.5665495 5.80015370212411E-002 5.97824010919064E-002
90.6665427 5.78283503344471E-002 5.96019437419392E-002
90.7665359 5.76558639832257E-002 5.94222241617432E-002
90.8665368 5.74840613161503E-002 5.92432249197283E-002
90.9665301 5.73129649971606E-002 5.90649695469994E-002
91.0665233 5.71425583655913E-002 5.88874406032676E-002
91.1665166 5.69728379156713E-002 5.87106343552393E-002
91.2665099 5.68038001631295E-002 5.85345470927707E-002
91.3665108 5.66354288259347E-002 5.83591617758726E-002
91.4665041 5.64677461519961E-002 5.81845015000086E-002
91.5664975 5.63007358498271E-002 5.80105492162224E-002
91.6664908 5.61343945196288E-002 5.78373013053053E-002
91.7664842 5.59687187823428E-002 5.76647541703719E-002
91.8664851 5.58036927149603E-002 5.74928911518975E-002
91.9664785 5.56393381586932E-002 5.73217349195512E-002
92.0664719 5.54756391808824E-002 5.71512688045989E-002
92.1664653 5.53125924839664E-002 5.69814892978518E-002
92.2664587 5.51501947903953E-002 5.68123929116515E-002
92.3664597 5.49884305261605E-002 5.66439633561841E-002
92.4664531 5.48273211348676E-002 5.64762228849133E-002
92.5664466 5.46668510326842E-002 5.63091551985970E-002
92.6664400 5.45070170207010E-002 5.61427568941667E-002
92.7664335 5.43478159193215E-002 5.59770245893236E-002
92.8664346 5.41892324938525E-002 5.58119423535771E-002
92.9664281 5.40312877991490E-002 5.56475320335249E-002
93.0664215 5.38739665905400E-002 5.54837776890520E-002
93.1664150 5.37172657643274E-002 5.53206760194682E-002
93.2664086 5.35611822354546E-002 5.51582237441232E-002
93.3664097 5.34057010991836E-002 5.49964052818144E-002
93.4664032 5.32508430302454E-002 5.48352420813700E-002
93.5663968 5.30965931137883E-002 5.46747185517877E-002
93.6663903 5.29429483380213E-002 5.45148314911647E-002
93.7663839 5.27899057091499E-002 5.43555777169366E-002
93.8663851 5.26374506433429E-002 5.41969419874921E-002
93.9663787 5.24856034436112E-002 5.40389453627505E-002
94.0663723 5.23343495158911E-002 5.38815725911452E-002
94.1663659 5.21836859371253E-002 5.37248205661125E-002
94.2663595 5.20336098016332E-002 5.35686861997547E-002
94.3663607 5.18841068377415E-002 5.34131545806799E-002
94.4663544 5.17351969849290E-002 5.32582463885296E-002
94.5663480 5.15868659611870E-002 5.31039467018193E-002
94.6663417 5.14391109291437E-002 5.29502525060144E-002
94.7663353 5.12919290682081E-002 5.27971608046002E-002
94.8663366 5.11453064104039E-002 5.26446570073441E-002
94.9663303 5.09992625396558E-002 5.24927614220190E-002
95.0663240 5.08537834775645E-002 5.23414594481800E-002
95.1663177 5.07088664695140E-002 5.21907481601422E-002
95.2663114 5.05645087770979E-002 5.20406246496202E-002
95.3663128 5.04206967278522E-002 5.18910746387813E-002
95.4663065 5.02774495579223E-002 5.17421180717222E-002
95.5663002 5.01347535843479E-002 5.15937406602941E-002
95.6662940 4.99926061324544E-002 5.14459395646080E-002
95.7662878 4.98510045432270E-002 5.12987119615783E-002
95.8662892 4.97099354317967E-002 5.11520438773009E-002
95.9662829 4.95694176941056E-002 5.10059549001792E-002
96.0662767 4.94294379347278E-002 5.08604310459041E-002
96.1662705 4.92899935562245E-002 5.07154695574487E-002
96.2662643 4.91510819762885E-002 5.05710676940160E-002
96.3662658 4.90126900899840E-002 5.04272117774372E-002
96.4662596 4.88748364604336E-002 5.02839210482003E-002
96.5662535 4.87375079720965E-002 5.01411818176571E-002
96.6662473 4.86007021021687E-002 4.99989914088225E-002
96.7662412 4.84644163424698E-002 4.98573471603912E-002
96.8662427 4.83286378605821E-002 4.97162356820019E-002
96.9662365 4.81933848940058E-002 4.95756758738088E-002
97.0662304 4.80586445996814E-002 4.94356543349098E-002
97.1662243 4.79244145269387E-002 4.92961684656519E-002
97.2662182 4.77906922392423E-002 4.91572156815324E-002
97.3662198 4.76574651695148E-002 4.90187828723275E-002
97.4662137 4.75247512366493E-002 4.88808886052451E-002
97.5662076 4.73925378629003E-002 4.87435197594711E-002
97.6662016 4.72608226673259E-002 4.86066738100794E-002
97.7661955 4.71296032826490E-002 4.84703482467847E-002
97.8661971 4.69988674001830E-002 4.83345302320773E-002
97.9661911 4.68686326270526E-002 4.81992380074194E-002
98.0661851 4.67388866438866E-002 4.80644587246733E-002
98.1661791 4.66096271371576E-002 4.79301899311339E-002
98.2661730 4.64808518065509E-002 4.77964291882481E-002
98.3661747 4.63525485950405E-002 4.76631639240338E-002
98.4661687 4.62247348046504E-002 4.75304120612272E-002
98.5661627 4.60973983676632E-002 4.73981610171915E-002
98.6661568 4.59705370357396E-002 4.72664084090333E-002
98.7661508 4.58441485733182E-002 4.71351518675408E-002
98.8661525 4.57182211685155E-002 4.70043790793023E-002
98.9661465 4.55927718247554E-002 4.68741076551707E-002
99.0661406 4.54677887194650E-002 4.67443252710625E-002
99.1661347 4.53432696673508E-002 4.66150296115786E-002
99.2661288 4.52192124954783E-002 4.64862183745486E-002
99.3661305 4.50956056307930E-002 4.63578794983942E-002
99.4661246 4.49724657844570E-002 4.62300302887556E-002
99.5661187 4.48497813727358E-002 4.61026586733752E-002
99.6661128 4.47275502713196E-002 4.59757624021184E-002
99.7661070 4.46057703678549E-002 4.58493392376431E-002
99.8661087 4.44844303219980E-002 4.57233773636796E-002
99.9661029 4.43635465588308E-002 4.55978937871598E-002
100.0660970 4.42431077273468E-002 4.54728766811351E-002
100.1660912 4.41231117622351E-002 4.53483238585897E-002
100.2660854 4.40035566097528E-002 4.52242331448808E-002
100.3660872 4.38844311563391E-002 4.51005929627263E-002
100.4660814 4.37657515470234E-002 4.49774200266915E-002
100.5660756 4.36475066576062E-002 4.48547027488247E-002
100.6660698 4.35296944798640E-002 4.47324390031633E-002
100.7660640 4.34123130167677E-002 4.46106266757142E-002
100.8660658 4.32953513757935E-002 4.44892544220590E-002
100.9660601 4.31788254277976E-002 4.43683386705809E-002
101.0660543 4.30627242696481E-002 4.42478680662083E-002
101.1660486 4.29470459483683E-002 4.41278405420440E-002
101.2660428 4.28317885218160E-002 4.40082540427714E-002
101.3660447 4.27169413129345E-002 4.38890974509013E-002
101.4660390 4.26025199241415E-002 4.37703869146660E-002
101.5660333 4.24885136678087E-002 4.36521113059470E-002
101.6660275 4.23749206444334E-002 4.35342686149978E-002
101.7660218 4.22617389650005E-002 4.34168568432786E-002
101.8660238 4.21489581625201E-002 4.32998650944779E-002
101.9660181 4.20365935765655E-002 4.31833092425594E-002
102.0660124 4.19246347296171E-002 4.30671783806124E-002
102.1660067 4.18130797739382E-002 4.29514705541978E-002
102.2660011 4.17019268719457E-002 4.28361838197229E-002
102.3660031 4.15911657614796E-002 4.27213074964784E-002
102.4659974 4.14808115247260E-002 4.26068571898972E-002
102.5659918 4.13708538890426E-002 4.24928222087066E-002
102.6659861 4.12612910568129E-002 4.23792006519995E-002
102.7659805 4.11521212402520E-002 4.22659906293680E-002
102.8659825 4.10433343769512E-002 4.21531816702995E-002
102.9659769 4.09349452970336E-002 4.20407891172926E-002
103.0659713 4.08269439276597E-002 4.19288024893128E-002
103.1659657 4.07193285197474E-002 4.18172199372746E-002
103.2659601 4.06120973337358E-002 4.17060396222569E-002
103.3659622 4.05052405020406E-002 4.15952512787018E-002
103.4659566 4.03987726079169E-002 4.14848699916340E-002
103.5659511 4.02926837734055E-002 4.13748854850203E-002
103.6659455 4.01869722964300E-002 4.12652959599485E-002
103.7659400 4.00816364841362E-002 4.11560996273486E-002
103.8659421 3.99766666589841E-002 4.10472864215338E-002
103.9659365 3.98720771624297E-002 4.09388711753813E-002
104.0659310 3.97678583066190E-002 4.08308438127806E-002
104.1659255 3.96640084350073E-002 4.07232025834044E-002
104.2659200 3.95605258999835E-002 4.06159457464571E-002
104.3659221 3.94574012094145E-002 4.05090634311914E-002
104.4659166 3.93546484679040E-002 4.04025702235350E-002
104.5659112 3.92522581730683E-002 4.02964562423725E-002
104.6659057 3.91502287124734E-002 4.01907197844311E-002
104.7659002 3.90485584823413E-002 4.00853591556697E-002
104.8659024 3.89472381714438E-002 3.99803646754963E-002
104.9658969 3.88462816523605E-002 3.98757506879605E-002
105.0658915 3.87456796036801E-002 3.97715075021622E-002
105.1658860 3.86454304557091E-002 3.96676334604069E-002
105.2658806 3.85455326471417E-002 3.95641269139429E-002
105.3658828 3.84459770432858E-002 3.94609783676913E-002
105.4658774 3.83467772894087E-002 3.93582019287729E-002
105.5658720 3.82479242407056E-002 3.92557880918640E-002
105.6658666 3.81494163689016E-002 3.91537352434254E-002
105.7658612 3.80512521538512E-002 3.90520417785826E-002
105.8658634 3.79534226331563E-002 3.89506983832640E-002
105.9658580 3.78559412293719E-002 3.88497189324919E-002
106.0658527 3.77587989700606E-002 3.87490941020170E-002
106.1658473 3.76619943670913E-002 3.86488223210834E-002
106.2658419 3.75655259402123E-002 3.85489020273311E-002
106.3658442 3.74693848952017E-002 3.84493240833229E-002
106.4658389 3.73735844363917E-002 3.83501021366970E-002
106.5658335 3.72781157595970E-002 3.82512270399087E-002
106.6658282 3.71829774155995E-002 3.81526972636614E-002
106.7658229 3.70881679628203E-002 3.80545112867958E-002
106.8658252 3.69936787712137E-002 3.79566601442638E-002
106.9658199 3.68995228312732E-002 3.78591572609211E-002
107.0658146 3.68056915030680E-002 3.77619936616852E-002
107.1658093 3.67121833751062E-002 3.76651678574421E-002
107.2658040 3.66189970433024E-002 3.75686783669653E-002
107.3658063 3.65261240379033E-002 3.74725163934737E-002
107.4658011 3.64335771398428E-002 3.73766951435329E-002
107.5657958 3.63413478695629E-002 3.72812058104030E-002
107.6657905 3.62494348521517E-002 3.71860469439209E-002
107.7657853 3.61578367198796E-002 3.70912171015695E-002
107.8657877 3.60665451595124E-002 3.69967076508322E-002
107.9657824 3.59755727466033E-002 3.69025315843698E-002
108.0657772 3.58849111581956E-002 3.68086802597846E-002
108.1657720 3.57945590548515E-002 3.67151522646755E-002
108.2657667 3.57045151040987E-002 3.66219461940546E-002
108.3657692 3.56147711455561E-002 3.65290535757819E-002
108.4657639 3.55253395534771E-002 3.64364871928952E-002
108.5657587 3.54362121578419E-002 3.63442385634536E-002
108.6657536 3.53473876536190E-002 3.62523063116705E-002
108.7657484 3.52588647425328E-002 3.61606890689479E-002
108.8657508 3.51706354134933E-002 3.60693785197460E-002
108.9657456 3.50827118434392E-002 3.59783872416604E-002
109.0657405 3.49950860117272E-002 3.58877069094325E-002
