0.0053140 4.15181509363984E+000 1.95414059874246E+003
0.0210792 1.60301671044387E+001 1.91620162948927E+003
0.0467942 3.40665771618697E+001 1.85644729942369E+003
0.0817065 5.61114905258881E+001 1.77932193765659E+003
0.1249105 7.99135138984171E+001 1.68981251329727E+003
0.1754417 1.03501719672906E+002 1.59274523748946E+003
0.2323515 1.25393429946888E+002 1.49231496343316E+003
0.2947571 1.44638590633128E+002 1.39186540421668E+003
0.3618673 1.60756812548654E+002 1.29386501114879E+003
0.4329916 1.73627239496997E+002 1.19999894470768E+003
0.5075377 1.83373263217691E+002 1.11131274204112E+003
0.5850032 1.90264442759181E+002 1.02836257502384E+003
0.6649650 1.94642687383436E+002 9.51350123958961E+002
0.7470680 1.96871755796601E+002 8.80232342927426E+002
0.8310139 1.97305560118087E+002 8.14806783083404E+002
0.9165527 1.96270324957496E+002 7.54773666734058E+002
1.0034738 1.94056098309613E+002 6.99780372760802E+002
1.0915995 1.90914248551198E+002 6.49452035605301E+002
1.1807797 1.87058488397125E+002 6.03411619153393E+002
1.2708868 1.82667851327279E+002 5.61293231606744E+002
1.3618115 1.77890504063984E+002 5.22749719074002E+002
1.4534610 1.72847771453735E+002 4.87456758377590E+002
1.5457546 1.67638118418954E+002 4.55115203235379E+002
1.6386236 1.62340653291789E+002 4.25450774541297E+002
1.7320075 1.57018414984025E+002 3.98214013844258E+002
1.8258543 1.51721051662865E+002 3.73178519634757E+002
1.9201186 1.46487221082438E+002 3.50139611901891E+002
2.0147601 1.41346621587947E+002 3.28912760228685E+002
2.1097440 1.36321573678015E+002 3.09331470183327E+002
2.2050388 1.31428504698118E+002 2.91245995310578E+002
2.3006174 1.26679011337941E+002 2.74521393498707E+002
2.3964555 1.22080841851715E+002 2.59036185931376E+002
2.4925310 1.17638702966292E+002 2.44681078783961E+002
2.5888248 1.13354818893371E+002 2.31357460283280E+002
2.6853193 1.09229534353761E+002 2.18976544293490E+002
2.7819988 1.05261664329121E+002 2.07458123870759E+002
2.8788497 1.01448869442521E+002 1.96729763454535E+002
2.9758588 9.77879596094536E+001 1.86726050596911E+002
3.0730149 9.42750560795288E+001 1.77387693240496E+002
3.1703074 9.09058424444160E+001 1.68661062327550E+002
3.2677268 8.76756505755994E+001 1.60497454014287E+002
3.3652646 8.45796107592033E+001 1.52852665650263E+002
3.4629133 8.16127217964727E+001 1.45686481620119E+002
3.5606650 7.87699800757584E+001 1.38962399899471E+002
3.6585133 7.60463520402370E+001 1.32647064035824E+002
3.7564523 7.34368758451586E+001 1.26710078180538E+002
3.8544764 7.09366809731842E+001 1.21123683134136E+002
3.9525810 6.85410026863950E+001 1.15862474384223E+002
4.0507604 6.62452460407718E+001 1.10903270808259E+002
4.1490108 6.40449307163410E+001 1.06224758635636E+002
4.2473280 6.19357461211858E+001 1.01807409174751E+002
4.3457083 5.99135451473804E+001 9.76332881360731E+001
4.4441489 5.79743377517938E+001 9.36858895421453E+001
4.5426454 5.61143279827583E+001 8.99500772945618E+001
4.6411954 5.43298572472836E+001 8.64118531836145E+001
4.7397961 5.26174390682911E+001 8.30583259976407E+001
4.8384450 5.09737460320687E+001 7.98775956784432E+001
4.9371399 4.93955980546293E+001 7.68586523236336E+001
5.0358779 4.78799872673255E+001 7.39913545181638E+001
5.1346571 4.64240276140286E+001 7.12662721541436E+001
5.2334756 4.50249797352862E+001 6.86746806343310E+001
5.3323316 4.36802376464031E+001 6.62084880871254E+001
5.4312238 4.23873170030323E+001 6.38601718732418E+001
5.5301496 4.11438738444649E+001 6.16227751304801E+001
5.6291079 3.99476620238175E+001 5.94897963457149E+001
5.7280973 3.87965526182660E+001 5.74551953185828E+001
5.8271164 3.76885223005864E+001 5.55133458888435E+001
5.9261644 3.66216431693822E+001 5.36589946915659E+001
6.0252392 3.55940979024679E+001 5.18872663845218E+001
6.1243401 3.46041444378573E+001 5.01935835097425E+001
6.2234659 3.36501318958482E+001 4.85736774812190E+001
6.3226158 3.27304909809793E+001 4.70235568933100E+001
6.4217891 3.18437256143064E+001 4.55394798750684E+001
6.5209840 3.09884256707824E+001 4.41179631019996E+001
6.6202001 3.01632377937239E+001 4.27557219648535E+001
6.7194366 2.93668788206231E+001 4.14496832096442E+001
6.8186927 2.85981280241631E+001 4.01969630495888E+001
6.9179682 2.78558203575248E+001 3.89948480789926E+001
7.0172613 2.71388573798577E+001 3.78408055681902E+001
7.1165720 2.64461830840304E+001 3.67324376823957E+001
7.2158999 2.57767922505858E+001 3.56674891495791E+001
7.3152432 2.51297398985680E+001 3.46438566092278E+001
7.4146030 2.45041044781470E+001 3.36595252880469E+001
7.5139770 2.38990315581059E+001 3.27126335361962E+001
7.6133666 2.33136838243415E+001 3.18013900134643E+001
7.7127702 2.27472798575868E+001 3.09241307430156E+001
7.8121865 2.21990740151508E+001 3.00792840277678E+001
7.9116168 2.16683396758582E+001 2.92653416874332E+001
8.0110589 2.11544036412923E+001 2.84809091158955E+001
8.1105143 2.06566039309774E+001 2.77246379177088E+001
8.2099815 2.01743229042829E+001 2.69952741556761E+001
8.3094593 1.97069703872163E+001 2.62916302678925E+001
8.4089492 1.92539695470674E+001 2.56125619238920E+001
8.5084489 1.88147864080188E+001 2.49570105384143E+001
8.6079599 1.83888939965846E+001 2.43239478080287E+001
8.7074812 1.79758007917979E+001 2.37124166801608E+001
8.8070112 1.75750364757066E+001 2.31215085432453E+001
8.9065517 1.71861399437186E+001 2.25503443273732E+001
9.0061006 1.68086847615801E+001 2.19981107608733E+001
9.1056593 1.64422485154159E+001 2.14640142165825E+001
9.2052267 1.60864373754352E+001 2.09473156590263E+001
9.3048016 1.57408739806364E+001 2.04473118800195E+001
9.4043856 1.54051871942253E+001 1.99633198667807E+001
9.5039766 1.50790341671381E+001 1.94947078605706E+001
9.6035763 1.47620739818185E+001 1.90408565866417E+001
9.7031836 1.44539889625936E+001 1.86011892059363E+001
9.8027972 1.41544743082217E+001 1.81751557050844E+001
9.9024188 1.38632292829271E+001 1.77622198221651E+001
10.0020464 1.35799764263206E+001 1.73618857747930E+001
10.1016817 1.33044387627655E+001 1.69736654178020E+001
10.2013235 1.30363583731469E+001 1.65971040356704E+001
10.3009707 1.27754874688674E+001 1.62317672277662E+001
10.4006251 1.25215807721900E+001 1.58772298658076E+001
10.5002846 1.22744123138912E+001 1.55330992006195E+001
10.5999509 1.20337556224990E+001 1.51989868304972E+001
10.6996230 1.17993999787682E+001 1.48745310159408E+001
10.7992996 1.15711426866695E+001 1.45593855641386E+001
10.8989827 1.13487824457886E+001 1.42532104214687E+001
10.9986702 1.11321340997592E+001 1.39556917393486E+001
11.0983637 1.09210113311472E+001 1.36665177848123E+001
11.1980623 1.07152409455628E+001 1.33853983343087E+001
11.2977649 1.05146561432961E+001 1.31120551783984E+001
11.3974732 1.03190907247281E+001 1.28462140453616E+001
11.4971853 1.01283920898632E+001 1.25876221022903E+001
11.5969029 9.94240605238775E+000 1.23360271246044E+001
11.6966250 9.76098944066685E+000 1.20911944251772E+001
11.7963505 9.58400421122190E+000 1.18528986855800E+001
11.8960812 9.41131235802082E+000 1.16209169745671E+001
11.9958151 9.24278741282248E+000 1.13950440763069E+001
12.0955540 9.07830106143170E+000 1.11750743754720E+001
12.1952970 8.91773430063053E+000 1.09608166970472E+001
12.2950428 8.76097226417057E+000 1.07520872337333E+001
12.3947934 8.60789973036822E+000 1.05487034733403E+001
12.4945468 8.45841133189811E+000 1.03504976779465E+001
12.5943047 8.31239971266226E+000 1.01573010482346E+001
12.6940662 8.16976544055060E+000 9.96895678409088E+000
12.7938302 8.03041243992142E+000 9.78531392536628E+000
12.8935986 7.89424401060444E+000 9.60622204007807E+000
12.9933693 7.76117192226809E+000 9.43154312312337E+000
13.0931443 7.63110589475407E+000 9.26113768637290E+000
13.1929224 7.50396243459237E+000 9.09487629739267E+000
13.2927027 7.37966078648232E+000 8.93263418702833E+000
13.3924871 7.25811939171810E+000 8.77428657923685E+000
13.4922734 7.13926401477301E+000 8.61971923317320E+000
13.5920637 7.02301836582134E+000 8.46881617033625E+000
13.6918568 6.90931200269679E+000 8.32146990591035E+000
13.7916517 6.79807672873984E+000 8.17757670460696E+000
13.8914504 6.68924343064706E+000 8.03703245531397E+000
13.9912508 6.58274936227291E+000 7.89974204384931E+000
14.0910548 6.47852975719606E+000 7.76560847960488E+000
14.1908615 6.37652491617804E+000 7.63454199909910E+000
14.2906697 6.27667699072151E+000 7.50645587332085E+000
14.3904813 6.17892715004454E+000 7.38126274787390E+000
14.4902944 6.08322212836136E+000 7.25888300380424E+000
14.5901109 5.98950669915402E+000 7.13923508693081E+000
14.6899298 5.89773005027215E+000 7.02224363463807E+000
14.7897500 5.80784290226913E+000 6.90783575514613E+000
14.8895734 5.71979496210306E+000 6.79593776764819E+000
14.9893980 5.63354082458128E+000 6.68648268406194E+000
15.0892259 5.54903319955701E+000 6.57940157695340E+000
15.1890558 5.46622866190763E+000 6.47463085712597E+000
15.2888878 5.38508429558890E+000 6.37210799169225E+000
15.3887200 5.30555997930070E+000 6.27177437238317E+000
15.4885562 5.22761230497644E+000 6.17356762561424E+000
15.5883943 5.15120363421433E+000 6.07743301971974E+000
15.6882343 5.07629595932538E+000 5.98331569920976E+000
15.7880763 5.00285239542481E+000 5.89116255179810E+000
15.8879183 4.93083850213089E+000 5.80092384714713E+000
15.9877640 4.86021677961384E+000 5.71254632691272E+000
16.0876115 4.79095487351131E+000 5.62598347126693E+000
16.1874608 4.72302001998094E+000 5.54118852203332E+000
16.2873119 4.65638039991364E+000 5.45811616757665E+000
16.3871628 4.59100634238011E+000 5.37672402738479E+000
16.4870172 4.52686533069198E+000 5.29696642438788E+000
16.5868734 4.46392945385723E+000 5.21880365052249E+000
16.6867312 4.40217036725777E+000 5.14219567985333E+000
16.7865905 4.34156052442995E+000 5.06710369275915E+000
16.8864496 4.28207427505484E+000 4.99349142376759E+000
16.9863121 4.22368332280108E+000 4.92131953292949E+000
17.0861762 4.16636350814441E+000 4.85055399011006E+000
17.1860417 4.11009022572651E+000 4.78116039386246E+000
17.2859087 4.05483954714680E+000 4.71310535345049E+000
17.3857753 4.00058922469832E+000 4.64635771511540E+000
17.4856452 3.94731455060652E+000 4.58088346130152E+000
17.5855166 3.89499454483562E+000 4.51665331656923E+000
17.6853893 3.84360777813105E+000 4.45363760014722E+000
17.7852633 3.79313339755541E+000 4.39180748187025E+000
17.8851368 3.74355204579754E+000 4.33113610013077E+000
17.9850136 3.69484207805563E+000 4.27159392777226E+000
18.0848916 3.64698521893541E+000 4.21315568840909E+000
18.1847709 3.59996274689791E+000 4.15579568072907E+000
18.2846515 3.55375643280551E+000 4.09948892232372E+000
18.3845314 3.50834938344547E+000 4.04421217091939E+000
18.4844144 3.46372257793840E+000 3.98993970415230E+000
18.5842986 3.41986004971737E+000 3.93664962317606E+000
18.6841841 3.37674539380797E+000 3.88431959528896E+000
18.7840706 3.33436262738929E+000 3.83292789784004E+000
18.8839565 3.29269696514722E+000 3.78245435290389E+000
18.9838453 3.25173164189002E+000 3.73287647522351E+000
19.0837353 3.21145266865340E+000 3.68417522990174E+000
19.1836263 3.17184562910210E+000 3.63633114708949E+000
19.2835185 3.13289647002465E+000 3.58932527661339E+000
19.3834098 3.09459221524166E+000 3.54314004502402E+000
19.4833041 3.05691804521762E+000 3.49775573197398E+000
19.5831994 3.01986167037553E+000 3.45315574021569E+000
19.6830957 2.98341038706905E+000 3.40932304214410E+000
19.7829930 2.94755180499101E+000 3.36624105447235E+000
19.8828894 2.91227450558937E+000 3.32389442551502E+000
19.9827887 2.87756535299007E+000 3.28226580534994E+000
20.0826889 2.84341352247123E+000 3.24134067902787E+000
20.1825901 2.80980779002554E+000 3.20110410990903E+000
20.2824922 2.77673720284974E+000 3.16154154257726E+000
20.3823934 2.74419168754801E+000 3.12263952729485E+000
20.4822973 2.71215956971799E+000 3.08438275362950E+000
20.5822022 2.68063129109995E+000 3.04675849151615E+000
20.6821079 2.64959690982454E+000 3.00975360071460E+000
20.7820145 2.61904671944490E+000 2.97335526917296E+000
20.8819201 2.58897181162015E+000 2.93755168078748E+000
20.9818284 2.55936178434131E+000 2.90232928588521E+000
21.0817375 2.53020817742905E+000 2.86767688939537E+000
21.1816475 2.50150216321924E+000 2.83358289951137E+000
21.2815583 2.47323511898523E+000 2.80003600786706E+000
21.3814680 2.44539914828105E+000 2.76702580603639E+000
21.4813803 2.41798496005886E+000 2.73454026944900E+000
21.5812935 2.39098504885107E+000 2.70256952728869E+000
21.6812074 2.36439155794946E+000 2.67110332667007E+000
21.7811221 2.33819680952940E+000 2.64013166025644E+000
21.8810357 2.31239378838271E+000 2.60964533632511E+000
21.9809519 2.28697417615609E+000 2.57963365544049E+000
22.0808688 2.26193129964576E+000 2.55008789268558E+000
22.1807864 2.23725815052782E+000 2.52099895644513E+000
22.2807048 2.21294787702792E+000 2.49235796845533E+000
22.3806219 2.18899423337885E+000 2.46415679172900E+000
22.4805416 2.16538975513399E+000 2.43638588168663E+000
22.5804621 2.14212849646236E+000 2.40903750784828E+000
22.6803832 2.11920419223354E+000 2.38210358872051E+000
22.7803050 2.09661071466559E+000 2.35557622871205E+000
22.8802255 2.07434249149527E+000 2.32944820774736E+000
22.9801486 2.05239280982782E+000 2.30371099061764E+000
23.0800723 2.03075636109644E+000 2.27835771223533E+000
23.1799967 2.00942753283028E+000 2.25338117220907E+000
23.2799217 1.98840083335313E+000 2.22877433257338E+000
23.3798454 1.96767128134792E+000 2.20453077251126E+000
23.4797716 1.94723282702541E+000 2.18064284148078E+000
23.5796984 1.92708072145959E+000 2.15710442949655E+000
23.6796259 1.90720992670435E+000 2.13390910679234E+000
23.7795539 1.88761551129794E+000 2.11105058588815E+000
23.8794806 1.86829301363299E+000 2.08852314448329E+000
23.9794098 1.84923697038786E+000 2.06631990947979E+000
24.0793395 1.83044312523113E+000 2.04443543144864E+000
24.1792698 1.81190694712738E+000 2.02286395636420E+000
24.2792007 1.79362399912240E+000 2.00159985515881E+000
24.3791302 1.77559027769068E+000 1.98063801753195E+000
24.4790621 1.75780083939563E+000 1.95997225536159E+000
24.5789946 1.74025186244145E+000 1.93959769849115E+000
24.6789277 1.72293926404250E+000 1.91950918690605E+000
24.7788612 1.70585904471715E+000 1.89970167059810E+000
24.8787934 1.68900760557227E+000 1.88017057675751E+000
24.9787279 1.67238046506152E+000 1.86091032226508E+000
25.0786630 1.65597418552328E+000 1.84191654615942E+000
25.1785986 1.63978508140178E+000 1.82318461184179E+000
25.2785347 1.62380954105783E+000 1.80470997978375E+000
25.3784693 1.60804432376158E+000 1.78648855032221E+000
25.4784064 1.59248535921687E+000 1.76851527598247E+000
25.5783439 1.57712955003769E+000 1.75078624442027E+000
25.6782819 1.56197356341685E+000 1.73329728131086E+000
25.7782204 1.54701413226775E+000 1.71604429817791E+000
25.8781574 1.53224833352853E+000 1.69902361279354E+000
25.9780968 1.51767246382915E+000 1.68223065301423E+000
26.0780366 1.50328372780558E+000 1.66566190261098E+000
26.1779769 1.48907910652842E+000 1.64931359644096E+000
26.2779176 1.47505563961663E+000 1.63318204545039E+000
26.3778568 1.46121068630686E+000 1.61726393648735E+000
26.4777984 1.44754087126924E+000 1.60155512015639E+000
26.5777404 1.43404366772211E+000 1.58605243072771E+000
26.6776829 1.42071633656925E+000 1.57075246602302E+000
26.7776257 1.40755619097268E+000 1.55565189144471E+000
26.8775671 1.39456084150721E+000 1.54074772083707E+000
26.9775108 1.38172720669140E+000 1.52603618159486E+000
27.0774549 1.36905299903120E+000 1.51151441875880E+000
27.1773994 1.35653572938096E+000 1.49717935278493E+000
27.2773442 1.34417295532496E+000 1.48302796427472E+000
27.3772876 1.33196251161765E+000 1.46905755736668E+000
27.4772333 1.31990158049655E+000 1.45526469598184E+000
27.5771793 1.30798808803757E+000 1.44164680124990E+000
27.6771257 1.29621976876085E+000 1.42820108098612E+000
27.7770725 1.28459439904762E+000 1.41492479663887E+000
27.8770178 1.27311001395949E+000 1.40181551055657E+000
27.9769653 1.26176403284689E+000 1.38887008782905E+000
28.0769132 1.25055457273272E+000 1.37608619533135E+000
28.1768615 1.23947956863541E+000 1.36346129731476E+000
28.2768101 1.22853699313790E+000 1.35099290594713E+000
28.3767572 1.21772506058304E+000 1.33867881367748E+000
28.4767065 1.20704140389162E+000 1.32651615564565E+000
28.5766562 1.19648431109354E+000 1.31450281786632E+000
28.6766062 1.18605189724522E+000 1.30263649385943E+000
28.7765565 1.17574231116850E+000 1.29091492003271E+000
28.8765053 1.16555392793303E+000 1.27933609425672E+000
28.9764563 1.15548457315678E+000 1.26789739427356E+000
29.0764077 1.14553268826801E+000 1.25659690186024E+000
29.1763593 1.13569655025683E+000 1.24543251588730E+000
29.2763113 1.12597446651335E+000 1.23440217368018E+000
29.3762617 1.11636495642983E+000 1.22350405681897E+000
29.4762144 1.10686601977932E+000 1.21273576138721E+000
29.5761673 1.09747623580984E+000 1.20209554434198E+000
29.6761206 1.08819402739579E+000 1.19158148880401E+000
29.7760741 1.07901784482480E+000 1.18119171243349E+000
29.8760261 1.06994633728234E+000 1.17092456138040E+000
29.9759803 1.06097766219442E+000 1.16077782858201E+000
30.0759347 1.05211052282153E+000 1.15074992801853E+000
30.1758895 1.04334347366885E+000 1.14083910840934E+000
30.2758445 1.03467509399933E+000 1.13104364954820E+000
30.3757980 1.02610414990009E+000 1.12136204525042E+000
30.4757536 1.01762894173695E+000 1.11179226623784E+000
30.5757095 1.00924828452415E+000 1.10233286746589E+000
30.6756657 1.00096085171679E+000 1.09298224673411E+000
30.7756221 9.92765339162859E-001 1.08373882984415E+000
30.8755770 9.84660618393224E-001 1.07460124331833E+000
30.9755340 9.76645119572198E-001 1.06556761870774E+000
31.0754913 9.68717758565618E-001 1.05663663773303E+000
31.1754469 9.60877465200330E-001 1.04780700007627E+000
31.2754067 9.53122594695391E-001 1.03907676085710E+000
31.3753629 9.45452559993107E-001 1.03044516842137E+000
31.4753231 9.37865616657831E-001 1.02191017071383E+000
31.5752798 9.30361203450077E-001 1.01347104923399E+000
31.6752368 9.22937908104049E-001 1.00512613026129E+000
31.7751978 9.15594349130189E-001 9.96873777294686E-001
31.8751552 9.08330001921077E-001 9.88713318812556E-001
31.9751168 9.01143245024987E-001 9.80642852983527E-001
32.0750747 8.94033576935303E-001 9.72661737873846E-001
32.1750329 8.86999689292881E-001 9.64768427397406E-001
32.2749952 8.80040302013246E-001 9.56961409546749E-001
32.3749539 8.73154946381612E-001 9.49240084336768E-001
32.4749166 8.66342113453145E-001 9.41602686889008E-001
32.5748758 8.59601355201639E-001 9.34048643652090E-001
32.6748352 8.52931458087991E-001 9.26576524617429E-001
32.7747986 8.46331234584891E-001 9.19184931025117E-001
32.8747585 8.39800266046783E-001 9.11873326819680E-001
32.9747223 8.33337146593310E-001 9.04640072162626E-001
33.0746827 8.26941476123388E-001 8.97484654638165E-001
33.1746432 8.20612127743330E-001 8.90405749958806E-001
33.2746078 8.14347998521132E-001 8.83402062531620E-001
33.3745687 8.08148714702386E-001 8.76473113489580E-001
33.4745337 8.02012964948087E-001 8.69617377322384E-001
33.5744951 7.95940392140090E-001 8.62834396324176E-001
33.6744568 7.89929948664810E-001 8.56122942632735E-001
33.7744224 7.83980609010194E-001 8.49481814771530E-001
33.8743844 7.78092039702955E-001 8.42910585079722E-001
33.9743505 7.72263016240504E-001 8.36407832727858E-001
34.0743130 7.66493220085485E-001 8.29973149014711E-001
34.1742756 7.60781676258478E-001 8.23605394146222E-001
34.2742423 7.55127430191321E-001 8.17303452623548E-001
34.3742054 7.49530184582616E-001 8.11066942676215E-001
34.4741725 7.43988794790676E-001 8.04894539453223E-001
34.5741359 7.38502976933148E-001 7.98785878185619E-001
34.6740996 7.33071822659310E-001 7.92739899622687E-001
34.7740673 7.27694442491626E-001 7.86755566913297E-001
34.8740313 7.22370571633458E-001 7.80832539447651E-001
34.9739994 7.17099138979876E-001 7.74969580491135E-001
35.0739638 7.11879891798523E-001 7.69166364691750E-001
35.1739284 7.06711982933066E-001 7.63421906556499E-001
35.2738971 7.01594582698828E-001 7.57735241270467E-001
35.3738621 6.96527455527688E-001 7.52106065171142E-001
35.4738310 6.91509598109863E-001 7.46533222526802E-001
35.5737964 6.86540785730222E-001 7.41016423378038E-001
35.6737620 6.81620227502617E-001 7.35554749861565E-001
35.7737315 6.76747148733726E-001 7.30147303226531E-001
35.8736974 6.71921340153744E-001 7.24793812999790E-001
35.9736673 6.67141861028250E-001 7.19493198006947E-001
36.0736335 6.62408511856271E-001 7.14245200090189E-001
36.1735999 6.57720553553919E-001 7.09048963473905E-001
36.2735704 6.53077262061726E-001 7.03903650069018E-001
36.3735371 6.48478451784774E-001 6.98809019236206E-001
36.4735079 6.43923239812317E-001 6.93764058509777E-001
36.5734750 6.39411449346917E-001 6.88768538325587E-001
36.6734423 6.34942389047750E-001 6.83821659976637E-001
36.7734135 6.30515381529529E-001 6.78922641142057E-001
36.8733811 6.26130262521080E-001 6.74071268016776E-001
36.9733527 6.21786202604202E-001 6.69266591529519E-001
37.0733206 6.17483045434068E-001 6.64508407840964E-001
37.1732887 6.13220143720386E-001 6.59795970761125E-001
37.2732608 6.08996863149340E-001 6.55128549298594E-001
37.3732292 6.04813058664355E-001 6.50505953798343E-001
37.4732015 6.00667950387000E-001 6.45927293748244E-001
37.5731702 5.96561400405063E-001 6.41392388465496E-001
37.6731391 5.92492802115632E-001 6.36900540143993E-001
37.7731119 5.88461560994395E-001 6.32451065090312E-001
37.8730811 5.84467549305565E-001 6.28043795394993E-001
37.9730543 5.80510033098581E-001 6.23677894699855E-001
38.0730237 5.76588891079419E-001 6.19353203177057E-001
38.1729934 5.72703554265702E-001 6.15069067646401E-001
38.2729669 5.68853464929249E-001 6.10824848046167E-001
38.3729369 5.65038510953078E-001 6.06620396056444E-001
38.4729107 5.61258001010114E-001 6.02454925454490E-001
38.5728809 5.57511828793327E-001 5.98328295202893E-001
38.6728513 5.53799460140921E-001 5.94239893326199E-001
38.7728256 5.50120371387480E-001 5.90189120056054E-001
38.8727962 5.46474464503937E-001 5.86175844727028E-001
38.9727708 5.42861087760121E-001 5.82199327581484E-001
39.0727417 5.39280148368282E-001 5.78259444518797E-001
39.1727127 5.35731144427979E-001 5.74355621649896E-001
39.2726877 5.32213583837756E-001 5.70487296456360E-001
39.3726590 5.28727381278328E-001 5.66654354188889E-001
39.4726343 5.25271921841120E-001 5.62856098198545E-001
39.5726059 5.21847124935990E-001 5.59092419655708E-001
39.6725776 5.18452518582019E-001 5.55362779911931E-001
39.7725533 5.15087639954771E-001 5.51666650920821E-001
39.8725252 5.11752415203157E-001 5.48003932286226E-001
39.9725012 5.08446263692465E-001 5.44373967394934E-001
40.0724734 5.05169115839064E-001 5.40776661190073E-001
40.1724458 5.01920527436300E-001 5.37211507663796E-001
40.2724221 4.98700062841434E-001 5.33678010703261E-001
40.3723947 4.95507658552156E-001 5.30176082858968E-001
40.4723712 4.92342765866238E-001 5.26705104736693E-001
40.5723441 4.89205325132367E-001 5.23264993703624E-001
40.6723171 4.86094917950847E-001 5.19855274014301E-001
40.7722940 4.83011133938812E-001 5.16475479167103E-001
40.8722673 4.79953918932744E-001 5.13125533392480E-001
40.9722444 4.76922754008873E-001 5.09804851930422E-001
41.0722179 4.73917588478741E-001 5.06513363357166E-001
41.1721915 4.70938027943605E-001 5.03250620011875E-001
41.2721690 4.67983685515939E-001 5.00016182877206E-001
41.3721428 4.65054515459136E-001 4.96809986721904E-001
41.4721206 4.62150026644150E-001 4.93631479045608E-001
41.5720946 4.59270176469858E-001 4.90480598538204E-001
41.6720688 4.56414592878831E-001 4.87356923627106E-001
41.7720469 4.53582910857105E-001 4.84260040829138E-001
41.8720213 4.50775092271145E-001 4.81189894421609E-001
41.9719996 4.47990671957862E-001 4.78145961980028E-001
42.0719743 4.45229614612280E-001 4.75128191319647E-001
42.1719490 4.42491568991621E-001 4.72136185124086E-001
42.2719276 4.39776190463417E-001 4.69169553654463E-001
42.3719026 4.37083447752446E-001 4.66228249767237E-001
42.4718815 4.34412899973997E-001 4.63311779103326E-001
42.5718566 4.31764518403826E-001 4.60420097711102E-001
42.6718319 4.29137971208079E-001 4.57552830847402E-001
42.7718111 4.26532932761711E-001 4.54709610873125E-001
42.8717866 4.23949377974156E-001 4.51890398384449E-001
42.9717660 4.21386888680259E-001 4.49094725234906E-001
43.0717417 4.18845442089252E-001 4.46322554899914E-001
43.1717175 4.16324724480584E-001 4.43573533661894E-001
43.2716972 4.13824427970007E-001 4.40847314469040E-001
43.3716732 4.11344533041930E-001 4.38143864898610E-001
43.4716531 4.08884642809498E-001 4.35462741307527E-001
43.5716293 4.06444739829509E-001 4.32803913869587E-001
43.6716056 4.04024527299452E-001 4.30167048468211E-001
43.7715858 4.01623713907201E-001 4.27551817246454E-001
43.8715623 3.99242285160070E-001 4.24958194076614E-001
43.9715428 3.96879864115708E-001 4.22385758240685E-001
44.0715195 3.94536438147830E-001 4.19834485951756E-001
44.1714963 3.92211726268272E-001 4.17304061381653E-001
44.2714770 3.89905452657734E-001 4.14794174585130E-001
44.3714539 3.87617607346300E-001 4.12304805108804E-001
44.4714348 3.85347832100638E-001 4.09835553700871E-001
44.5714120 3.83096118630560E-001 4.07386402017249E-001
44.6713893 3.80862200742185E-001 4.04957051307607E-001
44.7713704 3.78645817111394E-001 4.02547208354814E-001
44.8713479 3.76446961837745E-001 4.00156857817870E-001
44.9713293 3.74265294251490E-001 3.97785620561465E-001
45.0713069 3.72100809962672E-001 3.95433483144265E-001
45.1712846 3.69953256628093E-001 3.93100162776278E-001
45.2712662 3.67822386495826E-001 3.90785381875737E-001
45.3712441 3.65708197323890E-001 3.88489129705070E-001
45.4712259 3.63610364943238E-001 3.86211045995573E-001
45.5712040 3.61528888468881E-001 3.83951121719406E-001
45.6711822 3.59463528534670E-001 3.81709089014376E-001
45.7711643 3.57414050106213E-001 3.79484684924271E-001
45.8711426 3.55380454227184E-001 3.77277902853756E-001
45.9711248 3.53362432242104E-001 3.75088400242256E-001
46.0711034 3.51359986412376E-001 3.72916172032004E-001
46.1710820 3.49372889539361E-001 3.70760964333717E-001
46.2710644 3.47400918514151E-001 3.68622527882749E-001
46.3710432 3.45444077327796E-001 3.66500859807919E-001
46.4710259 3.43502071920849E-001 3.64395634182063E-001
46.5710048 3.41574907375695E-001 3.62306849515451E-001
46.6709838 3.39662367910436E-001 3.60234265007860E-001
46.7709667 3.37764241607006E-001 3.58177644221589E-001
46.8709459 3.35880535096795E-001 3.56136987630456E-001
46.9709290 3.34010968062822E-001 3.54111984942838E-001
47.0709083 3.32155548113075E-001 3.52102637872392E-001
47.1708877 3.30314070185556E-001 3.50108717889148E-001
47.2708710 3.28486332871090E-001 3.48130000581264E-001
47.3708506 3.26672345162652E-001 3.46166489423586E-001
47.4708341 3.24871839691045E-001 3.44217888832730E-001
47.5708138 3.23084826321653E-001 3.42284203394877E-001
47.6707936 3.21311110065083E-001 3.40365216091133E-001
47.7707773 3.19550499387508E-001 3.38460713792672E-001
47.8707573 3.17803005390351E-001 3.36570702663213E-001
47.9707411 3.16068372911747E-001 3.34694900965170E-001
48.0707212 3.14346613830899E-001 3.32833315856955E-001
48.1707014 3.12637542629273E-001 3.30985741126278E-001
48.2706855 3.10940977059352E-001 3.29151974237924E-001
48.3706658 3.09256930101094E-001 3.27332023761131E-001
48.4706500 3.07585158109506E-001 3.25525621001332E-001
48.5706305 3.05925674756367E-001 3.23732775416562E-001
48.6706110 3.04278303434158E-001 3.21953290946888E-001
48.7705955 3.02642870633610E-001 3.20186975010385E-001
48.8705762 3.01019391004350E-001 3.18433838324533E-001
48.9705608 2.99407631773939E-001 3.16693624489957E-001
49.0705416 2.97807608205735E-001 3.14966345016766E-001
49.1705225 2.96219152081995E-001 3.13251813389308E-001
49.2705073 2.94642098121360E-001 3.11549846383751E-001
49.3704883 2.93076462453377E-001 3.09860456632166E-001
49.4704733 2.91522022576435E-001 3.08183399333179E-001
49.5704545 2.89978795162866E-001 3.06518687824152E-001
49.6704357 2.88446619899037E-001 3.04866144568114E-001
49.7704208 2.86925339255945E-001 3.03225595145628E-001
49.8704022 2.85414970670659E-001 3.01597053891137E-001
49.9703875 2.83915301350046E-001 2.99980286950796E-001
50.0703690 2.82426349209495E-001 2.98375309284996E-001
50.1703506 2.80947961386648E-001 2.96781951808952E-001
50.2703361 2.79479987661385E-001 2.95200048392153E-001
50.3703178 2.78022446621663E-001 2.93629614878633E-001
50.4703034 2.76575134656896E-001 2.92070427754727E-001
50.5702853 2.75138070774792E-001 2.90522503418333E-001
50.6702672 2.73711109141719E-001 2.88985680746393E-001
50.7702530 2.72294106432610E-001 2.87459801417083E-001
50.8702350 2.70887082243993E-001 2.85944882608888E-001
50.9702209 2.69489841655622E-001 2.84440710580822E-001
51.0702031 2.68102404630565E-001 2.82947302999754E-001
51.1701853 2.66724631969375E-001 2.81464506247120E-001
51.2701714 2.65356386855581E-001 2.79992169362035E-001
51.3701538 2.63997689765000E-001 2.78530310698326E-001
51.4701400 2.62648354006743E-001 2.77078725757039E-001
51.5701225 2.61308400374833E-001 2.75637433320895E-001
51.6701050 2.59977695935347E-001 2.74206286849269E-001
51.7700914 2.58656110019281E-001 2.72785142324465E-001
51.8700741 2.57343663864299E-001 2.71374019131101E-001
51.9700606 2.56040178576862E-001 2.69972721515717E-001
52.0700434 2.54745675668944E-001 2.68581269237782E-001
52.1700263 2.53460028127449E-001 2.67199522436396E-001
52.2700130 2.52183111093137E-001 2.65827343647007E-001
52.3699959 2.50914946458874E-001 2.64464753153715E-001
52.4699827 2.49655362723328E-001 2.63111563483609E-001
52.5699658 2.48404382013811E-001 2.61767795246549E-001
52.6699489 2.47161882915539E-001 2.60433314889336E-001
52.7699359 2.45927746063048E-001 2.59107991136145E-001
52.8699192 2.44701993907572E-001 2.57791845051289E-001
52.9699063 2.43484461959798E-001 2.56484697006742E-001
53.0698897 2.42275172869227E-001 2.55186568347997E-001
53.1698731 2.41074010517433E-001 2.53897331481769E-001
53.2698603 2.39880860736852E-001 2.52616860980247E-001
53.3698439 2.38695746449198E-001 2.51345178579644E-001
53.4698313 2.37518509820185E-001 2.50082112088330E-001
53.5698149 2.36349173936958E-001 2.48827683483216E-001
53.6697986 2.35187627694573E-001 2.47581770805589E-001
53.7697861 2.34033761846153E-001 2.46344254156890E-001
53.8697699 2.32887599704150E-001 2.45115155846896E-001
53.9697576 2.31748989753870E-001 2.43894310737099E-001
54.0697415 2.30617955443422E-001 2.42681741341230E-001
54.1697254 2.29494390416159E-001 2.41477331030592E-001
54.2697133 2.28378190085994E-001 2.40280965137462E-001
54.3696973 2.27269378083811E-001 2.39092666455926E-001
54.4696852 2.26167808899140E-001 2.37912276540762E-001
54.5696694 2.25073506271527E-001 2.36739818356669E-001
54.6696536 2.23986368343875E-001 2.35575180319689E-001
54.7696417 2.22906294947085E-001 2.34418252713384E-001
54.8696260 2.21833309964929E-001 2.33269058735175E-001
54.9696142 2.20767273594486E-001 2.32127446295066E-001
55.0695986 2.19708209803737E-001 2.30993438730851E-001
55.1695831 2.18656021001665E-001 2.29866929235927E-001
55.2695714 2.17610611207309E-001 2.28747812783096E-001
55.3695560 2.16572004497968E-001 2.27636112899673E-001
55.4695444 2.15540066499000E-001 2.26531683533111E-001
55.5695291 2.14514821349773E-001 2.25434548323684E-001
55.6695138 2.13496175506095E-001 2.24344604991374E-001
55.7695023 2.12484036960195E-001 2.23261752952434E-001
55.8694872 2.11478429929173E-001 2.22186015997512E-001
55.9694758 2.10479225203633E-001 2.21117253812600E-001
56.0694607 2.09486447042718E-001 2.20055490276466E-001
56.1694457 2.08500005743021E-001 2.19000627400342E-001
56.2694345 2.07519813067964E-001 2.17952568813251E-001
56.3694196 2.06545893325859E-001 2.16911338508886E-001
56.4694085 2.05578122224679E-001 2.15876801630444E-001
56.5693936 2.04616524096680E-001 2.14848982237248E-001
56.6693788 2.03661012885516E-001 2.13827786410795E-001
56.7693678 2.02711503935861E-001 2.12813121776254E-001
56.8693531 2.01768021603341E-001 2.11805012475783E-001
56.9693423 2.00830446279566E-001 2.10803328844851E-001
57.0693276 1.99898802327770E-001 2.09808095070907E-001
57.1693130 1.98973007156416E-001 2.08819221098083E-001
57.2693023 1.98052979512723E-001 2.07836618344138E-001
57.3692878 1.97138743760022E-001 2.06860311050343E-001
57.4692772 1.96230184753037E-001 2.05890174494792E-001
57.5692628 1.95327326847975E-001 2.04926232945662E-001
57.6692484 1.94430090746559E-001 2.03968400014523E-001
57.7692379 1.93538398430322E-001 2.03016590720349E-001
57.8692236 1.92652274234593E-001 2.02070829358922E-001
57.9692132 1.91771607269053E-001 2.01130995915601E-001
58.0691990 1.90896421848646E-001 2.00197114696473E-001
58.1691849 1.90026641806781E-001 1.99269102796944E-001
58.2691746 1.89162192200853E-001 1.98346878657163E-001
58.3691605 1.88303097306060E-001 1.97430466587177E-001
58.4691503 1.87449250290430E-001 1.96519751057572E-001
58.5691363 1.86600675396851E-001 1.95614756373729E-001
58.6691224 1.85757299438170E-001 1.94715402942080E-001
58.7691123 1.84919050398316E-001 1.93821612454492E-001
58.8690985 1.84085952463482E-001 1.92933409198991E-001
58.9690885 1.83257902674259E-001 1.92050681921824E-001
59.0690747 1.82434925173826E-001 1.91173454892871E-001
59.1690610 1.81616949610923E-001 1.90301651666856E-001
59.2690511 1.80803906755217E-001 1.89435197027772E-001
59.3690374 1.79995820677996E-001 1.88574115208960E-001
59.4690277 1.79192592116759E-001 1.87718299034425E-001
59.5690141 1.78394245090198E-001 1.86867772707238E-001
59.6690006 1.77600711947537E-001 1.86022462777086E-001
59.7689909 1.76811926111352E-001 1.85182296969712E-001
59.8689774 1.76027911514849E-001 1.84347299434413E-001
59.9689678 1.75248572426275E-001 1.83517366885956E-001
60.0689545 1.74473932717675E-001 1.82692523432483E-001
60.1689411 1.73703927310959E-001 1.81872698474106E-001
60.2689316 1.72938492156239E-001 1.81057822536540E-001
60.3689184 1.72177651027945E-001 1.80247919658700E-001
60.4689090 1.71421311567809E-001 1.79442890269332E-001
60.5688958 1.70669497481469E-001 1.78642758356452E-001
60.6688827 1.69922146142841E-001 1.77847456034256E-001
60.7688734 1.69179195911180E-001 1.77056916494697E-001
60.8688603 1.68440670383708E-001 1.76271163642728E-001
60.9688511 1.67706480426739E-001 1.75490101453873E-001
61.0688381 1.66976649561922E-001 1.74713753773467E-001
61.1688251 1.66251117501170E-001 1.73942055301137E-001
61.2688160 1.65529824901019E-001 1.73174941768860E-001
61.3688031 1.64812795165123E-001 1.72412436926564E-001
61.4687941 1.64099942243312E-001 1.71654448138315E-001
61.5687813 1.63391289457664E-001 1.70900999086654E-001
61.6687685 1.62686778750324E-001 1.70152026935160E-001
61.7687596 1.61986352969367E-001 1.69407469836657E-001
61.8687469 1.61290035310412E-001 1.68667351367283E-001
61.9687381 1.60597742673100E-001 1.67931582129836E-001
62.0687254 1.59909498166174E-001 1.67200185626159E-001
62.1687128 1.59225245860107E-001 1.66473101369031E-001
62.2687041 1.58544930694508E-001 1.65750269819536E-001
62.3686916 1.57868575644215E-001 1.65031714363353E-001
62.4686829 1.57196100431895E-001 1.64317348700106E-001
62.5686704 1.56527527940861E-001 1.63607196135057E-001
62.6686580 1.55862804273493E-001 1.62901198421732E-001
62.7686494 1.55201876366314E-001 1.62199298223060E-001
62.8686371 1.54544766962209E-001 1.61501518719511E-001
62.9686286 1.53891398486595E-001 1.60807776573042E-001
63.0686163 1.53241793586773E-001 1.60118094878306E-001
63.1686040 1.52595900305762E-001 1.59432417527023E-001
63.2685918 1.51953691916160E-001 1.58750715213161E-001
63.3685872 1.51315093343306E-001 1.58072907329664E-001
63.4685751 1.50680175756401E-001 1.57399068502301E-001
63.5685630 1.50048864259804E-001 1.56729118333423E-001
63.6685509 1.49421133040413E-001 1.56063028535772E-001
63.7685388 1.48796956507940E-001 1.55400771070251E-001
63.8685344 1.48176262074314E-001 1.54742268051089E-001
63.9685224 1.47559119291227E-001 1.54087592399619E-001
64.0685105 1.46945455736792E-001 1.53436666424583E-001
64.1684986 1.46335246689736E-001 1.52789463054383E-001
64.2684867 1.45728467640604E-001 1.52145955453142E-001
64.3684824 1.45125048384510E-001 1.51506068341067E-001
64.4684706 1.44525056896612E-001 1.50869872977943E-001
64.5684588 1.43928423126235E-001 1.50237294264606E-001
64.6684470 1.43335123390208E-001 1.49608306284338E-001
64.7684353 1.42745134206799E-001 1.48982883344409E-001
64.8684312 1.42158387656044E-001 1.48360952661539E-001
64.9684195 1.41574950176588E-001 1.47742583875905E-001
65.0684079 1.40994753991506E-001 1.47127704371909E-001
65.1683963 1.40417776405012E-001 1.46516289330390E-001
65.2683847 1.39843994912958E-001 1.45908314145105E-001
65.3683808 1.39273343786880E-001 1.45303708425324E-001
65.4683692 1.38705887967988E-001 1.44702540232601E-001
65.5683578 1.38141561860432E-001 1.44104739331811E-001
65.6683463 1.37580343707911E-001 1.43510281947264E-001
65.7683349 1.37022211936511E-001 1.42919144505744E-001
65.8683311 1.36467102920416E-001 1.42331258910276E-001
65.9683197 1.35915080141530E-001 1.41746691683840E-001
66.0683084 1.35366080096922E-001 1.41165374873797E-001
66.1682971 1.34820081924528E-001 1.40587285696882E-001
66.2682858 1.34277064935920E-001 1.40012401562437E-001
66.3682821 1.33736967523391E-001 1.39440656573333E-001
66.4682709 1.33199851746737E-001 1.38872115753069E-001
66.5682597 1.32665656112049E-001 1.38306713338335E-001
66.6682485 1.32134360608730E-001 1.37744427490084E-001
66.7682374 1.31605945391547E-001 1.37185236552559E-001
66.8682339 1.31080350790427E-001 1.36629076739162E-001
66.9682228 1.30557637479331E-001 1.36076011612070E-001
67.0682118 1.30037745893501E-001 1.35525977508690E-001
67.1682007 1.29520656833364E-001 1.34978953488652E-001
67.2681897 1.29006351256894E-001 1.34434918786075E-001
67.3681864 1.28494771355014E-001 1.33893811639916E-001
67.4681754 1.27985976451215E-001 1.33355694188259E-001
67.5681645 1.27479908833815E-001 1.32820504784906E-001
67.6681536 1.26976550076013E-001 1.32288223345123E-001
67.7681428 1.26475881901157E-001 1.31758829950349E-001
67.8681396 1.25977848288162E-001 1.31232264784218E-001
67.9681288 1.25482507244509E-001 1.30708588597023E-001
68.0681180 1.24989802839111E-001 1.30187741678689E-001
68.1681072 1.24499717381743E-001 1.29669704759431E-001
68.2680965 1.24012233325319E-001 1.29154458727766E-001
68.3680934 1.23527296367175E-001 1.28641945634990E-001
68.4680827 1.23044963232356E-001 1.28132224879001E-001
68.5680721 1.22565179701284E-001 1.27625238609401E-001
68.6680615 1.22087928786041E-001 1.27120968332865E-001
68.7680509 1.21613193635211E-001 1.26619395706923E-001
68.8680479 1.21140921598222E-001 1.26120464577177E-001
68.9680374 1.20671168150385E-001 1.25624233023623E-001
69.0680269 1.20203880717758E-001 1.25130644982706E-001
69.1680164 1.19739042982272E-001 1.24639682701143E-001
69.2680059 1.19276638756087E-001 1.24151328569464E-001
69.3680031 1.18816616977449E-001 1.23665528157659E-001
69.4679927 1.18359031903794E-001 1.23182338261439E-001
69.5679823 1.17903832543972E-001 1.22701704534675E-001
69.6679719 1.17451003219023E-001 1.22223609929655E-001
69.7679615 1.17000528374262E-001 1.21748037535806E-001
69.8679589 1.16552358476396E-001 1.21274934580866E-001
69.9679486 1.16106546595999E-001 1.20804356609001E-001
70.0679383 1.15663043264748E-001 1.20336250925320E-001
70.1679281 1.15221833413655E-001 1.19870601155039E-001
70.2679178 1.14782902092360E-001 1.19407391054193E-001
70.3679153 1.14346201238425E-001 1.18946569444706E-001
70.4679051 1.13911782765747E-001 1.18488190651091E-001
70.5678949 1.13479598671594E-001 1.18032203566562E-001
70.6678848 1.13049634469320E-001 1.17578592458339E-001
70.7678747 1.12621875785563E-001 1.17127341718477E-001
70.8678723 1.12196275973726E-001 1.16678401702445E-001
70.9678622 1.11772885820424E-001 1.16231825546154E-001
71.0678522 1.11351658733845E-001 1.15787563670685E-001
71.1678422 1.10932580783495E-001 1.15345600955960E-001
71.2678322 1.10515638147079E-001 1.14905922401056E-001
71.3678299 1.10100785541302E-001 1.14468479837119E-001
71.4678200 1.09688072654097E-001 1.14033325241686E-001
71.5678100 1.09277454252358E-001 1.13600410506207E-001
71.6678002 1.08868916936880E-001 1.13169721095522E-001
71.7677903 1.08462447411842E-001 1.12741242588248E-001
71.8677881 1.08058001707048E-001 1.12314928235950E-001
71.9677783 1.07655628439582E-001 1.11890828887220E-001
72.0677685 1.07255283685141E-001 1.11468897848969E-001
72.1677587 1.06856954552221E-001 1.11049121144611E-001
72.2677489 1.06460628248126E-001 1.10631484906234E-001
72.3677468 1.06066262067775E-001 1.10215943753048E-001
72.4677371 1.05673903584485E-001 1.09802547433341E-001
72.5677275 1.05283510135056E-001 1.09391250617039E-001
72.6677178 1.04895069313282E-001 1.08982039861137E-001
72.7677082 1.04508568807430E-001 1.08574901826457E-001
72.8677062 1.04123967131651E-001 1.08169792449437E-001
72.9676966 1.03741310841845E-001 1.07766760405934E-001
73.0676870 1.03360558490296E-001 1.07365761678769E-001
73.1676774 1.02981698134828E-001 1.06966783334797E-001
73.2676679 1.02604717923613E-001 1.06569812540107E-001
73.3676660 1.02229577546151E-001 1.06174806500170E-001
73.4676565 1.01856322566561E-001 1.05781812845532E-001
73.5676471 1.01484912708974E-001 1.05390788824005E-001
73.6676376 1.01115336475033E-001 1.05001721989787E-001
73.7676282 1.00747582452810E-001 1.04614599991943E-001
73.8676264 1.00381611465168E-001 1.04229381258907E-001
73.9676171 1.00017468109381E-001 1.03846112402302E-001
74.0676077 9.96551132396692E-002 1.03464751889119E-001
74.1675984 9.92945357822897E-002 1.03085287739517E-001
74.2675890 9.89357247461996E-002 1.02707708064370E-001
74.3675874 9.85786420474414E-002 1.02331972471008E-001
74.4675781 9.82233313406974E-002 1.01958126577801E-001
74.5675688 9.78697545703091E-002 1.01586130027106E-001
74.6675596 9.75179010688859E-002 1.01215971284723E-001
74.7675504 9.71677602481947E-002 1.00847638903227E-001
74.8675488 9.68192950789809E-002 1.00481093626684E-001
74.9675396 9.64725482969310E-002 1.00116380105187E-001
75.0675305 9.61274828982333E-002 9.97534591145289E-002
75.1675213 9.57840886044845E-002 9.93923195468440E-002
75.2675122 9.54423552130695E-002 9.90329503773000E-002
75.3675108 9.51022467125883E-002 9.86753134463468E-002
75.4675017 9.47638049426800E-002 9.83194524600941E-002
75.5674926 9.44269939147201E-002 9.79653292876397E-002
75.6674836 9.40918037227733E-002 9.76129332290995E-002
75.7674746 9.37582245334864E-002 9.72622536640623E-002
75.8674732 9.34262213180120E-002 9.69132534907352E-002
75.9674642 9.30958350422631E-002 9.65659754948747E-002
76.0674553 9.27670306976760E-002 9.62203826004567E-002
76.1674463 9.24397987350644E-002 9.58764644981263E-002
76.2674374 9.21141296747709E-002 9.55342109546148E-002
76.3674361 9.17899894366707E-002 9.51935858888924E-002
76.4674273 9.14674181346588E-002 9.48546311893468E-002
76.5674184 9.11463817065683E-002 9.45173107980283E-002
76.6674096 9.08268709449965E-002 9.41816147795092E-002
76.7674007 9.05088767091649E-002 9.38475332712255E-002
76.8673996 9.01923658352407E-002 9.35150311774713E-002
76.9673908 8.98773776062144E-002 9.31841495116211E-002
77.0673820 8.95638788740395E-002 9.28548531985382E-002
77.1673732 8.92518607588493E-002 9.25271326609243E-002
77.2673645 8.89413144446332E-002 9.22009783912779E-002
77.3673634 8.86322076527529E-002 9.18763562452570E-002
77.4673547 8.83245788558283E-002 9.15533063829653E-002
77.5673461 8.80183957889809E-002 9.12317946782853E-002
77.6673374 8.77136498863077E-002 9.09118118970111E-002
77.7673288 8.74103326431258E-002 9.05933488718140E-002
77.8673278 8.71084126361621E-002 9.02763723771618E-002
77.9673192 8.68079275476374E-002 8.99609217410350E-002
78.0673106 8.65088459661475E-002 8.96469637539375E-002
78.1673020 8.62111596268227E-002 8.93344895104385E-002
78.2672935 8.59148603235009E-002 8.90234901692037E-002
78.3672925 8.56199174596541E-002 8.87139333922963E-002
78.4672840 8.53263679465273E-002 8.84058576961412E-002
78.5672755 8.50341811976974E-002 8.80992307567948E-002
78.6672671 8.47433492370042E-002 8.77940439839653E-002
78.7672586 8.44538641446005E-002 8.74902888488084E-002
78.8672578 8.41656961232343E-002 8.71879338710430E-002
78.9672493 8.38788813320660E-002 8.68870167755419E-002
79.0672409 8.35933899823044E-002 8.65875060941119E-002
79.1672325 8.33092143747498E-002 8.62893935386079E-002
79.2672242 8.30263468642323E-002 8.59926708798086E-002
79.3672234 8.27447584264057E-002 8.56973074663641E-002
79.4672151 8.24644844867189E-002 8.54033402510503E-002
79.5672068 8.21854960277532E-002 8.51107385928271E-002
79.6671985 8.19077856160657E-002 8.48194944933152E-002
79.7671902 8.16313458700660E-002 8.45296000106534E-002
79.8671895 8.13561485129891E-002 8.42410252948553E-002
79.9671813 8.10822282544431E-002 8.39538065455215E-002
80.0671730 8.08095568231620E-002 8.36679139213175E-002
80.1671648 8.05381270407729E-002 8.33833397018272E-002
80.2671566 8.02679317786777E-002 8.31000762208583E-002
80.3671560 7.99989434833669E-002 8.28180944033231E-002
80.4671478 7.97311961659891E-002 8.25374297140506E-002
80.5671397 7.94646622772037E-002 8.22580530850599E-002
80.6671315 7.91993348835104E-002 8.19799570626426E-002
80.7671234 7.89352070992007E-002 8.17031342451273E-002
80.8671229 7.86722520706482E-002 8.14275563069116E-002
80.9671148 7.84105031274481E-002 8.11532579959526E-002
81.0671067 7.81499334189037E-002 8.08802109923151E-002
81.1670987 7.78905362466552E-002 8.06084080982637E-002
81.2670906 7.76323049582414E-002 8.03378421660124E-002
81.3670902 7.73752133774544E-002 8.00684855950344E-002
81.4670822 7.71192941687814E-002 7.98003724338252E-002
81.5670742 7.68645211577918E-002 7.95334750861835E-002
81.6670662 7.66108878719744E-002 7.92677866001041E-002
81.7670583 7.63583878829096E-002 7.90033000715399E-002
81.8670579 7.61069956702117E-002 7.87399886015857E-002
81.9670500 7.58567432492570E-002 7.84778855562100E-002
82.0670421 7.56076051003651E-002 7.82169640395847E-002
82.1670342 7.53595749680010E-002 7.79572173356596E-002
82.2670263 7.51126466389947E-002 7.76986387744411E-002
82.3670260 7.48667952280157E-002 7.74412021361060E-002
82.4670182 7.46220521168902E-002 7.71849401205679E-002
82.5670103 7.43783924199972E-002 7.69298265099183E-002
82.6670025 7.41358100903018E-002 7.66758548147301E-002
82.7669947 7.38942991214853E-002 7.64230185898174E-002
82.8669945 7.36538352432971E-002 7.61712922727701E-002
82.9669867 7.34144492191521E-002 7.59207079134705E-002
83.0669790 7.31761167775834E-002 7.56712399503428E-002
83.1669712 7.29388320719590E-002 7.54228821116715E-002
83.2669635 7.27025892947866E-002 7.51756281682488E-002
83.3669634 7.24673647716766E-002 7.49294531942422E-002
83.4669556 7.22331886623598E-002 7.46843886050893E-002
83.5669479 7.20000372903720E-002 7.44404094747876E-002
83.6669403 7.17679050017441E-002 7.41975097408214E-002
83.7669326 7.15367861801405E-002 7.39556833815272E-002
83.8669326 7.13066577285373E-002 7.37149060876089E-002
83.9669249 7.10775492173099E-002 7.34752086552236E-002
84.0669173 7.08494375465637E-002 7.32365667739721E-002
84.1669097 7.06223172475940E-002 7.29989745824072E-002
84.2669021 7.03961828878893E-002 7.27624262583502E-002
84.3669022 7.01710119299875E-002 7.25268980897614E-002
84.4668946 6.99468333688500E-002 7.22924202682688E-002
84.5668870 6.97236246634064E-002 7.20589690798635E-002
84.6668795 6.95013805231416E-002 7.18265388563943E-002
84.7668720 6.92800956923566E-002 7.15951239674662E-002
84.8668721 6.90597481760087E-002 7.13647012797408E-002
84.9668646 6.88403664072104E-002 7.11353003946698E-002
85.0668571 6.86219283866276E-002 7.09068981761429E-002
85.1668496 6.84044289951688E-002 7.06794891418759E-002
85.2668422 6.81878631472403E-002 7.04530678458944E-002
85.3668424 6.79722093737091E-002 7.02276117157018E-002
85.4668349 6.77574955590386E-002 7.00031497765375E-002
85.5668275 6.75437002291731E-002 6.97796594523890E-002
85.6668201 6.73308184299707E-002 6.95571354397352E-002
85.7668127 6.71188452395267E-002 6.93355724699823E-002
85.8668130 6.69077596987135E-002 6.91149485142790E-002
85.9668056 6.66975891561906E-002 6.88952920352408E-002
86.0667983 6.64883126473247E-002 6.86765809998117E-002
86.1667909 6.62799253767288E-002 6.84588102764401E-002
86.2667836 6.60724225800464E-002 6.82419747671788E-002
86.3667839 6.58657837928310E-002 6.80260529702615E-002
86.4667766 6.56600358404388E-002 6.78110727989009E-002
86.5667694 6.54551582523797E-002 6.75970127464892E-002
86.6667621 6.52511463860921E-002 6.73838678469448E-002
86.7667548 6.50479956288900E-002 6.71716331665246E-002
86.8667552 6.48456859962382E-002 6.69602877145948E-002
86.9667480 6.46442438023560E-002 6.67498588678318E-002
87.0667408 6.44436490561694E-002 6.65403256301717E-002
87.1667336 6.42438972622655E-002 6.63316831947839E-002
87.2667264 6.40449839540006E-002 6.61239267859642E-002
87.3667268 6.38468896125132E-002 6.59170359088407E-002
87.4667197 6.36496400527273E-002 6.57110374160749E-002
87.5667125 6.34532157487869E-002 6.55059108068219E-002
87.6667054 6.32576123469911E-002 6.53016514275490E-002
87.7666983 6.30628255213492E-002 6.50982546546903E-002
87.8666988 6.28688362049444E-002 6.48957004743221E-002
87.9666917 6.26756697249319E-002 6.46940152272774E-002
88.0666846 6.24833070069822E-002 6.44931788931597E-002
88.1666775 6.22917438338993E-002 6.42931869660350E-002
88.2666705 6.21009760151825E-002 6.40940349688262E-002
88.3666710 6.19109849226193E-002 6.38957033542782E-002
88.4666640 6.17217954068160E-002 6.36982179632562E-002
88.5666570 6.15333888317639E-002 6.35015592415724E-002
88.6666500 6.13457611117831E-002 6.33057228254344E-002
88.7666429 6.11589081869161E-002 6.31107043788435E-002
88.8666436 6.09728118548817E-002 6.29164848074442E-002
88.9666366 6.07874965006601E-002 6.27230894636796E-002
89.0666296 6.06029439138239E-002 6.25304992458392E-002
89.1666227 6.04191501354276E-002 6.23387099270454E-002
89.2666157 6.02361112313163E-002 6.21477173071952E-002
89.3666164 6.00538094128159E-002 6.19575027315542E-002
89.4666095 5.98722686099148E-002 6.17680910753814E-002
89.5666026 5.96914710254729E-002 6.15794636762007E-002
89.6665957 5.95114128226966E-002 6.13916164390410E-002
89.7665889 5.93320901886892E-002 6.12045452947296E-002
89.8665896 5.91534857364894E-002 6.10182320153442E-002
89.9665828 5.89756229514479E-002 6.08327010099007E-002
90.0665759 5.87984844378462E-002 6.06479340423807E-002
90.1665691 5.86220664766488E-002 6.04639271449207E-002
90.2665622 5.84463653718603E-002 6.02806763745204E-002
90.3665631 5.82713641267504E-002 6.00981639177101E-002
90.4665563 5.80970857921138E-002 5.99164137279141E-002
90.5665495 5.79235133621991E-002 5.97354079832437E-002
90.6665427 5.77506432315156E-002 5.95551428383435E-002
90.7665359 5.75784718167900E-002 5.93756144718241E-002
90.8665368 5.74069825004380E-002 5.91968054727411E-002
90.9665301 5.72361979085153E-002 5.90187393492983E-002
91.0665233 5.70661014141774E-002 5.88413986818379E-002
91.1665166 5.68966895214363E-002 5.86647797431027E-002
91.2665099 5.67279587557336E-002 5.84888788289414E-002
91.3665108 5.65598928679243E-002 5.83136789194218E-002
91.4665041 5.63925140688863E-002 5.81392030876246E-002
91.5664975 5.62258060999998E-002 5.79654343046374E-002
91.6664908 5.60597655709023E-002 5.77923689570724E-002
91.7664842 5.58943891119045E-002 5.76200034538224E-002
91.8664851 5.57296608319595E-002 5.74483211548516E-002
91.9664785 5.55656025360794E-002 5.72773447079510E-002
92.0664719 5.54021983235500E-002 5.71070574638631E-002
92.1664653 5.52394449059133E-002 5.69374559190131E-002
92.2664587 5.50773390146588E-002 5.67685365913159E-002
92.3664597 5.49158651068473E-002 5.66002832098971E-002
92.4664531 5.47550445906939E-002 5.64327180068342E-002
92.5664466 5.45948619134205E-002 5.62658247018139E-002
92.6664400 5.44353138849021E-002 5.60995998971829E-002
92.7664335 5.42763973342648E-002 5.59340402160193E-002
92.8664346 5.41180970570228E-002 5.57691297462414E-002
92.9664281 5.39604340734285E-002 5.56048903135396E-002
93.0664215 5.38033931690045E-002 5.54413059961984E-002
93.1664150 5.36469712485311E-002 5.52783734987525E-002
93.2664086 5.34911652353698E-002 5.51160895457393E-002
93.3664097 5.33359602541566E-002 5.49544385738528E-002
93.4664032 5.31813769457878E-002 5.47934420114805E-002
93.5663968 5.30274004247737E-002 5.46330842855080E-002
93.6663903 5.28740276875071E-002 5.44733621990745E-002
93.7663839 5.27212557483199E-002 5.43142725746223E-002
93.8663851 5.25690700519491E-002 5.41558001879412E-002
93.9663787 5.24174908683190E-002 5.39979660789642E-002
94.0663723 5.22665036319237E-002 5.38407550135183E-002
94.1663659 5.21161054276072E-002 5.36841638899065E-002
94.2663595 5.19662933575347E-002 5.35281896250635E-002
94.3663607 5.18170531778224E-002 5.33728173245198E-002
94.4663544 5.16684047955912E-002 5.32180676483734E-002
94.5663480 5.15203339566127E-002 5.30639256920554E-002
94.6663417 5.13728378311446E-002 5.29103884457296E-002
94.7663353 5.12259136061726E-002 5.27574529175463E-002
94.8663366 5.10795473407565E-002 5.26051045337327E-002
94.9663303 5.09337585871732E-002 5.24533635829492E-002
95.0663240 5.07885333940518E-002 5.23022154812048E-002
95.1663177 5.06438690141449E-002 5.21516573073509E-002
95.2663114 5.04997627163639E-002 5.20016861576066E-002
95.3663128 5.03562008545524E-002 5.18522877701514E-002
95.4663065 5.02132026338999E-002 5.17034820703900E-002
95.5663002 5.00707543977471E-002 5.15552547861804E-002
95.6662940 4.99288534785372E-002 5.14076030820147E-002
95.7662878 4.97874972243247E-002 5.12605241391574E-002
95.8662892 4.96466722758431E-002 5.11140039992837E-002
95.9662829 4.95063974987529E-002 5.09680622325142E-002
96.0662767 4.93666595232255E-002 5.08226848701151E-002
96.1662705 4.92274557586990E-002 5.06778691592907E-002
96.2662643 4.90887836296963E-002 5.05336123634460E-002
96.3662658 4.89506300562019E-002 5.03899008195727E-002
96.4662596 4.88130135717143E-002 5.02467537502753E-002
96.5662535 4.86759210856086E-002 5.01041574820626E-002
96.6662473 4.85393500817265E-002 4.99621093420371E-002
96.7662412 4.84032980584874E-002 4.98206066729530E-002
96.8662427 4.82677522077340E-002 4.96796360992047E-002
96.9662365 4.81327307379830E-002 4.95392165034515E-002
97.0662304 4.79982208304314E-002 4.93993344995436E-002
97.1662243 4.78642200408320E-002 4.92599874917780E-002
97.2662182 4.77307259390284E-002 4.91211728995744E-002
97.3662198 4.75977259815643E-002 4.89828776270723E-002
97.4662137 4.74652380589738E-002 4.88451202243640E-002
97.5662076 4.73332496171299E-002 4.87078875849966E-002
97.6662016 4.72017582812992E-002 4.85711771878606E-002
97.7661955 4.70707616903715E-002 4.84349865264619E-002
97.8661971 4.69402475586620E-002 4.82993027772742E-002
97.9661911 4.68102334655454E-002 4.81641441650140E-002
98.0661851 4.66807071146512E-002 4.80294978555254E-002
98.1661791 4.65516661984544E-002 4.78953613997928E-002
98.2661730 4.64231084226025E-002 4.77617323629272E-002
98.3661747 4.62950217524724E-002 4.76285981865628E-002
98.4661687 4.61674234629315E-002 4.74959767770501E-002
98.5661627 4.60403015086647E-002 4.73638555653673E-002
98.6661568 4.59136536471368E-002 4.72322321721877E-002
98.7661508 4.57874776485519E-002 4.71011042318418E-002
98.8661525 4.56617617228491E-002 4.69704594441786E-002
98.9661465 4.55365228468745E-002 4.68403154040161E-002
99.0661406 4.54117492198776E-002 4.67106598005309E-002
99.1661347 4.52874386621784E-002 4.65814903217722E-002
99.2661288 4.51635890064187E-002 4.64528046689950E-002
99.3661305 4.50401887008042E-002 4.63245907935370E-002
99.4661246 4.49172544304834E-002 4.61968659853460E-002
99.5661187 4.47947746329829E-002 4.60696181850803E-002
99.6661128 4.46727471894229E-002 4.59428451459399E-002
99.7661070 4.45511699928436E-002 4.58165446338955E-002
99.8661087 4.44300317236172E-002 4.56907048452597E-002
99.9661029 4.43093487813618E-002 4.55653427716055E-002
100.0660970 4.41891098357884E-002 4.54404465985673E-002
100.1660912 4.40693128268391E-002 4.53160141423545E-002
100.2660854 4.39499557059894E-002 4.51920432315283E-002
100.3660872 4.38310273798663E-002 4.50685223010657E-002
100.4660814 4.37125439685725E-002 4.49454680504989E-002
100.5660756 4.35944943680982E-002 4.48228689041358E-002
100.6660698 4.34768765753031E-002 4.47007227391341E-002
100.7660640 4.33596885982074E-002 4.45790274446002E-002
100.8660658 4.32429195639636E-002 4.44577716880614E-002
100.9660601 4.31265853190245E-002 4.43369718831852E-002
101.0660543 4.30106749799370E-002 4.42166166868470E-002
101.1660486 4.28951865986436E-002 4.40967040351683E-002
101.2660428 4.27801182378888E-002 4.39772318758313E-002
101.3660447 4.26654592397962E-002 4.38581891029893E-002
101.4660390 4.25512251828906E-002 4.37395918504683E-002
101.5660333 4.24374053987273E-002 4.36214290017934E-002
101.6660275 4.23239979925645E-002 4.35036985501393E-002
101.7660218 4.22110010801175E-002 4.33863984998683E-002
101.8660238 4.20984042130957E-002 4.32695179660170E-002
101.9660181 4.19862227076776E-002 4.31530728084447E-002
102.0660124 4.18744461050468E-002 4.30370521315904E-002
102.1660067 4.17630725620754E-002 4.29214539838422E-002
102.2660011 4.16521002457595E-002 4.28062764244163E-002
102.3660031 4.15415189121727E-002 4.26915087836662E-002
102.4659974 4.14313436205917E-002 4.25771666532148E-002
102.5659918 4.13215641166116E-002 4.24632393528543E-002
102.6659861 4.12121786070784E-002 4.23497249844142E-002
102.7659805 4.11031853086408E-002 4.22366216602056E-002
102.8659825 4.09945741766715E-002 4.21239189205020E-002
102.9659769 4.08863600188580E-002 4.20116320942795E-002
103.0659713 4.07785327801467E-002 4.18997507112920E-002
103.1659657 4.06710907157765E-002 4.17882729251034E-002
103.2659601 4.05640320904803E-002 4.16771968994251E-002
103.3659622 4.04573470540161E-002 4.15665123792171E-002
103.4659566 4.03510501676660E-002 4.14562344362617E-002
103.5659511 4.02451315708187E-002 4.13463528050464E-002
103.6659455 4.01395895655825E-002 4.12368656892242E-002
103.7659400 4.00344224632616E-002 4.11277713022740E-002
103.8659421 3.99296206032332E-002 4.10190595887669E-002
103.9659365 3.98251983054315E-002 4.09107453686112E-002
104.0659310 3.97211458989247E-002 4.08028185759568E-002
104.1659255 3.96174617312219E-002 4.06952774629610E-002
104.2659200 3.95141441587403E-002 4.05881202912966E-002
104.3659221 3.94111837058509E-002 4.04813372002217E-002
104.4659166 3.93085944560757E-002 4.03749427629619E-002
104.5659112 3.92063669235410E-002 4.02689271084103E-002
104.6659057 3.91044994997399E-002 4.01632885357003E-002
104.7659002 3.90029905847972E-002 4.00580253531818E-002
104.8659024 3.89018308835877E-002 3.99531278900233E-002
104.9658969 3.88010342480395E-002 3.98486104778327E-002
105.0658915 3.87005913728505E-002 3.97444634354736E-002
105.1658860 3.86005006921324E-002 3.96406851075824E-002
105.2658806 3.85007606483610E-002 3.95372738477239E-002
105.3658828 3.84013621225585E-002 3.94342201703419E-002
105.4658774 3.83023187397598E-002 3.93315381703696E-002
105.5658720 3.82036213708807E-002 3.92292183520095E-002
105.6658666 3.81052684913340E-002 3.91272591039808E-002
105.7658612 3.80072585846387E-002 3.90256588236533E-002
105.8658634 3.79095827037334E-002 3.89244082062476E-002
105.9658580 3.78122542513501E-002 3.88235211148462E-002
106.0658527 3.77152642703949E-002 3.87229882344959E-002
106.1658473 3.76186112763106E-002 3.86228079966289E-002
106.2658419 3.75222937923973E-002 3.85229788410598E-002
106.3658442 3.74263030394032E-002 3.84234916394200E-002
106.4658389 3.73306522022373E-002 3.83243600276499E-002
106.5658335 3.72353324916911E-002 3.82255748672770E-002
106.6658282 3.71403424620110E-002 3.81271346311256E-002
106.7658229 3.70456806750611E-002 3.80290378001438E-002
106.8658252 3.69513385154099E-002 3.79312754181345E-002
106.9658199 3.68573289545175E-002 3.78338608984922E-002
107.0658146 3.67636433670745E-002 3.77367852749891E-002
107.1658093 3.66702803449476E-002 3.76400470605671E-002
107.2658040 3.65772384873894E-002 3.75436447760424E-002
107.3658063 3.64845093389149E-002 3.74475696332738E-002
107.4658011 3.63921056618059E-002 3.73518348275964E-002
107.5657958 3.63000189907797E-002 3.72564315609141E-002
107.6657905 3.62082479541814E-002 3.71613583850566E-002
107.7657853 3.61167911875178E-002 3.70666138594873E-002
107.8657877 3.60256403914872E-002 3.69721893601246E-002
107.9657824 3.59348081233627E-002 3.68780978686237E-002
108.0657772 3.58442860741271E-002 3.67843307510259E-002
108.1657720 3.57540729075010E-002 3.66908865968624E-002
108.2657667 3.56641672941508E-002 3.65977640030654E-002
108.3657692 3.55745610873016E-002 3.65049545057308E-002
108.4657639 3.54852666432899E-002 3.64124708771108E-002
108.5657587 3.53962758057092E-002 3.63203046435045E-002
108.6657536 3.53075872725911E-002 3.62284544309988E-002
108.7657484 3.52191997487046E-002 3.61369188728579E-002
108.8657508 3.51311052362488E-002 3.60456896615844E-002
108.9657456 3.50433158945997E-002 3.59547793642029E-002
109.0657405 3.49558237164109E-002 3.58641796635016E-002
