0.0053140 2.44580869425066E+001 5.07097774219778E+003
0.0210792 9.27211849489331E+001 4.93223834565832E+003
0.0467942 1.91426836230061E+002 4.71682766078041E+003
0.0817065 3.03663850365790E+002 4.44440786815296E+003
0.1249105 4.13828392290369E+002 4.13616952296142E+003
0.1754417 5.10651874001736E+002 3.81152159981668E+003
0.2323515 5.87972600529177E+002 3.48615869668630E+003
0.2947571 6.43950228739104E+002 3.17145712538031E+003
0.3618673 6.79671485075659E+002 2.87478331534159E+003
0.4329916 6.97812490649077E+002 2.60024334300262E+003
0.5075377 7.01643571801782E+002 2.34953775843543E+003
0.5850032 6.94410140466259E+002 2.12272869291862E+003
0.6649650 6.79010651676777E+002 1.91884978768342E+003
0.7470680 6.57871429870788E+002 1.73635078771105E+003
0.8310139 6.32935513304484E+002 1.57340481053862E+003
0.9165527 6.05707985623970E+002 1.42810586471787E+003
1.0034738 5.77323305233220E+002 1.29859055956027E+003
1.0915995 5.48615589186742E+002 1.18310699158716E+003
1.1807797 5.20182549737383E+002 1.08004838079381E+003
1.2708868 4.92440138659649E+002 9.87966251271145E+002
1.3618115 4.65666744189550E+002 9.05569178584243E+002
1.4534610 4.40038117327667E+002 8.31714264264445E+002
1.5457546 4.15654897400144E+002 7.65396162558384E+002
1.6386236 3.92562939596345E+002 7.05732297104153E+002
1.7320075 3.70769488470076E+002 6.51950509448174E+002
1.8258543 3.50254549104959E+002 6.03375015766617E+002
1.9201186 3.30979802087501E+002 5.59414896881481E+002
2.0147601 3.12895161890085E+002 5.19553543145970E+002
2.1097440 2.95943159075033E+002 4.83338340420068E+002
2.2050388 2.80062679298850E+002 4.50372991578113E+002
2.3006174 2.65191094086050E+002 4.20309518949242E+002
2.3964555 2.51266090613575E+002 3.92842151448997E+002
2.4925310 2.38226923940699E+002 3.67701945107505E+002
2.5888248 2.26014960579153E+002 3.44651546868468E+002
2.6853193 2.14574411773929E+002 3.23481540549134E+002
2.7819988 2.03852400900614E+002 3.04006480544181E+002
2.8788497 1.93799185854485E+002 2.86061995376173E+002
2.9758588 1.84368245377407E+002 2.69502239155043E+002
3.0730149 1.75516064230209E+002 2.54197303255666E+002
3.1703074 1.67202213746592E+002 2.40031546914934E+002
3.2677268 1.59389069143356E+002 2.26901613810809E+002
3.3652646 1.52041744780791E+002 2.14715088944086E+002
3.4629133 1.45127880148502E+002 2.03389113249737E+002
3.5606650 1.38617606073496E+002 1.92849468880546E+002
3.6585133 1.32483184771829E+002 1.83029274311790E+002
3.7564523 1.26698985588466E+002 1.73868347743115E+002
3.8544764 1.21241299373448E+002 1.65312402722628E+002
3.9525810 1.16088170603110E+002 1.57312356082842E+002
4.0507604 1.11219358559267E+002 1.49823903319570E+002
4.1490108 1.06616063057418E+002 1.42806785349033E+002
4.2473280 1.02260905764943E+002 1.36224499431830E+002
4.3457083 9.81377951207089E+001 1.30043868372717E+002
4.4441489 9.42318066035979E+001 1.24234668164734E+002
4.5426454 9.05291623941173E+001 1.18769431503901E+002
4.6411954 8.70170332913478E+001 1.13623011212312E+002
4.7397961 8.36835346380352E+001 1.08772452635031E+002
4.8384450 8.05176340873142E+001 1.04196751835877E+002
4.9371399 7.75090704782664E+001 9.98766458329546E+001
5.0358779 7.46483488383715E+001 9.57945246762630E+001
5.1346571 7.19265978328764E+001 9.19341570621949E+001
5.2334756 6.93355759753462E+001 8.82806389662610E+001
5.3323316 6.68676093394078E+001 8.48202517216253E+001
5.4312238 6.45155369707127E+001 8.15403385824125E+001
5.5301496 6.22727151610262E+001 7.84292692948936E+001
5.6291079 6.01329134726973E+001 7.54762590549684E+001
5.7280973 5.80903264051202E+001 7.26713533080615E+001
5.8271164 5.61395309607013E+001 7.00053409061282E+001
5.9261644 5.42754495328959E+001 6.74696784524688E+001
6.0252392 5.24933589302298E+001 6.50564803494378E+001
6.1243401 5.07888130746481E+001 6.27583941316629E+001
6.2234659 4.91576568673197E+001 6.05686021574847E+001
6.3226158 4.75959967863592E+001 5.84807663797196E+001
6.4217891 4.61001752080692E+001 5.64889801915180E+001
6.5209840 4.46667813995147E+001 5.45877706308153E+001
6.6202001 4.32925928760021E+001 5.27720093022294E+001
6.7194366 4.19745895907319E+001 5.10369215340374E+001
6.8186927 4.07099331452896E+001 4.93780499844780E+001
6.9179682 3.94959486524037E+001 4.77912229028837E+001
7.0172613 3.83301361332566E+001 4.62725618194393E+001
7.1165720 3.72101251609433E+001 4.48184158477093E+001
7.2158999 3.61336833681477E+001 4.34253671674197E+001
7.3152432 3.50987265940819E+001 4.20902387581225E+001
7.4146030 3.41032554728237E+001 4.08100077749401E+001
7.5139770 3.31454212224716E+001 3.95818861190736E+001
7.6133666 3.22234423717160E+001 3.84032094656234E+001
7.7127702 3.13356628897893E+001 3.72715083921202E+001
7.8121865 3.04805170791794E+001 3.61844600786115E+001
7.9116168 2.96565007887147E+001 3.51398489601723E+001
8.0110589 2.88622223821627E+001 3.41356288269854E+001
8.1105143 2.80963348068991E+001 3.31698343076013E+001
8.2099815 2.73575846799215E+001 3.22406408220412E+001
8.3094593 2.66447840672794E+001 3.13463268340044E+001
8.4089492 2.59567872229246E+001 3.04852429524215E+001
8.5084489 2.52925338263817E+001 2.96558644746777E+001
8.6079599 2.46509929414227E+001 2.88567197240365E+001
8.7074812 2.40312046618093E+001 2.80864407125065E+001
8.8070112 2.34322571220336E+001 2.73437331028769E+001
8.9065517 2.28532674464860E+001 2.66273514946453E+001
9.0061006 2.22934185979181E+001 2.59361440111626E+001
9.1056593 2.17519126790636E+001 2.52689935323284E+001
9.2052267 2.12280064389843E+001 2.46248606671757E+001
9.3048016 2.07209923219398E+001 2.40027594765081E+001
9.4043856 2.02301826781320E+001 2.34017373915886E+001
9.5039766 1.97549413156814E+001 2.28209131956247E+001
9.6035763 1.92946442360897E+001 2.22594282884492E+001
9.7031836 1.88487100552825E+001 2.17164832953014E+001
9.8027972 1.84165842153949E+001 2.11913181789504E+001
9.9024188 1.79977257602844E+001 2.06831956998620E+001
10.0020464 1.75916344802371E+001 2.01914339106630E+001
10.1016817 1.71978176294047E+001 1.97153653396778E+001
10.2013235 1.68158161164625E+001 1.92543683233941E+001
10.3009707 1.64451912267202E+001 1.88078505214826E+001
10.4006251 1.60855134418534E+001 1.83752351326925E+001
10.5002846 1.57363859017636E+001 1.79559888209841E+001
10.5999509 1.53974159850623E+001 1.75495872304564E+001
10.6996230 1.50682379643483E+001 1.71555419289484E+001
10.7992996 1.47485017446066E+001 1.67733866015185E+001
10.8989827 1.44378633321317E+001 1.64026654443108E+001
10.9986702 1.41360052051380E+001 1.60429572743775E+001
11.0983637 1.38426118844217E+001 1.56938461645589E+001
11.1980623 1.35573896201119E+001 1.53549447218240E+001
11.2977649 1.32800567671000E+001 1.50258824175518E+001
11.3974732 1.30103355990401E+001 1.47062957265040E+001
11.4971853 1.27479700724157E+001 1.43958490358529E+001
11.5969029 1.24927046988716E+001 1.40942094625381E+001
11.6966250 1.22443017275728E+001 1.38010670572007E+001
11.7963505 1.20025328627776E+001 1.35161248596505E+001
11.8960812 1.17671721856948E+001 1.32390904531619E+001
11.9958151 1.15380117106533E+001 1.29696941773877E+001
12.0955540 1.13148430104946E+001 1.27076673936236E+001
12.1952970 1.10974722761846E+001 1.24527600981390E+001
12.2950428 1.08857131445539E+001 1.22047323854597E+001
12.3947934 1.06793805407429E+001 1.19633471629452E+001
12.4945468 1.04783043557047E+001 1.17283860826017E+001
12.5943047 1.02823133834501E+001 1.14996306721935E+001
12.6940662 1.00912485731323E+001 1.12768777555492E+001
12.7938302 9.90495678250620E+000 1.10599320757365E+001
12.8935986 9.72328539150854E+000 1.08485999700192E+001
12.9933693 9.54609437417063E+000 1.06427033630817E+001
13.0931443 9.37324218985474E+000 1.04420632980821E+001
13.1929224 9.20459748935231E+000 1.02465134919916E+001
13.2927027 9.04003364596355E+000 1.00558939226944E+001
13.3924871 8.87942401975023E+000 9.87004530574150E+000
13.4922734 8.72265265135559E+000 9.68882143279931E+000
13.5920637 8.56960181469190E+000 9.51207472627780E+000
13.6918568 8.42016239504334E+000 9.33966820157081E+000
13.7916517 8.27422907778368E+000 9.17146986152127E+000
13.8914504 8.13169616532216E+000 9.00734784779716E+000
13.9912508 7.99246708319044E+000 8.84718136073152E+000
14.0910548 7.85644335330396E+000 8.69084793093157E+000
14.1908615 7.72353382658228E+000 8.53823401472666E+000
14.2906697 7.59365043129741E+000 8.38923006970699E+000
14.3904813 7.46670446235663E+000 8.24372627772757E+000
14.4902944 7.34261505963405E+000 8.10162224350891E+000
14.5901109 7.22129940213534E+000 7.96281573154873E+000
14.6899298 7.10268094862018E+000 7.82721208400005E+000
14.7897500 6.98668566491412E+000 7.69471987450442E+000
14.8895734 6.87323871912351E+000 7.56524711866918E+000
14.9893980 6.76227206722863E+000 7.43870991708629E+000
15.0892259 6.65371570160708E+000 7.31502244948291E+000
15.1890558 6.54750502928797E+000 7.19410537394565E+000
15.2888878 6.44357653091572E+000 7.07588085985307E+000
15.3887200 6.34187066844755E+000 6.96027588114311E+000
15.4885562 6.24232409013317E+000 6.84721334331586E+000
15.5883943 6.14488119376988E+000 6.73662521308165E+000
15.6882343 6.04948625468639E+000 6.62844355595597E+000
15.7880763 5.95608531832980E+000 6.52260267613087E+000
15.8879183 5.86462786108647E+000 6.41904098453950E+000
15.9877640 5.77505978702967E+000 6.31769305904362E+000
16.0876115 5.68733383305854E+000 6.21850141595968E+000
16.1874608 5.60140249770324E+000 6.12140849157513E+000
16.2873119 5.51721974875315E+000 6.02635856702238E+000
16.3871628 5.43474252754334E+000 5.93329945575478E+000
16.4870172 5.35392443824263E+000 5.84217537572746E+000
16.5868734 5.27472513687409E+000 5.75293753468071E+000
16.6867312 5.19710396050373E+000 5.66553693293369E+000
16.7865905 5.12102147170605E+000 5.57992609921015E+000
16.8864496 5.04644082402909E+000 5.49606061837669E+000
16.9863121 4.97332205929823E+000 5.41389271305320E+000
17.0861762 4.90163060212447E+000 5.33338078907464E+000
17.1860417 4.83133150391733E+000 5.25448295575587E+000
17.2859087 4.76239084303746E+000 5.17715859504665E+000
17.3857753 4.69477696687353E+000 5.10136974766931E+000
17.4856452 4.62845532483677E+000 5.02707531692959E+000
17.5855166 4.56339617289963E+000 4.95423969960062E+000
17.6853893 4.49956935922304E+000 4.88282693536662E+000
17.7852633 4.43694559633876E+000 4.81280212865051E+000
17.8851368 4.37549759330997E+000 4.74413270895078E+000
17.9850136 4.31519536226833E+000 4.67678318232073E+000
18.0848916 4.25601322318564E+000 4.61072295522300E+000
18.1847709 4.19792506820904E+000 4.54592103771051E+000
18.2846515 4.14090552007883E+000 4.48234733468784E+000
18.3845314 4.08493096615574E+000 4.41997379423546E+000
18.4844144 4.02997528488353E+000 4.35876964279641E+000
18.5842986 3.97601622889631E+000 4.29870849469947E+000
18.6841841 3.92303111379384E+000 4.23976354433692E+000
18.7840706 3.87099787517449E+000 4.18190874142071E+000
18.8839565 3.81989601485710E+000 4.12511983934941E+000
18.9838453 3.76970270083682E+000 4.06937005898744E+000
19.0837353 3.72039859658108E+000 4.01463656404087E+000
19.1836263 3.67196392725327E+000 3.96089608644848E+000
19.2835185 3.62437944617706E+000 3.90812599831424E+000
19.3834098 3.57762730232444E+000 3.85630527087910E+000
19.4833041 3.53168747341042E+000 3.80541051921623E+000
19.5831994 3.48654310051563E+000 3.75542191305576E+000
19.6830957 3.44217689092213E+000 3.70631918713790E+000
19.7829930 3.39857200348302E+000 3.65808262089492E+000
19.8828894 3.35571284536225E+000 3.61069391730087E+000
19.9827887 3.31358180307672E+000 3.56413258708943E+000
20.0826889 3.27216413414668E+000 3.51838135563198E+000
20.1825901 3.23144467093618E+000 3.47342251636443E+000
20.2824922 3.19140863324720E+000 3.42923882791189E+000
20.3823934 3.15204236135581E+000 3.38581432097542E+000
20.4822973 3.11333031421345E+000 3.34313098600907E+000
20.5822022 3.07525956345826E+000 3.30117372909091E+000
20.6821079 3.03781676711183E+000 3.25992703193311E+000
20.7820145 3.00098891672099E+000 3.21937577495589E+000
20.8819201 2.96476401291817E+000 3.17950597940544E+000
20.9818284 2.92912830376318E+000 3.14030176696697E+000
21.0817375 2.89407042097732E+000 3.10174991101166E+000
21.1816475 2.85957859616540E+000 3.06383677129727E+000
21.2815583 2.82564134896675E+000 3.02654905047496E+000
21.3814680 2.79224811065759E+000 2.98987447779564E+000
21.4813803 2.75938667885275E+000 2.95379901301754E+000
21.5812935 2.72704703110918E+000 2.91831103378483E+000
21.6812074 2.69521875962120E+000 2.88339851705705E+000
21.7811221 2.66389170609550E+000 2.84904973564831E+000
21.8810357 2.63305653829456E+000 2.81525388915171E+000
21.9809519 2.60270240010925E+000 2.78199852783163E+000
22.0808688 2.57282043360163E+000 2.74927341204353E+000
22.1807864 2.54340141094800E+000 2.71706791580436E+000
22.2807048 2.51443632110372E+000 2.68537166919764E+000
22.3806219 2.48591690364623E+000 2.65417514151159E+000
22.4805416 2.45783347564364E+000 2.62346726367563E+000
22.5804621 2.43017818967207E+000 2.59323899144495E+000
22.6803832 2.40294284422519E+000 2.56348090942906E+000
22.7803050 2.37611942666957E+000 2.53418382453103E+000
22.8802255 2.34970060827257E+000 2.50533930574190E+000
22.9801486 2.32367773138692E+000 2.47693748615962E+000
23.0800723 2.29804382790378E+000 2.44897035803570E+000
23.1799967 2.27279159146789E+000 2.42142955808871E+000
23.2799217 2.24791388073050E+000 2.39430691656697E+000
23.3798454 2.22340417903275E+000 2.36759495765783E+000
23.4797716 2.19925472724856E+000 2.34128486427618E+000
23.5796984 2.17545932445447E+000 2.31536952991917E+000
23.6796259 2.15201144713433E+000 2.28984150826698E+000
23.7795539 2.12890471630472E+000 2.26469352195282E+000
23.8794806 2.10613332496009E+000 2.23991892712146E+000
23.9794098 2.08369030350645E+000 2.21550982604264E+000
24.0793395 2.06157012208603E+000 2.19145989797436E+000
24.1792698 2.03976694356480E+000 2.16776249794417E+000
24.2792007 2.01827505772654E+000 2.14441112886828E+000
24.3791302 1.99708927926491E+000 2.12139987342128E+000
24.4790621 1.97620333413195E+000 2.09872164115859E+000
24.5789946 1.95561228090197E+000 2.07637079819026E+000
24.6789277 1.93531088574318E+000 2.05434140168453E+000
24.7788612 1.91529402654352E+000 2.03262763859046E+000
24.8787934 1.89555706395160E+000 2.01122422765284E+000
24.9787279 1.87609433818482E+000 1.99012478915215E+000
25.0786630 1.85690142501233E+000 1.96932429108960E+000
25.1785986 1.83797362214727E+000 1.94881740739620E+000
25.2785347 1.81930632587392E+000 1.92859892617289E+000
25.3784693 1.80089537738921E+000 1.90866412439528E+000
25.4784064 1.78273566068872E+000 1.88900724962820E+000
25.5783439 1.76482320715938E+000 1.86962379857811E+000
25.6782819 1.74715378391500E+000 1.85050898825412E+000
25.7782204 1.72972324523528E+000 1.83165813633970E+000
25.8781574 1.71252785623757E+000 1.81306701087659E+000
25.9780968 1.69556298340563E+000 1.79473041440830E+000
26.0780366 1.67882506038007E+000 1.77664430913223E+000
26.1779769 1.66231026971704E+000 1.75880439136928E+000
26.2779176 1.64601487122034E+000 1.74120644641685E+000
26.3778568 1.62993550477661E+000 1.72384667527479E+000
26.4777984 1.61406796592791E+000 1.70672037263928E+000
26.5777404 1.59840904420676E+000 1.68982391145424E+000
26.6776829 1.58295529064384E+000 1.67315341202451E+000
26.7776257 1.56770332487146E+000 1.65670507346568E+000
26.8775671 1.55265011877998E+000 1.64047547933442E+000
26.9775108 1.53779185027617E+000 1.62446036174786E+000
27.0774549 1.52312562440955E+000 1.60865645686755E+000
27.1773994 1.50864831970386E+000 1.59306026085448E+000
27.2773442 1.49435687572961E+000 1.57766833982428E+000
27.3772876 1.48024855908388E+000 1.56247761606566E+000
27.4772333 1.46631988913366E+000 1.54748421131657E+000
27.5771793 1.45256825120267E+000 1.53268518359118E+000
27.6771257 1.43899081546632E+000 1.51807736293964E+000
27.7770725 1.42558480653021E+000 1.50365764163307E+000
27.8770178 1.41234775309652E+000 1.48942324249520E+000
27.9769653 1.39927648007610E+000 1.47537063503663E+000
28.0769132 1.38636862223508E+000 1.46149716303921E+000
28.1768615 1.37362160998378E+000 1.44779995376106E+000
28.2768101 1.36103292235526E+000 1.43427618991214E+000
28.3767572 1.34860032159686E+000 1.42092336148251E+000
28.4767065 1.33632090655601E+000 1.40773824903223E+000
28.5766562 1.32419253440992E+000 1.39471845056043E+000
28.6766062 1.31221286820556E+000 1.38186135839892E+000
28.7765565 1.30037961450451E+000 1.36916441439328E+000
28.8765053 1.28869074402687E+000 1.35662534648445E+000
28.9764563 1.27714360168110E+000 1.34424121398277E+000
29.0764077 1.26573624330642E+000 1.33200984145858E+000
29.1763593 1.25446654029160E+000 1.31992885810434E+000
29.2763113 1.24333240303752E+000 1.30799593740595E+000
29.3762617 1.23233198868118E+000 1.29620901962122E+000
29.4762144 1.22146286355581E+000 1.28456541434017E+000
29.5761673 1.21072326125522E+000 1.27306314842813E+000
29.6761206 1.20011124007925E+000 1.26170006311507E+000
29.7760741 1.18962489336343E+000 1.25047403932550E+000
29.8760261 1.17926254522083E+000 1.23938320709569E+000
29.9759803 1.16902196159170E+000 1.22842510114617E+000
30.0759347 1.15890153538241E+000 1.21759792927639E+000
30.1758895 1.14889949286242E+000 1.20689972286824E+000
30.2758445 1.13901409181821E+000 1.19632854893850E+000
30.3757980 1.12924380617003E+000 1.18588270744544E+000
30.4757536 1.11958658210537E+000 1.17555993597908E+000
30.5757095 1.11004095554489E+000 1.16535860444013E+000
30.6756657 1.10060530395428E+000 1.15527691502813E+000
30.7756221 1.09127803319668E+000 1.14531310198686E+000
30.8755770 1.08205775180890E+000 1.13546561766901E+000
30.9755340 1.07294256901389E+000 1.12573238279013E+000
31.0754913 1.06393114931650E+000 1.11611191271624E+000
31.1754469 1.05502217545919E+000 1.10660274367751E+000
31.2754067 1.04621367996431E+000 1.09720271946100E+000
31.3753629 1.03750489940573E+000 1.08791097029180E+000
31.4753231 1.02889375843440E+000 1.07872522794369E+000
31.5752798 1.02037952728621E+000 1.06964466111218E+000
31.6752368 1.01196051256785E+000 1.06066741189662E+000
31.7751978 1.00363505857719E+000 1.05179166419962E+000
31.8751552 9.95402483247837E-001 1.04301664118909E+000
31.9751168 9.87260863427059E-001 1.03434024431533E+000
32.0750747 9.79209547088143E-001 1.02576173102867E+000
32.1750329 9.71246970182028E-001 1.01727938803676E+000
32.2749952 9.63371603165337E-001 1.00889154024752E+000
32.3749539 9.55582836599309E-001 1.00059749368155E+000
32.4749166 9.47878886063583E-001 9.92395304168579E-001
32.5748758 9.40259168955198E-001 9.84284308314349E-001
32.6748352 9.32722238842349E-001 9.76262924084317E-001
32.7747986 9.25266680929115E-001 9.68329604405139E-001
32.8747585 9.17891950677705E-001 9.60483729238280E-001
32.9747223 9.10596390315395E-001 9.52723495091854E-001
33.0746827 9.03379479302303E-001 9.45048309243485E-001
33.1746432 8.96239878316312E-001 9.37456708978973E-001
33.2746078 8.89176277081476E-001 9.29947263628311E-001
33.3745687 8.82188189114154E-001 9.22519419210968E-001
33.4745337 8.75274072424391E-001 9.15171500620599E-001
33.5744951 8.68433462009256E-001 9.07902978298290E-001
33.6744568 8.61665116225962E-001 9.00712498158036E-001
33.7744224 8.54967820137130E-001 8.93598735526658E-001
33.8743844 8.48341139237758E-001 8.86561195498807E-001
33.9743505 8.41783637536647E-001 8.79598320305761E-001
34.0743130 8.35294899773747E-001 8.72709636897179E-001
34.1742756 8.28873773508547E-001 8.65893890222721E-001
34.2742423 8.22519130886870E-001 8.59149852267283E-001
34.3742054 8.16230583984083E-001 8.52477081006530E-001
34.4741725 8.10006793983144E-001 8.45874126064024E-001
34.5741359 8.03847390216013E-001 8.39340564991533E-001
34.6740996 7.97751301812540E-001 8.32875233154548E-001
34.7740673 7.91717480567597E-001 8.26476990802108E-001
34.8740313 7.85745580334226E-001 8.20145443288927E-001
34.9739994 7.79834351498069E-001 8.13879238663802E-001
35.0739638 7.73983463398219E-001 8.07677999831436E-001
35.1739284 7.68191919853508E-001 8.01540644815310E-001
35.2738971 7.62458745603178E-001 7.95466114572190E-001
35.3738621 7.56783631999850E-001 7.89454056942375E-001
35.4738310 7.51165411420243E-001 7.83503210302385E-001
35.5737964 7.45603789124538E-001 7.77613238238878E-001
35.6737620 7.40097837406789E-001 7.71783134440663E-001
35.7737315 7.34646647895005E-001 7.66011913759483E-001
35.8736974 7.29249945626032E-001 7.60299262163530E-001
35.9736673 7.23906638433998E-001 7.54644001033735E-001
36.0736335 7.18616463854405E-001 7.49045830477107E-001
36.1735999 7.13378557037602E-001 7.43503813535515E-001
36.2735704 7.08192071023222E-001 7.38017032804377E-001
36.3735371 7.03056761125759E-001 7.32585208494515E-001
36.4735079 6.97971604708904E-001 7.27207238358420E-001
36.5734750 6.92936368326853E-001 7.21882855311276E-001
36.6734423 6.87950244898149E-001 7.16611186041730E-001
36.7734135 6.83012443913253E-001 7.11391375326852E-001
36.8733811 6.78122747919331E-001 7.06223174152004E-001
36.9733527 6.73280198424008E-001 7.01105550625182E-001
37.0733206 6.68484588087985E-001 6.96038267154663E-001
37.1732887 6.63735162984322E-001 6.91020508910175E-001
37.2732608 6.59031184555103E-001 6.86051477814209E-001
37.3732292 6.54372459855521E-001 6.81130952527522E-001
37.4732015 6.49758089637537E-001 6.76257966049378E-001
37.5731702 6.45187890061432E-001 6.71432307317437E-001
37.6731391 6.40661156165760E-001 6.66653215299778E-001
37.7731119 6.36177197258315E-001 6.61919944497993E-001
37.8730811 6.31735842461771E-001 6.57232298475765E-001
37.9730543 6.27336247309155E-001 6.52589370153896E-001
38.0730237 6.22978249124313E-001 6.47990972347013E-001
38.1729934 6.18661188102937E-001 6.43436393570994E-001
38.2729669 6.14384417703157E-001 6.38924936760764E-001
38.3729369 6.10147786926925E-001 6.34456427900158E-001
38.4729107 6.05950502017325E-001 6.30030015305553E-001
38.5728809 6.01792419366466E-001 6.25645533292299E-001
38.6728513 5.97672920860536E-001 6.21302316060798E-001
38.7728256 5.93591400725358E-001 6.16999711210517E-001
38.8727962 5.89547725878321E-001 6.12737564919848E-001
38.9727708 5.85541149554715E-001 6.08515076773613E-001
39.0727417 5.81571545333760E-001 6.04332100456984E-001
39.1727127 5.77638333632691E-001 6.00188012339143E-001
39.2726877 5.73740946361526E-001 5.96082201253678E-001
39.3726590 5.69879266589015E-001 5.92014531576585E-001
39.4726343 5.66052591143185E-001 5.87984250392962E-001
39.5726059 5.62260809099965E-001 5.83991228845082E-001
39.6725776 5.58503376524698E-001 5.80034882267504E-001
39.7725533 5.54779760197447E-001 5.76114637601655E-001
39.8725252 5.51089857752294E-001 5.72230375627678E-001
39.9725012 5.47433006497964E-001 5.68381387486297E-001
40.0724734 5.43809109486784E-001 5.64567560058470E-001
40.1724458 5.40217655798500E-001 5.60788344721774E-001
40.2724221 5.36658144511904E-001 5.57043203672965E-001
40.3723947 5.33130486399261E-001 5.53332032484208E-001
40.4723712 5.29634056397764E-001 5.49654163199178E-001
40.5723441 5.26168770167682E-001 5.46009496892309E-001
40.6723171 5.22734147394401E-001 5.42397518315111E-001
40.7722940 5.19329717103324E-001 5.38817722313893E-001
40.8722673 5.15955401919675E-001 5.35270017802472E-001
40.9722444 5.12610611792059E-001 5.31753774838674E-001
41.0722179 5.09295273755933E-001 5.28268907299791E-001
41.1721915 5.06008935896828E-001 5.24814930870683E-001
41.2721690 5.02751155032766E-001 5.21391370664110E-001
41.3721428 4.99521864483633E-001 5.17998147629651E-001
41.4721206 4.96320506805500E-001 5.14634667189236E-001
41.5720946 4.93147019297673E-001 5.11300854770523E-001
41.6720688 4.90000976424247E-001 5.07996254757583E-001
41.7720469 4.86881960821161E-001 5.04720420347731E-001
41.8720213 4.83789915458283E-001 5.01473283349583E-001
41.9719996 4.80724313288587E-001 4.98254282115442E-001
42.0719743 4.77685100872609E-001 4.95063352494387E-001
42.1719490 4.74671877198035E-001 4.91900065522298E-001
42.2719276 4.71684248906467E-001 4.88764000481183E-001
42.3719026 4.68722167674886E-001 4.85655098977567E-001
42.4718815 4.65785134818278E-001 4.82572830056637E-001
42.5718566 4.62873105253263E-001 4.79517138970554E-001
42.6718319 4.59985700787239E-001 4.76487621528722E-001
42.7718111 4.57122550402571E-001 4.73483881262871E-001
42.8717866 4.54283613631816E-001 4.70505868619877E-001
42.9717660 4.51468418276851E-001 4.67553081278539E-001
43.0717417 4.48676926792694E-001 4.64625472974905E-001
43.1717175 4.45908782239774E-001 4.61722662566957E-001
43.2716972 4.43163634410143E-001 4.58844276150713E-001
43.3716732 4.40441449922380E-001 4.55990272148715E-001
43.4716531 4.37741781335624E-001 4.53160174976162E-001
43.5716293 4.35064597904159E-001 4.50353946022733E-001
43.6716056 4.32409562499469E-001 4.47571225609238E-001
43.7715858 4.29776344313888E-001 4.44811660846323E-001
43.8715623 4.27164916356143E-001 4.42075217350877E-001
43.9715428 4.24574854345630E-001 4.39361444524821E-001
44.0715195 4.22006133667374E-001 4.36670310661063E-001
44.1714963 4.19458435675436E-001 4.34001476084001E-001
44.2714770 4.16931447663762E-001 4.31354607492659E-001
44.3714539 4.14425148401619E-001 4.28729676991852E-001
44.4714348 4.11939135292691E-001 4.26126257355002E-001
44.5714120 4.09473389247748E-001 4.23544323099627E-001
44.6713893 4.07027608878341E-001 4.20983553209565E-001
44.7713704 4.04601498382257E-001 4.18443632658269E-001
44.8713479 4.02195041719355E-001 4.15924539399414E-001
44.9713293 3.99807856612195E-001 4.13425868085376E-001
45.0713069 3.97439928949518E-001 4.10947598844232E-001
45.1712846 3.95090973469563E-001 4.08489428079944E-001
45.2712662 3.92760710168218E-001 4.06051057828745E-001
45.3712441 3.90449127679728E-001 4.03632471314725E-001
45.4712259 3.88155862781245E-001 4.01233283688718E-001
45.5712040 3.85880905843260E-001 3.98853480133440E-001
45.6711822 3.83623986685975E-001 3.96492773329241E-001
45.7711643 3.81384840081669E-001 3.94150881256779E-001
45.8711426 3.79163458871233E-001 3.91827791886716E-001
45.9711248 3.76959497714691E-001 3.89523139590299E-001
46.0711034 3.74772951014570E-001 3.87236914101350E-001
46.1710820 3.72603562706971E-001 3.84968843320108E-001
46.2710644 3.70451081395660E-001 3.82718660138457E-001
46.3710432 3.68315503704151E-001 3.80486356799024E-001
46.4710259 3.66196501088461E-001 3.78271585709195E-001
46.5710048 3.64094071575414E-001 3.76074340697593E-001
46.6709838 3.62007972322900E-001 3.73894363907563E-001
46.7709667 3.59937964891527E-001 3.71731402186840E-001
46.8709459 3.57884049302911E-001 3.69585451619815E-001
46.9709290 3.55845912799985E-001 3.67456181551653E-001
47.0709083 3.53823556664055E-001 3.65343589492116E-001
47.1708877 3.51816750446571E-001 3.63247430923756E-001
47.2708710 3.49825267854689E-001 3.61167465765972E-001
47.3708506 3.47849111959286E-001 3.59103693554820E-001
47.4708341 3.45887984852588E-001 3.57055799553681E-001
47.5708138 3.43941890734843E-001 3.55023784578292E-001
47.6707936 3.42010610783217E-001 3.53007416613255E-001
47.7707773 3.40093930100096E-001 3.51006467830614E-001
47.8707573 3.38191854489056E-001 3.49020940864230E-001
47.9707411 3.36304100019654E-001 3.47050535948467E-001
48.0707212 3.34430673506546E-001 3.45095256864677E-001
48.1707014 3.32571367040162E-001 3.43154883323501E-001
48.2706855 3.30725976420920E-001 3.41229198990348E-001
48.3706658 3.28894509897735E-001 3.39318209275782E-001
48.4706500 3.27076696705936E-001 3.37421628504385E-001
48.5706305 3.25272545998127E-001 3.35539463114237E-001
48.6706110 3.23481860116407E-001 3.33671503822103E-001
48.7705955 3.21704444911725E-001 3.31817545082261E-001
48.8705762 3.19940310817419E-001 3.29977594790525E-001
48.9705608 3.18189199478656E-001 3.28151380542061E-001
49.0705416 3.16451122134939E-001 3.26338911151281E-001
49.1705225 3.14725890765191E-001 3.24539987672642E-001
49.2705073 3.13013320669065E-001 3.22754414695112E-001
49.3704883 3.11313424227380E-001 3.20982202335140E-001
49.4704733 3.09625954790448E-001 3.19223090695122E-001
49.5704545 3.07950925456672E-001 3.17477090711200E-001
49.6704357 3.06288157269949E-001 3.15744013154412E-001
49.7704208 3.04637474418833E-001 3.14023672140464E-001
49.8704022 3.02998891016401E-001 3.12316079766151E-001
49.9703875 3.01372171460698E-001 3.10620987929589E-001
50.0703690 2.99757330501925E-001 3.08938409457438E-001
50.1703506 2.98154197716683E-001 3.07268164259710E-001
50.2703361 2.96562605661316E-001 3.05610075413435E-001
50.3703178 2.94982569985650E-001 3.03964156777498E-001
50.4703034 2.93413865521694E-001 3.02330171382055E-001
50.5702853 2.91856508483299E-001 3.00708133734265E-001
50.6702672 2.90310336483978E-001 2.99097872345571E-001
50.7702530 2.88775189962409E-001 2.97499218728051E-001
50.8702350 2.87251085927549E-001 2.95912188304430E-001
50.9702209 2.85737809071922E-001 2.94336554617359E-001
51.0702031 2.84235376902100E-001 2.92772333663714E-001
51.1701853 2.82743634606349E-001 2.91219362055718E-001
51.2701714 2.81262430053106E-001 2.89677479250303E-001
51.3701538 2.79791781449094E-001 2.88146702053930E-001
51.4701400 2.78331482811188E-001 2.86626813942973E-001
51.5701225 2.76881552783388E-001 2.85117832230703E-001
51.6701050 2.75441843697594E-001 2.83619601163502E-001
51.7700914 2.74012210429787E-001 2.82131967686221E-001
51.8700741 2.72592672237852E-001 2.80654949825432E-001
51.9700606 2.71183031961354E-001 2.79188340450159E-001
52.0700434 2.69783309240642E-001 2.77732158032611E-001
52.1700263 2.68393363148805E-001 2.76286254018100E-001
52.2700130 2.67013055175191E-001 2.74850482413156E-001
52.3699959 2.65642405495666E-001 2.73424862315821E-001
52.4699827 2.64281225302785E-001 2.72009195481574E-001
52.5699658 2.62929535105088E-001 2.70603501398514E-001
52.6699489 2.61587200340908E-001 2.69207638304649E-001
52.7699359 2.60254088744712E-001 2.67821466870314E-001
52.8699192 2.58930221289372E-001 2.66445007129975E-001
52.9699063 2.57615417080352E-001 2.65078069251685E-001
53.0698897 2.56309697377979E-001 2.63720673609483E-001
53.1698731 2.55012933634416E-001 2.62372684854643E-001
53.2698603 2.53724999484973E-001 2.61033969949634E-001
53.3698439 2.52445916589667E-001 2.59704549742691E-001
53.4698313 2.51175511554267E-001 2.58384242370483E-001
53.5698149 2.49913806285182E-001 2.57073068974966E-001
53.6697986 2.48660677919683E-001 2.55770900266034E-001
53.7697861 2.47416005671866E-001 2.54477609150871E-001
53.8697699 2.46179811789137E-001 2.53193217180084E-001
53.9697576 2.44951929990477E-001 2.51917550042769E-001
54.0697415 2.43732382732408E-001 2.50650629541620E-001
54.1697254 2.42521052529625E-001 2.49392332113455E-001
54.2697133 2.41317823873524E-001 2.48142536285197E-001
54.3696973 2.40122719508355E-001 2.46901264208676E-001
54.4696852 2.38935579902912E-001 2.45668348735007E-001
54.5696694 2.37756427976736E-001 2.44443812230311E-001
54.6696536 2.36585151333756E-001 2.43227536547888E-001
54.7696417 2.35421639460268E-001 2.42019405530226E-001
54.8696260 2.34265915515213E-001 2.40819441838570E-001
54.9696142 2.33117826375821E-001 2.39627485119569E-001
55.0695986 2.31977395345641E-001 2.38443558214459E-001
55.1695831 2.30844514847745E-001 2.37267548102291E-001
55.2695714 2.29719079098631E-001 2.36099343656222E-001
55.3695560 2.28601111597418E-001 2.34938967963600E-001
55.4695444 2.27490465308896E-001 2.33786267122389E-001
55.5695291 2.26387163848976E-001 2.32641264368812E-001
55.6695138 2.25291104206581E-001 2.31503851535220E-001
55.7695023 2.24202185080153E-001 2.30373922258436E-001
55.8694872 2.23120430241449E-001 2.29251499976354E-001
55.9694758 2.22045698441020E-001 2.28136436914719E-001
56.0694607 2.20978013542209E-001 2.27028756632087E-001
56.1694457 2.19917276862101E-001 2.25928355558630E-001
56.2694345 2.18863391348113E-001 2.24835131844447E-001
56.3694196 2.17816380983447E-001 2.23749109209475E-001
56.4694085 2.16776110020393E-001 2.22670145702982E-001
56.5693936 2.15742602510917E-001 2.21598265140006E-001
56.6693788 2.14715763877102E-001 2.20533368308832E-001
56.7693678 2.13695501096562E-001 2.19475357637871E-001
56.8693531 2.12681838308558E-001 2.18424257067049E-001
56.9693423 2.11674644999660E-001 2.17379930182841E-001
57.0693276 2.10673945357242E-001 2.16342400997124E-001
57.1693130 2.09679648698714E-001 2.15311574431241E-001
57.2693023 2.08691665826338E-001 2.14287356971313E-001
57.3692878 2.07710020985331E-001 2.13269772721064E-001
57.4692772 2.06734588644542E-001 2.12258690534594E-001
57.5692628 2.05765393078635E-001 2.11254134566634E-001
57.6692484 2.04802347303248E-001 2.10256013660176E-001
57.7692379 2.03845365752052E-001 2.09264238151784E-001
57.8692236 2.02894472730937E-001 2.08278832258160E-001
57.9692132 2.01949547453465E-001 2.07299669847044E-001
58.0691990 2.01010614238119E-001 2.06326775167205E-001
58.1691849 2.00077589613384E-001 2.05360060784564E-001
58.2691746 1.99150391462558E-001 2.04399440691301E-001
58.3691605 1.98229044111337E-001 2.03444939171155E-001
58.4691503 1.97313431293898E-001 2.02496434866090E-001
58.5691363 1.96403577333326E-001 2.01553952074810E-001
58.6691224 1.95499402096479E-001 2.00617406899271E-001
58.7691123 1.94600826745205E-001 1.99686716804019E-001
58.8690985 1.93707875588147E-001 1.98761906098350E-001
58.9690885 1.92820436668604E-001 1.97842857972643E-001
59.0690747 1.91938534278913E-001 1.96929596735731E-001
59.1690610 1.91062091460028E-001 1.96022041849735E-001
59.2690511 1.90191032491230E-001 1.95120114079109E-001
59.3690374 1.89325381630930E-001 1.94223837721308E-001
59.4690277 1.88465031031828E-001 1.93333100302015E-001
59.5690141 1.87610004923713E-001 1.92447926104323E-001
59.6690006 1.86760229366850E-001 1.91568237784928E-001
59.7689909 1.85915631606157E-001 1.90693959245799E-001
59.8689774 1.85076235819979E-001 1.89825114738867E-001
59.9689678 1.84241938081726E-001 1.88961595923907E-001
60.0689545 1.83412762530061E-001 1.88103427025978E-001
60.1689411 1.82588638098664E-001 1.87250533740356E-001
60.2689316 1.81769494854979E-001 1.86402842953535E-001
60.3689184 1.80955356870515E-001 1.85560378841632E-001
60.4689090 1.80146123961024E-001 1.84723037008417E-001
60.5688958 1.79341820148417E-001 1.83890841591904E-001
60.6688827 1.78542377102183E-001 1.83063721178911E-001
60.7688734 1.77747727577315E-001 1.82241605496243E-001
60.8688603 1.76957895514508E-001 1.81424518617010E-001
60.9688511 1.76172784303153E-001 1.80612359909301E-001
61.0688381 1.75392417825485E-001 1.79805153398056E-001
61.1688251 1.74616730356951E-001 1.79002830422975E-001
61.2688160 1.73845657212711E-001 1.78205323415152E-001
61.3688031 1.73079222181224E-001 1.77412656320337E-001
61.4687941 1.72317332065883E-001 1.76624732101011E-001
61.5687813 1.71560010588782E-001 1.75841574645746E-001
61.6687685 1.70807194508731E-001 1.75063117916285E-001
61.7687596 1.70058821580789E-001 1.74289296919666E-001
61.8687469 1.69314915422082E-001 1.73520135452503E-001
61.9687381 1.68575386098877E-001 1.72755539910890E-001
62.0687254 1.67840257154902E-001 1.71995534026229E-001
62.1687128 1.67109467716535E-001 1.71240054258789E-001
62.2687041 1.66382957865117E-001 1.70489038070378E-001
62.3686916 1.65660751029476E-001 1.69742509089063E-001
62.4686829 1.64942760395601E-001 1.69000376992347E-001
62.5686704 1.64229009312687E-001 1.68262665335933E-001
62.6686580 1.63519439165242E-001 1.67529312961957E-001
62.7686494 1.62813992253512E-001 1.66800259672538E-001
62.8686371 1.62112691802998E-001 1.66075528909938E-001
62.9686286 1.61415453983758E-001 1.65355033488915E-001
63.0686163 1.60722301936156E-001 1.64638796773021E-001
63.1686040 1.60033179199357E-001 1.63926759876019E-001
63.2685918 1.59348056250822E-001 1.63218891756482E-001
63.3685872 1.58666852011012E-001 1.62515108115604E-001
63.4685751 1.57989641411753E-001 1.61815485842840E-001
63.5685630 1.57316343585366E-001 1.61119940869627E-001
63.6685509 1.56646930036716E-001 1.60428443244158E-001
63.7685388 1.55981372520932E-001 1.59740963279983E-001
63.8685344 1.55319592699441E-001 1.59057419557586E-001
63.9685224 1.54661663791875E-001 1.58377887205290E-001
64.0685105 1.54007507656465E-001 1.57702285017516E-001
64.1684986 1.53357097023978E-001 1.57030584342061E-001
64.2684867 1.52710404862884E-001 1.56362756778647E-001
64.3684824 1.52067355459294E-001 1.55698723663670E-001
64.4684706 1.51428020363713E-001 1.55038558408409E-001
64.5684588 1.50792324045016E-001 1.54382182547998E-001
64.6684470 1.50160240398519E-001 1.53729568664239E-001
64.7684353 1.49531743545392E-001 1.53080689578194E-001
64.8684312 1.48906760286044E-001 1.52435469265109E-001
64.9684195 1.48285360543969E-001 1.51793979462375E-001
65.0684079 1.47667471289250E-001 1.51156144329803E-001
65.1683963 1.47053067523887E-001 1.50521937621365E-001
65.2683847 1.46442124464562E-001 1.49891333318361E-001
65.3683808 1.45834571321145E-001 1.49264257923758E-001
65.4683692 1.45230476431287E-001 1.48640781543273E-001
65.5683578 1.44629769162319E-001 1.48020830851229E-001
65.6683463 1.44032425568340E-001 1.47404380715464E-001
65.7683349 1.43438421907584E-001 1.46791406219882E-001
65.8683311 1.42847689699767E-001 1.46181836289646E-001
65.9683197 1.42260295736919E-001 1.45575739440065E-001
66.0683084 1.41676171684826E-001 1.44973044755328E-001
66.1682971 1.41095294598158E-001 1.44373728162136E-001
66.2682858 1.40517641725773E-001 1.43777765792633E-001
66.3682821 1.39943146802543E-001 1.43185088893911E-001
66.4682709 1.39371875114150E-001 1.42595764431186E-001
66.5682597 1.38803760530908E-001 1.42009723799080E-001
66.6682485 1.38238781059412E-001 1.41426943931245E-001
66.7682374 1.37676914891039E-001 1.40847401956746E-001
66.8682339 1.37118097885777E-001 1.40271031349307E-001
66.9682228 1.36562393861289E-001 1.39697897563420E-001
67.0682118 1.36009738803082E-001 1.39127934209608E-001
67.1682007 1.35460111623716E-001 1.38561119179461E-001
67.2681897 1.34913491411654E-001 1.37997430550512E-001
67.3681864 1.34369816066331E-001 1.37436803932489E-001
67.4681754 1.33829147974789E-001 1.36879303307594E-001
67.5681645 1.33291425152720E-001 1.36324864412346E-001
67.6681536 1.32756627375222E-001 1.35773466049973E-001
67.7681428 1.32224734584897E-001 1.35225087200701E-001
67.8681396 1.31695686639094E-001 1.34679665524058E-001
67.9681288 1.31169544530708E-001 1.34137263567449E-001
68.0681180 1.30646248224697E-001 1.33597819107843E-001
68.1681072 1.30125778317636E-001 1.33061311816361E-001
68.2680965 1.29608115565665E-001 1.32527721532665E-001
68.3680934 1.29093201706416E-001 1.31996987884032E-001
68.4680827 1.28581096374193E-001 1.31469172019645E-001
68.5680721 1.28071741406164E-001 1.30944213675499E-001
68.6680615 1.27565118181547E-001 1.30422093349249E-001
68.7680509 1.27061208231615E-001 1.29902791699092E-001
68.8680479 1.26559955100335E-001 1.29386250241946E-001
68.9680374 1.26061417098080E-001 1.28872528764424E-001
69.0680269 1.25565537860817E-001 1.28361568884014E-001
69.1680164 1.25072299513663E-001 1.27853351885791E-001
69.2680059 1.24581684326681E-001 1.27347859207806E-001
69.3680031 1.24093637579715E-001 1.26845034182215E-001
69.4679927 1.23608216292976E-001 1.26344935267818E-001
69.5679823 1.23125365831263E-001 1.25847505889734E-001
69.6679719 1.22645069030815E-001 1.25352728083450E-001
69.7679615 1.22167308866087E-001 1.24860584030273E-001
69.8679589 1.21692032285625E-001 1.24371018806705E-001
69.9679486 1.21219295052381E-001 1.23884089577601E-001
70.0679383 1.20749044193278E-001 1.23399741505317E-001
70.1679281 1.20281263222746E-001 1.22917957340733E-001
70.2679178 1.19815935787054E-001 1.22438719973764E-001
70.3679153 1.19353010439399E-001 1.21961976157684E-001
70.4679051 1.18892541717512E-001 1.21487781796396E-001
70.5678949 1.18434478246817E-001 1.21016083722388E-001
70.6678848 1.17978804188743E-001 1.20546865368765E-001
70.7678747 1.17525503830513E-001 1.20080110301250E-001
70.8678723 1.17074527268863E-001 1.19615766885451E-001
70.9678622 1.16625927847504E-001 1.19153889796449E-001
71.0678522 1.16179655729662E-001 1.18694427472867E-001
71.1678422 1.15735695694198E-001 1.18237363998622E-001
71.2678322 1.15294032640047E-001 1.17782683584172E-001
71.3678299 1.14854618149165E-001 1.17330336145983E-001
71.4678200 1.14417504401622E-001 1.16880375161614E-001
71.5678100 1.13982643040499E-001 1.16432750614754E-001
71.6678002 1.13550019434070E-001 1.15987447210371E-001
71.7677903 1.13119619065257E-001 1.15544449774209E-001
71.8677881 1.12691394945559E-001 1.15103709714934E-001
71.9677783 1.12265398120973E-001 1.14665279343047E-001
72.0677685 1.11841581659112E-001 1.14229110129024E-001
72.1677587 1.11419931491091E-001 1.13795187370671E-001
72.2677489 1.11000433657522E-001 1.13363496481101E-001
72.3677468 1.10583042546276E-001 1.12933990305181E-001
72.4677371 1.10167808098055E-001 1.12506720016013E-001
72.5677275 1.09754684752161E-001 1.12081638515214E-001
72.6677178 1.09343658977339E-001 1.11658731666674E-001
72.7677082 1.08934717346948E-001 1.11237985444403E-001
72.8677062 1.08527815574431E-001 1.10819354075989E-001
72.9676966 1.08123002523201E-001 1.10402887626001E-001
73.0676870 1.07720233953754E-001 1.09988540374053E-001
73.1676774 1.07319496848545E-001 1.09576298724735E-001
73.2676679 1.06920778290008E-001 1.09166149187848E-001
73.3676660 1.06524035268600E-001 1.08758047322605E-001
73.4676565 1.06129315597706E-001 1.08352042113137E-001
73.5676471 1.05736576310747E-001 1.07948089166272E-001
73.6676376 1.05345804881180E-001 1.07546175403222E-001
73.7676282 1.04956988878037E-001 1.07146287845741E-001
73.8676264 1.04570086522376E-001 1.06748383335847E-001
73.9676171 1.04185144604064E-001 1.06352509804569E-001
74.0676077 1.03802121383305E-001 1.05958624137410E-001
74.1675984 1.03421004802989E-001 1.05566713749346E-001
74.2675890 1.03041782897400E-001 1.05176766151461E-001
74.3675874 1.02664415073807E-001 1.04788739421898E-001
74.4675781 1.02288947124358E-001 1.04402680465182E-001
74.5675688 1.01915338491894E-001 1.04018547399088E-001
74.6675596 1.01543577568256E-001 1.03636328110646E-001
74.7675504 1.01173652832702E-001 1.03256010578785E-001
74.8675488 1.00805524836240E-001 1.02877554073136E-001
74.9675396 1.00439238398396E-001 1.02501004497598E-001
75.0675305 1.00074754102415E-001 1.02126321157830E-001
75.1675213 9.97120607696182E-002 1.01753492392297E-001
75.2675122 9.93511473049694E-002 1.01382506627365E-001
75.3675108 9.89919753625717E-002 1.01013324281447E-001
75.4675017 9.86345888137398E-002 1.00645990282991E-001
75.5674926 9.82789493417008E-002 1.00280465083075E-001
75.6674836 9.79250461787496E-002 9.99167374520034E-002
75.7674746 9.75728686372352E-002 9.95547962441844E-002
75.8674732 9.72223794354469E-002 9.91946029859477E-002
75.9674642 9.68736215202362E-002 9.88362016547801E-002
76.0674553 9.65265576361061E-002 9.84795538065332E-002
76.1674463 9.61811774087299E-002 9.81246486247289E-002
76.2674374 9.58374705404196E-002 9.77714753733773E-002
76.3674361 9.54954007763908E-002 9.74199966476068E-002
76.4674273 9.51550101621287E-002 9.70702554977633E-002
76.5674184 9.48162624663442E-002 9.67222145455603E-002
76.6674096 9.44791476913502E-002 9.63758633700267E-002
76.7674007 9.41436559128495E-002 9.60311916272435E-002
76.8673996 9.38097518672913E-002 9.56881629436773E-002
76.9673908 9.34774767212595E-002 9.53468194657030E-002
77.0673820 9.31467952321597E-002 9.50071248436296E-002
77.1673732 9.28176977630177E-002 9.46690690351490E-002
77.2673645 9.24901747471577E-002 9.43326420717359E-002
77.3673634 9.21641918780599E-002 9.39978085753123E-002
77.4673547 9.18397894652569E-002 9.36646098108184E-002
77.5673461 9.15169332208153E-002 9.33330104214574E-002
77.6673374 9.11956138533147E-002 9.30030007275573E-002
77.7673288 9.08758221386896E-002 9.26745711201178E-002
77.8673278 9.05575246946680E-002 9.23476871821345E-002
77.9673192 9.02407609949819E-002 9.20223893190314E-002
78.0673106 8.99254976737328E-002 9.16986431326934E-002
78.1673020 8.96117257706209E-002 9.13764392908311E-002
78.2672935 8.92994363898988E-002 9.10557685288652E-002
78.3672925 8.89885970421083E-002 9.07365973579095E-002
78.4672840 8.86792463858493E-002 9.04189653451906E-002
78.5672755 8.83713519459721E-002 9.01028390184789E-002
78.6672671 8.80649050795515E-002 8.97882093783451E-002
78.7672586 8.77598972055450E-002 8.94750674902502E-002
78.8672578 8.74562966971601E-002 8.91633807618297E-002
78.9672493 8.71541414179661E-002 8.88531879428466E-002
79.0672409 8.68533997535519E-002 8.85444564555091E-002
79.1672325 8.65540633652717E-002 8.82371776194178E-002
79.2672242 8.62561239738180E-002 8.79313428163775E-002
79.3672234 8.59595507861397E-002 8.76269203202419E-002
79.4672151 8.56643808903264E-002 8.73239480834763E-002
79.5672068 8.53705835039108E-002 8.70223943925626E-002
79.6671985 8.50781505800466E-002 8.67222508729563E-002
79.7671902 8.47870741288010E-002 8.64235092097568E-002
79.8671895 8.44973241631072E-002 8.61261385139653E-002
79.9671813 8.42089370145890E-002 8.58301759603615E-002
80.0671730 8.39218827050865E-002 8.55355906707602E-002
80.1671648 8.36361534676571E-002 8.52423745639164E-002
80.2671566 8.33517415899593E-002 8.49505196157898E-002
80.3671560 8.30686178642644E-002 8.46599957466305E-002
80.4671478 8.27868178842242E-002 8.43708393726078E-002
80.5671397 8.25063124494539E-002 8.40830204230939E-002
80.6671315 8.22270940615709E-002 8.37965310981756E-002
80.7671234 8.19491552745891E-002 8.35113636528189E-002
80.8671229 8.16724676345316E-002 8.32274887897433E-002
80.9671148 8.13970660150653E-002 8.29449421850603E-002
81.0671067 8.11229219681012E-002 8.26636945490344E-002
81.1670987 8.08500282529972E-002 8.23837383516733E-002
81.2670906 8.05783776794047E-002 8.21050661156459E-002
81.3670902 8.03079425225233E-002 8.18276493004282E-002
81.4670822 8.00387569535304E-002 8.15515228601179E-002
81.5670742 7.97707932521568E-002 8.12766582602660E-002
81.6670662 7.95040444251787E-002 8.10030482299176E-002
81.7670583 7.92385035276590E-002 8.07306855486640E-002
81.8670579 7.89741435403626E-002 8.04595424080404E-002
81.9670500 7.87109979489945E-002 8.01896530576821E-002
82.0670421 7.84490397375876E-002 7.99209896938301E-002
82.1670342 7.81882621504856E-002 7.96535452941846E-002
82.2670263 7.79286584784029E-002 7.93873128849722E-002
82.3670260 7.76702023849790E-002 7.91222653660617E-002
82.4670182 7.74129266869988E-002 7.88584362996962E-002
82.5670103 7.71568050501943E-002 7.85957985891752E-002
82.6670025 7.69018309470728E-002 7.83343454509450E-002
82.7669947 7.66479978946827E-002 7.80740701480512E-002
82.8669945 7.63952802177261E-002 7.78149462658947E-002
82.9669867 7.61437100801689E-002 7.75570066959323E-002
83.0669790 7.58932618077119E-002 7.73002250258087E-002
83.1669712 7.56439290920463E-002 7.70445947012580E-002
83.2669635 7.53957056676581E-002 7.67901092127741E-002
83.3669634 7.51485664993377E-002 7.65367428093725E-002
83.4669556 7.49025431138949E-002 7.62845277278756E-002
83.5669479 7.46576104761030E-002 7.60334382184391E-002
83.6669403 7.44137624882608E-002 7.57834679470538E-002
83.7669326 7.41709930937927E-002 7.55346106227132E-002
83.8669326 7.39292778774059E-002 7.52868411369741E-002
83.9669249 7.36886477439909E-002 7.50401910877367E-002
84.0669173 7.34490782772934E-002 7.47946353666718E-002
84.1669097 7.32105635820259E-002 7.45501678514012E-002
84.2669021 7.29730978024317E-002 7.43067824608716E-002
84.3669022 7.27366571237283E-002 7.40644547089127E-002
84.4668946 7.25012718437098E-002 7.38232155697879E-002
84.5668870 7.22669181457559E-002 7.35830405564882E-002
84.6668795 7.20335903291622E-002 7.33439237500260E-002
84.7668720 7.18012827312310E-002 7.31058592711351E-002
84.8668721 7.15699721190151E-002 7.28688232364208E-002
84.9668646 7.13396881976344E-002 7.26328460113797E-002
85.0668571 7.11104077314910E-002 7.23979037108934E-002
85.1668496 7.08821252069786E-002 7.21639906114905E-002
85.2668422 7.06548351470407E-002 7.19311010278883E-002
85.3668424 7.04285148825903E-002 7.16992116607059E-002
85.4668349 7.02031935401043E-002 7.14683522811400E-002
85.5668275 6.99788484470919E-002 7.12384995872650E-002
85.6668201 6.97554742698882E-002 7.10096480435989E-002
85.7668127 6.95330657099849E-002 7.07817921513832E-002
85.8668130 6.93116006448489E-002 7.05549091771919E-002
85.9668056 6.90911076359674E-002 7.03290283119982E-002
86.0667983 6.88715645567061E-002 7.01041268190706E-002
86.1667909 6.86529662464971E-002 6.98801993437201E-002
86.2667836 6.84353075785965E-002 6.96572405665801E-002
86.3667839 6.82185669603589E-002 6.94352283027940E-002
86.4667766 6.80027724015669E-002 6.92141911768071E-002
86.5667694 6.77879023048289E-002 6.89941069997527E-002
86.6667621 6.75739516761265E-002 6.87749705908526E-002
86.7667548 6.73609155539901E-002 6.85567768033107E-002
86.8667552 6.71487728596087E-002 6.83395039840977E-002
86.9667480 6.69375510639877E-002 6.81231802044577E-002
87.0667408 6.67272290829740E-002 6.79077838066996E-002
87.1667336 6.65178020828334E-002 6.76933097773724E-002
87.2667264 6.63092652611605E-002 6.74797531357252E-002
87.3667268 6.61015980375110E-002 6.72670927444295E-002
87.4667197 6.58948273566944E-002 6.70553561344966E-002
87.5667125 6.56889326323746E-002 6.68445221633342E-002
87.6667054 6.54839091851055E-002 6.66345859785194E-002
87.7666983 6.52797523656013E-002 6.64255427591020E-002
87.8666988 6.50764420768782E-002 6.62173718679177E-002
87.9666917 6.48740047497947E-002 6.60101003083653E-002
88.0666846 6.46724202809681E-002 6.58037074374609E-002
88.1666775 6.44716841394999E-002 6.55981885577805E-002
88.2666705 6.42717918235335E-002 6.53935390021988E-002
88.3666710 6.40727237051769E-002 6.51897386187428E-002
88.4666640 6.38745057132543E-002 6.49868138954813E-002
88.5666570 6.36771182130088E-002 6.47847446741095E-002
88.6666500 6.34805568165924E-002 6.45835264064313E-002
88.7666429 6.32848171641281E-002 6.43831545734248E-002
88.8666436 6.30898800829618E-002 6.41836094938757E-002
88.9666366 6.28957710114833E-002 6.39849171524773E-002
89.0666296 6.27024707697456E-002 6.37870578612125E-002
89.1666227 6.25099751076864E-002 6.35900272155868E-002
89.2666157 6.23182798021884E-002 6.33938208392030E-002
89.3666164 6.21273661224749E-002 6.31984195076910E-002
89.4666095 6.19372590277931E-002 6.30038487140043E-002
89.5666026 6.17479397796806E-002 6.28100892265371E-002
89.6665957 6.15594042608174E-002 6.26171367792035E-002
89.7665889 6.13716483798445E-002 6.24249871329836E-002
89.8665896 6.11846538349754E-002 6.22336215069326E-002
89.9665828 6.09984451173065E-002 6.20430649135910E-002
90.0665759 6.08130039170063E-002 6.18532985643811E-002
90.1665691 6.06283262446632E-002 6.16643183265554E-002
90.2665622 6.04444081358847E-002 6.14761200934439E-002
90.3665631 6.02612317054397E-002 6.12886855145836E-002
90.4665563 6.00788209869759E-002 6.11020391331284E-002
90.5665495 5.98971580868893E-002 6.09161625906186E-002
90.6665427 5.97162391390443E-002 6.07310518827866E-002
90.7665359 5.95360603014215E-002 6.05467030304951E-002
90.8665368 5.93566040933455E-002 6.03630981012750E-002
90.9665301 5.91778941014347E-002 6.01802611796277E-002
91.0665233 5.89999128363422E-002 5.99981743247560E-002
91.1665166 5.88226565507676E-002 5.98168336562151E-002
91.2665099 5.86461215206603E-002 5.96362353177830E-002
91.3665108 5.84702906583183E-002 5.94563617829338E-002
91.4665041 5.82951871134756E-002 5.92772366879679E-002
91.5664975 5.81207937894878E-002 5.90988424977289E-002
91.6664908 5.79471070536307E-002 5.89211754511312E-002
91.7664842 5.77741232955993E-002 5.87442318104410E-002
91.8664851 5.76018258094827E-002 5.85679944434442E-002
91.9664785 5.74302373180097E-002 5.83924865484163E-002
92.0664719 5.72593411060813E-002 5.82176909842379E-002
92.1664653 5.70891336514651E-002 5.80436041049018E-002
92.2664587 5.69196114535514E-002 5.78702222869181E-002
92.3664597 5.67507581774214E-002 5.76975287811544E-002
92.4664531 5.65825961284194E-002 5.75255463577707E-002
92.5664466 5.64151089622175E-002 5.73542582584810E-002
92.6664400 5.62482932631566E-002 5.71836609482513E-002
92.7664335 5.60821456364362E-002 5.70137509137638E-002
92.8664346 5.59166501076996E-002 5.68445117781243E-002
92.9664281 5.57518285742763E-002 5.66759658930276E-002
93.0664215 5.55876650522019E-002 5.65080968722013E-002
93.1664150 5.54241562286311E-002 5.63409012876462E-002
93.2664086 5.52612988108430E-002 5.61743757323112E-002
93.3664097 5.50990771749671E-002 5.60085041910668E-002
93.4664032 5.49375128194442E-002 5.58433086065404E-002
93.5663968 5.47765901106183E-002 5.56787729540232E-002
93.6663903 5.46163058348490E-002 5.55148939087715E-002
93.7663839 5.44566567979166E-002 5.53516681662533E-002
93.8663851 5.42976277166999E-002 5.51890800629859E-002
93.9663787 5.41392396996402E-002 5.50271511416831E-002
94.0663723 5.39814774536736E-002 5.48658657291027E-002
94.1663659 5.38243378609007E-002 5.47052206001309E-002
94.2663595 5.36678178221665E-002 5.45452125491569E-002
94.3663607 5.35119023856898E-002 5.43858262545688E-002
94.4663544 5.33566122785714E-002 5.42270828680830E-002
94.5663480 5.32019325389481E-002 5.40689670581677E-002
94.6663417 5.30478601413356E-002 5.39114756958573E-002
94.7663353 5.28943920783443E-002 5.37546056710094E-002
94.8663366 5.27415137204369E-002 5.35983419944349E-002
94.9663303 5.25892454218096E-002 5.34427054355379E-002
95.0663240 5.24375725427212E-002 5.32876809950677E-002
95.1663177 5.22864921469077E-002 5.31332656368639E-002
95.2663114 5.21360013155773E-002 5.29794563429378E-002
95.3663128 5.19860857326410E-002 5.28262384473896E-002
95.4663065 5.18367653876098E-002 5.26736323457722E-002
95.5663002 5.16880259540857E-002 5.25216233620008E-002
95.6662940 5.15398645819573E-002 5.23702085495106E-002
95.7662878 5.13922784379863E-002 5.22193849792818E-002
95.8662892 5.12452535110273E-002 5.20691382998742E-002
95.9662829 5.10988094339145E-002 5.19194885412332E-002
96.0662767 5.09529321851032E-002 5.17704213416260E-002
96.1662705 5.08076189976866E-002 5.16219338410000E-002
96.2662643 5.06628671210556E-002 5.14740231962460E-002
96.3662658 5.05186628407824E-002 5.13266753618445E-002
96.4662596 5.03750254408273E-002 5.11799100101653E-002
96.5662535 5.02319411962871E-002 5.10337130853043E-002
96.6662473 5.00894074206272E-002 5.08880818107590E-002
96.7662412 4.99474214430568E-002 5.07430134263919E-002
96.8662427 4.98059698379073E-002 5.05984941843452E-002
96.9662365 4.96650715478704E-002 5.04545434072403E-002
97.0662304 4.95247131367390E-002 5.03111473367567E-002
97.1662243 4.93848919956276E-002 5.01683032770959E-002
97.2662182 4.92456055308629E-002 5.00260085482679E-002
97.3662198 4.91068405978350E-002 4.98842496920873E-002
97.4662137 4.89686158053780E-002 4.97430456890540E-002
97.5662076 4.88309179982929E-002 4.96023830704549E-002
97.6662016 4.86937446427260E-002 4.94622592184595E-002
97.7661955 4.85570932195245E-002 4.93226715305116E-002
97.8661971 4.84209508576843E-002 4.91836068303670E-002
97.9661911 4.82853358394059E-002 4.90450837638375E-002
98.0661851 4.81502352830574E-002 4.89070891440995E-002
98.1661791 4.80156467273000E-002 4.87696204286603E-002
98.2661730 4.78815677250043E-002 4.86326750897879E-002
98.3661747 4.77479856715582E-002 4.84962402256983E-002
98.4661687 4.76149185295698E-002 4.83603341547599E-002
98.5661627 4.74823536837712E-002 4.82249439645686E-002
98.6661568 4.73502887429181E-002 4.80900671854410E-002
98.7661508 4.72187213295028E-002 4.79557013619605E-002
98.8661525 4.70876390983209E-002 4.78218338595609E-002
98.9661465 4.69570596992525E-002 4.76884826762297E-002
99.0661406 4.68269707764193E-002 4.75556351667515E-002
99.1661347 4.66973700063434E-002 4.74232889318201E-002
99.2661288 4.65682550788284E-002 4.72914415859211E-002
99.3661305 4.64396139013148E-002 4.71600807546956E-002
99.4661246 4.63114638176465E-002 4.70292241226341E-002
99.5661187 4.61837927245809E-002 4.68988593047088E-002
99.6661128 4.60565983641669E-002 4.67689839696520E-002
99.7661070 4.59298784912966E-002 4.66395957995304E-002
99.8661087 4.58036212595051E-002 4.65106826734033E-002
99.9661029 4.56778437131245E-002 4.63822619689757E-002
100.0660970 4.55525339950073E-002 4.62543215546283E-002
100.1660912 4.54276899105729E-002 4.61268591648813E-002
100.2660854 4.53033092776633E-002 4.59998725471492E-002
100.3660872 4.51793804895633E-002 4.58733498273348E-002
100.4660814 4.50559202974552E-002 4.57473080829012E-002
100.5660756 4.49329170839494E-002 4.56217354290714E-002
100.6660698 4.48103687157617E-002 4.54966296639878E-002
100.7660640 4.46882730716249E-002 4.53719885982642E-002
100.8660658 4.45666187784265E-002 4.52478005982782E-002
100.9660601 4.44454223004023E-002 4.51240824476306E-002
101.0660543 4.43246722537813E-002 4.50008225020268E-002
101.1660486 4.42043665645785E-002 4.48780186211471E-002
101.2660428 4.40845031704356E-002 4.47556686767361E-002
101.3660447 4.39650709258861E-002 4.46337612694762E-002
101.4660390 4.38460860142691E-002 4.45123128953275E-002
101.5660333 4.37275372794824E-002 4.43913121443149E-002
101.6660275 4.36094227049176E-002 4.42707569356506E-002
101.7660218 4.34917402852169E-002 4.41506452002192E-002
101.8660238 4.33744790967863E-002 4.40309657670284E-002
101.9660181 4.32576550479693E-002 4.39117348504657E-002
102.0660124 4.31412572045655E-002 4.37929412689031E-002
102.1660067 4.30252836054913E-002 4.36745829991534E-002
102.2660011 4.29097323005518E-002 4.35566580293240E-002
102.3660031 4.27945925824294E-002 4.34391554109537E-002
102.4659974 4.26798800902268E-002 4.33220910827741E-002
102.5659918 4.25655841060552E-002 4.32054540857171E-002
102.6659861 4.24517027225728E-002 4.30892424523357E-002
102.7659805 4.23382340429772E-002 4.29734542261140E-002
102.8659825 4.22251675708013E-002 4.28580786755052E-002
102.9659769 4.21125186815214E-002 4.27431314693568E-002
103.0659713 4.20002768681402E-002 4.26286018655495E-002
103.1659657 4.18884402753391E-002 4.25144879505854E-002
103.2659601 4.17770070580035E-002 4.24007878215468E-002
103.3659622 4.16659669252553E-002 4.22874909583560E-002
103.4659566 4.15553349944211E-002 4.21746127656063E-002
103.5659511 4.14451009641390E-002 4.20621427126876E-002
103.6659455 4.13352630294586E-002 4.19500789383249E-002
103.7659400 4.12258193953095E-002 4.18384195914864E-002
103.8659421 4.11167599713005E-002 4.17271543582826E-002
103.9659365 4.10080996219513E-002 4.16162983845452E-002
104.0659310 4.08998282464380E-002 4.15058413458979E-002
104.1659255 4.07919440885829E-002 4.13957814316263E-002
104.2659200 4.06844454017763E-002 4.12861168409336E-002
104.3659221 4.05773222911645E-002 4.11768374609981E-002
104.4659166 4.04705893736738E-002 4.10679581842476E-002
104.5659112 4.03642367440729E-002 4.09594688874239E-002
104.6659057 4.02582626934194E-002 4.08513678087706E-002
104.7659002 4.01526655220383E-002 4.07436531961356E-002
104.8659024 4.00474355258111E-002 4.06363151327975E-002
104.9658969 3.99425870791579E-002 4.05293682630086E-002
105.0658915 3.98381104676425E-002 4.04228026596659E-002
105.1658860 3.97340040280754E-002 4.03166166084267E-002
105.2658806 3.96302661062448E-002 4.02108084042504E-002
105.3658828 3.95268871841084E-002 4.01053683216973E-002
105.4658774 3.94238813985444E-002 4.00003107619452E-002
105.5658720 3.93212392212557E-002 3.98956259892317E-002
105.6658666 3.92189590333771E-002 3.97913123351389E-002
105.7658612 3.91170392247409E-002 3.96873681402602E-002
105.8658634 3.90154704588595E-002 3.95837838657613E-002
105.9658580 3.89142666399137E-002 3.94805736747242E-002
106.0658527 3.88134184212279E-002 3.93777280180547E-002
106.1658473 3.87129242268824E-002 3.92752452718247E-002
106.2658419 3.86127824893857E-002 3.91731238208363E-002
106.3658442 3.85129840494159E-002 3.90713543083235E-002
106.4658389 3.84135425831853E-002 3.89699506641302E-002
106.5658335 3.83144489212536E-002 3.88689035212967E-002
106.6658282 3.82157015293178E-002 3.87682112990003E-002
106.7658229 3.81172988812429E-002 3.86678724248779E-002
106.8658252 3.80192319906119E-002 3.85678777198272E-002
106.9658199 3.79215143102841E-002 3.84682408851962E-002
107.0658146 3.78241368437971E-002 3.83689527317585E-002
107.1658093 3.77270980971823E-002 3.82700117204619E-002
107.2658040 3.76303965843877E-002 3.81714163204524E-002
107.3658063 3.75340234877649E-002 3.80731575260165E-002
107.4658011 3.74379920413257E-002 3.79752488146342E-002
107.5657958 3.73422934174516E-002 3.78776811705400E-002
107.6657905 3.72469261612708E-002 3.77804530951645E-002
107.7657853 3.71518888255864E-002 3.76835630978842E-002
107.8657877 3.70571727575015E-002 3.75870023422235E-002
107.9657824 3.69627909765789E-002 3.74907840863122E-002
108.0657772 3.68687348200292E-002 3.73948994836976E-002
108.1657720 3.67750028708839E-002 3.72993470750506E-002
108.2657667 3.66815937196157E-002 3.72041254087445E-002
108.3657692 3.65884988741775E-002 3.71092258135105E-002
108.4657639 3.64957311439779E-002 3.70146613325395E-002
108.5657587 3.64032820271572E-002 3.69204232846626E-002
108.6657536 3.63111501434980E-002 3.68265102485922E-002
108.7657484 3.62193341199984E-002 3.67329208105081E-002
108.8657508 3.61278256216717E-002 3.66396464604338E-002
108.9657456 3.60366372519650E-002 3.65467000309268E-002
109.0657405 3.59457606661609E-002 3.64540730021902E-002
