0.0053140 4.81848600871298E+000 2.12188023898695E+003
0.0210792 1.85815854846661E+001 2.07944196569747E+003
0.0467942 3.94123005263334E+001 2.01267222967630E+003
0.0817065 6.47515116698981E+001 1.92662287487335E+003
0.1249105 9.19404431110034E+001 1.82694594334269E+003
0.1754417 1.18678703533708E+002 1.71908956442523E+003
0.2323515 1.43265425788942E+002 1.60776483664578E+003
0.2947571 1.64641221207844E+002 1.49670227664211E+003
0.3618673 1.82302661887155E+002 1.38863215494774E+003
0.4329916 1.96163783930214E+002 1.28539599953672E+003
0.5075377 2.06415306228124E+002 1.18811486584620E+003
0.5850032 2.13407436081401E+002 1.09736297735109E+003
0.6649650 2.17563523725298E+002 1.01332208570869E+003
0.7470680 2.19322384724129E+002 9.35906070830083E+002
0.8310139 2.19103213084991E+002 8.64856976317676E+002
0.9165527 2.17286752637978E+002 7.99814305444761E+002
1.0034738 2.14207200578441E+002 7.40364208502606E+002
1.0915995 2.10150787734916E+002 6.86072946541410E+002
1.1807797 2.05358142427783E+002 6.36508548500717E+002
1.2708868 2.00028635760650E+002 5.91254921962619E+002
1.3618115 1.94325445440990E+002 5.49919665878226E+002
1.4534610 1.88380669572579E+002 5.12138063403621E+002
1.5457546 1.82300239913027E+002 4.77575187026658E+002
1.6386236 1.76168163501133E+002 4.45925175019661E+002
1.7320075 1.70050434211814E+002 4.16910820269827E+002
1.8258543 1.63998180434886E+002 3.90281362346666E+002
1.9201186 1.58050451639539E+002 3.65810776761807E+002
2.0147601 1.52236549916406E+002 3.43295848874979E+002
2.1097440 1.46577828422070E+002 3.22553708647406E+002
2.2050388 1.41089364096420E+002 3.03420273752705E+002
2.3006174 1.35781142519919E+002 2.85748026058014E+002
2.3964555 1.30659145409544E+002 2.69404451862280E+002
2.4925310 1.25726235729862E+002 2.54270569356496E+002
2.5888248 1.20982763295939E+002 2.40239238322519E+002
2.6853193 1.16427217155913E+002 2.27214167975539E+002
2.7819988 1.12056595860104E+002 2.15108527599664E+002
2.8788497 1.07866805969818E+002 2.03844031200043E+002
2.9758588 1.03852980977743E+002 1.93350094401432E+002
3.0730149 1.00009645056173E+002 1.83562838125839E+002
3.1703074 9.63309749413873E+001 1.74424567020520E+002
3.2677268 9.28108816073883E+001 1.65882960134139E+002
3.3652646 8.94431630029547E+001 1.57890595910031E+002
3.4629133 8.62215701566144E+001 1.50404387368725E+002
3.5606650 8.31399380507149E+001 1.43385272832218E+002
3.6585133 8.01921471984075E+001 1.36797602375566E+002
3.7564523 7.73722262321003E+001 1.30608927357839E+002
3.8544764 7.46743660592215E+001 1.24789647190850E+002
3.9525810 7.20929291812681E+001 1.19312702187505E+002
4.0507604 6.96225129493171E+001 1.14153425116190E+002
4.1490108 6.72578849396989E+001 1.09289160435949E+002
4.2473280 6.49940376544712E+001 1.04699169915205E+002
4.3457083 6.28261775436669E+001 1.00364426561259E+002
4.4441489 6.07497143281665E+001 9.62674352309369E+001
4.5426454 5.87602971889424E+001 9.23921658799706E+001
4.6411954 5.68537509072201E+001 8.87238074835467E+001
4.7397961 5.50261102816256E+001 8.52487313679110E+001
4.8384450 5.32736036108905E+001 8.19543669432507E+001
4.9371399 5.15926378896679E+001 7.88290934029524E+001
5.0358779 4.99798232202259E+001 7.58622139995023E+001
5.1346571 4.84319172423487E+001 7.30437904484991E+001
5.2334756 4.69458499439698E+001 7.03646344042277E+001
5.3323316 4.55187079308554E+001 6.78162298827750E+001
5.4312238 4.41477205720629E+001 6.53906656019843E+001
5.5301496 4.28302785897857E+001 6.30806295707991E+001
5.6291079 4.15638877626436E+001 6.08792934065946E+001
5.7280973 4.03461884657110E+001 5.87803170635539E+001
5.8271164 3.91749423894773E+001 5.67777987307392E+001
5.9261644 3.80480209206036E+001 5.48662311222402E+001
6.0252392 3.69634203468347E+001 5.30405058008460E+001
6.1243401 3.59192238277917E+001 5.12958296230772E+001
6.2234659 3.49136175605968E+001 4.96277352278133E+001
6.3226158 3.39448800441281E+001 4.80320476151151E+001
6.4217891 3.30113727157910E+001 4.65048549918535E+001
6.5209840 3.21115528517312E+001 4.50425174105635E+001
6.6202001 3.12439423832952E+001 4.36416046344147E+001
6.7194366 3.04071416143768E+001 4.22989086394369E+001
6.8186927 2.95998206706439E+001 4.10114206343586E+001
6.9179682 2.88207120532712E+001 3.97763110213931E+001
7.0172613 2.80686217774162E+001 3.85909395849659E+001
7.1165720 2.73424037038800E+001 3.74528081058772E+001
7.2158999 2.66409680431979E+001 3.63595679323752E+001
7.3152432 2.59632909941842E+001 3.53090292759789E+001
7.4146030 2.53083759554513E+001 3.42990959516894E+001
7.5139770 2.46752990641456E+001 3.33278313674677E+001
7.6133666 2.40631566566245E+001 3.23933733355423E+001
7.7127702 2.34711056676349E+001 3.14939924002296E+001
7.8121865 2.28983424032264E+001 3.06280556597108E+001
7.9116168 2.23440848928457E+001 2.97939971255901E+001
8.0110589 2.18076086831955E+001 2.89903688706355E+001
8.1105143 2.12882026301881E+001 2.82157718578899E+001
8.2099815 2.07852033576897E+001 2.74689052436092E+001
8.3094593 2.02979775233473E+001 2.67485374815172E+001
8.4089492 1.98259069974013E+001 2.60534825258377E+001
8.5084489 1.93684195321090E+001 2.53826432506597E+001
8.6079599 1.89249513074767E+001 2.47349545870019E+001
8.7074812 1.84949764886100E+001 2.41094253649657E+001
8.8070112 1.80779922986691E+001 2.35051148879409E+001
8.9065517 1.76735064794101E+001 2.29211135367997E+001
9.0061006 1.72810637082741E+001 2.23565797784220E+001
9.1056593 1.69002136573135E+001 2.18106929117028E+001
9.2052267 1.65305364781737E+001 2.12826887381111E+001
9.3048016 1.61716301469928E+001 2.07718403220878E+001
9.4043856 1.58230997799051E+001 2.02774419747684E+001
9.5039766 1.54845804991243E+001 1.97988409381556E+001
9.6035763 1.51557100245071E+001 1.93353977385313E+001
9.7031836 1.48361507542294E+001 1.88865167392324E+001
9.8027972 1.45255789623967E+001 1.84516301582059E+001
9.9024188 1.42236756340462E+001 1.80301846912924E+001
10.0020464 1.39301463490505E+001 1.76216687623161E+001
10.1016817 1.36446976263271E+001 1.72255789742099E+001
10.2013235 1.33670561427963E+001 1.68414464028055E+001
10.3009707 1.30969594533221E+001 1.64688231860759E+001
10.4006251 1.28341480799102E+001 1.61072712401674E+001
10.5002846 1.25783828780087E+001 1.57563858034402E+001
10.5999509 1.23294245085929E+001 1.54157668292950E+001
10.6996230 1.20870502390077E+001 1.50850417209010E+001
10.7992996 1.18510459230362E+001 1.47638539775004E+001
10.8989827 1.16211991329697E+001 1.44518535917726E+001
10.9986702 1.13973143900324E+001 1.41487174835507E+001
11.0983637 1.11791952603522E+001 1.38541249371632E+001
11.1980623 1.09666591024988E+001 1.35677773486584E+001
11.2977649 1.07595300980266E+001 1.32893885367254E+001
11.3974732 1.05576332568064E+001 1.30186765068114E+001
11.4971853 1.03608078269500E+001 1.27553812630509E+001
11.5969029 1.01688916052583E+001 1.24992435853530E+001
11.6966250 9.98173393310020E+000 1.22500222573100E+001
11.7963505 9.79918960852515E+000 1.20074857382230E+001
11.8960812 9.62111362768725E+000 1.17714050499324E+001
11.9958151 9.44737303615846E+000 1.15415693688710E+001
12.0955540 9.27783311902335E+000 1.13177675832185E+001
12.1952970 9.11236889578217E+000 1.10998033864627E+001
12.2950428 8.95085977695317E+000 1.08874880728068E+001
12.3947934 8.79318492982786E+000 1.06806343549147E+001
12.4945468 8.63923378969687E+000 1.04790700679818E+001
12.5943047 8.48889385397833E+000 1.02826220580997E+001
12.6940662 8.34206088548302E+000 1.00911294593368E+001
12.7938302 8.19863420146257E+000 9.90443742418734E+000
12.8935986 8.05851257198469E+000 9.72239171971846E+000
12.9933693 7.92160357425523E+000 9.54485081885763E+000
13.0931443 7.78781276250903E+000 9.37167175674424E+000
13.1929224 7.65705275525965E+000 9.20272185494897E+000
13.2927027 7.52923906458938E+000 9.03787323618908E+000
13.3924871 7.40428645137503E+000 8.87699807631464E+000
13.4922734 7.28211727694572E+000 8.71997931197750E+000
13.5920637 7.16265185856852E+000 8.56669816862511E+000
13.6918568 7.04581658867367E+000 8.41704455146652E+000
13.7916517 6.93154022802143E+000 8.27091222260512E+000
13.8914504 6.81975065477632E+000 8.12819460942300E+000
13.9912508 6.71038234392386E+000 7.98879432029076E+000
14.0910548 6.60336774904947E+000 7.85261210059743E+000
14.1908615 6.49864457877829E+000 7.71955607422607E+000
14.2906697 6.39615249018682E+000 7.58953748377921E+000
14.3904813 6.29583017902235E+000 7.46246697397567E+000
14.4902944 6.19762209761692E+000 7.33826307638574E+000
14.5901109 6.10147072881448E+000 7.21684239185079E+000
14.6899298 6.00732312604647E+000 7.09812783691702E+000
14.7897500 5.91512795366128E+000 6.98204486554648E+000
14.8895734 5.82483287395025E+000 6.86851816038819E+000
14.9893980 5.73639059795509E+000 6.75747922233362E+000
15.0892259 5.64975193802297E+000 6.64885761133828E+000
15.1890558 5.56487170230624E+000 6.54258832818533E+000
15.2888878 5.48170525197606E+000 6.43860746922237E+000
15.3887200 5.40021084242994E+000 6.33685513429963E+000
15.4885562 5.32034338989678E+000 6.23726762708234E+000
15.5883943 5.24206375083251E+000 6.13978902245560E+000
15.6882343 5.16533242936497E+000 6.04436328977004E+000
15.7880763 5.09011110521952E+000 5.95093618534857E+000
15.8879183 5.01636398592939E+000 5.85945691272366E+000
15.9877640 4.94405216946501E+000 5.76987111690243E+000
16.0876115 4.87314204552236E+000 5.68213129114717E+000
16.1874608 4.80359960566356E+000 5.59618970324220E+000
16.2873119 4.73539182923522E+000 5.51200010282937E+000
16.3871628 4.66848791394176E+000 5.42951922503015E+000
16.4870172 4.60285416429814E+000 5.34870047885294E+000
16.5868734 4.53846161658458E+000 5.26950333600223E+000
16.6867312 4.47528088061703E+000 5.19188695914422E+000
16.7865905 4.41328339965158E+000 5.11581174591867E+000
16.8864496 4.35244257254648E+000 5.04124069367866E+000
16.9863121 4.29272910759217E+000 4.96813369708007E+000
17.0861762 4.23411795908305E+000 4.89645604102499E+000
17.1860417 4.17658363953070E+000 4.82617264492978E+000
17.2859087 4.12010136746589E+000 4.75724946230524E+000
17.3857753 4.06464809276069E+000 4.68965472206585E+000
17.4856452 4.01019826359122E+000 4.62335376265057E+000
17.5855166 3.95673015088913E+000 4.55831673402348E+000
17.6853893 3.90422157811749E+000 4.49451338440650E+000
17.7852633 3.85265096910242E+000 4.43191433180516E+000
17.8851368 3.80199828666183E+000 4.37049219537531E+000
17.9850136 3.75224116738228E+000 4.31021690368223E+000
18.0848916 3.70336070029283E+000 4.25106269625113E+000
18.1847709 3.65533752833862E+000 4.19300338961152E+000
18.2846515 3.60815280684992E+000 4.13601353500175E+000
18.3845314 3.56178906439408E+000 4.08006945159006E+000
18.4844144 3.51622666592098E+000 4.02514495507090E+000
18.5842986 3.47144910355226E+000 3.97121773708856E+000
18.6841841 3.42743942983587E+000 3.91826505613969E+000
18.7840706 3.38418113615149E+000 3.86626479385816E+000
18.8839565 3.34165894363860E+000 3.81519640042954E+000
18.9838453 3.29985556026490E+000 3.76503699695397E+000
19.0837353 3.25875653440127E+000 3.71576720076328E+000
19.1836263 3.21834698500490E+000 3.66736719405035E+000
19.2835185 3.17861240813225E+000 3.61981768956750E+000
19.3834098 3.13953940487502E+000 3.57310079731491E+000
19.4833041 3.10111270217820E+000 3.52719646021174E+000
19.5831994 3.06331961367711E+000 3.48208778457147E+000
19.6830957 3.02614703628351E+000 3.43775744551663E+000
19.7829930 2.98958219200442E+000 3.39418857157812E+000
19.8828894 2.95361329901736E+000 3.35136554064973E+000
19.9827887 2.91822682972894E+000 3.30927071369866E+000
20.0826889 2.88341161802086E+000 3.26788932219515E+000
20.1825901 2.84915609542405E+000 3.22720617462669E+000
20.2824922 2.81544897459926E+000 3.18720646832729E+000
20.3823934 2.78227986898715E+000 3.14787652174814E+000
20.4822973 2.74963676475080E+000 3.10920077536130E+000
20.5822022 2.71750980897854E+000 3.07116628144780E+000
20.6821079 2.68588876182368E+000 3.03375968050434E+000
20.7820145 2.65476362727219E+000 2.99696794763330E+000
20.8819201 2.62412522619605E+000 2.96077906736104E+000
20.9818284 2.59396286154534E+000 2.92517927467348E+000
21.0817375 2.56426781807425E+000 2.89015718707682E+000
21.1816475 2.53503100958021E+000 2.85570102352249E+000
21.2815583 2.50624356194845E+000 2.82179929182476E+000
21.3814680 2.47789734390667E+000 2.78844141154743E+000
21.4813803 2.44998280718964E+000 2.75561517135937E+000
21.5812935 2.42249222489872E+000 2.72331053855261E+000
21.6812074 2.39541751536082E+000 2.69151709640170E+000
21.7811221 2.36875078188548E+000 2.66022467832793E+000
21.8810357 2.34248480505466E+000 2.62942394375483E+000
21.9809519 2.31661104163049E+000 2.59910403077251E+000
22.0808688 2.29112262564992E+000 2.56925607420985E+000
22.1807864 2.26601235249683E+000 2.53987084018024E+000
22.2807048 2.24127317932332E+000 2.51093931206078E+000
22.3806219 2.21689868230079E+000 2.48245322367619E+000
22.4805416 2.19288119982517E+000 2.45440288868159E+000
22.5804621 2.16921461782269E+000 2.42678045474233E+000
22.6803832 2.14589249943366E+000 2.39957771646894E+000
22.7803050 2.12290854962584E+000 2.37278665771378E+000
22.8802255 2.10025704047459E+000 2.34639994596909E+000
22.9801486 2.07793108577828E+000 2.32040892197760E+000
23.0800723 2.05592522975294E+000 2.29480661449320E+000
23.1799967 2.03423370930361E+000 2.26958571493366E+000
23.2799217 2.01285088598519E+000 2.24473908000250E+000
23.3798454 1.99177164206391E+000 2.22026019077194E+000
23.4797716 1.97098977502024E+000 2.19614128785702E+000
23.5796984 1.95050040679457E+000 2.17237616854524E+000
23.6796259 1.93029836700275E+000 2.14895830834410E+000
23.7795539 1.91037859507270E+000 2.12588132750365E+000
23.8794806 1.89073650956053E+000 2.10313941789010E+000
23.9794098 1.87136651221680E+000 2.08072561065237E+000
24.0793395 1.85226423317258E+000 2.05863437516204E+000
24.1792698 1.83342502466849E+000 2.03685987424512E+000
24.2792007 1.81484433590651E+000 2.01539639780152E+000
24.3791302 1.79651805784771E+000 1.99423876025376E+000
24.4790621 1.77844112757240E+000 1.97338068902858E+000
24.5789946 1.76060962323372E+000 1.95281724269207E+000
24.6789277 1.74301935893644E+000 1.93254318806543E+000
24.7788612 1.72566623458846E+000 1.91255340380404E+000
24.8787934 1.70854655818870E+000 1.89284325092247E+000
24.9787279 1.69165574214236E+000 1.87340707163616E+000
25.0786630 1.67499026042889E+000 1.85424044226981E+000
25.1785986 1.65854633620830E+000 1.83533866169403E+000
25.2785347 1.64232026873132E+000 1.81669712743277E+000
25.3784693 1.62630873493159E+000 1.79831168151536E+000
25.4784064 1.61050757018052E+000 1.78017721029805E+000
25.5783439 1.59491359889472E+000 1.76228974613324E+000
25.6782819 1.57952340727986E+000 1.74464505765086E+000
25.7782204 1.56433364915807E+000 1.72723900070404E+000
25.8781574 1.54934132850638E+000 1.71006784157686E+000
25.9780968 1.53454265786474E+000 1.69312694935293E+000
26.0780366 1.51993477252420E+000 1.67641275892903E+000
26.1779769 1.50551458155588E+000 1.65992145462362E+000
26.2779176 1.49127905423649E+000 1.64364929804098E+000
26.3778568 1.47722548502080E+000 1.62759293046670E+000
26.4777984 1.46335042346453E+000 1.61174815018725E+000
26.5777404 1.44965128117079E+000 1.59611174819014E+000
26.6776829 1.43612525490692E+000 1.58068027742806E+000
26.7776257 1.42276959515030E+000 1.56545035947877E+000
26.8775671 1.40958185484568E+000 1.55041896778516E+000
26.9775108 1.39655888528084E+000 1.53558228307109E+000
27.0774549 1.38369834411085E+000 1.52093741196908E+000
27.1773994 1.37099768494806E+000 1.50648123501841E+000
27.2773442 1.35845440940948E+000 1.49221069381733E+000
27.3772876 1.34606630088658E+000 1.47812305660868E+000
27.4772333 1.33383048132598E+000 1.46421484559489E+000
27.5771793 1.32174482788507E+000 1.45048344775659E+000
27.6771257 1.30980702390030E+000 1.43692603532788E+000
27.7770725 1.29801479569076E+000 1.42353983497683E+000
27.8770178 1.28636613245849E+000 1.41032237709861E+000
27.9769653 1.27485839938540E+000 1.39727048941727E+000
28.0769132 1.26348966978932E+000 1.38438180838863E+000
28.1768615 1.25225783283972E+000 1.37165376648691E+000
28.2768101 1.24116081625935E+000 1.35908384480652E+000
28.3767572 1.23019679337418E+000 1.34666980730029E+000
28.4767065 1.21936334834886E+000 1.33440875557678E+000
28.5766562 1.20865873009921E+000 1.32229854850456E+000
28.6766062 1.19808101253973E+000 1.31033685117155E+000
28.7765565 1.18762830422387E+000 1.29852137217294E+000
28.8765053 1.17729894347404E+000 1.28685008392082E+000
28.9764563 1.16709071194654E+000 1.27532033401111E+000
29.0764077 1.15700201600624E+000 1.26393017995312E+000
29.1763593 1.14703109566277E+000 1.25267749513281E+000
29.2763113 1.13717622209891E+000 1.24156019193754E+000
29.3762617 1.12743588173130E+000 1.23057642916369E+000
29.4762144 1.11780803462680E+000 1.21972377574319E+000
29.5761673 1.10829122855078E+000 1.20900046690177E+000
29.6761206 1.09888385308318E+000 1.19840456287790E+000
29.7760741 1.08958432590281E+000 1.18793415893265E+000
29.8760261 1.08039126655743E+000 1.17758758079203E+000
29.9759803 1.07130279655111E+000 1.16736259689615E+000
30.0759347 1.06231759083273E+000 1.15725760173313E+000
30.1758895 1.05343417388405E+000 1.14727082344222E+000
30.2758445 1.04465109555370E+000 1.13740052166500E+000
30.3757980 1.03596709525039E+000 1.12764517187858E+000
30.4757536 1.02738044078945E+000 1.11800272266525E+000
30.5757095 1.01888992168681E+000 1.10847171146895E+000
30.6756657 1.01049418428203E+000 1.09905051754959E+000
30.7756221 1.00219189784967E+000 1.08973754854887E+000
30.8755770 9.93981909870486E-001 1.08053141449791E+000
30.9755340 9.85862620967352E-001 1.07143022690614E+000
31.0754913 9.77832924007919E-001 1.06243265173785E+000
31.1754469 9.69891726204284E-001 1.05353737319032E+000
31.2754067 9.62037352999391E-001 1.04474242626374E+000
31.3753629 9.54269201357108E-001 1.03604704818045E+000
31.4753231 9.46585496246783E-001 1.02744916627981E+000
31.5752798 9.38985661154507E-001 1.01894805143558E+000
31.6752368 9.31468257883059E-001 1.01054201239598E+000
31.7751978 9.24031879643457E-001 1.00222939556255E+000
31.8751552 9.16675987547782E-001 9.94009519489782E-001
31.9751168 9.09398932209502E-001 9.85880463577813E-001
32.0750747 9.02200198465211E-001 9.77841576408914E-001
32.1750329 8.95078454336892E-001 9.69891295966989E-001
32.2749952 8.88032396691633E-001 9.62028094705064E-001
32.3749539 8.81061544039027E-001 9.54251363774816E-001
32.4749166 8.74164361891601E-001 9.46559321176588E-001
32.5748758 8.67340390000858E-001 9.38951384885139E-001
32.6748352 8.60588393284718E-001 9.31426110395391E-001
32.7747986 8.53907163188607E-001 9.23982084803016E-001
32.8747585 8.47296269626934E-001 9.16618764128497E-001
32.9747223 8.40754283331331E-001 9.09334492891900E-001
33.0746827 8.34280793252232E-001 9.02128751098494E-001
33.1746432 8.27874652819396E-001 8.95000201249766E-001
33.2746078 8.21534739891219E-001 8.87947534859737E-001
33.3745687 8.15260670460183E-001 8.80970265970105E-001
33.4745337 8.09051111742985E-001 8.74066854760586E-001
33.5744951 8.02905696805605E-001 8.67236836740355E-001
33.6744568 7.96823360038569E-001 8.60478971990765E-001
33.7744224 7.90803058357382E-001 8.53792047266485E-001
33.8743844 7.84844449091800E-001 8.47175628554828E-001
33.9743505 7.78946288051070E-001 8.40628281916311E-001
34.0743130 7.73108247890280E-001 8.34149592570082E-001
34.1742756 7.67329337149779E-001 8.27738409704329E-001
34.2742423 7.61608585165759E-001 8.21393607063047E-001
34.3742054 7.55945686380795E-001 8.15114797181319E-001
34.4741725 7.50339478054067E-001 8.08900643181226E-001
34.5741359 7.44789668394414E-001 8.02750774841618E-001
34.6740996 7.39295333939749E-001 7.96664122829849E-001
34.7740673 7.33855570450946E-001 7.90639640449310E-001
34.8740313 7.28470105714632E-001 7.84676981980981E-001
34.9739994 7.23137851966640E-001 7.78774899642468E-001
35.0739638 7.17858549367838E-001 7.72933063188382E-001
35.1739284 7.12631336888566E-001 7.67150477888213E-001
35.2738971 7.07455371289388E-001 7.61426169904388E-001
35.3738621 7.02330410334927E-001 7.55759830986773E-001
35.4738310 6.97255435362773E-001 7.50150295242319E-001
35.5737964 6.92230215267545E-001 7.44597268316521E-001
35.6737620 6.87253946411040E-001 7.39099823871615E-001
35.7737315 6.82325841638417E-001 7.33657054877794E-001
35.8736974 6.77445685682635E-001 7.28268686739724E-001
35.9736673 6.72612523643930E-001 7.22933628925383E-001
36.0736335 6.67826150271920E-001 7.17651619326705E-001
36.1735999 6.63085814747542E-001 7.12421794384078E-001
36.2735704 6.58390781541487E-001 7.07243308402601E-001
36.3735371 6.53740859661217E-001 7.02115917036550E-001
36.4735079 6.49135153110957E-001 6.97038599192301E-001
36.5734750 6.44573479917595E-001 6.92011121753027E-001
36.6734423 6.40055137928563E-001 6.87032678853407E-001
36.7734135 6.35579439189464E-001 6.82102481176833E-001
36.8733811 6.31146214568662E-001 6.77220311583681E-001
36.9733527 6.26754622547186E-001 6.72385213038146E-001
37.0733206 6.22404502118717E-001 6.67596978503927E-001
37.1732887 6.18095196020869E-001 6.62854855200436E-001
37.2732608 6.13826060189875E-001 6.58158105694217E-001
37.3732292 6.09596945190383E-001 6.53506537328587E-001
37.4732015 6.05407059941084E-001 6.48899252230825E-001
37.5731702 6.01256262329528E-001 6.44336066839726E-001
37.6731391 5.97143936545125E-001 6.39816277274387E-001
37.7731119 5.93069479059534E-001 6.35339193902496E-001
37.8730811 5.89032758190534E-001 6.30904646111267E-001
37.9730543 5.85033029604800E-001 6.26511790732442E-001
38.0730237 5.81070168222237E-001 6.22160465345384E-001
38.1729934 5.77143596549571E-001 6.17850011164327E-001
38.2729669 5.73252748534635E-001 6.13579782646489E-001
38.3729369 5.69397508502429E-001 6.09349629036238E-001
38.4729107 5.65577175493106E-001 6.05158757803213E-001
38.5728809 5.61791639785769E-001 6.01007025573498E-001
38.6728513 5.58040359343618E-001 5.96893815193471E-001
38.7728256 5.54322802797980E-001 5.92818521830802E-001
38.8727962 5.50638868911016E-001 5.88781012624613E-001
38.9727708 5.46987897006459E-001 5.84780541968809E-001
39.0727417 5.43369791217482E-001 5.80816983656460E-001
39.1727127 5.39784042349636E-001 5.76889759010094E-001
39.2726877 5.36230151165450E-001 5.72998300827744E-001
39.3726590 5.32708029451166E-001 5.69142492380594E-001
39.4726343 5.29217053981539E-001 5.65321631591343E-001
39.5726059 5.25757141388734E-001 5.61535607731011E-001
39.6725776 5.22327812929265E-001 5.57783877718620E-001
39.7725533 5.18928599161640E-001 5.54065909171643E-001
39.8725252 5.15559423623362E-001 5.50381599908625E-001
39.9725012 5.12219697940658E-001 5.46730288272803E-001
40.0724734 5.08909350023727E-001 5.43111877494138E-001
40.1724458 5.05627929390004E-001 5.39525857457552E-001
40.2724221 5.02374994254997E-001 5.35971728031691E-001
40.3723947 4.99150478760130E-001 5.32449400156576E-001
40.4723712 4.95953826994747E-001 5.28958249747329E-001
40.5723441 4.92784977046169E-001 5.25498192625632E-001
40.6723171 4.89643504684923E-001 5.22068749236481E-001
40.7722940 4.86528993822185E-001 5.18669449350457E-001
40.8722673 4.83441388168301E-001 5.15300215745032E-001
40.9722444 4.80380162079086E-001 5.11960459293523E-001
41.0722179 4.77345262825591E-001 5.08650107177759E-001
41.1721915 4.74336290588709E-001 5.05368708200078E-001
41.2721690 4.71352853174947E-001 5.02115819881714E-001
41.3721428 4.68394902929288E-001 4.98891375680433E-001
41.4721206 4.65461942451550E-001 4.95694819026971E-001
41.5720946 4.62553927299539E-001 4.92526087353069E-001
41.6720688 4.59670480371572E-001 4.89384755799431E-001
41.7720469 4.56811231715232E-001 4.86270407665799E-001
41.8720213 4.53976141466189E-001 4.83182986046618E-001
41.9719996 4.51164738604275E-001 4.80121964722462E-001
42.0719743 4.48376986163604E-001 4.77087290373409E-001
42.1719490 4.45612528203013E-001 4.74078562626003E-001
42.2719276 4.42871015489589E-001 4.71095388748638E-001
42.3719026 4.40152415186883E-001 4.68137720530574E-001
42.4718815 4.37456280935076E-001 4.65205060070134E-001
42.5718566 4.34782582511885E-001 4.62297362391563E-001
42.6718319 4.32130983703438E-001 4.59414249905665E-001
42.7718111 4.29501154595431E-001 4.56555352186843E-001
42.8717866 4.26893068689416E-001 4.53720628868570E-001
42.9717660 4.24306302697848E-001 4.50909608494430E-001
43.0717417 4.21740832479243E-001 4.48122253616066E-001
43.1717175 4.19196340226377E-001 4.45358207864015E-001
43.2716972 4.16672514052508E-001 4.42617121589727E-001
43.3716732 4.14169333172914E-001 4.39898961502216E-001
43.4716531 4.11686395904373E-001 4.37203280863165E-001
43.5716293 4.09223683586299E-001 4.34530049013335E-001
43.6716056 4.06780895600049E-001 4.31878929363048E-001
43.7715858 4.04357736895518E-001 4.29249591633375E-001
43.8715623 4.01954191836500E-001 4.26642008913817E-001
43.9715428 3.99569878985914E-001 4.24055757589470E-001
44.0715195 3.97204784620815E-001 4.21490813122481E-001
44.1714963 3.94858624186656E-001 4.18946857376377E-001
44.2714770 3.92531118370372E-001 4.16423578145040E-001
44.3714539 3.90222256172304E-001 4.13920954269612E-001
44.4714348 3.87931675143710E-001 4.11438583784801E-001
44.5714120 3.85659366007115E-001 4.08976447669894E-001
44.6713893 3.83405059233014E-001 4.06534245018305E-001
44.7713704 3.81168490229204E-001 4.04111680500700E-001
44.8713479 3.78949652168596E-001 4.01708738140621E-001
44.9713293 3.76748200424930E-001 3.99325036259021E-001
45.0713069 3.74564129720091E-001 3.96960560805233E-001
45.1712846 3.72397184588661E-001 3.94615026973424E-001
45.2712662 3.70247114219365E-001 3.92288155206937E-001
45.3712441 3.68113915537042E-001 3.89979934196167E-001
45.4712259 3.65997260656306E-001 3.87690001285932E-001
45.5712040 3.63897147893891E-001 3.85418346900033E-001
45.6711822 3.61813334958958E-001 3.83164701290227E-001
45.7711643 3.59745583950999E-001 3.80928799652346E-001
45.8711426 3.57693895165274E-001 3.78710634876512E-001
45.9711248 3.55657956452966E-001 3.76509862161478E-001
46.0711034 3.53637769358727E-001 3.74326475956394E-001
46.1710820 3.51633103942218E-001 3.72160220605998E-001
46.2710644 3.49643734407448E-001 3.70010845115140E-001
46.3710432 3.47669664073958E-001 3.67878346150213E-001
46.4710259 3.45710595596191E-001 3.65762395678702E-001
46.5710048 3.43766533413754E-001 3.63662991767919E-001
46.6709838 3.41837259172716E-001 3.61579891962837E-001
46.7709667 3.39922558433944E-001 3.59512858204021E-001
46.8709459 3.38022437227108E-001 3.57461890550136E-001
46.9709290 3.36136612141854E-001 3.55426676729897E-001
47.0709083 3.34265090210530E-001 3.53407218059470E-001
47.1708877 3.32407663956547E-001 3.51403284457117E-001
47.2708710 3.30564129603733E-001 3.49414649990072E-001
47.3708506 3.28734495606699E-001 3.47441317760920E-001
47.4708341 3.26918491682274E-001 3.45482990323459E-001
47.5708138 3.25116127181155E-001 3.43539671907635E-001
47.6707936 3.23327204845573E-001 3.41611144038356E-001
47.7707773 3.21551530917805E-001 3.39697192159381E-001
47.8707573 3.19789116018435E-001 3.37797822101102E-001
47.9707411 3.18039702238745E-001 3.35912750371817E-001
48.0707212 3.16303300998601E-001 3.34041983811161E-001
48.1707014 3.14579724646985E-001 3.32185314839350E-001
48.2706855 3.12868788845507E-001 3.30342539580571E-001
48.3706658 3.11170506145526E-001 3.28513666306080E-001
48.4706500 3.09484630311000E-001 3.26698424668412E-001
48.5706305 3.07811174604640E-001 3.24896823840828E-001
48.6706110 3.06149960412848E-001 3.23108666478314E-001
48.7705955 3.04500812259221E-001 3.21333758739010E-001
48.8705762 3.02863744412241E-001 3.19572111074505E-001
48.9705608 3.01238521653781E-001 3.17823465526848E-001
49.0705416 2.99625158883797E-001 3.16087833352256E-001
49.1705225 2.98023485996128E-001 3.14365026826618E-001
49.2705073 2.96433335857480E-001 3.12654861541167E-001
49.3704883 2.94854724259365E-001 3.10957349891230E-001
49.4704733 2.93287426390205E-001 3.09272245604827E-001
49.5704545 2.91731458600413E-001 3.07599561793469E-001
49.6704357 2.90186658797552E-001 3.05939119783021E-001
49.7704208 2.88652867708002E-001 3.04290744038906E-001
49.8704022 2.87130102469965E-001 3.02654448685299E-001
49.9703875 2.85618148107155E-001 3.01029998479844E-001
50.0703690 2.84117022250735E-001 2.99417408182561E-001
50.1703506 2.82626570361719E-001 2.97816507637883E-001
50.2703361 2.81146640575438E-001 2.96227129665160E-001
50.3703178 2.79677251216557E-001 2.94649289922208E-001
50.4703034 2.78218196609922E-001 2.93082763583525E-001
50.5702853 2.76769495513254E-001 2.91527566869790E-001
50.6702672 2.75331000511619E-001 2.89983537649019E-001
50.7702530 2.73902566728758E-001 2.88450516609823E-001
50.8702350 2.72484213530236E-001 2.86928520766319E-001
50.9702209 2.71075744042191E-001 2.85417335137357E-001
51.0702031 2.69677178008817E-001 2.83916977233609E-001
51.1701853 2.68288374738354E-001 2.82427292485276E-001
51.2701714 2.66909195950304E-001 2.80948128998398E-001
51.3701538 2.65539661918886E-001 2.79479504982286E-001
51.4701400 2.64179584103495E-001 2.78021214764857E-001
51.5701225 2.62828983107534E-001 2.76573276991737E-001
51.6701050 2.61487724587908E-001 2.75135544224900E-001
51.7700914 2.60155676493020E-001 2.73707871566299E-001
51.8700741 2.58832859885614E-001 2.72290278274068E-001
51.9700606 2.57519094119783E-001 2.70882567484364E-001
52.0700434 2.56214400542550E-001 2.69484758836915E-001
52.1700263 2.54918650809364E-001 2.68096711623691E-001
52.2700130 2.53631718754534E-001 2.66718287549029E-001
52.3699959 2.52353626120230E-001 2.65349506786929E-001
52.4699827 2.51084199744030E-001 2.63990180812864E-001
52.5699658 2.49823461611603E-001 2.62640330132717E-001
52.6699489 2.48571289049416E-001 2.61299820393136E-001
52.7699359 2.47327561456786E-001 2.59968519533207E-001
52.8699192 2.46092301156243E-001 2.58646448522017E-001
52.9699063 2.44865342083029E-001 2.57333426735013E-001
53.0698897 2.43646706766160E-001 2.56029475428021E-001
53.1698731 2.42436277896519E-001 2.54734466251536E-001
53.2698603 2.41233940138010E-001 2.53448273035695E-001
53.3698439 2.40039716303606E-001 2.52170917434997E-001
53.4698313 2.38853447063979E-001 2.50902226312944E-001
53.5698149 2.37675155404996E-001 2.49642221569782E-001
53.6697986 2.36504729094768E-001 2.48390780531682E-001
53.7697861 2.35342057780353E-001 2.47147782598310E-001
53.8697699 2.34187164683580E-001 2.45913250009994E-001
53.9697576 2.33039896870248E-001 2.44687016731845E-001
54.0697415 2.31900277704607E-001 2.43469105212726E-001
54.1697254 2.30768199762815E-001 2.42259398147313E-001
54.2697133 2.29643557411279E-001 2.41057780203828E-001
54.3696973 2.28526374206684E-001 2.39864274118034E-001
54.4696852 2.27416503290062E-001 2.38678720593863E-001
54.5696694 2.26313968332893E-001 2.37501142541850E-001
54.6696536 2.25218666466923E-001 2.36331427737477E-001
54.7696417 2.24130496530470E-001 2.35169465835591E-001
54.8696260 2.23049482347999E-001 2.34015279985383E-001
54.9696142 2.21975482834876E-001 2.32868717288805E-001
55.0695986 2.20908521905331E-001 2.31729801039192E-001
55.1695831 2.19848501009780E-001 2.30598423823193E-001
55.2695714 2.18795323226222E-001 2.29474480018030E-001
55.3695560 2.17749012586139E-001 2.28357993111945E-001
55.4695444 2.16709433496033E-001 2.27248816284571E-001
55.5695291 2.15676610054487E-001 2.26146973140524E-001
55.6695138 2.14650447808118E-001 2.25052360824756E-001
55.7695023 2.13630853856523E-001 2.23964878189030E-001
55.8694872 2.12617852383193E-001 2.22884548993216E-001
55.9694758 2.11611313019075E-001 2.21811232193338E-001
56.0694607 2.10611259994255E-001 2.20744951640481E-001
56.1694457 2.09617602742528E-001 2.19685608800619E-001
56.2694345 2.08630252180170E-001 2.18633106767473E-001
56.3694196 2.07649232592927E-001 2.17587469511466E-001
56.4694085 2.06674418584891E-001 2.16548561481466E-001
56.5693936 2.05705834469868E-001 2.15516406716329E-001
56.6693788 2.04743393372331E-001 2.14490910780260E-001
56.7693678 2.03787009832568E-001 2.13471980790538E-001
56.8693531 2.02836708193620E-001 2.12459640872852E-001
56.9693423 2.01892367795802E-001 2.11453760701907E-001
57.0693276 2.00954012993477E-001 2.10454364451215E-001
57.1693130 2.00021560416954E-001 2.09461361573896E-001
57.2693023 1.99094928049293E-001 2.08474663005589E-001
57.3692878 1.98174140250248E-001 2.07494292977234E-001
57.4692772 1.97259080872853E-001 2.06520126137806E-001
57.5692628 1.96349774273091E-001 2.05552186747440E-001
57.6692484 1.95446140413138E-001 2.04590387951411E-001
57.7692379 1.94548100548234E-001 2.03634644310801E-001
57.8692236 1.93655679018252E-001 2.02684980116615E-001
57.9692132 1.92768763978003E-001 2.01741274754924E-001
58.0691990 1.91887379749993E-001 2.00803552529102E-001
58.1691849 1.91011449464448E-001 1.99871730091510E-001
58.2691746 1.90140897488126E-001 1.98945725447209E-001
58.3691605 1.89275748108080E-001 1.98025562906472E-001
58.4691503 1.88415893581684E-001 1.97111126368751E-001
58.5691363 1.87561358166394E-001 1.96202440141515E-001
58.6691224 1.86712068006133E-001 1.95299424210042E-001
58.7691123 1.85867950427793E-001 1.94401999852575E-001
58.8690985 1.85029029635993E-001 1.93510191361877E-001
58.9690885 1.84195201802446E-001 1.92623886939641E-001
59.0690747 1.83366491091195E-001 1.91743110862156E-001
59.1690610 1.82542826514349E-001 1.90867786283611E-001
59.2690511 1.81724138216217E-001 1.89997837594598E-001
59.3690374 1.80910450292407E-001 1.89133289037250E-001
59.4690277 1.80101662651036E-001 1.88274032916124E-001
59.5690141 1.79297799337302E-001 1.87420093444586E-001
59.6690006 1.78498792094259E-001 1.86571396791222E-001
59.7689909 1.77704573749003E-001 1.85727870307430E-001
59.8689774 1.76915168264342E-001 1.84889538154943E-001
59.9689678 1.76130479116494E-001 1.84056296552805E-001
60.0689545 1.75350530209057E-001 1.83228169622946E-001
60.1689411 1.74575255886519E-001 1.82405086402695E-001
60.2689316 1.73804591531710E-001 1.81586977061393E-001
60.3689184 1.73038560953377E-001 1.80773865653661E-001
60.4689090 1.72277071036575E-001 1.79965652134957E-001
60.5688958 1.71520145522998E-001 1.79162360510205E-001
60.6688827 1.70767721236280E-001 1.78363922548107E-001
60.7688734 1.70019735995021E-001 1.77570271101200E-001
60.8688603 1.69276213434963E-001 1.76781430093061E-001
60.9688511 1.68537063699210E-001 1.75997303047149E-001
61.0688381 1.67802310349476E-001 1.75217913828505E-001
61.1688251 1.67071892573031E-001 1.74443196807573E-001
61.2688160 1.66345750510909E-001 1.73673087392921E-001
61.3688031 1.65623907609019E-001 1.72907609355708E-001
61.4687941 1.64906277125679E-001 1.72146669628027E-001
61.5687813 1.64192882426591E-001 1.71390291914610E-001
61.6687685 1.63483664953488E-001 1.70638413065264E-001
61.7687596 1.62778567062717E-001 1.69890970924520E-001
61.8687469 1.62077611995456E-001 1.69147989092066E-001
61.9687381 1.61380715989877E-001 1.68409377757752E-001
62.0687254 1.60687902201495E-001 1.67675160447823E-001
62.1687128 1.59999114223276E-001 1.66945276375845E-001
62.2687041 1.59314296525586E-001 1.66219665708893E-001
62.3686916 1.58633472131736E-001 1.65498351858254E-001
62.4686829 1.57956560131410E-001 1.64781248128627E-001
62.5686704 1.57283583457458E-001 1.64068377851637E-001
62.6686580 1.56614487756427E-001 1.63359682495357E-001
62.7686494 1.55949219516868E-001 1.62655104442212E-001
62.8686371 1.55287801532695E-001 1.61954666900098E-001
62.9686286 1.54630155623362E-001 1.61258286153132E-001
63.0686163 1.53976304488129E-001 1.60565985324058E-001
63.1686040 1.53326195734699E-001 1.59877708032159E-001
63.2685918 1.52679802366896E-001 1.59193424801766E-001
63.3685872 1.52037048728192E-001 1.58513054663185E-001
63.4685751 1.51398006358438E-001 1.57836672466969E-001
63.5685630 1.50762599783229E-001 1.57164197454847E-001
63.6685509 1.50130802931492E-001 1.56495601176815E-001
63.7685388 1.49502589957587E-001 1.55830855432712E-001
63.8685344 1.48877887716029E-001 1.55169881989567E-001
63.9685224 1.48256766119802E-001 1.54512753987854E-001
64.0685105 1.47639152192498E-001 1.53859393390998E-001
64.1684986 1.47025020967682E-001 1.53209772972830E-001
64.2684867 1.46414347693204E-001 1.52563865744479E-001
64.3684824 1.45807061629991E-001 1.51921596093612E-001
64.4684706 1.45203231105345E-001 1.51283035493633E-001
64.5684588 1.44602785537102E-001 1.50648108514590E-001
64.6684470 1.44005701009010E-001 1.50016789092897E-001
64.7684353 1.43411953808590E-001 1.49389051390446E-001
64.8684312 1.42821475503755E-001 1.48764822305334E-001
64.9684195 1.42234332876363E-001 1.48144171685957E-001
65.0684079 1.41650457639885E-001 1.47527026599730E-001
65.1683963 1.41069826876859E-001 1.46913362087891E-001
65.2683847 1.40492417863668E-001 1.46303153406001E-001
65.3683808 1.39918164380700E-001 1.45696329857927E-001
65.4683692 1.39347131703656E-001 1.45092959708170E-001
65.5683578 1.38779253747889E-001 1.44492972417725E-001
65.6683463 1.38214508546196E-001 1.43896344078162E-001
65.7683349 1.37652874315838E-001 1.43303050984846E-001
65.8683311 1.37094286959804E-001 1.42713024747965E-001
65.9683197 1.36538810285975E-001 1.42126332088293E-001
66.0683084 1.35986380322413E-001 1.41542904761774E-001
66.1682971 1.35436976006327E-001 1.40962719858876E-001
66.2682858 1.34890576450529E-001 1.40385754663925E-001
66.3682821 1.34347119595090E-001 1.39811942998900E-001
66.4682709 1.33806667817482E-001 1.39241350080064E-001
66.5682597 1.33269159173621E-001 1.38673909864544E-001
66.6682485 1.32734573461799E-001 1.38109600393137E-001
66.7682374 1.32202890647532E-001 1.37548399891118E-001
66.8682339 1.31674050626589E-001 1.36990244302358E-001
66.9682228 1.31148114382507E-001 1.36435197376894E-001
67.0682118 1.30625021918282E-001 1.35883195183841E-001
67.1682007 1.30104753852323E-001 1.35334216668454E-001
67.2681897 1.29587290962340E-001 1.34788240951593E-001
67.3681864 1.29072575022303E-001 1.34245206013501E-001
67.4681754 1.28560665657378E-001 1.33705174175332E-001
67.5681645 1.28051504740715E-001 1.33168083533326E-001
67.6681536 1.27545073672092E-001 1.32633913893839E-001
67.7681428 1.27041354003096E-001 1.32102645230449E-001
67.8681396 1.26540289312075E-001 1.31574217478369E-001
67.9681288 1.26041937900489E-001 1.31048691566294E-001
68.0681180 1.25546243438350E-001 1.30526007536808E-001
68.1681072 1.25053188070146E-001 1.30006146016376E-001
68.2680965 1.24562754085081E-001 1.29489087790762E-001
68.3680934 1.24074886795535E-001 1.28974774672646E-001
68.4680827 1.23589643213033E-001 1.28463266233778E-001
68.5680721 1.23106968734601E-001 1.27954504386148E-001
68.6680615 1.22626846214735E-001 1.27448470537568E-001
68.7680509 1.22149258645926E-001 1.26945146247648E-001
68.8680479 1.21674153007530E-001 1.26444475132711E-001
68.9680374 1.21201585054035E-001 1.25946515442173E-001
69.0680269 1.20731501842883E-001 1.25451210884141E-001
69.1680164 1.20263886905714E-001 1.24958543611092E-001
69.2680059 1.19798723905807E-001 1.24468495920207E-001
69.3680031 1.19335961425532E-001 1.23981013161102E-001
69.4679927 1.18875653994387E-001 1.23496152294585E-001
69.5679823 1.18417750266706E-001 1.23013858755031E-001
69.6679719 1.17962234420145E-001 1.22534115404863E-001
69.7679615 1.17509090757972E-001 1.22056905244492E-001
69.8679589 1.17058269404563E-001 1.21582175289767E-001
69.9679486 1.16609823695624E-001 1.21109981245745E-001
70.0679383 1.16163703821770E-001 1.20640270206468E-001
70.1679281 1.15719894577175E-001 1.20173025711433E-001
70.2679178 1.15278380875910E-001 1.19708231431759E-001
70.3679153 1.14839114326129E-001 1.19245835985579E-001
70.4679051 1.14402147100119E-001 1.18785893854196E-001
70.5678949 1.13967430866922E-001 1.18328353727802E-001
70.6678848 1.13534951009266E-001 1.17873199791826E-001
70.7678747 1.13104693024359E-001 1.17420416357289E-001
70.8678723 1.12676609948535E-001 1.16969953583599E-001
70.9678622 1.12250752820231E-001 1.16521864759464E-001
71.0678522 1.11827074731676E-001 1.16076100110619E-001
71.1678422 1.11405561627630E-001 1.15632644438916E-001
71.2678322 1.10986199562195E-001 1.15191482666085E-001
71.3678299 1.10568942946791E-001 1.14752566434580E-001
71.4678200 1.10153841714785E-001 1.14315947870856E-001
71.5678100 1.09740850328822E-001 1.13881578678340E-001
71.6678002 1.09329955270535E-001 1.13449444247333E-001
71.7677903 1.08921143126026E-001 1.13019530082599E-001
71.8677881 1.08514369631074E-001 1.12591789254050E-001
71.9677783 1.08109683641976E-001 1.12166272755417E-001
72.0677685 1.07707040941375E-001 1.11742933712585E-001
72.1677587 1.07306428523902E-001 1.11321758077778E-001
72.2677489 1.06907833484029E-001 1.10902731912541E-001
72.3677468 1.06511212833409E-001 1.10485809661161E-001
72.4677371 1.06116614378524E-001 1.10071041213383E-001
72.5677275 1.05723995173816E-001 1.09658381064793E-001
72.6677178 1.05333342704246E-001 1.09247815704371E-001
72.7677082 1.04944644550225E-001 1.08839331725543E-001
72.8677062 1.04557858952928E-001 1.08432884896249E-001
72.9676966 1.04173032695534E-001 1.08028524030221E-001
73.0676870 1.03790124058197E-001 1.07626204942332E-001
73.1676774 1.03409120994686E-001 1.07225914634438E-001
73.2676679 1.03030011550044E-001 1.06827640208211E-001
73.3676660 1.02652755150637E-001 1.06431338706772E-001
73.4676565 1.02277397582133E-001 1.06037057895058E-001
73.5676471 1.01903898306318E-001 1.05644754859040E-001
73.6676376 1.01532245725320E-001 1.05254417090779E-001
73.7676282 1.01162428328573E-001 1.04866032177760E-001
73.8676264 1.00794406685221E-001 1.04479558391938E-001
73.9676171 1.00428225608515E-001 1.04095042475938E-001
74.0676077 1.00063845699692E-001 1.03712442740754E-001
74.1675984 9.97012557898067E-002 1.03331747147126E-001
74.2675890 9.93404447934478E-002 1.02952943747038E-001
74.3675874 9.89813743819483E-002 1.02575991996962E-001
74.4675781 9.86240884205475E-002 1.02200937642974E-001
74.5675688 9.82685486095660E-002 1.01827740177020E-001
74.6675596 9.79147441905090E-002 1.01456388008065E-001
74.7675504 9.75626644848345E-002 1.01086869632353E-001
74.8675488 9.72122722272035E-002 1.00719145648468E-001
74.9675396 9.68636103585878E-002 1.00353260831002E-001
75.0675305 9.65166416397347E-002 9.99891758106836E-002
75.1675213 9.61713557050355E-002 9.96268794252696E-002
75.2675122 9.58277422654257E-002 9.92663605960255E-002
75.3675108 9.54857650816812E-002 9.89075810230692E-002
75.4675017 9.51454661935986E-002 9.85505845338867E-002
75.5674926 9.48068093853302E-002 9.81953328576325E-002
75.6674836 9.44697846674437E-002 9.78418152423790E-002
75.7674746 9.41343821238081E-002 9.74900210161245E-002
75.8674732 9.38005665056653E-002 9.71399129416725E-002
75.9674642 9.34683789740976E-002 9.67915339231205E-002
76.0674553 9.31377843011923E-002 9.64448467494042E-002
76.1674463 9.28087728577940E-002 9.60998410613456E-002
76.2674374 9.24813350849620E-002 9.57565065762836E-002
76.3674361 9.21554366902433E-002 9.54148070825057E-002
76.4674273 9.18311179778514E-002 9.50747845837881E-002
76.5674184 9.15083446738157E-002 9.47364028918377E-002
76.6674096 9.11871074941237E-002 9.43996520235161E-002
76.7674007 9.08673972220388E-002 9.40645220689584E-002
76.8673996 9.05491804886691E-002 9.37309778062990E-002
76.9673908 9.02324967626055E-002 9.33990603614294E-002
77.0673820 8.99173126912313E-002 9.30687345333698E-002
77.1673732 8.96036193212679E-002 9.27399906991217E-002
77.2673645 8.92914077639140E-002 9.24128193058734E-002
77.3673634 8.89806455424410E-002 9.20871860874575E-002
77.4673547 8.86713713104808E-002 9.17631313137023E-002
77.5673461 8.83635526055217E-002 9.14406207369609E-002
77.6673374 8.80571807912944E-002 9.11196450792409E-002
77.7673288 8.77522472933416E-002 9.08001951297985E-002
77.8673278 8.74487204969849E-002 9.04822375454320E-002
77.9673192 8.71466382609940E-002 9.01658117611301E-002
78.0673106 8.68459689829855E-002 8.98508844500033E-002
78.1673020 8.65467043306253E-002 8.95374466646567E-002
78.2672935 8.62488360308510E-002 8.92254895221458E-002
78.3672925 8.59523333021423E-002 8.89149805708497E-002
78.4672840 8.56572332279529E-002 8.86059584315594E-002
78.5672755 8.53635050372653E-002 8.82983906669053E-002
78.6672671 8.50711406892202E-002 8.79922686463670E-002
78.7672586 8.47801321998089E-002 8.76875838012092E-002
78.8672578 8.44904495929423E-002 8.73843045412899E-002
78.9672493 8.42021291957679E-002 8.70824686932788E-002
79.0672409 8.39151410410281E-002 8.67820446793619E-002
79.1672325 8.36294773674604E-002 8.64830241728200E-002
79.2672242 8.33451304683446E-002 8.61853989061792E-002
79.3672234 8.30620711464058E-002 8.58891381218968E-002
79.4672151 8.27803349909744E-002 8.55942788720466E-002
79.5672068 8.24998928120485E-002 8.53007904096202E-002
79.6671985 8.22207371166364E-002 8.50086646992407E-002
79.7671902 8.19428604640872E-002 8.47178937623558E-002
79.8671895 8.16662344103812E-002 8.44284476463072E-002
79.9671813 8.13908938250142E-002 8.41403626475632E-002
80.0671730 8.11168102697874E-002 8.38536088223267E-002
80.1671648 8.08439765091770E-002 8.35681784146873E-002
80.2671566 8.05723853578991E-002 8.32840637232502E-002
80.3671560 8.03020091006395E-002 8.30012355736367E-002
80.4671478 8.00328819045503E-002 8.27197295251795E-002
80.5671397 7.97649760587858E-002 8.24395164108013E-002
80.6671315 7.94982845749821E-002 8.21605887427331E-002
80.7671234 7.92328005130118E-002 8.18829390855211E-002
80.8671229 7.89684968626791E-002 8.16065390175182E-002
80.9671148 7.87054071058053E-002 8.13314233788864E-002
81.0671067 7.84435042354037E-002 8.10575637538273E-002
81.1670987 7.81827815004340E-002 8.07849529119120E-002
81.2670906 7.79232321961792E-002 8.05135836729274E-002
81.3670902 7.76648299948941E-002 8.02434283434207E-002
81.4670822 7.74076077096171E-002 7.99745210618558E-002
81.5670742 7.71515390146402E-002 7.97068341392747E-002
81.6670662 7.68966173868559E-002 7.94403605922837E-002
81.7670583 7.66428363476538E-002 7.91750934857012E-002
81.8670579 7.63901702299485E-002 7.89110058306931E-002
81.9670500 7.61386511940924E-002 7.86481310810210E-002
82.0670421 7.58882535739472E-002 7.83864422510853E-002
82.1670342 7.56389710653717E-002 7.81259325946930E-002
82.2670263 7.53907974069769E-002 7.78665954119499E-002
82.3670260 7.51437075713841E-002 7.76084043959846E-002
82.4670182 7.48977330819184E-002 7.73513923323877E-002
82.5670103 7.46528489111350E-002 7.70955329163491E-002
82.6670025 7.44090489652941E-002 7.68408196294881E-002
82.7669947 7.41663271917414E-002 7.65872459978960E-002
82.8669945 7.39246591826520E-002 7.63347863748845E-002
82.9669867 7.36840758395566E-002 7.60834728939546E-002
83.0669790 7.34445527536229E-002 7.58332799093878E-002
83.1669712 7.32060840333296E-002 7.55842011216508E-002
83.2669635 7.29686638266487E-002 7.53362302739386E-002
83.3669634 7.27322683259206E-002 7.50893423588035E-002
83.4669556 7.24969278257008E-002 7.48435688732999E-002
83.5669479 7.22626185164488E-002 7.45988848099361E-002
83.6669403 7.20293347010419E-002 7.43552840794636E-002
83.7669326 7.17970707203288E-002 7.41127606336968E-002
83.8669326 7.15658033481574E-002 7.38712900842864E-002
83.9669249 7.13355622865262E-002 7.36309033070581E-002
84.0669173 7.11063243065919E-002 7.33915759126771E-002
84.1669097 7.08780838981556E-002 7.31533020139997E-002
84.2669021 7.06508355875342E-002 7.29160757633524E-002
84.3669022 7.04245567121242E-002 7.26798733721075E-002
84.4668946 7.01992763953950E-002 7.24447251096664E-002
84.5668870 6.99749719713011E-002 7.22106071855415E-002
84.6668795 6.97516381094195E-002 7.19775139068757E-002
84.7668720 6.95292695144521E-002 7.17454396187612E-002
84.8668721 6.93078440700530E-002 7.15143611136442E-002
84.9668646 6.90873903348117E-002 7.12843080689063E-002
85.0668571 6.88678861882454E-002 7.10552572743226E-002
85.1668496 6.86493264728716E-002 7.08272032238504E-002
85.2668422 6.84317060650013E-002 7.06001404479416E-002
85.3668424 6.82150033778953E-002 7.03740463021677E-002
85.4668349 6.79992464185442E-002 7.01489498859044E-002
85.5668275 6.77844135954287E-002 6.99248285513010E-002
85.6668201 6.75704999174674E-002 6.97016769719838E-002
85.7668127 6.73575004260989E-002 6.94794898566830E-002
85.8668130 6.71453940481505E-002 6.92582451068150E-002
85.9668056 6.69342082519384E-002 6.90379712573855E-002
86.0667983 6.67239219589158E-002 6.88186462056930E-002
86.1667909 6.65145303381452E-002 6.86002647981997E-002
86.2667836 6.63060285899901E-002 6.83828219151411E-002
86.3667839 6.60983961393896E-002 6.81662959871367E-002
86.4667766 6.58916599285636E-002 6.79507149980912E-002
86.5667694 6.56857993765294E-002 6.77360573738628E-002
86.6667621 6.54808098065038E-002 6.75223181272126E-002
86.7667548 6.52766865718386E-002 6.73094923034020E-002
86.8667552 6.50734095806910E-002 6.70975588462237E-002
86.9667480 6.48710052614254E-002 6.68865452013930E-002
87.0667408 6.46694535157721E-002 6.66764303073467E-002
87.1667336 6.44687498153693E-002 6.64672093368900E-002
87.2667264 6.42688896608727E-002 6.62588774941099E-002
87.3667268 6.40698534293005E-002 6.60514142205274E-002
87.4667197 6.38716670470759E-002 6.58448464362340E-002
87.5667125 6.36743108843256E-002 6.56391535768464E-002
87.6667054 6.34777805556187E-002 6.54343309692271E-002
87.7666983 6.32820717034716E-002 6.52303739703539E-002
87.8666988 6.30871651599209E-002 6.50272625045918E-002
87.9666917 6.28930863610452E-002 6.48250229786379E-002
88.0666846 6.26998161315627E-002 6.46236353104470E-002
88.1666775 6.25073502237146E-002 6.44230949752079E-002
88.2666705 6.23156844166645E-002 6.42233974771078E-002
88.3666710 6.21247999841172E-002 6.40245232090074E-002
88.4666640 6.19347218830953E-002 6.38264980761122E-002
88.5666570 6.17454313795940E-002 6.36293024644080E-002
88.6666500 6.15569243584885E-002 6.34329319919213E-002
88.7666429 6.13691967305946E-002 6.32373823046083E-002
88.8666436 6.11822301984075E-002 6.30426342499912E-002
88.9666366 6.09960492508829E-002 6.28487132433700E-002
89.0666296 6.08106355824489E-002 6.26556001249651E-002
89.1666227 6.06259852057869E-002 6.24632906503849E-002
89.2666157 6.04420941585778E-002 6.22717806021425E-002
89.3666164 6.02589445596823E-002 6.20810512690808E-002
89.4666095 6.00765604406883E-002 6.18911275878718E-002
89.5666026 5.98949239120627E-002 6.17019908396650E-002
89.6665957 5.97140311096660E-002 6.15136369126146E-002
89.7665889 5.95338781934556E-002 6.13260617207977E-002
89.8665896 5.93544476866673E-002 6.11392469815091E-002
89.9665828 5.91757631739378E-002 6.09532171637715E-002
90.0665759 5.89978071698113E-002 6.07679539768277E-002
90.1665691 5.88205759288911E-002 6.05834534365520E-002
90.2665622 5.86440657290123E-002 6.03997115838013E-002
90.3665631 5.84682594862113E-002 6.02167105519049E-002
90.4665563 5.82931803483163E-002 6.00344743529254E-002
90.5665495 5.81188112224024E-002 5.98529851118134E-002
90.6665427 5.79451484775614E-002 5.96722389675384E-002
90.7665359 5.77721885052875E-002 5.94922320831505E-002
90.8665368 5.75999146032435E-002 5.93129469960314E-002
90.9665301 5.74283494923255E-002 5.91344072716902E-002
91.0665233 5.72574764609904E-002 5.89565954388321E-002
91.1665166 5.70872919887389E-002 5.87795077550877E-002
91.2665099 5.69177925766778E-002 5.86031405013031E-002
91.3665108 5.67489618933052E-002 5.84274766073468E-002
91.4665041 5.65808222422032E-002 5.82525392023068E-002
91.5664975 5.64133572824441E-002 5.80783112071046E-002
91.6664908 5.62465636000227E-002 5.79047889937797E-002
91.7664842 5.60804378017765E-002 5.77319689567584E-002
91.8664851 5.59149639166162E-002 5.75598344072284E-002
91.9664785 5.57501638401773E-002 5.73884080477245E-002
92.0664719 5.55860215917470E-002 5.72176731802432E-002
92.1664653 5.54225338600582E-002 5.70476262871550E-002
92.2664587 5.52596973539544E-002 5.68782638724219E-002
92.3664597 5.50974964526892E-002 5.67095696177676E-002
92.4664531 5.49359526530752E-002 5.65415658087829E-002
92.5664466 5.47750503245661E-002 5.63742361177798E-002
92.6664400 5.46147862550286E-002 5.62075771335477E-002
92.7664335 5.44551572517360E-002 5.60415854657041E-002
92.8664346 5.42961480345557E-002 5.58762451560936E-002
92.9664281 5.41377797103638E-002 5.57115780827212E-002
93.0664215 5.39800369890710E-002 5.55475682778219E-002
93.1664150 5.38229167542168E-002 5.53842124328498E-002
93.2664086 5.36664159080722E-002 5.52215072593548E-002
93.3664097 5.35105195017144E-002 5.50594371492401E-002
93.4664032 5.33552482607405E-002 5.48980235820404E-002
93.5663968 5.32005872261325E-002 5.47372509398722E-002
93.6663903 5.30465333737803E-002 5.45771160132516E-002
93.7663839 5.28930836976566E-002 5.44176156120876E-002
93.8663851 5.27402235709580E-002 5.42587344686192E-002
93.9663787 5.25879733464366E-002 5.41004936727891E-002
94.0663723 5.24363183870728E-002 5.39428779468926E-002
94.1663659 5.22852557579156E-002 5.37858841770493E-002
94.2663595 5.21347825414741E-002 5.36295092680963E-002
94.3663607 5.19848844242754E-002 5.34737382832117E-002
94.4663544 5.18355813944429E-002 5.33185919313955E-002
94.5663480 5.16868591281828E-002 5.31640552657432E-002
94.6663417 5.15387147766382E-002 5.30101252646571E-002
94.7663353 5.13911455078134E-002 5.28567989246084E-002
94.8663366 5.12441373130664E-002 5.27040616306309E-002
94.9663303 5.10977098238988E-002 5.25519337192073E-002
95.0663240 5.09518490212575E-002 5.24004005651675E-002
95.1663177 5.08065521394346E-002 5.22494592360069E-002
95.2663114 5.06618164290087E-002 5.20991068166677E-002
95.3663128 5.05176281779468E-002 5.19493290052561E-002
95.4663065 5.03740066689303E-002 5.18001457739472E-002
95.5663002 5.02309381794401E-002 5.16515428105389E-002
95.6662940 5.00884200240872E-002 5.15035172685561E-002
95.7662878 4.99464495332164E-002 5.13560663183728E-002
95.8662892 4.98050132834505E-002 5.12091759626746E-002
95.9662829 4.96641302162536E-002 5.10628658173280E-002
96.0662767 4.95237868977002E-002 5.09171218746203E-002
96.1662705 4.93839807199999E-002 5.07719413711630E-002
96.2662643 4.92447090905649E-002 5.06273215598419E-002
96.3662658 4.91059588669783E-002 5.04832487397070E-002
96.4662596 4.89677486568959E-002 5.03397421781103E-002
96.5662535 4.88300653073023E-002 5.01967881636279E-002
96.6662473 4.86929062853910E-002 5.00543840131295E-002
96.7662412 4.85562690730470E-002 4.99125270592064E-002
96.8662427 4.84201408013650E-002 4.97712038893258E-002
96.9662365 4.82845397514150E-002 4.96304334299210E-002
97.0662304 4.81494530436550E-002 4.94902022579224E-002
97.1662243 4.80148782177477E-002 4.93505077677394E-002
97.2662182 4.78808128275559E-002 4.92113473689721E-002
97.3662198 4.77472442704763E-002 4.90727079298142E-002
97.4662137 4.76141905080330E-002 4.89346080431834E-002
97.5662076 4.74816389269580E-002 4.87970345666867E-002
97.6662016 4.73495871369650E-002 4.86599849696597E-002
97.7661955 4.72180327614954E-002 4.85234567361180E-002
97.8661971 4.70869634572676E-002 4.83874370075397E-002
97.9661911 4.69563968731218E-002 4.82519440505421E-002
98.0661851 4.68263206550944E-002 4.81169649959779E-002
98.1661791 4.66967324806237E-002 4.79824973855958E-002
98.2661730 4.65676300404214E-002 4.78485387753340E-002
98.3661747 4.64390012437683E-002 4.77150765727505E-002
98.4661687 4.63108634335114E-002 4.75821287251952E-002
98.5661627 4.61832045082412E-002 4.74496826295733E-002
98.6661568 4.60560222108827E-002 4.73177358976299E-002
98.7661508 4.59293142971971E-002 4.71862861548275E-002
98.8661525 4.58030689224811E-002 4.70553210678294E-002
98.9661465 4.56773031301115E-002 4.69248582715746E-002
99.0661406 4.55520050646953E-002 4.67948854220556E-002
99.1661347 4.54271725324905E-002 4.66654001986893E-002
99.2661288 4.53028033521705E-002 4.65364002941558E-002
99.3661305 4.51788859187068E-002 4.64078736274699E-002
99.4661246 4.50554369823659E-002 4.62798375278434E-002
99.5661187 4.49324449274381E-002 4.61522799036117E-002
99.6661128 4.48099076214418E-002 4.60251984996272E-002
99.7661070 4.46878229439055E-002 4.58985910735681E-002
99.8661087 4.45661795233313E-002 4.57724457902590E-002
99.9661029 4.44449938230779E-002 4.56467796797021E-002
100.0660970 4.43242544609825E-002 4.55215808960428E-002
100.1660912 4.42039593638283E-002 4.53968472474166E-002
100.2660854 4.40841064700188E-002 4.52725765543643E-002
100.3660872 4.39646846356329E-002 4.51487572211839E-002
100.4660814 4.38457100431704E-002 4.50254059850222E-002
100.5660756 4.37271715380683E-002 4.49025112395067E-002
100.6660698 4.36090671044537E-002 4.47800708539843E-002
100.7660640 4.34913947376981E-002 4.46580827098028E-002
100.8660658 4.33741435156873E-002 4.45365354445946E-002
100.9660601 4.32573293459609E-002 4.44154455088474E-002
101.0660543 4.31409412957924E-002 4.42948015295393E-002
101.1660486 4.30249774048025E-002 4.41746014352351E-002
101.2660428 4.29094357234945E-002 4.40548431661098E-002
101.3660447 4.27943055459676E-002 4.39355155871819E-002
101.4660390 4.26796025105551E-002 4.38166348683229E-002
101.5660333 4.25653159007796E-002 4.36981898639197E-002
101.6660275 4.24514438099733E-002 4.35801785598344E-002
101.7660218 4.23379843420029E-002 4.34625989531648E-002
101.8660238 4.22249270017576E-002 4.33454401305491E-002
101.9660181 4.21122871639775E-002 4.32287179871368E-002
102.0660124 4.20000543230167E-002 4.31124215989641E-002
102.1660067 4.18882266242025E-002 4.29965490073421E-002
102.2660011 4.17768022230607E-002 4.28810982644560E-002
102.3660031 4.16657708300119E-002 4.27660586729747E-002
102.4659974 4.15551475616787E-002 4.26514458590745E-002
102.5659918 4.14449221179931E-002 4.25372491148580E-002
102.6659861 4.13350926946233E-002 4.24234665353045E-002
102.7659805 4.12256574971125E-002 4.23100962259189E-002
102.8659825 4.11166064363129E-002 4.21971276999826E-002
102.9659769 4.10079543760712E-002 4.20845763203063E-002
103.0659713 4.08996912168023E-002 4.19724315896457E-002
103.1659657 4.07918152029212E-002 4.18606916549329E-002
103.2659601 4.06843245884061E-002 4.17493546732900E-002
103.3659622 4.05772094795936E-002 4.16384103633562E-002
103.4659566 4.04704844927672E-002 4.15278738300470E-002
103.5659511 4.03641397238813E-002 4.14177347815224E-002
103.6659455 4.02581734645617E-002 4.13079914150143E-002
103.7659400 4.01525840156966E-002 4.11986419376211E-002
103.8659421 4.00473616743074E-002 4.10896762682441E-002
103.9659365 3.99425208141998E-002 4.09811092592407E-002
104.0659310 3.98380517220731E-002 4.08729308190841E-002
104.1659255 3.97339527352823E-002 4.07651391937129E-002
104.2659200 3.96302222001552E-002 4.06577326386209E-002
104.3659221 3.95268505997409E-002 4.05507012680284E-002
104.4659166 3.94238520703309E-002 4.04440596869420E-002
104.5659112 3.93212170847157E-002 4.03377979992095E-002
104.6659057 3.92189440245514E-002 4.02319144979410E-002
104.7659002 3.91170312801879E-002 4.01264074855016E-002
104.8659024 3.90154695161823E-002 4.00212672666348E-002
104.9658969 3.89142726361557E-002 3.99165082040782E-002
105.0658915 3.88134312944734E-002 3.98121205922623E-002
105.1658860 3.87129439157157E-002 3.97081027699888E-002
105.2658806 3.86128089328873E-002 3.96044530850248E-002
105.3658828 3.85130171876664E-002 3.95011620279839E-002
105.4658774 3.84135823557312E-002 3.93982437242930E-002
105.5658720 3.83144952686383E-002 3.92956886543160E-002
105.6658666 3.82157543925640E-002 3.91934952011194E-002
105.7658612 3.81173582018486E-002 3.90916617564553E-002
105.8658634 3.80192977110330E-002 3.89901789922914E-002
105.9658580 3.79215863724672E-002 3.88890608015838E-002
106.0658527 3.78242151906430E-002 3.87882978461171E-002
106.1658473 3.77271826720515E-002 3.86878885518461E-002
106.2658419 3.76304873310965E-002 3.85878313531420E-002
106.3658442 3.75341203510464E-002 3.84881170989437E-002
106.4658389 3.74380949654280E-002 3.83887594544592E-002
106.5658335 3.73424023475360E-002 3.82897492585140E-002
106.6658282 3.72470410429395E-002 3.81910849786240E-002
106.7658229 3.71520096048789E-002 3.80927650904617E-002
106.8658252 3.70572993813347E-002 3.79947806156817E-002
106.9658199 3.69629233914077E-002 3.78971449963547E-002
107.0658146 3.68688729731830E-002 3.77998492440948E-002
107.1658093 3.67751467101148E-002 3.77028918666983E-002
107.2658040 3.66817431930951E-002 3.76062713798682E-002
107.3658063 3.65886539309169E-002 3.75099789738430E-002
107.4658011 3.64958917325488E-002 3.74140278720568E-002
107.5657958 3.64034480969684E-002 3.73184092547833E-002
107.6657905 3.63113216443638E-002 3.72231216688644E-002
107.7657853 3.62195110021351E-002 3.71281636688061E-002
107.8657877 3.61280078360997E-002 3.70335266094196E-002
107.9657824 3.60368247492865E-002 3.69392234998958E-002
108.0657772 3.59459533977792E-002 3.68452456851587E-002
108.1657720 3.58553924373883E-002 3.67515917499030E-002
108.2657667 3.57651405309185E-002 3.66582602862550E-002
108.3657692 3.56751894975312E-002 3.65652428097013E-002
108.4657639 3.55855517384094E-002 3.64725521194798E-002
108.5657587 3.54962190630645E-002 3.63801797212700E-002
108.6657536 3.54071901618563E-002 3.62881242364696E-002
108.7657484 3.53184637319284E-002 3.61963842936817E-002
108.8657508 3.52300317422104E-002 3.61049515652844E-002
108.9657456 3.51419063960371E-002 3.60138386447503E-002
109.0657405 3.50540796527733E-002 3.59230371947321E-002
