0.0053140 4.25627259793349E+000 1.98122170049109E+003
0.0210792 1.64301986093966E+001 1.94256543530460E+003
0.0467942 3.49055961902472E+001 1.88169204477447E+003
0.0817065 5.74694099170158E+001 1.80314201392937E+003
0.1249105 8.18068054059565E+001 1.71200774500468E+003
0.1754417 1.05895202063190E+002 1.61321425617958E+003
0.2323515 1.28217335333216E+002 1.51103865662057E+003
0.2947571 1.47805408848510E+002 1.40888653022453E+003
0.3618673 1.64174768087989E+002 1.30926843868618E+003
0.4329916 1.77209445491649E+002 1.21389491771366E+003
0.5075377 1.87042942482208E+002 1.12382399662016E+003
0.5850032 1.93957167944910E+002 1.03961513846122E+003
0.6649650 1.98306642618247E+002 9.61467196678536E+002
0.7470680 2.00466845197191E+002 8.89330537737120E+002
0.8310139 2.00801953946336E+002 8.22994074716173E+002
0.9165527 1.99646823418712E+002 7.62148500427257E+002
1.0034738 1.97298534859290E+002 7.06431532351711E+002
1.0915995 1.94014046770578E+002 6.55458978429927E+002
1.1807797 1.90011417749063E+002 6.08845072512011E+002
1.2708868 1.85472990360061E+002 5.66215924108305E+002
1.3618115 1.80549395647109E+002 5.27217153363281E+002
1.4534610 1.75363746674519E+002 4.91517973049631E+002
1.5457546 1.70015765869826E+002 4.58813500455757E+002
1.6386236 1.64585404336351E+002 4.28824384565829E+002
1.7320075 1.59136227729160E+002 4.01296703832403E+002
1.8258543 1.53718169482884E+002 3.76000133146888E+002
1.9201186 1.48369992871600E+002 3.52726549794728E+002
2.0147601 1.43121370314170E+002 3.31288405925647E+002
2.1097440 1.37994500003768E+002 3.11516559308748E+002
2.2050388 1.33005621138985E+002 2.93258942896854E+002
2.3006174 1.28166096469198E+002 2.76378576655826E+002
2.3964555 1.23483411833669E+002 2.60752191762670E+002
2.4925310 1.18961996036843E+002 2.46268921359159E+002
2.5888248 1.14603787717325E+002 2.32828767616555E+002
2.6853193 1.10408846658561E+002 2.20341723669050E+002
2.7819988 1.06375707144713E+002 2.08726504210722E+002
2.8788497 1.02501757342046E+002 1.97909720450879E+002
2.9758588 9.87835456570063E+001 1.87825116617726E+002
3.0730149 9.52169432609420E+001 1.78412652140053E+002
3.1703074 9.17973970476195E+001 1.69618033953534E+002
3.2677268 8.85200150412828E+001 1.61391967148248E+002
3.3652646 8.53797170984135E+001 1.53689722732292E+002
3.4629133 8.23713044852038E+001 1.46470615277110E+002
3.5606650 7.94895893563866E+001 1.39697723698836E+002
3.6585133 7.67293655467231E+001 1.33337315835890E+002
3.7564523 7.40855104670415E+001 1.27358659369106E+002
3.8544764 7.15530039058537E+001 1.21733693113841E+002
3.9525810 6.91269417107206E+001 1.16436740965943E+002
4.0507604 6.68025997391909E+001 1.11444377832175E+002
4.1490108 6.45753771955159E+001 1.06735069553532E+002
4.2473280 6.24408517150135E+001 1.02289088675238E+002
4.3457083 6.03947723864172E+001 9.80883212609869E+001
4.4441489 5.84330526714745E+001 9.41160986345658E+001
4.5426454 5.65518073269733E+001 9.03571375994824E+001
4.6411954 5.47472945316442E+001 8.67973061386531E+001
4.7397961 5.30159506127231E+001 8.34235915889079E+001
4.8384450 5.13543764472433E+001 8.02239834192718E+001
4.9371399 4.97593252439674E+001 7.71873710388565E+001
5.0358779 4.82277273690848E+001 7.43035214709430E+001
5.1346571 4.67566391097048E+001 7.15629207885039E+001
5.2334756 4.53432675598419E+001 6.89567678766042E+001
5.3323316 4.39849569148724E+001 6.64769008616985E+001
5.4312238 4.26791763992951E+001 6.41157329349747E+001
5.5301496 4.14235389948803E+001 6.18662485804034E+001
5.6291079 4.02157582658738E+001 5.97218922799720E+001
5.7280973 3.90536677985181E+001 5.76765742783373E+001
5.8271164 3.79352093074005E+001 5.57246228451433E+001
5.9261644 3.68584222330530E+001 5.38607426249854E+001
6.0252392 3.58214589096897E+001 5.20800197189575E+001
6.1243401 3.48225488041582E+001 5.03778409812829E+001
6.2234659 3.38600144828180E+001 4.87499049274652E+001
6.3226158 3.29322618298815E+001 4.71921897577872E+001
6.4217891 3.20377715190231E+001 4.57009254630984E+001
6.5209840 3.11751117811324E+001 4.42726027770270E+001
6.6202001 3.03429088916570E+001 4.29039129630305E+001
6.7194366 2.95398606473451E+001 4.15917604334732E+001
6.8186927 2.87647284788782E+001 4.03332406813154E+001
6.9179682 2.80163305840519E+001 3.91256210366861E+001
7.0172613 2.72935528905940E+001 3.79663509456171E+001
7.1165720 2.65953246382000E+001 3.68530159225143E+001
7.2158999 2.59206267589918E+001 3.57833452030591E+001
7.3152432 2.52685013610357E+001 3.47552210852574E+001
7.4146030 2.46380145942334E+001 3.37666152830439E+001
7.5139770 2.40283006457628E+001 3.28156537060077E+001
7.6133666 2.34385113192573E+001 3.19005332498664E+001
7.7127702 2.28678550822840E+001 3.10195790636713E+001
7.8121865 2.23155767653178E+001 3.01712092840756E+001
7.9116168 2.17809406594668E+001 2.93539061263733E+001
8.0110589 2.12632651494868E+001 2.85662661245708E+001
8.1105143 2.07618801774334E+001 2.78069324664192E+001
8.2099815 2.02761605870082E+001 2.70746434177709E+001
8.3094593 1.98055091081569E+001 2.63682041042289E+001
8.4089492 1.93493421167469E+001 2.56864632584837E+001
8.5084489 1.89071193422455E+001 2.50283558857965E+001
8.6079599 1.84783077480382E+001 2.43928475669675E+001
8.7074812 1.80624101658978E+001 2.37789755736152E+001
8.8070112 1.76589509343871E+001 2.31858259556134E+001
8.9065517 1.72674638182057E+001 2.26125145589352E+001
9.0061006 1.68875176250417E+001 2.20582234082142E+001
9.1056593 1.65186853413740E+001 2.15221543691803E+001
9.2052267 1.61605688495782E+001 2.10035642170228E+001
9.3048016 1.58127867231929E+001 2.05017457926708E+001
9.4043856 1.54749639094178E+001 2.00160123067328E+001
9.5039766 1.51467539263265E+001 1.95457285029501E+001
9.6035763 1.48278123318591E+001 1.90902717415898E+001
9.7031836 1.45178181625151E+001 1.86490620518562E+001
9.8027972 1.42164634937436E+001 1.82215464596692E+001
9.9024188 1.39234445718861E+001 1.78071858628826E+001
10.0020464 1.36384811364142E+001 1.74054818468557E+001
10.1016817 1.33612934854482E+001 1.70159437239267E+001
10.2013235 1.30916211553819E+001 1.66381144098632E+001
10.3009707 1.28292139360734E+001 1.62715572596211E+001
10.4006251 1.25738242028107E+001 1.59158449844333E+001
10.5002846 1.23252238087686E+001 1.55705828318688E+001
10.5999509 1.20831841549065E+001 1.52353804578536E+001
10.6996230 1.18474925355374E+001 1.49098743118102E+001
10.7992996 1.16179443609506E+001 1.45937164812953E+001
10.8989827 1.13943364898365E+001 1.42865652518500E+001
10.9986702 1.11764820581106E+001 1.39881052345289E+001
11.0983637 1.09641930740586E+001 1.36980231972209E+001
11.1980623 1.07572947797478E+001 1.34160275177082E+001
11.2977649 1.05556188825436E+001 1.31418386559275E+001
11.3974732 1.03589977272127E+001 1.28751810508746E+001
11.4971853 1.01672773639334E+001 1.26158006738274E+001
11.5969029 9.98030227842790E+000 1.23634441321096E+001
11.6966250 9.79792805885422E+000 1.21178756483270E+001
11.7963505 9.62001547574897E+000 1.18788688649468E+001
11.8960812 9.44642536334996E+000 1.16461998407291E+001
11.9958151 9.27703017852747E+000 1.14196624232140E+001
12.0955540 9.11170054597589E+000 1.11990500788433E+001
12.1952970 8.95031647156630E+000 1.09841707753375E+001
12.2950428 8.79276214010931E+000 1.07748398869833E+001
12.3947934 8.63892139930194E+000 1.05708741036510E+001
12.4945468 8.48868801985897E+000 1.03721049476910E+001
12.5943047 8.34195379185956E+000 1.01783628919956E+001
12.6940662 8.19861848602434E+000 9.98949045692233E+000
12.7938302 8.05858526227684E+000 9.80533603256503E+000
12.8935986 7.92175666862199E+000 9.62574855152103E+000
12.9933693 7.78804377894143E+000 9.45058941992446E+000
13.0931443 7.65735562150397E+000 9.27971856833244E+000
13.1929224 7.52960805737156E+000 9.11300602158031E+000
13.2927027 7.40471971149136E+000 8.95032649079307E+000
13.3924871 7.28260841389436E+000 8.79155469016025E+000
13.4922734 7.16319936389431E+000 8.63657590681863E+000
13.5920637 7.04641570801019E+000 8.48527369458233E+000
13.6918568 6.93218647823733E+000 8.33754013208132E+000
13.7916517 6.82044297241824E+000 8.19327106540012E+000
13.8914504 6.71111557726510E+000 8.05236197160876E+000
13.9912508 6.60414108486461E+000 7.91471735551956E+000
14.0910548 6.49945426668174E+000 7.78023984769523E+000
14.1908615 6.39699499261476E+000 7.64883933116050E+000
14.2906697 6.29670499949595E+000 7.52042873748350E+000
14.3904813 6.19852504524039E+000 7.39492037739593E+000
14.4902944 6.10240148466301E+000 7.27223432242940E+000
14.5901109 6.00827871026045E+000 7.15228870958215E+000
14.6899298 5.91610555490291E+000 7.03500788820503E+000
14.7897500 5.82583239713463E+000 6.92031868961042E+000
14.8895734 5.73740860372875E+000 6.80814715900563E+000
14.9893980 5.65078845611891E+000 6.69842605535264E+000
15.0892259 5.56592434839139E+000 6.59108619794809E+000
15.1890558 5.48277256144218E+000 6.48606376151173E+000
15.2888878 5.40128989251075E+000 6.38329598362340E+000
15.3887200 5.32143595014267E+000 6.28272403969141E+000
15.4885562 5.24316704727068E+000 6.18428533458381E+000
15.5883943 5.16644529495566E+000 6.08792493677131E+000
15.6882343 5.09123243773894E+000 5.99358779393822E+000
15.7880763 5.01749135173291E+000 5.90122060429236E+000
15.8879183 4.94518737143047E+000 5.81077345892299E+000
15.9877640 4.87428276342691E+000 5.72219291575450E+000
16.0876115 4.80474496420524E+000 5.63543228963698E+000
16.1874608 4.73654100261228E+000 5.55044465920734E+000
16.2873119 4.66963885938118E+000 5.46718455555185E+000
16.3871628 4.60400867512241E+000 5.38560944998932E+000
16.4870172 4.53961773669749E+000 5.30567351228988E+000
16.5868734 4.47643795772412E+000 5.22733689695213E+000
16.6867312 4.41444081934904E+000 5.15055944206587E+000
16.7865905 4.35359860673924E+000 5.07530219683095E+000
16.8864496 4.29388551112251E+000 5.00152877223467E+000
16.9863121 4.23527307021356E+000 4.92919970002511E+000
17.0861762 4.17773697678378E+000 4.85828083526591E+000
17.1860417 4.12125247841395E+000 4.78873766267091E+000
17.2859087 4.06579550447603E+000 4.72053668157891E+000
17.3857753 4.01134367348682E+000 4.65364663475015E+000
17.4856452 3.95787213689088E+000 4.58803339664771E+000
17.5855166 3.90535978975814E+000 4.52366759550487E+000
17.6853893 3.85378507820475E+000 4.46051945481310E+000
17.7852633 3.80312702866514E+000 4.39856005188094E+000
17.8851368 3.75336617043964E+000 4.33776243804206E+000
17.9850136 3.70448073882142E+000 4.27809699485844E+000
18.0848916 3.65645235240001E+000 4.21953836477162E+000
18.1847709 3.60926218360766E+000 4.16206076561029E+000
18.2846515 3.56289190060464E+000 4.10563913675398E+000
18.3845314 3.51732451370806E+000 4.05025016238093E+000
18.4844144 3.47254089952265E+000 3.99586804263714E+000
18.5842986 3.42852500115698E+000 3.94247080999404E+000
18.6841841 3.38526032309819E+000 3.89003606317793E+000
18.7840706 3.34273079476448E+000 3.83854201315819E+000
18.8839565 3.30092154847016E+000 3.78796841962878E+000
18.9838453 3.25981573105395E+000 3.73829273128532E+000
19.0837353 3.21939927632416E+000 3.68949585489101E+000
19.1836263 3.17965769036064E+000 3.64155826221845E+000
19.2835185 3.14057684469537E+000 3.59446094653974E+000
19.3834098 3.10214369257353E+000 3.54818628129658E+000
19.4833041 3.06434333870781E+000 3.50271448963118E+000
19.5831994 3.02716342726868E+000 3.45802892455752E+000
19.6830957 2.99059118789987E+000 3.41411250858610E+000
19.7829930 2.95461416554364E+000 3.37094861006915E+000
19.8828894 2.91922088098031E+000 3.32852183194298E+000
19.9827887 2.88439813288588E+000 3.28681477575753E+000
20.0826889 2.85013503951731E+000 3.24581288400814E+000
20.1825901 2.81642031932190E+000 3.20550117727744E+000
20.2824922 2.78324296360584E+000 3.16586505864959E+000
20.3823934 2.75059284665819E+000 3.12689103948038E+000
20.4822973 2.71845823734549E+000 3.08856376751839E+000
20.5822022 2.68682952817991E+000 3.05087047616569E+000
20.6821079 2.65569672749781E+000 3.01379798837450E+000
20.7820145 2.62505008046066E+000 2.97733345636139E+000
20.8819201 2.59488063347877E+000 2.94146503055505E+000
20.9818284 2.56517793521753E+000 2.90617912512378E+000
21.0817375 2.53593348287127E+000 2.87146451353268E+000
21.1816475 2.50713840556003E+000 2.83730957220170E+000
21.2815583 2.47878403853429E+000 2.80370296190064E+000
21.3814680 2.45086244609771E+000 2.77063424532380E+000
21.4813803 2.42336429418838E+000 2.73809136653571E+000
21.5812935 2.39628204032362E+000 2.70606442753767E+000
21.6812074 2.36960779018134E+000 2.67454314793124E+000
21.7811221 2.34333382934087E+000 2.64351749363790E+000
21.8810357 2.31745310845224E+000 2.61297824793914E+000
21.9809519 2.29195727154514E+000 2.58291468410849E+000
22.0808688 2.26683961318535E+000 2.55331805367581E+000
22.1807864 2.24209309222072E+000 2.52417924113093E+000
22.2807048 2.21771082491988E+000 2.49548934497145E+000
22.3806219 2.19368653573819E+000 2.46724020651334E+000
22.4805416 2.17001272724165E+000 2.43942225736093E+000
22.5804621 2.14668342546129E+000 2.41202774656785E+000
22.6803832 2.12369233653935E+000 2.38504857182877E+000
22.7803050 2.10103330471450E+000 2.35847681730088E+000
22.8802255 2.07870073168587E+000 2.33230524402311E+000
22.9801486 2.05668787555483E+000 2.30652529594369E+000
23.0800723 2.03498940312730E+000 2.28113009014236E+000
23.1799967 2.01359967672970E+000 2.25611240805129E+000
23.2799217 1.99251318012705E+000 2.23146519400854E+000
23.3798454 1.97172490917853E+000 2.20718201071481E+000
23.4797716 1.95122878852868E+000 2.18325518933742E+000
23.5796984 1.93102004764446E+000 2.15967860431231E+000
23.6796259 1.91109362641499E+000 2.13644580995665E+000
23.7795539 1.89144457176971E+000 2.11355050328616E+000
23.8794806 1.87206840204713E+000 2.09098694757851E+000
23.9794098 1.85295963133435E+000 2.06874825364241E+000
24.0793395 1.83411398429844E+000 2.04682895840509E+000
24.1792698 1.81552691036486E+000 2.02522329386780E+000
24.2792007 1.79719395352161E+000 2.00392561734505E+000
24.3791302 1.77911109258226E+000 1.98293080588662E+000
24.4790621 1.76127336410060E+000 1.96223265717478E+000
24.5789946 1.74367692953291E+000 1.94182628907481E+000
24.6789277 1.72631768882985E+000 1.92170652927527E+000
24.7788612 1.70919162566380E+000 1.90186831577802E+000
24.8787934 1.69229512555400E+000 1.88230706465157E+000
24.9787279 1.67562368919069E+000 1.86301718022434E+000
25.0786630 1.65917386411857E+000 1.84399429099454E+000
25.1785986 1.64294194949504E+000 1.82523374951629E+000
25.2785347 1.62692431875754E+000 1.80673100567983E+000
25.3784693 1.61111771738923E+000 1.78848195002151E+000
25.4784064 1.59551805928981E+000 1.77048152394120E+000
25.5783439 1.58012223397844E+000 1.75272580579865E+000
25.6782819 1.56492689508284E+000 1.73521061167901E+000
25.7782204 1.54992876226838E+000 1.71793184374676E+000
25.8781574 1.53512490025380E+000 1.70088581111872E+000
25.9780968 1.52051159157819E+000 1.68406793176829E+000
26.0780366 1.50608602926296E+000 1.66747468125021E+000
26.1779769 1.49184518231680E+000 1.65110228592441E+000
26.2779176 1.47778607857394E+000 1.63494704844091E+000
26.3778568 1.46390606641953E+000 1.61900564798771E+000
26.4777984 1.45020175793450E+000 1.60327392637068E+000
26.5777404 1.43667061601547E+000 1.58774871058293E+000
26.6776829 1.42330989081964E+000 1.57242659090136E+000
26.7776257 1.41011688500534E+000 1.55730422535898E+000
26.8775671 1.39708919949219E+000 1.54237862100696E+000
26.9775108 1.38422374152886E+000 1.52764599739021E+000
27.0774549 1.37151821443113E+000 1.51310349309123E+000
27.1773994 1.35897011946033E+000 1.49874802185323E+000
27.2773442 1.34657700482104E+000 1.48457655771834E+000
27.3772876 1.33433669666105E+000 1.47058639878891E+000
27.4772333 1.32224636710955E+000 1.45677410196833E+000
27.5771793 1.31030393404490E+000 1.44313708264360E+000
27.6771257 1.29850712340808E+000 1.42967254264567E+000
27.7770725 1.28685370318890E+000 1.41637773757314E+000
27.8770178 1.27534170076321E+000 1.40325022440068E+000
27.9769653 1.26396852639809E+000 1.39028686193199E+000
28.0769132 1.25273228979136E+000 1.37748531192617E+000
28.1768615 1.24163091827526E+000 1.36484303328943E+000
28.2768101 1.23066237691199E+000 1.35235753296279E+000
28.3767572 1.21982487316923E+000 1.34002659860244E+000
28.4767065 1.20911603179067E+000 1.32784735970661E+000
28.5766562 1.19853413424956E+000 1.31581769772406E+000
28.6766062 1.18807728870415E+000 1.30393530139183E+000
28.7765565 1.17774363722433E+000 1.29219790243888E+000
28.8765053 1.16753154871930E+000 1.28060349445346E+000
28.9764563 1.15743884143286E+000 1.26914945010510E+000
29.0764077 1.14746395091480E+000 1.25783384708863E+000
29.1763593 1.13760514795383E+000 1.24665457998711E+000
29.2763113 1.12786073386813E+000 1.23560958193039E+000
29.3762617 1.11822922252102E+000 1.22469703066579E+000
29.4762144 1.10870860702416E+000 1.21391451770772E+000
29.5761673 1.09929746134667E+000 1.20326029635742E+000
29.6761206 1.08999420277887E+000 1.19273244588559E+000
29.7760741 1.08079727613913E+000 1.18232908018362E+000
29.8760261 1.07170532564291E+000 1.17204854196540E+000
29.9759803 1.06271650268885E+000 1.16188862004539E+000
30.0759347 1.05382950578958E+000 1.15184772512435E+000
30.1758895 1.04504288441409E+000 1.14192410245867E+000
30.2758445 1.03635521289117E+000 1.13211602845110E+000
30.3757980 1.02776525283358E+000 1.12242199383147E+000
30.4757536 1.01927129914469E+000 1.11283996559525E+000
30.5757095 1.01087216256208E+000 1.10336849575141E+000
30.6756657 1.00256651199183E+000 1.09400597897959E+000
30.7756221 9.94353038823704E-001 1.08475083802537E+000
30.8755770 9.86230610554477E-001 1.07560169663614E+000
30.9755340 9.78197652390293E-001 1.06655668298943E+000
31.0754913 9.70253076339161E-001 1.05761447615453E+000
31.1754469 9.62395808434299E-001 1.04877377320780E+000
31.2754067 9.54624198896093E-001 1.04003262588175E+000
31.3753629 9.46937657989006E-001 1.03139028065147E+000
31.4753231 9.39334436140325E-001 1.02284468199236E+000
31.5752798 9.31813969550606E-001 1.01439510961683E+000
31.6752368 9.24374841600960E-001 1.00603988685298E+000
31.7751978 9.17015666554743E-001 9.97777374321403E-001
31.8751552 9.09735917411024E-001 9.89606898831362E-001
31.9751168 9.02533968027062E-001 9.81526555391171E-001
32.0750747 8.95409314607185E-001 9.73535700471905E-001
32.1750329 8.88360644826854E-001 9.65632785305458E-001
32.2749952 8.81386674731893E-001 9.57816295268077E-001
32.3749539 8.74486933466042E-001 9.50085628883842E-001
32.4749166 8.67659907794621E-001 9.42439018391135E-001
32.5748758 8.60905147642629E-001 9.34875888813221E-001
32.6748352 8.54221435853642E-001 9.27394807700667E-001
32.7747986 8.47607581369555E-001 9.19994373911966E-001
32.8747585 8.41063163627051E-001 9.12674050058734E-001
32.9747223 8.34586772817311E-001 9.05432193668292E-001
33.0746827 8.28178007003829E-001 8.98268291049958E-001
33.1746432 8.21835735988593E-001 8.91181015691662E-001
33.2746078 8.15558853613630E-001 8.84169069829417E-001
33.3745687 8.09346984405605E-001 8.77231973403299E-001
33.4745337 8.03198813423102E-001 8.70368198492869E-001
33.5744951 7.97113981902305E-001 8.63577286250883E-001
33.6744568 7.91091439207184E-001 8.56858006784807E-001
33.7744224 7.85130156874303E-001 8.50209156636215E-001
33.8743844 7.79229799888403E-001 8.43630307075706E-001
33.9743505 7.73389140439110E-001 8.37120035065629E-001
34.0743130 7.67607858512338E-001 8.30677930881972E-001
34.1742756 7.61884976360462E-001 8.24302852875144E-001
34.2742423 7.56219536711669E-001 8.17993683734637E-001
34.3742054 7.50611240880247E-001 8.11750040731966E-001
34.4741725 7.45058941183353E-001 8.05570596990219E-001
34.5741359 7.39562352412504E-001 7.99454986823173E-001
34.6740996 7.34120563678424E-001 7.93402149282065E-001
34.7740673 7.28732683023732E-001 7.87411045857520E-001
34.8740313 7.23398444408126E-001 7.81481335080151E-001
34.9739994 7.18116773927154E-001 7.75611778354234E-001
35.0739638 7.12887417656739E-001 7.69802049504479E-001
35.1739284 7.07709526109718E-001 7.64051161481955E-001
35.2738971 7.02582267324063E-001 7.58358147951982E-001
35.3738621 6.97505404613597E-001 7.52722704480186E-001
35.4738310 6.92477932088313E-001 7.47143673622948E-001
35.5737964 6.87499623961447E-001 7.41620764681376E-001
35.6737620 6.82569687204177E-001 7.36153058364676E-001
35.7737315 6.77687345029291E-001 7.30739654527409E-001
35.8736974 6.72852387161230E-001 7.25380282002848E-001
35.9736673 6.68063870484638E-001 7.20073858039998E-001
36.0736335 6.63321594534328E-001 7.14820123816384E-001
36.1735999 6.58624818254399E-001 7.09618222245109E-001
36.2735704 6.53972815657923E-001 7.04467313955816E-001
36.3735371 6.49365400244740E-001 6.99367157685536E-001
36.4735079 6.44801686904530E-001 6.94316739514827E-001
36.5734750 6.40281497971817E-001 6.89315829281756E-001
36.6734423 6.35804140288758E-001 6.84363627073365E-001
36.7734135 6.31368934693794E-001 6.79459349390201E-001
36.8733811 6.26975716100559E-001 6.74602781866097E-001
36.9733527 6.22623653056530E-001 6.69792974087724E-001
37.0733206 6.18312588435045E-001 6.65029721677805E-001
37.1732887 6.14041873269740E-001 6.60312277335971E-001
37.2732608 6.09810871608038E-001 6.55639908985442E-001
37.3732292 6.05619437658931E-001 6.51012426466101E-001
37.4732015 6.01466789660433E-001 6.46428938025449E-001
37.5731702 5.97352788995833E-001 6.41889262496327E-001
37.6731391 5.93276827514479E-001 6.37392701049084E-001
37.7731119 5.89238309178532E-001 6.32938568989643E-001
37.8730811 5.85237105590260E-001 6.28526697953637E-001
37.9730543 5.81272481053272E-001 6.24156250435220E-001
38.0730237 5.77344313638492E-001 6.19827066170242E-001
38.1729934 5.73452032932793E-001 6.15538491033963E-001
38.2729669 5.69595079808648E-001 6.11289884041094E-001
38.3729369 5.65773341552264E-001 6.07081096461842E-001
38.4729107 5.61986125216698E-001 6.02911341010413E-001
38.5728809 5.58233323922280E-001 5.98780476256205E-001
38.6728513 5.54514402183245E-001 5.94687889351190E-001
38.7728256 5.50828835039066E-001 5.90632979673677E-001
38.8727962 5.47176523922431E-001 5.86615616188777E-001
38.9727708 5.43556815598639E-001 5.82635058153130E-001
39.0727417 5.39969616763450E-001 5.78691181111655E-001
39.1727127 5.36414424290023E-001 5.74783410368340E-001
39.2726877 5.32890744877051E-001 5.70911182615485E-001
39.3726590 5.29398492719717E-001 5.67074382770671E-001
39.4726343 5.25937051510652E-001 5.63272313269986E-001
39.5726059 5.22506340193766E-001 5.59504864964175E-001
39.6725776 5.19105885651000E-001 5.55771498457780E-001
39.7725533 5.15735223945232E-001 5.52071684973639E-001
39.8725252 5.12394280787314E-001 5.48405323815155E-001
39.9725012 5.09082474240779E-001 5.44771757518961E-001
40.0724734 5.05799734301593E-001 5.41170890739877E-001
40.1724458 5.02545615707703E-001 5.37602216777834E-001
40.2724221 4.99319681783520E-001 5.34065238842712E-001
40.3723947 4.96121868631476E-001 5.30559869213982E-001
40.4723712 4.92951626336742E-001 5.27085487706712E-001
40.5723441 4.89808894868662E-001 5.23642011427995E-001
40.6723171 4.86693254847088E-001 5.20228963990283E-001
40.7722940 4.83604294929514E-001 5.16845878263644E-001
40.8722673 4.80541960595763E-001 5.13492678234005E-001
40.9722444 4.77505731791469E-001 5.10168778405219E-001
41.0722179 4.74495557485885E-001 5.06874107118858E-001
41.1721915 4.71511042368594E-001 5.03608216117934E-001
41.2721690 4.68551798659631E-001 5.00370665801659E-001
41.3721428 4.65617780300580E-001 4.97161390718148E-001
41.4721206 4.62708495107297E-001 4.93979837681072E-001
41.5720946 4.59823900169822E-001 4.90825945168581E-001
41.6720688 4.56963622582252E-001 4.87699291054068E-001
41.7720469 4.54127296499929E-001 4.84599461312069E-001
41.8720213 4.51314883498983E-001 4.81526400020830E-001
41.9719996 4.48525917430819E-001 4.78479584116040E-001
42.0719743 4.45760362711849E-001 4.75458961221918E-001
42.1719490 4.43017867308933E-001 4.72464133506741E-001
42.2719276 4.40298085815712E-001 4.69494710727134E-001
42.3719026 4.37600986695076E-001 4.66550645559959E-001
42.4718815 4.34926128141007E-001 4.63631443048833E-001
42.5718566 4.32273481177978E-001 4.60737059069779E-001
42.6718319 4.29642713235273E-001 4.57867118399847E-001
42.7718111 4.27033497966250E-001 4.55021252930186E-001
42.8717866 4.24445810044183E-001 4.52199423094962E-001
42.9717660 4.21879230441901E-001 4.49401160189605E-001
43.0717417 4.19333736142071E-001 4.46626427534074E-001
43.1717175 4.16809012736581E-001 4.43874870963714E-001
43.2716972 4.14304751667778E-001 4.41146142988936E-001
43.3716732 4.11820933207195E-001 4.38440211040882E-001
43.4716531 4.09357159660767E-001 4.35756630954555E-001
43.5716293 4.06913413381098E-001 4.33095372763565E-001
43.6716056 4.04489396923589E-001 4.30456101934376E-001
43.7715858 4.02084818347167E-001 4.27838490201705E-001
43.8715623 3.99699662967348E-001 4.25242511306119E-001
43.9715428 3.97333553085283E-001 4.22667744041112E-001
44.0715195 3.94986475890749E-001 4.20114164493403E-001
44.1714963 3.92658149795475E-001 4.17581456445632E-001
44.2714770 3.90348298392265E-001 4.15069309571359E-001
44.3714539 3.88056911538496E-001 4.12577703298485E-001
44.4714348 3.85783630291301E-001 4.10106237917613E-001
44.5714120 3.83528446194910E-001 4.07654894970802E-001
44.6713893 3.81291092494124E-001 4.05223375344152E-001
44.7713704 3.79071307314868E-001 4.02811385464388E-001
44.8713479 3.76869084601292E-001 4.00418909883582E-001
44.9713293 3.74684083017646E-001 3.98045569037437E-001
45.0713069 3.72516298025028E-001 3.95691349382089E-001
45.1712846 3.70365476754798E-001 3.93355967787637E-001
45.2712662 3.68231370940162E-001 3.91039146339310E-001
45.3712441 3.66113978199422E-001 3.88740874203280E-001
45.4712259 3.64012973737913E-001 3.86460790708365E-001
45.5712040 3.61928356536787E-001 3.84198886734455E-001
45.6711822 3.59859886737661E-001 3.81954894101322E-001
45.7711643 3.57807328823766E-001 3.79728549541139E-001
45.8711426 3.55770683713283E-001 3.77519846371995E-001
45.9711248 3.53749642162621E-001 3.75328441655408E-001
46.0711034 3.51744206313003E-001 3.73154330250649E-001
46.1710820 3.49754148504325E-001 3.70997257970632E-001
46.2710644 3.47779245175407E-001 3.68856975258892E-001
46.3710432 3.45819500204711E-001 3.66733479166444E-001
46.4710259 3.43874618979529E-001 3.64626443411025E-001
46.5710048 3.41944606474485E-001 3.62535866428382E-001
46.6709838 3.40029246474745E-001 3.60461507139226E-001
46.7709667 3.38128326637884E-001 3.58403128832366E-001
46.8709459 3.36241853494422E-001 3.56360731911775E-001
46.9709290 3.34369546206532E-001 3.54334005751919E-001
47.0709083 3.32511412285709E-001 3.52322951999582E-001
47.1708877 3.30667246263496E-001 3.50327341863097E-001
47.2708710 3.28836846332269E-001 3.48346950674121E-001
47.3708506 3.27020221394765E-001 3.46381781844876E-001
47.4708341 3.25217103591120E-001 3.44431539477763E-001
47.5708138 3.23427502700452E-001 3.42496228099036E-001
47.6707936 3.21651223351504E-001 3.40575630444210E-001
47.7707773 3.19888073636062E-001 3.38669533143720E-001
47.8707573 3.18138064574967E-001 3.36777942305215E-001
47.9707411 3.16400940543801E-001 3.34900575895219E-001
48.0707212 3.14676713344792E-001 3.33037441018522E-001
48.1707014 3.12965197100393E-001 3.31188331232194E-001
48.2706855 3.11266209211081E-001 3.29353043774916E-001
48.3706658 3.09579762584992E-001 3.27531587165806E-001
48.4706500 3.07905613140798E-001 3.25723692431469E-001
48.5706305 3.06243774481737E-001 3.23929368982044E-001
48.6706110 3.04594069662540E-001 3.22148420540849E-001
48.7705955 3.02956324842741E-001 3.20380654313452E-001
48.8705762 3.01330554608117E-001 3.18626080972613E-001
48.9705608 2.99716525774343E-001 3.16884443856034E-001
49.0705416 2.98114253543904E-001 3.15155754431126E-001
49.1705225 2.96523569381099E-001 3.13439825978404E-001
49.2705073 2.94944307692750E-001 3.11736475074171E-001
49.3704883 2.93376484551789E-001 3.10045714310686E-001
49.4704733 2.91819877067557E-001 3.08367298638483E-001
49.5704545 2.90274501858473E-001 3.06701241356945E-001
49.6704357 2.88740198311388E-001 3.05047364737289E-001
49.7704208 2.87216808603532E-001 3.03405494171976E-001
49.8704022 2.85704350121932E-001 3.01775643960098E-001
49.9703875 2.84202609705746E-001 3.00157580013557E-001
50.0703690 2.82711605222781E-001 2.98551317259055E-001
50.1703506 2.81231183528347E-001 2.96956686431185E-001
50.2703361 2.79761194125393E-001 2.95373521222295E-001
50.3703178 2.78301655557807E-001 2.93801837445115E-001
50.4703034 2.76852363867248E-001 2.92241411364652E-001
50.5702853 2.75413338019588E-001 2.90692259349019E-001
50.6702672 2.73984431914903E-001 2.89154220104959E-001
50.7702530 2.72565501966900E-001 2.87627135143721E-001
50.8702350 2.71156567733467E-001 2.86111021616163E-001
50.9702209 2.69757433965271E-001 2.84605665572060E-001
51.0702031 2.68368120588769E-001 2.83111084652031E-001
51.1701853 2.66988488153192E-001 2.81627125077041E-001
51.2701714 2.65618399595513E-001 2.80153635728803E-001
51.3701538 2.64257875357833E-001 2.78690634936859E-001
51.4701400 2.62906728437666E-001 2.77237918004318E-001
51.5701225 2.61564979597164E-001 2.75795503690867E-001
51.6701050 2.60232495665075E-001 2.74363245304490E-001
51.7700914 2.58909145739535E-001 2.72940998678973E-001
51.8700741 2.57594951028977E-001 2.71528783177687E-001
51.9700606 2.56289732344645E-001 2.70126402859817E-001
52.0700434 2.54993511170951E-001 2.68733877464719E-001
52.1700263 2.53706160270547E-001 2.67351066988577E-001
52.2700130 2.52427554564149E-001 2.65977833826625E-001
52.3699959 2.51157715919454E-001 2.64614198244473E-001
52.4699827 2.49896472555278E-001 2.63259972591766E-001
52.5699658 2.48643846575285E-001 2.61915177460904E-001
52.6699489 2.47399716352671E-001 2.60579679163694E-001
52.7699359 2.46163962313918E-001 2.59253346291857E-001
52.8699192 2.44936606888779E-001 2.57936199893718E-001
52.9699063 2.43717485322509E-001 2.56628060173100E-001
53.0698897 2.42506620244507E-001 2.55328948460443E-001
53.1698731 2.41303895335785E-001 2.54038737034876E-001
53.2698603 2.40109196231948E-001 2.52757300343392E-001
53.3698439 2.38922545836577E-001 2.51484660108492E-001
53.4698313 2.37743786063489E-001 2.50220643979103E-001
53.5698149 2.36572939982954E-001 2.48965273919277E-001
53.6697986 2.35409896300191E-001 2.47718427849642E-001
53.7697861 2.34254545582004E-001 2.46479985753237E-001
53.8697699 2.33106911125756E-001 2.45249969928191E-001
53.9697576 2.31966841177572E-001 2.44028215084731E-001
54.0697415 2.30834359171608E-001 2.42814743725714E-001
54.1697254 2.29709358571436E-001 2.41609439108276E-001
54.2697133 2.28591734614508E-001 2.40412186452651E-001
54.3696973 2.27481510919374E-001 2.39223008543152E-001
54.4696852 2.26378541748338E-001 2.38041746790970E-001
54.5696694 2.25282850829642E-001 2.36868424151732E-001
54.6696536 2.24194336135843E-001 2.35702928933397E-001
54.7696417 2.23112897330623E-001 2.34545151313443E-001
54.8696260 2.22038558287921E-001 2.33395114481215E-001
54.9696142 2.20971178988833E-001 2.32252666210351E-001
55.0695986 2.19910783392438E-001 2.31117829831204E-001
55.1695831 2.18857273746227E-001 2.29990498434793E-001
55.2695714 2.17810553910694E-001 2.28870566893420E-001
55.3695560 2.16770647955571E-001 2.27758058727869E-001
55.4695444 2.15737421300814E-001 2.26652827756012E-001
55.5695291 2.14710898079067E-001 2.25554897612163E-001
55.6695138 2.13690984592955E-001 2.24464165919275E-001
55.7695023 2.12677588684315E-001 2.23380531998345E-001
55.8694872 2.11670734564724E-001 2.22304019634887E-001
55.9694758 2.10670292829354E-001 2.21234488391694E-001
56.0694607 2.09676287732592E-001 2.20171962142920E-001
56.1694457 2.08688629425658E-001 2.19116342807785E-001
56.2694345 2.07707229529238E-001 2.18067533924983E-001
56.3694196 2.06732112347976E-001 2.17025559484333E-001
56.4694085 2.05763153403804E-001 2.15990284511848E-001
56.5693936 2.04800377026001E-001 2.14961733063450E-001
56.6693788 2.03843697020191E-001 2.13939811133340E-001
56.7693678 2.02893028595512E-001 2.12924426260982E-001
56.8693531 2.01948396105596E-001 2.11915602585805E-001
56.9693423 2.01009679764867E-001 2.10913210331755E-001
57.0693276 2.00076903935189E-001 2.09917273683979E-001
57.1693130 1.99149985893904E-001 2.08927702503748E-001
57.2693023 1.98228844259466E-001 2.07944408127461E-001
57.3692878 1.97313503394721E-001 2.06967414794691E-001
57.4692772 1.96403847985565E-001 2.05996597677351E-001
57.5692628 1.95499902388284E-001 2.05031981042305E-001
57.6692484 1.94601587179979E-001 2.04073478422433E-001
57.7692379 1.93708824219793E-001 2.03121004759433E-001
57.8692236 1.92821637843937E-001 2.02174584348329E-001
57.9692132 1.91939917001143E-001 2.01234097073324E-001
58.0691990 1.91063686007743E-001 2.00299567240095E-001
58.1691849 1.90192868578646E-001 1.99370911869277E-001
58.2691746 1.89327389654862E-001 1.98448049327590E-001
58.3691605 1.88467273513695E-001 1.97531003925164E-001
58.4691503 1.87612413169673E-001 1.96619660036181E-001
58.5691363 1.86762832868245E-001 1.95714041966418E-001
58.6691224 1.85918459309528E-001 1.94814070051228E-001
58.7691123 1.85079220366724E-001 1.93919665912671E-001
58.8690985 1.84245140229233E-001 1.93030853839614E-001
58.9690885 1.83416115791183E-001 1.92147522486386E-001
59.0690747 1.82592171199369E-001 1.91269696123988E-001
59.1690610 1.81773235995239E-001 1.90397298239543E-001
59.2690511 1.80959240843068E-001 1.89530253550652E-001
59.3690374 1.80150209818339E-001 1.88668586292176E-001
59.4690277 1.79346043518741E-001 1.87812189200437E-001
59.5690141 1.78546765967527E-001 1.86961086480282E-001
59.6690006 1.77752309411759E-001 1.86115204617077E-001
59.7689909 1.76962607173652E-001 1.85274471273385E-001
59.8689774 1.76177683191495E-001 1.84438910600638E-001
59.9689678 1.75397441600012E-001 1.83608419229921E-001
60.0689545 1.74621906276659E-001 1.82783021271742E-001
60.1689411 1.73851012046024E-001 1.81962646064980E-001
60.2689316 1.73084694762607E-001 1.81147224075201E-001
60.3689184 1.72322978206710E-001 1.80336779344006E-001
60.4689090 1.71565769892500E-001 1.79531212220247E-001
60.5688958 1.70813093531778E-001 1.78730546694827E-001
60.6688827 1.70064886405710E-001 1.77934714823628E-001
60.7688734 1.69321086782422E-001 1.77143649741314E-001
60.8688603 1.68581718265714E-001 1.76357375356016E-001
60.9688511 1.67846691599971E-001 1.75575795566941E-001
61.0688381 1.67116030313678E-001 1.74798934222786E-001
61.1688251 1.66389674030317E-001 1.74026725967613E-001
61.2688160 1.65667563319529E-001 1.73259106478812E-001
61.3688031 1.64949721592174E-001 1.72496099509926E-001
61.4687941 1.64236062681491E-001 1.71737612352096E-001
61.5687813 1.63526609916991E-001 1.70983668691642E-001
61.6687685 1.62821305156468E-001 1.70234205639177E-001
61.7687596 1.62120091165109E-001 1.69489161295490E-001
61.8687469 1.61422991146289E-001 1.68748559240722E-001
61.9687381 1.60729921888122E-001 1.68012310007960E-001
62.0687254 1.60040906507310E-001 1.67280437103192E-001
62.1687128 1.59355888993833E-001 1.66552879988692E-001
62.2687041 1.58674814208200E-001 1.65829579075917E-001
62.3686916 1.57997705133491E-001 1.65110557754895E-001
62.4686829 1.57324481385648E-001 1.64395729658579E-001
62.5686704 1.56655165856404E-001 1.63685118096708E-001
62.6686580 1.55989704571296E-001 1.62978664774624E-001
62.7686494 1.55328044391332E-001 1.62276312307906E-001
62.8686371 1.54670208068066E-001 1.61578083881681E-001
62.9686286 1.54016117924741E-001 1.60883896094115E-001
63.0686163 1.53365796617484E-001 1.60193772044632E-001
63.1686040 1.52719192115928E-001 1.59507655578961E-001
63.2685918 1.52076277647385E-001 1.58825517362444E-001
63.3685872 1.51436978039076E-001 1.58147276726802E-001
63.4685751 1.50801364522798E-001 1.57473008335788E-001
63.5685630 1.50169362105315E-001 1.56802631730873E-001
63.6685509 1.49540944930058E-001 1.56136118597331E-001
63.7685388 1.48916087363711E-001 1.55473440868887E-001
63.8685344 1.48294716724207E-001 1.54814520601149E-001
63.9685224 1.47676902624251E-001 1.54159430752484E-001
64.0685105 1.47062572548449E-001 1.53508093573333E-001
64.1684986 1.46451701734215E-001 1.52860481966013E-001
64.2684867 1.45844265631198E-001 1.52216569068827E-001
64.3684824 1.45240193944433E-001 1.51576279545836E-001
64.4684706 1.44639554708542E-001 1.50939684692926E-001
64.5684588 1.44042277783226E-001 1.50306709355084E-001
64.6684470 1.43448339446036E-001 1.49677327590806E-001
64.7684353 1.42857716176354E-001 1.49051513682826E-001
64.8684312 1.42270339967854E-001 1.48429194794068E-001
64.9684195 1.41686277317141E-001 1.47810440599898E-001
65.0684079 1.41105460361351E-001 1.47195178431196E-001
65.1683963 1.40527866367340E-001 1.46583383445242E-001
65.2683847 1.39953472793975E-001 1.45975031012468E-001
65.3683808 1.39382213829965E-001 1.45370050690579E-001
65.4683692 1.38814154473005E-001 1.44768510575428E-001
65.5683578 1.38249229044813E-001 1.44170340380579E-001
65.6683463 1.37687415753546E-001 1.43575516307941E-001
65.7683349 1.37128692990096E-001 1.42984014762116E-001
65.8683311 1.36572997049183E-001 1.42395767596687E-001
65.9683197 1.36020391467758E-001 1.41810841368058E-001
66.0683084 1.35470812663793E-001 1.41229168074385E-001
66.1682971 1.34924239741395E-001 1.40650724911091E-001
66.2682858 1.34380651978639E-001 1.40075489266421E-001
66.3682821 1.33839987691551E-001 1.39503395195817E-001
66.4682709 1.33302308993570E-001 1.38934507755352E-001
66.5682597 1.32767554314866E-001 1.38368761134512E-001
66.6682485 1.32235703612632E-001 1.37806133473971E-001
66.7682374 1.31706737009740E-001 1.37246603097891E-001
66.8682339 1.31180594762893E-001 1.36690106174165E-001
66.9682228 1.30657337598329E-001 1.36136706296716E-001
67.0682118 1.30136905878389E-001 1.35586339757649E-001
67.1682007 1.29619280372822E-001 1.35038985597289E-001
67.2681897 1.29104442009221E-001 1.34494623030638E-001
67.3681864 1.28592332908185E-001 1.33953190252970E-001
67.4681754 1.28083012444147E-001 1.33414749433303E-001
67.5681645 1.27576422835402E-001 1.32879238881951E-001
67.6681536 1.27072545625922E-001 1.32346638495796E-001
67.7681428 1.26571362510102E-001 1.31816928338071E-001
67.8681396 1.26072817399298E-001 1.31290048550464E-001
67.9681288 1.25576968350631E-001 1.30766059913414E-001
68.0681180 1.25083759365736E-001 1.30244902675082E-001
68.1681072 1.24593172726527E-001 1.29726557548169E-001
68.2680965 1.24105190858324E-001 1.29211005403850E-001
68.3680934 1.23619759393534E-001 1.28698188253127E-001
68.4680827 1.23136935105577E-001 1.28188165523279E-001
68.5680721 1.22656663710210E-001 1.27680879323782E-001
68.6680615 1.22178928192949E-001 1.27176311144625E-001
68.7680509 1.21703711676072E-001 1.26674442626810E-001
68.8680479 1.21230961446580E-001 1.26175217577220E-001
68.9680374 1.20760733026932E-001 1.25678694104483E-001
69.0680269 1.20292973781008E-001 1.25184816106485E-001
69.1680164 1.19827667365406E-001 1.24693565814037E-001
69.2680059 1.19364797567189E-001 1.24204925601910E-001
69.3680031 1.18904313264576E-001 1.23718841002882E-001
69.4679927 1.18446268760944E-001 1.23235368840563E-001
69.5679823 1.17990613005344E-001 1.22754454731757E-001
69.6679719 1.17537330294647E-001 1.22276081613583E-001
69.7679615 1.17086405050221E-001 1.21800232560444E-001
69.8679589 1.16637787681031E-001 1.21326854764295E-001
69.9679486 1.16191531302420E-001 1.20856003796491E-001
70.0679383 1.15747586388535E-001 1.20387626926499E-001
70.1679281 1.15305937847320E-001 1.19921707765063E-001
70.2679178 1.14866570705563E-001 1.19458230053887E-001
70.3679153 1.14429436845257E-001 1.18997142580478E-001
70.4679051 1.13994588223935E-001 1.18538499695845E-001
70.5678949 1.13561976783495E-001 1.18082250258919E-001
70.6678848 1.13131588015273E-001 1.17628378523111E-001
70.7678747 1.12703407524086E-001 1.17176868866798E-001
70.8678723 1.12277388609851E-001 1.16727671612339E-001
70.9678622 1.11853582101707E-001 1.16280839921466E-001
71.0678522 1.11431941354543E-001 1.15836324182271E-001
71.1678422 1.11012452416834E-001 1.15394109261497E-001
71.2678322 1.10595101445449E-001 1.14954180145164E-001
71.3678299 1.10179843105592E-001 1.14516488632553E-001
71.4678200 1.09766727126642E-001 1.14081086726365E-001
71.5678100 1.09355708224168E-001 1.13647926286297E-001
71.6678002 1.08946772978874E-001 1.13216992764608E-001
71.7677903 1.08539908075035E-001 1.12788271727446E-001
71.8677881 1.08135069492852E-001 1.12361716395698E-001
71.9677783 1.07732305889804E-001 1.11937377642484E-001
72.0677685 1.07331573292151E-001 1.11515208744143E-001
72.1677587 1.06932858789191E-001 1.11095195712071E-001
72.2677489 1.06536149569207E-001 1.10677324666447E-001
72.3677468 1.06141402879329E-001 1.10261550196940E-001
72.4677371 1.05748666332249E-001 1.09847922075743E-001
72.5677275 1.05357897217130E-001 1.09436394943337E-001
72.6677178 1.04969083109420E-001 1.09026955345237E-001
72.7677082 1.04582211679201E-001 1.08619589930887E-001
72.8677062 1.04197241394569E-001 1.08214254608267E-001
72.9676966 1.03814218849807E-001 1.07810998076535E-001
73.0676870 1.03433102551287E-001 1.07409776290146E-001
73.1676774 1.03053880539290E-001 1.07010576304983E-001
73.2676679 1.02676540944600E-001 1.06613385276260E-001
73.3676660 1.02301043412323E-001 1.06218160382029E-001
73.4676565 1.01927433543992E-001 1.05824949275547E-001
73.5676471 1.01555671019476E-001 1.05433709177292E-001
73.6676376 1.01185744323640E-001 1.05044427630973E-001
73.7676282 1.00817642027924E-001 1.04657092275259E-001
73.8676264 1.00451324912387E-001 1.04271661512155E-001
73.9676171 1.00086837610773E-001 1.03888181975422E-001
74.0676077 9.97241409346213E-002 1.03506612105706E-001
74.1675984 9.93632237941361E-002 1.03126939913133E-001
74.2675890 9.90040751823637E-002 1.02749153498636E-001
74.3675874 9.86466569740592E-002 1.02373212444065E-001
74.4675781 9.82910128594621E-002 1.01999162389372E-001
74.5675688 9.79371047417421E-002 1.01626962951510E-001
74.6675596 9.75849219381477E-002 1.01256602586684E-001
74.7675504 9.72344538452189E-002 1.00888069837959E-001
74.8675488 9.68856633938677E-002 1.00521325424828E-001
74.9675396 9.65385933544480E-002 1.00156414018426E-001
75.0675305 9.61932066834227E-002 9.97932963700431E-002
75.1675213 9.58494930876849E-002 9.94319613626336E-002
75.2675122 9.55074423500429E-002 9.90723979622650E-002
75.3675108 9.51670184206560E-002 9.87145679856847E-002
75.4675017 9.48282631729653E-002 9.83585151595150E-002
75.5674926 9.44911405800062E-002 9.80042013292167E-002
75.6674836 9.41556407217652E-002 9.76516157861193E-002
75.7674746 9.38217537509307E-002 9.73007479011014E-002
75.8674732 9.34894446015494E-002 9.69515605495000E-002
75.9674642 9.31587542724937E-002 9.66040965370711E-002
76.0674553 9.28296477181883E-002 9.62583187649814E-002
76.1674463 9.25021153759624E-002 9.59142169154645E-002
76.2674374 9.21761477527896E-002 9.55717807469123E-002
76.3674361 9.18517107327180E-002 9.52309741562221E-002
76.4674273 9.15288444617826E-002 9.48918390512821E-002
76.5674184 9.12075148420773E-002 9.45543393521265E-002
76.6674096 9.08877126532813E-002 9.42184651152724E-002
76.7674007 9.05694287418075E-002 9.38842064701697E-002
76.8673996 9.02526299092214E-002 9.35515282998031E-002
76.9673908 8.99373554698573E-002 9.32204716365624E-002
77.0673820 8.96235722411494E-002 9.28910013840546E-002
77.1673732 8.93112713308514E-002 9.25631079572656E-002
77.2673645 8.90004439106783E-002 9.22367818410440E-002
77.3673634 8.86910576685651E-002 9.19119888704697E-002
77.4673547 8.83831511077010E-002 9.15887692241902E-002
77.5673461 8.80766919298578E-002 9.12670887555600E-002
77.6673374 8.77716715572665E-002 9.09469382229804E-002
77.7673288 8.74680814734779E-002 9.06283084517925E-002
77.8673278 8.71658902229199E-002 9.03111661965880E-002
77.9673192 8.68651355176287E-002 8.99955508034320E-002
78.0673106 8.65657859139727E-002 8.96814290429987E-002
78.1673020 8.62678331357052E-002 8.93687920027722E-002
78.2672935 8.59712689653825E-002 8.90576308343927E-002
78.3672925 8.56760627752588E-002 8.87479131807200E-002
78.4672840 8.53822515056619E-002 8.84396775758173E-002
78.5672755 8.50898045390181E-002 8.81328916765815E-002
78.6672671 8.47987138882563E-002 8.78275468859281E-002
78.7672586 8.45089716227090E-002 8.75236346682776E-002
78.8672578 8.42205479149449E-002 8.72211235247912E-002
78.9672493 8.39334789524942E-002 8.69200511975460E-002
79.0672409 8.36477349164487E-002 8.66203861998314E-002
79.1672325 8.33633080971419E-002 8.63221202369891E-002
79.2672242 8.30801908390242E-002 8.60252450733393E-002
79.3672234 8.27983540885662E-002 8.57297300395937E-002
79.4672151 8.25178332988935E-002 8.54356121053097E-002
79.5672068 8.22385994234625E-002 8.51428606115472E-002
79.6671985 8.19606450187878E-002 8.48514675536799E-002
79.7671902 8.16839626933183E-002 8.45614249836510E-002
79.8671895 8.14085241420632E-002 8.42727030341307E-002
79.9671813 8.11343641016328E-002 8.39853379210905E-002
80.0671730 8.08614542725893E-002 8.36992997858876E-002
80.1671648 8.05897874669214E-002 8.34145809021125E-002
80.2671566 8.03193565464706E-002 8.31311735976291E-002
80.3671560 8.00501339304208E-002 8.28490487805769E-002
80.4671478 7.97821536562672E-002 8.25682419317563E-002
80.5671397 7.95153881474125E-002 8.22887239664466E-002
80.6671315 7.92498304611038E-002 8.20104874251881E-002
80.7671234 7.89854737024544E-002 8.17335249006050E-002
80.8671229 7.87222909914140E-002 8.14578080508705E-002
80.9671148 7.84603156832868E-002 8.11833716395247E-002
81.0671067 7.81995209009994E-002 8.09101873304385E-002
81.1670987 7.79398999373066E-002 8.06382479203558E-002
81.2670906 7.76814461309343E-002 8.03675462560154E-002
81.3670902 7.74241332800991E-002 8.00980547211923E-002
81.4670822 7.71679940743771E-002 7.98298073795873E-002
81.5670742 7.69130023138058E-002 7.95627766193297E-002
81.6670662 7.66591515173408E-002 7.92969554831141E-002
81.7670583 7.64064352480971E-002 7.90323370616359E-002
81.8670579 7.61548279609299E-002 7.87688944407984E-002
81.9670500 7.59043616957002E-002 7.85066610014074E-002
82.0670421 7.56550109080093E-002 7.82456098324697E-002
82.1670342 7.54067693341239E-002 7.79857342128451E-002
82.2670263 7.51596307527414E-002 7.77270274674910E-002
82.3670260 7.49135702545566E-002 7.74694633618789E-002
82.4670182 7.46686192452935E-002 7.72130746104022E-002
82.5670103 7.44247528153942E-002 7.69578349804720E-002
82.6670025 7.41819649099464E-002 7.67037379777719E-002
82.7669947 7.39402495148160E-002 7.64507771522657E-002
82.8669945 7.36995823365325E-002 7.61989269273060E-002
82.9669867 7.34599941618372E-002 7.59482193669071E-002
83.0669790 7.32214606960787E-002 7.56986288952785E-002
83.1669712 7.29839760850532E-002 7.54501492360071E-002
83.2669635 7.27475345137568E-002 7.52027741552252E-002
83.3669634 7.25121122853060E-002 7.49564787133123E-002
83.4669556 7.22777395822023E-002 7.47112943394998E-002
83.5669479 7.20443927055206E-002 7.44671960940188E-002
83.6669403 7.18120659940126E-002 7.42241779098392E-002
83.7669326 7.15807538241210E-002 7.39822337608187E-002
83.8669326 7.13504330770266E-002 7.37413393243063E-002
83.9669249 7.11211333453352E-002 7.35015254099234E-002
84.0669173 7.08928315073872E-002 7.32627676939358E-002
84.1669097 7.06655220874789E-002 7.30250603105567E-002
84.2669021 7.04391996461538E-002 7.27883974333023E-002
84.3669022 7.02138416248275E-002 7.25527553371939E-002
84.4668946 6.99894770401656E-002 7.23181642270040E-002
84.5668870 6.97660833300029E-002 7.20846003758033E-002
84.6668795 6.95436551970930E-002 7.18520581112684E-002
84.7668720 6.93221873790570E-002 7.16205317988647E-002
84.8668721 6.91016578603774E-002 7.13899982927159E-002
84.9668646 6.88820950953588E-002 7.11604872071065E-002
85.0668571 6.86634770642183E-002 7.09319753934050E-002
85.1668496 6.84457986413883E-002 7.07044573653150E-002
85.2668422 6.82290547348493E-002 7.04779276728811E-002
85.3668424 6.80132238556166E-002 7.02523637314542E-002
85.4668349 6.77983339088483E-002 7.00277945788037E-002
85.5668275 6.75843634006612E-002 6.98041976267802E-002
85.6668201 6.73713073706820E-002 6.95815675680034E-002
85.7668127 6.71591608908227E-002 6.93598991300500E-002
85.8668130 6.69479029827051E-002 6.91391702722879E-002
85.9668056 6.67375610151983E-002 6.89194094695671E-002
86.0667983 6.65281140044407E-002 6.87005946770653E-002
86.1667909 6.63195571490481E-002 6.84827207595179E-002
86.2667836 6.61118856787128E-002 6.82657826152933E-002
86.3667839 6.59050791103163E-002 6.80497587312019E-002
86.4667766 6.56991642889531E-002 6.78346770324043E-002
86.5667694 6.54941207254817E-002 6.76205160008826E-002
86.6667621 6.52899437715675E-002 6.74072706669825E-002
86.7667548 6.50866288087953E-002 6.71949360934150E-002
86.8667552 6.48841558345160E-002 6.69834912784676E-002
86.9667480 6.46825511822280E-002 6.67729636104852E-002
87.0667408 6.44817948427623E-002 6.65633320823380E-002
87.1667336 6.42818823151475E-002 6.63545918837559E-002
87.2667264 6.40828091272235E-002 6.61467382356221E-002
87.3667268 6.38845557425526E-002 6.59397506323178E-002
87.4667197 6.36871479948911E-002 6.57336559379015E-002
87.5667125 6.34905663408242E-002 6.55284336407931E-002
87.6667054 6.32948064212981E-002 6.53240790841490E-002
87.7666983 6.30998639050093E-002 6.51205876411175E-002
87.8666988 6.29057197079835E-002 6.49179392873484E-002
87.9666917 6.27123991757732E-002 6.47161603748069E-002
88.0666846 6.25198832170071E-002 6.45152308726805E-002
88.1666775 6.23281676093334E-002 6.43151462718472E-002
88.2666705 6.21372481571335E-002 6.41159020920658E-002
88.3666710 6.19471062156375E-002 6.39174787759633E-002
88.4666640 6.17577666534256E-002 6.37199021752794E-002
88.5666570 6.15692108179464E-002 6.35231527257183E-002
88.6666500 6.13814346185523E-002 6.33272260604171E-002
88.7666429 6.11944339903551E-002 6.31321178403295E-002
88.8666436 6.10081907149985E-002 6.29378089612797E-002
88.9666366 6.08227291950248E-002 6.27443247863347E-002
89.0666296 6.06380312039445E-002 6.25516462039728E-002
89.1666227 6.04540927780256E-002 6.23597689843585E-002
89.2666157 6.02709099783613E-002 6.21686889244527E-002
89.3666164 6.00884650006682E-002 6.19783873599880E-002
89.4666095 5.99067817920953E-002 6.17888891766033E-002
89.5666026 5.97258425399048E-002 6.16001757022973E-002
89.6665957 5.95456434026897E-002 6.14122428392490E-002
89.7665889 5.93661805629734E-002 6.12250865154569E-002
89.8665896 5.91874366186341E-002 6.10386884937423E-002
89.9665828 5.90094350717925E-002 6.08530731932635E-002
90.0665759 5.88321585115810E-002 6.06682223687532E-002
90.1665691 5.86556032145162E-002 6.04841320496015E-002
90.2665622 5.84797654801876E-002 6.03007982900816E-002
90.3665631 5.83046282971382E-002 6.01182032677347E-002
90.4665563 5.81302147325523E-002 5.99363709458964E-002
90.5665495 5.79565077659616E-002 5.97552834936956E-002
90.6665427 5.77835037875870E-002 5.95749370631294E-002
90.7665359 5.76111992098983E-002 5.93953278301803E-002
90.8665368 5.74395774010025E-002 5.92164383751731E-002
90.9665301 5.72686610029749E-002 5.90382922159970E-002
91.0665233 5.70984333746717E-002 5.88608719242697E-002
91.1665166 5.69288910159694E-002 5.86841737701814E-002
91.2665099 5.67600304482038E-002 5.85081940470469E-002
91.3665108 5.65918354083257E-002 5.83329157264520E-002
91.4665041 5.64243281228720E-002 5.81583618909440E-002
91.5664975 5.62574923193268E-002 5.79845155031339E-002
91.6664908 5.60913246033386E-002 5.78113729471727E-002
91.7664842 5.59258216012576E-002 5.76389306295097E-002
91.8664851 5.57609674085236E-002 5.74671719018677E-002
91.9664785 5.55967838454558E-002 5.72961194212903E-002
92.0664719 5.54332549978338E-002 5.71257565302837E-002
92.1664653 5.52703775733514E-002 5.69560797228990E-002
92.2664587 5.51081482996768E-002 5.67870855146947E-002
92.3664597 5.49465516207348E-002 5.66187576267869E-002
92.4664531 5.47856089597056E-002 5.64511183002979E-002
92.5664466 5.46253047506811E-002 5.62841512469097E-002
92.6664400 5.44656357998232E-002 5.61178530666790E-002
92.7664335 5.43065989325706E-002 5.59522203804105E-002
92.8664346 5.41481789316658E-002 5.57872372682372E-002
92.9664281 5.39903968319932E-002 5.56229255646920E-002
93.0664215 5.38332374063094E-002 5.54592693402784E-002
93.1664150 5.36766975558106E-002 5.52962652973216E-002
93.2664086 5.35207742002999E-002 5.51339101581655E-002
93.3664097 5.33654524519939E-002 5.49721883519356E-002
93.4664032 5.32107529660960E-002 5.48111213156645E-002
93.5663968 5.30566608447021E-002 5.46506934686732E-002
93.6663903 5.29031730807458E-002 5.44909016119686E-002
93.7663839 5.27502866851234E-002 5.43317425658761E-002
93.8663851 5.25979870904931E-002 5.41732010988265E-002
93.9663787 5.24462945807704E-002 5.40152982592058E-002
94.0663723 5.22951945783749E-002 5.38580188054852E-002
94.1663659 5.21446841648105E-002 5.37013596339098E-002
94.2663595 5.19947604389258E-002 5.35453176593711E-002
94.3663607 5.18454091450871E-002 5.33898779802427E-002
94.4663544 5.16966502040985E-002 5.32350612648887E-002
94.5663480 5.15484693499858E-002 5.30808526015863E-002
94.6663417 5.14008637497814E-002 5.29272489785127E-002
94.7663353 5.12538305872681E-002 5.27742474018454E-002
94.8663366 5.11073559100746E-002 5.26218332908511E-002
94.9663303 5.09614592838604E-002 5.24700269422732E-002
95.0663240 5.08161267458269E-002 5.23188137651625E-002
95.1663177 5.06713555456115E-002 5.21681908364522E-002
95.2663114 5.05271429490323E-002 5.20181552504566E-002
95.3663128 5.03834752988097E-002 5.18686927385837E-002
95.4663065 5.02403718132232E-002 5.17198232341436E-002
95.5663002 5.00978188244933E-002 5.15715324582252E-002
95.6662940 4.99558136620542E-002 5.14238175734678E-002
95.7662878 4.98143536709720E-002 5.12766757592965E-002
95.8662892 4.96734254811550E-002 5.11300930507980E-002
95.9662829 4.95330479710688E-002 5.09840890258254E-002
96.0662767 4.93932077600619E-002 5.08386497090581E-002
96.1662705 4.92539022546653E-002 5.06937723459110E-002
96.2662643 4.91151288765145E-002 5.05494541980125E-002
96.3662658 4.89768745350575E-002 5.04056815959427E-002
96.4662596 4.88391577763195E-002 5.02624737698698E-002
96.5662535 4.87019654991411E-002 5.01198170398925E-002
96.6662473 4.85652951845545E-002 4.99777087313851E-002
96.7662412 4.84291443281890E-002 4.98361461853850E-002
96.8662427 4.82935001116297E-002 4.96951160200463E-002
96.9662365 4.81583807556494E-002 4.95546371254277E-002
97.0662304 4.80237734311891E-002 4.94146961091406E-002
97.1662243 4.78896756912863E-002 4.92752903738114E-002
97.2662182 4.77560851030879E-002 4.91364173372015E-002
97.3662198 4.76229891131504E-002 4.89980638973762E-002
97.4662137 4.74904056239997E-002 4.88602486116662E-002
97.5662076 4.73583220715226E-002 4.87229583675455E-002
97.6662016 4.72267360783611E-002 4.85861906422906E-002
97.7661955 4.70956452807980E-002 4.84499429278041E-002
97.8661971 4.69650373834228E-002 4.83142023946463E-002
97.9661911 4.68349299773449E-002 4.81789872746160E-002
98.0661851 4.67053107564687E-002 4.80442847276443E-002
98.1661791 4.65761774107316E-002 4.79100923031554E-002
98.2661730 4.64475276432606E-002 4.77764075647110E-002
98.3661747 4.63193494099603E-002 4.76432179481867E-002
98.4661687 4.61916599971817E-002 4.75105413668634E-002
98.5661627 4.60644473501375E-002 4.73783652459612E-002
98.6661568 4.59377092238390E-002 4.72466872046452E-002
98.7661508 4.58114433860527E-002 4.71155048757481E-002
98.8661525 4.56856380374909E-002 4.69848059535108E-002
98.9661465 4.55603101662384E-002 4.68546080395330E-002
99.0661406 4.54354479623179E-002 4.67248988173836E-002
99.1661347 4.53110492436762E-002 4.65956759736537E-002
99.2661288 4.51871118405977E-002 4.64669372081495E-002
99.3661305 4.50636241922989E-002 4.63386704667468E-002
99.4661246 4.49406029949286E-002 4.62108930460303E-002
99.5661187 4.48180366770238E-002 4.60835928811957E-002
99.6661128 4.46959231174089E-002 4.59567677240331E-002
99.7661070 4.45742602068442E-002 4.58304153391125E-002
99.8661087 4.44530366169426E-002 4.57045239174252E-002
99.9661029 4.43322687580901E-002 4.55791104570400E-002
100.0660970 4.42119452912378E-002 4.54541631382700E-002
100.1660912 4.40920641541072E-002 4.53296797759606E-002
100.2660854 4.39726232959675E-002 4.52056581973182E-002
100.3660872 4.38536116149099E-002 4.50820868321354E-002
100.4660814 4.37350452415780E-002 4.49589823863024E-002
100.5660756 4.36169130634251E-002 4.48363332789424E-002
100.6660698 4.34992130751620E-002 4.47141373858936E-002
100.7660640 4.33819432826742E-002 4.45923925949517E-002
100.8660658 4.32650928047947E-002 4.44710875685922E-002
100.9660601 4.31486774982958E-002 4.43502387267062E-002
101.0660543 4.30326864714035E-002 4.42298347211169E-002
101.1660486 4.29171177739809E-002 4.41098734866690E-002
101.2660428 4.28019694667063E-002 4.39903529697767E-002
101.3660447 4.26872308835937E-002 4.38712620596696E-002
101.4660390 4.25729176132714E-002 4.37526168962667E-002
101.5660333 4.24590189791833E-002 4.36344063581688E-002
101.6660275 4.23455330845748E-002 4.35166284373154E-002
101.7660218 4.22324580431615E-002 4.33992811368415E-002
101.8660238 4.21197833987463E-002 4.32823535669845E-002
101.9660181 4.20075244774005E-002 4.31658615935691E-002
102.0660124 4.18956708123995E-002 4.30497943162343E-002
102.1660067 4.17842205586671E-002 4.29341497821726E-002
102.2660011 4.16731718812634E-002 4.28189260494125E-002
102.3660031 4.15625145285524E-002 4.27041124436288E-002
102.4659974 4.14522635694984E-002 4.25897245622853E-002
102.5659918 4.13424087419852E-002 4.24757517204946E-002
102.6659861 4.12329482509722E-002 4.23621920189292E-002
102.7659805 4.11238803112340E-002 4.22490435687501E-002
102.8659825 4.10151948706245E-002 4.21362959056694E-002
102.9659769 4.09069067463188E-002 4.20239643643824E-002
103.0659713 4.07990058757427E-002 4.19120384700804E-002
103.1659657 4.06914905123084E-002 4.18005163752071E-002
103.2659601 4.05843589189335E-002 4.16893962423603E-002
103.3659622 4.04776012380433E-002 4.15786678120523E-002
103.4659566 4.03712320402114E-002 4.14683461616658E-002
103.5659511 4.02652414574915E-002 4.13584210212390E-002
103.6659455 4.01596277902227E-002 4.12488905933404E-002
103.7659400 4.00543893479511E-002 4.11397530903708E-002
103.8659421 3.99495164629009E-002 4.10309984525630E-002
103.9659365 3.98450234641071E-002 4.09226415053107E-002
104.0659310 3.97409006734828E-002 4.08146721784242E-002
104.1659255 3.96371464368231E-002 4.07070887230104E-002
104.2659200 3.95337591088424E-002 4.05998893996980E-002
104.3659221 3.94307292069330E-002 4.04930643435139E-002
104.4659166 3.93280708235320E-002 4.03866281330558E-002
104.5659112 3.92257744657846E-002 4.02805708929841E-002
104.6659057 3.91238385235236E-002 4.01748909214146E-002
104.7659002 3.90222613952239E-002 4.00695865256862E-002
104.8659024 3.89210337789515E-002 3.99646480308396E-002
104.9658969 3.88201695353671E-002 3.98600897737446E-002
105.0658915 3.87196593523575E-002 3.97559020691358E-002
105.1658860 3.86195016624255E-002 3.96520832606637E-002
105.2658806 3.85196949064481E-002 3.95486317009136E-002
105.3658828 3.84202299588029E-002 3.94455379003020E-002
105.4658774 3.83211204530807E-002 3.93428159589167E-002
105.5658720 3.82223572535501E-002 3.92404563769315E-002
105.6658666 3.81239388340647E-002 3.91384575421106E-002
105.7658612 3.80258636765943E-002 3.90368178508746E-002
105.8658634 3.79281228275926E-002 3.89355279945142E-002
105.9658580 3.78307296981742E-002 3.88346018411620E-002
106.0658527 3.77336753247575E-002 3.87340300719331E-002
106.1658473 3.76369582212743E-002 3.86338111173345E-002
106.2658419 3.75405769095231E-002 3.85339434162612E-002
106.3658442 3.74445226039221E-002 3.84344178365093E-002
106.4658389 3.73488084975940E-002 3.83352480189667E-002
106.5658335 3.72534257949975E-002 3.82364248213241E-002
106.6658282 3.71583730489143E-002 3.81379467155090E-002
106.7658229 3.70636488197528E-002 3.80398121815782E-002
106.8658252 3.69692444859022E-002 3.79420122595913E-002
106.9658199 3.68751730268713E-002 3.78445603677904E-002
107.0658146 3.67814258111681E-002 3.77474475362027E-002
107.1658093 3.66880014292396E-002 3.76506722769009E-002
107.2658040 3.65948984789270E-002 3.75542331098372E-002
107.3658063 3.65021084987121E-002 3.74581212432165E-002
107.4658011 3.64096442587643E-002 3.73623498771238E-002
107.5657958 3.63174972877647E-002 3.72669102098073E-002
107.6657905 3.62256662126813E-002 3.71718007922541E-002
107.7657853 3.61341496676529E-002 3.70770201830899E-002
107.8657877 3.60429393474862E-002 3.69825597546658E-002
107.9657824 3.59520478171849E-002 3.68884324932918E-002
108.0657772 3.58614667618374E-002 3.67946297614403E-002
108.1657720 3.57711948438289E-002 3.67011501478251E-002
108.2657667 3.56812307324991E-002 3.66079922485667E-002
108.3657692 3.55915662753197E-002 3.65151475962776E-002
108.4657639 3.55022138362037E-002 3.64226289677719E-002
108.5657587 3.54131652529885E-002 3.63304278858637E-002
108.6657536 3.53244192224107E-002 3.62385429758477E-002
108.7657484 3.52359744479520E-002 3.61469728702006E-002
108.8657508 3.51478229261923E-002 3.60557092580237E-002
108.9657456 3.50599768239346E-002 3.59647647108126E-002
109.0657405 3.49724281282099E-002 3.58741309079521E-002
