0.0053140 4.82159286985439E+001 7.13994602383955E+003
0.0210792 1.80958138386440E+002 6.91950721879732E+003
0.0467942 3.67782612428754E+002 6.57933365956425E+003
0.0817065 5.71881723431321E+002 6.15286483087348E+003
0.1249105 7.61741334202197E+002 5.67552574752997E+003
0.1754417 9.17259535716716E+002 5.17899045002955E+003
0.2323515 1.03005450357434E+003 4.68804423007144E+003
0.2947571 1.10047059887366E+003 4.21984904770697E+003
0.3618673 1.13386223240322E+003 3.78476676642532E+003
0.4329916 1.13759218054658E+003 3.38785424742336E+003
0.5075377 1.11912571133517E+003 3.03043424548553E+003
0.5850032 1.08505812904365E+003 2.71143086351788E+003
0.6649650 1.04076227281091E+003 2.42838066379458E+003
0.7470680 9.90380898760000E+002 2.17813423841939E+003
0.8310139 9.36978087083924E+002 1.95731466235274E+003
0.9165527 8.82740393697832E+002 1.76259298704067E+003
1.0034738 8.29174029525954E+002 1.59084291406794E+003
1.0915995 7.77275094082433E+002 1.43921583366564E+003
1.1807797 7.27666572065525E+002 1.30516592974016E+003
1.2708868 6.80704843139195E+002 1.18644837256648E+003
1.3618115 6.36559289166301E+002 1.08110025610763E+003
1.4534610 5.95270910189799E+002 9.87414390361843E+002
1.5457546 5.56795538439989E+002 9.03912301576037E+002
1.6386236 5.21033647422975E+002 8.29314631364290E+002
1.7320075 4.87852677908978E+002 7.62516608212966E+002
1.8258543 4.57101490360621E+002 7.02563108087644E+002
1.9201186 4.28620998779540E+002 6.48628331460575E+002
2.0147601 4.02251323635836E+002 5.99997844101248E+002
2.1097440 3.77835903637859E+002 5.56051909584129E+002
2.2050388 3.55224882009742E+002 5.16252849218873E+002
2.3006174 3.34276385732038E+002 4.80132664989711E+002
2.3964555 3.14857599272291E+002 4.47283480900070E+002
2.4925310 2.96845210681482E+002 4.17349290344052E+002
2.5888248 2.80125050234289E+002 3.90018229445051E+002
2.6853193 2.64592150016598E+002 3.65017021634955E+002
2.7819988 2.50150024093757E+002 3.42105280649280E+002
2.8788497 2.36710283069997E+002 3.21071270526392E+002
2.9758588 2.24192161824137E+002 3.01728225148886E+002
3.0730149 2.12521733756831E+002 2.83910748975045E+002
3.1703074 2.01631592766876E+002 2.67472395652525E+002
3.2677268 1.91460117482771E+002 2.52282964417827E+002
3.3652646 1.81951077737669E+002 2.38226611774846E+002
3.4629133 1.73053091290935E+002 2.25199971159571E+002
3.5606650 1.64719352057664E+002 2.13110862900502E+002
3.6585133 1.56906972271161E+002 2.01876595592159E+002
3.7564523 1.49576785229798E+002 1.91423069095926E+002
3.8544764 1.42692964235328E+002 1.81683711461388E+002
3.9525810 1.36222685885477E+002 1.72598568131353E+002
4.0507604 1.30135972973840E+002 1.64113714468116E+002
4.1490108 1.24405257124952E+002 1.56180334388786E+002
4.2473280 1.19005275414314E+002 1.48754317206065E+002
4.3457083 1.13912831743586E+002 1.41795704866390E+002
4.4441489 1.09106587551325E+002 1.35268215586351E+002
4.5426454 1.04566983022240E+002 1.29138973571047E+002
4.6411954 1.00275946853990E+002 1.23377976254509E+002
4.7397961 9.62168509621438E+001 1.17957914857390E+002
4.8384450 9.23743618927447E+001 1.12853871703484E+002
4.9371399 8.87343108331775E+001 1.08043058170433E+002
5.0358779 8.52836597034467E+001 1.03504692193998E+002
5.1346571 8.20103044055989E+001 9.92196715332646E+001
5.2334756 7.89030611416058E+001 9.51704982780332E+001
5.3323316 7.59515724214957E+001 9.13411049167022E+001
5.4312238 7.31462249165608E+001 8.77167032550735E+001
5.5301496 7.04781395213831E+001 8.42837324505132E+001
5.6291079 6.79390341454428E+001 8.10296478105364E+001
5.7280973 6.55212260253798E+001 7.79428942852899E+001
5.8271164 6.32175708311996E+001 7.50128019817770E+001
5.9261644 6.10214094759522E+001 7.22294952087960E+001
6.0252392 5.89265703275282E+001 6.95838745807134E+001
6.1243401 5.69272706988279E+001 6.70674740636471E+001
6.2234659 5.50181266018349E+001 6.46724574637062E+001
6.3226158 5.31941122290283E+001 6.23915530498322E+001
6.4217891 5.14505245793197E+001 6.02179965734489E+001
6.5209840 4.97829913956103E+001 5.81455297349091E+001
6.6202001 4.81873984770095E+001 5.61682994986842E+001
6.7194366 4.66599023628366E+001 5.42808650098993E+001
6.8186927 4.51969026304967E+001 5.24781551326047E+001
6.9179682 4.37950177249966E+001 5.07554314232181E+001
7.0172613 4.24510952098407E+001 4.91082941768538E+001
7.1165720 4.11621567911073E+001 4.75326090587929E+001
7.2158999 3.99254058504765E+001 4.60245112599959E+001
7.3152432 3.87382368850406E+001 4.45804121403853E+001
7.4146030 3.75981607809622E+001 4.31969039874695E+001
7.5139770 3.65028784987806E+001 4.18708457848324E+001
7.6133666 3.54501840921264E+001 4.05992420430332E+001
7.7127702 3.44380297622455E+001 3.93793185047395E+001
7.8121865 3.34644843316071E+001 3.82084689405147E+001
7.9116168 3.25276993173205E+001 3.70842118768678E+001
8.0110589 3.16259658173146E+001 3.60042566172192E+001
8.1105143 3.07576362642132E+001 3.49664072019182E+001
8.2099815 2.99211792571928E+001 3.39686262012503E+001
8.3094593 2.91151466365281E+001 3.30089934550529E+001
8.4089492 2.83381464481656E+001 3.20856723602999E+001
8.5084489 2.75888911009986E+001 3.11969657005228E+001
8.6079599 2.68661334178560E+001 3.03412383102909E+001
8.7074812 2.61687130332977E+001 2.95169709283172E+001
8.8070112 2.54955298801710E+001 2.87227275796382E+001
8.9065517 2.48455223041490E+001 2.79571287906551E+001
9.0061006 2.42177079941077E+001 2.72188989111981E+001
9.1056593 2.36111311220990E+001 2.65068029885708E+001
9.2052267 2.30249017806005E+001 2.58196923816024E+001
9.3048016 2.24581743406088E+001 2.51564785464408E+001
9.4043856 2.19101294909922E+001 2.45161113962246E+001
9.5039766 2.13800091802757E+001 2.38976195541692E+001
9.6035763 2.08670724820460E+001 2.33000582145759E+001
9.7031836 2.03706292748783E+001 2.27225479390857E+001
9.8027972 1.98900223647129E+001 2.21642532865221E+001
9.9024188 1.94246125679114E+001 2.16243650759133E+001
10.0020464 1.89738086781530E+001 2.11021347694005E+001
10.1016817 1.85370302859317E+001 2.05968309598919E+001
10.2013235 1.81137366801842E+001 2.01077725190787E+001
10.3009707 1.77034119235819E+001 1.96343109587903E+001
10.4006251 1.73055523328027E+001 1.91758157115719E+001
10.5002846 1.69196922982570E+001 1.87317036307411E+001
10.5999509 1.65453727096304E+001 1.83014023432317E+001
10.6996230 1.61821658755540E+001 1.78843787052051E+001
10.7992996 1.58296629467384E+001 1.74801240842187E+001
10.8989827 1.54874633104293E+001 1.70881420111647E+001
10.9986702 1.51551969389515E+001 1.67079736065001E+001
11.0983637 1.48324973811421E+001 1.63391664618521E+001
11.1980623 1.45190233488882E+001 1.59812991827258E+001
11.2977649 1.42144480296462E+001 1.56339689894103E+001
11.3974732 1.39184500281918E+001 1.52967812595205E+001
11.4971853 1.36307327971219E+001 1.49693715425224E+001
11.5969029 1.33510013815531E+001 1.46513789412055E+001
11.6966250 1.30789812027028E+001 1.43424673775892E+001
11.7963505 1.28144089073907E+001 1.40423150577853E+001
11.8960812 1.25570245742464E+001 1.37506055411363E+001
11.9958151 1.23065886801399E+001 1.34670468855359E+001
12.0955540 1.20628619561087E+001 1.31913487262443E+001
12.1952970 1.18256218028031E+001 1.29232407852871E+001
12.2950428 1.15946544025295E+001 1.26624638514938E+001
12.3947934 1.13697479689352E+001 1.24087620962749E+001
12.4945468 1.11507076233149E+001 1.21618997953492E+001
12.5943047 1.09373378493126E+001 1.19216414715961E+001
12.6940662 1.07294568983162E+001 1.16877680749282E+001
12.7938302 1.05268899477816E+001 1.14600692063534E+001
12.8935986 1.03294632196363E+001 1.12383364620352E+001
12.9933693 1.01370170757427E+001 1.10223780986935E+001
13.0931443 9.94939065853323E+000 1.08120017354374E+001
13.1929224 9.76643458254339E+000 1.06070285558946E+001
13.2927027 9.58800496675409E+000 1.04072865628916E+001
13.3924871 9.41395828199375E+000 1.02126047783365E+001
13.4922734 9.24416292244131E+000 1.00228261561640E+001
13.5920637 9.07848569677074E+000 9.83779243651514E+000
13.6918568 8.91680305191217E+000 9.65735666118809E+000
13.7916517 8.75899584085118E+000 9.48137728910501E+000
13.8914504 8.60494478620338E+000 9.30971311426088E+000
13.9912508 8.45454074205052E+000 9.14223467867454E+000
14.0910548 8.30767276093860E+000 8.97881094867538E+000
14.1908615 8.16423805525340E+000 8.81932038556323E+000
14.2906697 8.02413738802213E+000 8.66364578534788E+000
14.3904813 7.88727106072688E+000 8.51166980359567E+000
14.4902944 7.75354804501693E+000 8.36328507904129E+000
14.5901109 7.62287539904291E+000 8.21838246164512E+000
14.6899298 7.49516713862928E+000 8.07686084038250E+000
14.7897500 7.37034015906021E+000 7.93862259651341E+000
14.8895734 7.24831067160237E+000 7.80356964478603E+000
14.9893980 7.12900235617014E+000 7.67161244423785E+000
15.0892259 7.01233693893517E+000 7.54265955510779E+000
15.1890558 6.89824211827560E+000 7.41662639306075E+000
15.2888878 6.78664688912911E+000 7.29343004378158E+000
15.3887200 6.67748465815384E+000 7.17299268996125E+000
15.4885562 6.57068487103806E+000 7.05523236317485E+000
15.5883943 6.46618541670449E+000 6.94007661777806E+000
15.6882343 6.36392417097725E+000 6.82745318905194E+000
15.7880763 6.26384102235903E+000 6.71729221875922E+000
15.8879183 6.16587964476654E+000 6.60952819485353E+000
15.9877640 6.06997999150458E+000 6.50409168625918E+000
16.0876115 5.97608943507816E+000 6.40092158851525E+000
16.1874608 5.88415518747646E+000 6.29995677614743E+000
16.2873119 5.79412612493098E+000 6.20113810274621E+000
16.3871628 5.70595439120453E+000 6.10441015172360E+000
16.4870172 5.61958864751111E+000 6.00971382500367E+000
16.5868734 5.53498410565186E+000 5.91699734286149E+000
16.6867312 5.45209571285706E+000 5.82620875999378E+000
16.7865905 5.37087979953067E+000 5.73729776752447E+000
16.8864496 5.29129553248592E+000 5.65021727675383E+000
16.9863121 5.21329882682269E+000 5.56491675280413E+000
17.0861762 5.13685140707294E+000 5.48135212383615E+000
17.1860417 5.06191466146633E+000 5.39947905054742E+000
17.2859087 4.98845113338789E+000 5.31925455371944E+000
17.3857753 4.91642584144013E+000 5.24063845003958E+000
17.4856452 4.84580077311408E+000 5.16358733820207E+000
17.5855166 4.77654308941839E+000 5.08806355004347E+000
17.6853893 4.70861956742508E+000 5.01402907984357E+000
17.7852633 4.64199795337984E+000 4.94144705780842E+000
17.8851368 4.57664816430791E+000 4.87028305457732E+000
17.9850136 4.51253729480177E+000 4.80049964087616E+000
18.0848916 4.44963706451323E+000 4.73206449422560E+000
18.1847709 4.38791877946345E+000 4.66494490817893E+000
18.2846515 4.32735456237266E+000 4.59910912939700E+000
18.3845314 4.26791844866543E+000 4.53452754532772E+000
18.4844144 4.20958184729283E+000 4.47116774980634E+000
18.5842986 4.15232031692497E+000 4.40900190316453E+000
18.6841841 4.09610898622390E+000 4.34800175297514E+000
18.7840706 4.04092367493512E+000 4.28813985004312E+000
18.8839565 3.98674189554439E+000 4.22939063191539E+000
18.9838453 3.93353871710521E+000 4.17172593625927E+000
19.0837353 3.88129294453068E+000 4.11512169888425E+000
19.1836263 3.82998294618252E+000 4.05955342711798E+000
19.2835185 3.77958767753566E+000 4.00499730804680E+000
19.3834098 3.73008759835619E+000 3.95143119893757E+000
19.4833041 3.68146089529574E+000 3.89883053814636E+000
19.5831994 3.63368912898105E+000 3.84717445431502E+000
19.6830957 3.58675342414951E+000 3.79644164152326E+000
19.7829930 3.54063540621479E+000 3.74661137141049E+000
19.8828894 3.49531804264100E+000 3.69766440023131E+000
19.9827887 3.45078218581693E+000 3.64957923372639E+000
20.0826889 3.40701174438527E+000 3.60233771121475E+000
20.1825901 3.36399019697953E+000 3.55592123843135E+000
20.2824922 3.32170145074419E+000 3.51031171370294E+000
20.3823934 3.28013061454714E+000 3.46549236018418E+000
20.4822973 3.23926082853755E+000 3.42144430678031E+000
20.5822022 3.19907800910406E+000 3.37815170273421E+000
20.6821079 3.15956765222111E+000 3.33559826978839E+000
20.7820145 3.12071562188000E+000 3.29376815133416E+000
20.8819201 3.08250886188565E+000 3.25264667735874E+000
20.9818284 3.04493248267799E+000 3.21221722832139E+000
21.0817375 3.00797412326305E+000 3.17246592889536E+000
21.1816475 2.97162101440582E+000 3.13337848596658E+000
21.2815583 2.93586070398093E+000 3.09494096859571E+000
21.3814680 2.90068171332233E+000 3.05714051232528E+000
21.4813803 2.86607085546603E+000 3.01996243701968E+000
21.5812935 2.83201725219983E+000 2.98339456247397E+000
21.6812074 2.79850963096330E+000 2.94742430292241E+000
21.7811221 2.76553699330709E+000 2.91203938472081E+000
21.8810357 2.73308922108693E+000 2.87722849589698E+000
21.9809519 2.70115460336321E+000 2.84297863248682E+000
22.0808688 2.66972354223025E+000 2.80927907360551E+000
22.1807864 2.63878606039996E+000 2.77611870670529E+000
22.2807048 2.60833241824767E+000 2.74348668907849E+000
22.3806219 2.57835367455149E+000 2.71137304786838E+000
22.4805416 2.54883940193957E+000 2.67976623246213E+000
22.5804621 2.51978111127908E+000 2.64865678220600E+000
22.6803832 2.49116994960886E+000 2.61803485971852E+000
22.7803050 2.46299727063100E+000 2.58789086161456E+000
22.8802255 2.43525515418062E+000 2.55821597361226E+000
22.9801486 2.40793429241050E+000 2.52899990915773E+000
23.0800723 2.38102715915204E+000 2.50023429914555E+000
23.1799967 2.35452588018939E+000 2.47191041324005E+000
23.2799217 2.32842276151663E+000 2.44401972461174E+000
23.3798454 2.30271077127163E+000 2.41655442426804E+000
23.4797716 2.27738158084334E+000 2.38950532834781E+000
23.5796984 2.25242850268621E+000 2.36286501589231E+000
23.6796259 2.22784451694875E+000 2.33662572041864E+000
23.7795539 2.20362276134512E+000 2.31077985292882E+000
23.8794806 2.17975697889003E+000 2.28532047914711E+000
23.9794098 2.15623969985245E+000 2.26023937988774E+000
24.0793395 2.13306496894723E+000 2.23552996003549E+000
24.1792698 2.11022651409030E+000 2.21118529460461E+000
24.2792007 2.08771820132100E+000 2.18719861381702E+000
24.3791302 2.06553445132619E+000 2.16356374653833E+000
24.4790621 2.04366854968245E+000 2.14027331983426E+000
24.5789946 2.02211518211058E+000 2.11732145980062E+000
24.6789277 2.00086873266613E+000 2.09470197807404E+000
24.7788612 1.97992370678639E+000 2.07240882236897E+000
24.8787934 1.95927511928504E+000 2.05043648906139E+000
24.9787279 1.93891692165397E+000 2.02877834954442E+000
25.0786630 1.91884436210355E+000 2.00742916134338E+000
25.1785986 1.89905240184235E+000 1.98638338255752E+000
25.2785347 1.87953610900412E+000 1.96563559088917E+000
25.3784693 1.86029102052299E+000 1.94518086802098E+000
25.4784064 1.84131167643329E+000 1.92501324169122E+000
25.5783439 1.82259381969246E+000 1.90512802359536E+000
25.6782819 1.80413292038467E+000 1.88552024056359E+000
25.7782204 1.78592454300225E+000 1.86618502480111E+000
25.8781574 1.76796468437148E+000 1.84711797243776E+000
25.9780968 1.75024840591614E+000 1.82831369139335E+000
26.0780366 1.73277188673865E+000 1.80976798086658E+000
26.1779769 1.71553104662151E+000 1.79147636921651E+000
26.2779176 1.69852188888951E+000 1.77343447785628E+000
26.3778568 1.68174081634352E+000 1.75563835611746E+000
26.4777984 1.66518335335968E+000 1.73808312598808E+000
26.5777404 1.64884606436077E+000 1.72076501649056E+000
26.6776829 1.63272526740605E+000 1.70367999925935E+000
26.7776257 1.61681735464085E+000 1.68682412828581E+000
26.8775671 1.60111908800691E+000 1.67019385302990E+000
26.9775108 1.58562640385070E+000 1.65378475200693E+000
27.0774549 1.57033620772727E+000 1.63759343403165E+000
27.1773994 1.55524517117965E+000 1.62161626338779E+000
27.2773442 1.54035003158759E+000 1.60584967740525E+000
27.3772876 1.52564786925498E+000 1.59029047956567E+000
27.4772333 1.51113498791096E+000 1.57493465470378E+000
27.5771793 1.49680859573329E+000 1.55977914792220E+000
27.6771257 1.48266567863669E+000 1.54482067204758E+000
27.7770725 1.46870328115911E+000 1.53005600482905E+000
27.8770178 1.45491876637733E+000 1.51548226361860E+000
27.9769653 1.44130876631508E+000 1.50109579565323E+000
28.0769132 1.42787075813499E+000 1.48689384440434E+000
28.1768615 1.41460200789277E+000 1.47287343272334E+000
28.2768101 1.40149983394566E+000 1.45903164127964E+000
28.3767572 1.38856185101304E+000 1.44536586624889E+000
28.4767065 1.37578498506762E+000 1.43187277876424E+000
28.5766562 1.36316695280917E+000 1.41854988753919E+000
28.6766062 1.35070527040918E+000 1.40539449173427E+000
28.7765565 1.33839750078815E+000 1.39240394210078E+000
28.8765053 1.32624148301905E+000 1.37957588297821E+000
28.9764563 1.31423440677782E+000 1.36690727555644E+000
29.0764077 1.30237420246649E+000 1.35439586478683E+000
29.1763593 1.29065860997897E+000 1.34203919656123E+000
29.2763113 1.27908541107096E+000 1.32983486289204E+000
29.3762617 1.26765264519688E+000 1.31778072940216E+000
29.4762144 1.25635773904320E+000 1.30587401753375E+000
29.5761673 1.24519881400199E+000 1.29411268302669E+000
29.6761206 1.23417381044020E+000 1.28249449250039E+000
29.7760741 1.22328070627628E+000 1.27101725387940E+000
29.8760261 1.21251772024478E+000 1.25967903045352E+000
29.9759803 1.20188249243658E+000 1.24847727761005E+000
30.0759347 1.19137331522660E+000 1.23741013950097E+000
30.1758895 1.18098830893361E+000 1.22647558056386E+000
30.2758445 1.17072562761879E+000 1.21567160229377E+000
30.3757980 1.16058365068601E+000 1.20499644485635E+000
30.4757536 1.15056021071190E+000 1.19444777431542E+000
30.5757095 1.14065375339561E+000 1.18402390352094E+000
30.6756657 1.13086256085905E+000 1.17372297450467E+000
30.7756221 1.12118494559381E+000 1.16354316260152E+000
30.8755770 1.11161943122752E+000 1.15348286651326E+000
30.9755340 1.10216402424905E+000 1.14353994235753E+000
31.0754913 1.09281730806679E+000 1.13371285428012E+000
31.1754469 1.08357788574372E+000 1.12400008819980E+000
31.2754067 1.07444368684476E+000 1.11439942328873E+000
31.3753629 1.06541389031917E+000 1.10490995312049E+000
31.4753231 1.05648631551911E+000 1.09552934348656E+000
31.5752798 1.04766017765107E+000 1.08625672809412E+000
31.6752368 1.03893369358970E+000 1.07709019271633E+000
31.7751978 1.03030512013548E+000 1.06802786634262E+000
31.8751552 1.02177372385018E+000 1.05906893949526E+000
31.9751168 1.01333748576821E+000 1.05021125365715E+000
32.0750747 1.00499570478231E+000 1.04145403509968E+000
32.1750329 9.96746735389525E-001 1.03279551945979E+000
32.2749952 9.88588968601699E-001 1.02423398184347E+000
32.3749539 9.80521749131272E-001 1.01576869915988E+000
32.4749166 9.72543205241945E-001 1.00739767265198E+000
32.5748758 9.64652710508010E-001 9.99120211109527E-001
32.6748352 9.56848744446371E-001 9.90934686120828E-001
32.7747986 9.49129820019327E-001 9.82839505376584E-001
32.8747585 9.41495351726030E-001 9.74834022849743E-001
32.9747223 9.33943602102065E-001 9.66916385283393E-001
33.0746827 9.26474011438611E-001 9.59085975112533E-001
33.1746432 9.19085172993192E-001 9.51341287444733E-001
33.2746078 9.11775710701959E-001 9.43680850460010E-001
33.3745687 9.04545101446434E-001 9.36104086952861E-001
33.4745337 8.97391730397674E-001 9.28609276380287E-001
33.5744951 8.90315097508874E-001 9.21195866973462E-001
33.6744568 8.83313899666366E-001 9.13862466230928E-001
33.7744224 8.76386861937016E-001 9.06607711992069E-001
33.8743844 8.69533517020644E-001 8.99431088575601E-001
33.9743505 8.62752362256355E-001 8.92330996668105E-001
34.0743130 8.56042951001643E-001 8.85306943343734E-001
34.1742756 8.49404074691720E-001 8.78357638514121E-001
34.2742423 8.42834550683214E-001 8.71481819965070E-001
34.3742054 8.36333961667118E-001 8.64679027069624E-001
34.4741725 8.29900907719567E-001 8.57947771411881E-001
34.5741359 8.23534990044247E-001 8.51287612740798E-001
34.6740996 8.17235086459043E-001 8.44697354420235E-001
34.7740673 8.11000098657049E-001 8.38175825457175E-001
34.8740313 8.04829654140713E-001 8.31722614534911E-001
34.9739994 7.98722447212674E-001 8.25336334824698E-001
35.0739638 7.92678121979674E-001 8.19016593271175E-001
35.1739284 7.86695635286558E-001 8.12762278630203E-001
35.2738971 7.80773965997205E-001 8.06572303279708E-001
35.3738621 7.74912781815437E-001 8.00446300106830E-001
35.4738310 7.69110863578790E-001 7.94382975467160E-001
35.5737964 7.63367893895376E-001 7.88381978627677E-001
35.6737620 7.57682902001430E-001 7.82442276475016E-001
35.7737315 7.52054937465944E-001 7.76562857684271E-001
35.8736974 7.46483704085998E-001 7.70743394801165E-001
35.9736673 7.40968062272246E-001 7.64982679770347E-001
36.0736335 7.35507729209882E-001 7.59280399841166E-001
36.1735999 7.30101800531894E-001 7.53635593479851E-001
36.2735704 7.24749390669893E-001 7.48047319275075E-001
36.3735371 7.19450235849090E-001 7.42515285380412E-001
36.4735079 7.14203269742946E-001 7.37038362454050E-001
36.5734750 7.09008240611009E-001 7.31616271858093E-001
36.6734423 7.03864305059730E-001 7.26248117719189E-001
36.7734135 6.98770637096512E-001 7.20933022770528E-001
36.8733811 6.93727002101069E-001 7.15670727159271E-001
36.9733527 6.88732401281827E-001 7.10460174024205E-001
37.0733206 6.83786610842719E-001 7.05301115385945E-001
37.1732887 6.78888843450494E-001 7.00192715675855E-001
37.2732608 6.74038327897755E-001 6.95134156550591E-001
37.3732292 6.69234855791579E-001 6.90125206922428E-001
37.4732015 6.64477490669078E-001 6.85164876752388E-001
37.5731702 6.59766033878694E-001 6.80252945632698E-001
37.6731391 6.55099749690435E-001 6.75388633446876E-001
37.7731119 6.50477917335378E-001 6.70571176043474E-001
37.8730811 6.45900352027855E-001 6.65800368212850E-001
37.9730543 6.41366174895154E-001 6.61075281594491E-001
38.0730237 6.36875209923006E-001 6.56395720590636E-001
38.1729934 6.32426768936142E-001 6.51760956134368E-001
38.2729669 6.28020177654949E-001 6.47170273972407E-001
38.3729369 6.23655272553366E-001 6.42623492188789E-001
38.4729107 6.19331228030467E-001 6.38119739419251E-001
38.5728809 6.15047888461879E-001 6.33658842402897E-001
38.6728513 6.10804609544863E-001 6.29240119122798E-001
38.7728256 6.06600759896595E-001 6.24862901322368E-001
38.8727962 6.02436195145044E-001 6.20527028063467E-001
38.9727708 5.98310139020543E-001 6.16231680710457E-001
39.0727417 5.94222454272196E-001 6.11976706122294E-001
39.1727127 5.90172537116611E-001 6.07761465693928E-001
39.2726877 5.86159795795603E-001 6.03585333615893E-001
39.3726590 5.82184103200925E-001 5.99448167850652E-001
39.4726343 5.78244728794004E-001 5.95349198596522E-001
39.5726059 5.74341551886555E-001 5.91288290842983E-001
39.6725776 5.70474006157246E-001 5.87264846083436E-001
39.7725533 5.66641536488559E-001 5.83278277722117E-001
39.8725252 5.62844031337579E-001 5.79328460757168E-001
39.9725012 5.59080802603637E-001 5.75414670662153E-001
40.0724734 5.55351744533349E-001 5.71536788770403E-001
40.1724458 5.51656325476630E-001 5.67694253652384E-001
40.2724221 5.47994024232243E-001 5.63886514977039E-001
40.3723947 5.44364743295148E-001 5.60113463102359E-001
40.4723712 5.40767833986643E-001 5.56374415521500E-001
40.5723441 5.37203204023929E-001 5.52669268305580E-001
40.6723171 5.33670353877637E-001 5.48997494343753E-001
40.7722940 5.30168793772549E-001 5.45358576876911E-001
40.8722673 5.26698438866688E-001 5.41752420115673E-001
40.9722444 5.23258677138117E-001 5.38178380590886E-001
41.0722179 5.19849428456215E-001 5.34636367666499E-001
41.1721915 5.16470223078753E-001 5.31125886029187E-001
41.2721690 5.13120600377700E-001 5.27646450030153E-001
41.3721428 5.09800486935746E-001 5.24197976375967E-001
41.4721206 5.06509304849545E-001 5.20779857900842E-001
41.5720946 5.03246984952699E-001 5.17392015960502E-001
41.6720688 5.00013085152672E-001 5.14033984732172E-001
41.7720469 4.96807171880970E-001 5.10705307424482E-001
41.8720213 4.93629182028583E-001 5.07405912017801E-001
41.9719996 4.90478569478414E-001 5.04135225139600E-001
42.0719743 4.87355274957072E-001 5.00893178964977E-001
42.1719490 4.84258882061802E-001 4.97679335048401E-001
42.2719276 4.81188982369078E-001 4.94493263391820E-001
42.3719026 4.78145522071089E-001 4.91334902147609E-001
42.4718815 4.75127984691490E-001 4.88203709429687E-001
42.5718566 4.72136319883269E-001 4.85099627175279E-001
42.6718319 4.69170135134417E-001 4.82022242378101E-001
42.7718111 4.66229045408681E-001 4.78971149940231E-001
42.8717866 4.63313005290305E-001 4.75946297192047E-001
42.9717660 4.60421525968003E-001 4.72947171611670E-001
43.0717417 4.57554565148292E-001 4.69973723944365E-001
43.1717175 4.54711752556841E-001 4.67025564843994E-001
43.2716972 4.51892724929340E-001 4.64102312374514E-001
43.3716732 4.49097444420827E-001 4.61203922146933E-001
43.4716531 4.46325448063880E-001 4.58329909049075E-001
43.5716293 4.43576700829870E-001 4.55480231772681E-001
43.6716056 4.40850853161669E-001 4.52654522996832E-001
43.7715858 4.38147562080906E-001 4.49852422349729E-001
43.8715623 4.35466796571082E-001 4.47073892912342E-001
43.9715428 4.32808117828177E-001 4.44318475180352E-001
44.0715195 4.30171497375372E-001 4.41586135013453E-001
44.1714963 4.27556604972827E-001 4.38876525611997E-001
44.2714770 4.24963116559741E-001 4.36189306698560E-001
44.3714539 4.22391007276695E-001 4.33524448091276E-001
44.4714348 4.19839860930945E-001 4.30881514230898E-001
44.5714120 4.17309654952440E-001 4.28260477441176E-001
44.6713893 4.14800077128471E-001 4.25661010058890E-001
44.7713704 4.12310821054544E-001 4.23082790547343E-001
44.8713479 4.09841867420760E-001 4.20525794799036E-001
44.9713293 4.07392821210696E-001 4.17989609663843E-001
45.0713069 4.04963665177222E-001 4.15474213292768E-001
45.1712846 4.02554103944633E-001 4.12979295882635E-001
45.2712662 4.00163847601098E-001 4.10504553389635E-001
45.3712441 3.97792881836157E-001 4.08049967180839E-001
45.4712259 3.95440831481817E-001 4.05615145095080E-001
45.5712040 3.93107684085160E-001 4.03200070534216E-001
45.6711822 3.90793160008605E-001 4.00804450377558E-001
45.7711643 3.88496984758409E-001 3.98427996922833E-001
45.8711426 3.86219148525270E-001 3.96070696468589E-001
45.9711248 3.83959294759694E-001 3.93732176528303E-001
46.0711034 3.81717415323952E-001 3.91412425232683E-001
46.1710820 3.79493245303045E-001 3.89111165056163E-001
46.2710644 3.77286524628103E-001 3.86828123574667E-001
46.3710432 3.75097247539410E-001 3.84563291526257E-001
46.4710259 3.72925074965746E-001 3.82316314881566E-001
46.5710048 3.70770002650384E-001 3.80087186027202E-001
46.6709838 3.68631779461544E-001 3.77875642027715E-001
46.7709667 3.66510158836394E-001 3.75681424754305E-001
46.8709459 3.64405138655400E-001 3.73504528938687E-001
46.9709290 3.62316396267622E-001 3.71344617879854E-001
47.0709083 3.60243930903628E-001 3.69201687791611E-001
47.1708877 3.58187504345200E-001 3.67075489398922E-001
47.2708710 3.56146882684785E-001 3.64965777958864E-001
47.3708506 3.54122067071709E-001 3.62872551792563E-001
47.4708341 3.52112750292778E-001 3.60795490479887E-001
47.5708138 3.50118934708722E-001 3.58734593673092E-001
47.6707936 3.48140394209072E-001 3.56689624896760E-001
47.7707773 3.46176906753157E-001 3.54660351951743E-001
47.8707573 3.44228476422269E-001 3.52646776381937E-001
47.9707411 3.42294810527727E-001 3.50648593075206E-001
48.0707212 3.40375914236361E-001 3.48665804769621E-001
48.1707014 3.38471572798176E-001 3.46698186991709E-001
48.2706855 3.36581575308161E-001 3.44745519305650E-001
48.3706658 3.34705928473822E-001 3.42807806145448E-001
48.4706500 3.32844353281473E-001 3.40884756802630E-001
48.5706305 3.30996857409904E-001 3.38976376781092E-001
48.6706110 3.29163236776030E-001 3.37082452869505E-001
48.7705955 3.27343290931761E-001 3.35202775671466E-001
48.8705762 3.25537028933249E-001 3.33337352209175E-001
48.9705608 3.23744184650916E-001 3.31485905336503E-001
49.0705416 3.21964768008458E-001 3.29648443032717E-001
49.1705225 3.20198584945477E-001 3.27824762661953E-001
49.2705073 3.18445444840269E-001 3.26014665195209E-001
49.3704883 3.16705358845593E-001 3.24218159968788E-001
49.4704733 3.14978072979092E-001 3.22434982615586E-001
49.5704545 3.13263599166860E-001 3.20665143326536E-001
49.6704357 3.11561752772312E-001 3.18908449403344E-001
49.7704208 3.09872352413920E-001 3.17164711560068E-001
49.8704022 3.08195411112151E-001 3.15433941198236E-001
49.9703875 3.06530686344760E-001 3.13715885999860E-001
50.0703690 3.04878191819974E-001 3.12010558128066E-001
50.1703506 3.03237751767882E-001 3.10317774229099E-001
50.2703361 3.01609193501712E-001 3.08637354179569E-001
50.3703178 2.99992531701718E-001 3.06969311220195E-001
50.4703034 2.98387534664583E-001 3.05313404401447E-001
50.5702853 2.96794217680587E-001 3.03669647641142E-001
50.6702672 2.95212413327786E-001 3.02037866378305E-001
50.7702530 2.93641957106302E-001 3.00417889111937E-001
50.8702350 2.92082865167300E-001 2.98809730716633E-001
50.9702209 2.90534916027615E-001 2.97213160976105E-001
51.0702031 2.88998126377817E-001 2.95628195365283E-001
51.1701853 2.87472336660636E-001 2.94054667602230E-001
51.2701714 2.85957390089862E-001 2.92492414305340E-001
51.3701538 2.84453304115972E-001 2.90941451796571E-001
51.4701400 2.82959866916378E-001 2.89401559999620E-001
51.5701225 2.81477096416801E-001 2.87872755767045E-001
51.6701050 2.80004840474032E-001 2.86354880617246E-001
51.7700914 2.78542949574245E-001 2.84847778819265E-001
51.8700741 2.77091442311332E-001 2.83351467972980E-001
51.9700606 2.75650115999955E-001 2.81865737587608E-001
52.0700434 2.74218989650966E-001 2.80390605730272E-001
52.1700263 2.72797918114759E-001 2.78925921273329E-001
52.2700130 2.71386758738104E-001 2.77471535699342E-001
52.3699959 2.69985531116684E-001 2.76027467732162E-001
52.4699827 2.68594041212643E-001 2.74593515947945E-001
52.5699658 2.67212308985671E-001 2.73169699480233E-001
52.6699489 2.65840195887183E-001 2.71755874138817E-001
52.7699359 2.64477565740012E-001 2.70351898211824E-001
52.8699192 2.63124439012973E-001 2.68957791407239E-001
52.9699063 2.61780629857021E-001 2.67573360882778E-001
53.0698897 2.60446159056881E-001 2.66198626703833E-001
53.1698731 2.59120894298172E-001 2.64833451228675E-001
53.2698603 2.57804705520461E-001 2.63477699170014E-001
53.3698439 2.56497613948843E-001 2.62131391092933E-001
53.4698313 2.55199441493228E-001 2.60794342282119E-001
53.5698149 2.53910209650942E-001 2.59466573612571E-001
53.6697986 2.52629791998835E-001 2.58147953627585E-001
53.7697861 2.51358064257206E-001 2.56838353108425E-001
53.8697699 2.50095048301309E-001 2.55537793361891E-001
53.9697576 2.48840573396911E-001 2.54246097373578E-001
54.0697415 2.47594661651840E-001 2.52963286717080E-001
54.1697254 2.46357192213288E-001 2.51689235780867E-001
54.2697133 2.45128046267881E-001 2.50423821081803E-001
54.3696973 2.43907246244698E-001 2.49167064563636E-001
54.4696852 2.42694628387088E-001 2.47918796513289E-001
54.5696694 2.41490215320706E-001 2.46679039102150E-001
54.6696536 2.40293891462659E-001 2.45447672245871E-001
54.7696417 2.39105543171518E-001 2.44224577885344E-001
54.8696260 2.37925193342755E-001 2.43009778506152E-001
54.9696142 2.36752684842104E-001 2.41803111321556E-001
55.0695986 2.35588040728952E-001 2.40604599009241E-001
55.1695831 2.34431150408868E-001 2.39414126714301E-001
55.2695714 2.33281905136562E-001 2.38231581509906E-001
55.3695560 2.32140328194575E-001 2.37056986337163E-001
55.4695444 2.31006268737290E-001 2.35890184983520E-001
55.5695291 2.29879750181547E-001 2.34731200549945E-001
55.6695138 2.28760666657538E-001 2.33579923132018E-001
55.7695023 2.27648914057538E-001 2.32436244661823E-001
55.8694872 2.26544515979232E-001 2.31300188457687E-001
55.9694758 2.25447327551883E-001 2.30171604550356E-001
56.0694607 2.24357372480626E-001 2.29050516388778E-001
56.1694457 2.23274549372800E-001 2.27936818757506E-001
56.2694345 2.22198758515678E-001 2.26830408191237E-001
56.3694196 2.21130023756906E-001 2.25731308314523E-001
56.4694085 2.20068205905449E-001 2.24639375090285E-001
56.5693936 2.19013328892081E-001 2.23554632247196E-001
56.6693788 2.17965295569010E-001 2.22476979013461E-001
56.7693678 2.16924010390821E-001 2.21406316285942E-001
56.8693531 2.15889497396084E-001 2.20342667931076E-001
56.9693423 2.14861622795617E-001 2.19285895551257E-001
57.0693276 2.13840410689100E-001 2.18236023093043E-001
57.1693130 2.12825767955469E-001 2.17192953998026E-001
57.2693023 2.11817603002778E-001 2.16156593299512E-001
57.3692878 2.10815940007090E-001 2.15126965047566E-001
57.4692772 2.09820650319381E-001 2.14103936208511E-001
57.5692628 2.08831758156912E-001 2.13087530890803E-001
57.6692484 2.07849174220363E-001 2.12077656533153E-001
57.7692379 2.06872810670291E-001 2.11074222093304E-001
57.8692236 2.05902691771940E-001 2.10077251752222E-001
57.9692132 2.04938693769824E-001 2.09086617580621E-001
58.0691990 2.03980840952392E-001 2.08102343798212E-001
58.1691849 2.03029047649333E-001 2.07124341637586E-001
58.2691746 2.02083229584740E-001 2.06152523781668E-001
58.3691605 2.01143411069393E-001 2.05186914494659E-001
58.4691503 2.00209473008801E-001 2.04227390707056E-001
58.5691363 1.99281439720705E-001 2.03273976704055E-001
58.6691224 1.98359228982492E-001 2.02326587321022E-001
58.7691123 1.97442759903995E-001 2.01385138778690E-001
58.8690985 1.96532056802151E-001 2.00449655381442E-001
58.9690885 1.95627005024066E-001 1.99520018688896E-001
59.0690747 1.94727628878994E-001 1.98596253010407E-001
59.1690610 1.93833849421342E-001 1.97678276604323E-001
59.2690511 1.92945588979324E-001 1.96766009052881E-001
59.3690374 1.92062871840538E-001 1.95859474661801E-001
59.4690277 1.91185587586585E-001 1.94958559402191E-001
59.5690141 1.90313760484199E-001 1.94063287570301E-001
59.6690006 1.89447314704070E-001 1.93173580678207E-001
59.7689909 1.88586175635147E-001 1.92289361503676E-001
59.8689774 1.87730367503756E-001 1.91410654318766E-001
59.9689678 1.86879783930384E-001 1.90537349300618E-001
60.0689545 1.86034449108640E-001 1.89669470698821E-001
60.1689411 1.85194290174029E-001 1.88806943119765E-001
60.2689316 1.84359235427677E-001 1.87949692380408E-001
60.3689184 1.83529309005939E-001 1.87097742687654E-001
60.4689090 1.82704408383347E-001 1.86250988230618E-001
60.5688958 1.81884557652908E-001 1.85409453182054E-001
60.6688827 1.81069686772131E-001 1.84573065092442E-001
60.7688734 1.80259726814244E-001 1.83741752670580E-001
60.8688603 1.79454701799897E-001 1.82915540029935E-001
60.9688511 1.78654512882908E-001 1.82094325188206E-001
61.0688381 1.77859184031053E-001 1.81278132214225E-001
61.1688251 1.77068647889135E-001 1.80466891460912E-001
61.2688160 1.76282838170340E-001 1.79660534389972E-001
61.3688031 1.75501778756583E-001 1.78859084996073E-001
61.4687941 1.74725374315647E-001 1.78062444952090E-001
61.5687813 1.73953648668065E-001 1.77270638198677E-001
61.6687685 1.73186537018792E-001 1.76483597757564E-001
61.7687596 1.72423975596241E-001 1.75701257712282E-001
61.8687469 1.71665988123033E-001 1.74923641916012E-001
61.9687381 1.70912482624454E-001 1.74150655532765E-001
62.0687254 1.70163482754164E-001 1.73382322353330E-001
62.1687128 1.69418926157210E-001 1.72618577942122E-001
62.2687041 1.68678751459443E-001 1.71859358880765E-001
62.3686916 1.67942982205887E-001 1.71104688860708E-001
62.4686829 1.67211529631179E-001 1.70354476381832E-001
62.5686704 1.66484417204644E-001 1.69608745065727E-001
62.6686580 1.65761584897996E-001 1.68867432900392E-001
62.7686494 1.65042973623240E-001 1.68130478848690E-001
62.8686371 1.64328606731552E-001 1.67397906422314E-001
62.9686286 1.63618398526570E-001 1.66669627309991E-001
63.0686163 1.62912372277810E-001 1.65945664946928E-001
63.1686040 1.62210470176439E-001 1.65225959632174E-001
63.2685918 1.61512661857397E-001 1.64510479813025E-001
63.3685872 1.60818864450189E-001 1.63799140110427E-001
63.4685751 1.60129153982927E-001 1.63092018066046E-001
63.5685630 1.59443447807109E-001 1.62389028537302E-001
63.6685509 1.58761716619495E-001 1.61690141082114E-001
63.7685388 1.58083931375460E-001 1.60995325528848E-001
63.8685344 1.57410012022190E-001 1.60304499424315E-001
63.9685224 1.56740032848154E-001 1.59617738532768E-001
64.0685105 1.56073914006784E-001 1.58934960620759E-001
64.1684986 1.55411627461525E-001 1.58256136570686E-001
64.2684867 1.54753145421387E-001 1.57581237521668E-001
64.3684824 1.54098390531035E-001 1.56910183820599E-001
64.4684706 1.53447435382939E-001 1.56243049498750E-001
64.5684588 1.52800202813329E-001 1.55579755107163E-001
64.6684470 1.52156665988633E-001 1.54920272785680E-001
64.7684353 1.51516798308550E-001 1.54264574917923E-001
64.8684312 1.50880525001138E-001 1.53612584531554E-001
64.9684195 1.50247917005578E-001 1.52964373968356E-001
65.0684079 1.49618899727810E-001 1.52319866445602E-001
65.1683963 1.48993447477191E-001 1.51679035297398E-001
65.2683847 1.48371534784756E-001 1.51041854089439E-001
65.3683808 1.47753089353645E-001 1.50408248416907E-001
65.4683692 1.47138180511505E-001 1.49778288974654E-001
65.5683578 1.46526736126597E-001 1.49151901533919E-001
65.6683463 1.45918731594564E-001 1.48529060563513E-001
65.7683349 1.45314142521795E-001 1.47909740752333E-001
65.8683311 1.44712898983622E-001 1.47293870155553E-001
65.9683197 1.44115068736973E-001 1.46681517862706E-001
66.0683084 1.43520582010396E-001 1.46072612092382E-001
66.1682971 1.42929415232380E-001 1.45467128391912E-001
66.2682858 1.42341545031835E-001 1.44865042517868E-001
66.3682821 1.41756903758513E-001 1.44266284883270E-001
66.4682709 1.41175557638484E-001 1.43670923012993E-001
66.5682597 1.40597439163609E-001 1.43078887471680E-001
66.6682485 1.40022525744770E-001 1.42490154832172E-001
66.7682374 1.39450794983523E-001 1.41904701866309E-001
66.8682339 1.38882181411090E-001 1.41322461247882E-001
66.9682228 1.38316749761596E-001 1.40743498976822E-001
67.0682118 1.37754434698004E-001 1.40167747867546E-001
67.1682007 1.37195214565947E-001 1.39595185468353E-001
67.2681897 1.36639067892520E-001 1.39025789516875E-001
67.3681864 1.36085931302004E-001 1.38459494855383E-001
67.4681754 1.35535868074561E-001 1.37896365997636E-001
67.5681645 1.34988814956537E-001 1.37336337916260E-001
67.6681536 1.34444751183299E-001 1.36779389087751E-001
67.7681428 1.33903656162978E-001 1.36225498168801E-001
67.8681396 1.33365468528788E-001 1.35674602082373E-001
67.9681288 1.32830250143980E-001 1.35126763893890E-001
68.0681180 1.32297939754802E-001 1.34581920647085E-001
68.1681072 1.31768517443811E-001 1.34040051701993E-001
68.2680965 1.31241963458102E-001 1.33501136590210E-001
68.3680934 1.30718218359750E-001 1.32965114231857E-001
68.4680827 1.30197342631220E-001 1.32432046280927E-001
68.5680721 1.29679276939187E-001 1.31901871769365E-001
68.6680615 1.29164002173170E-001 1.31374570898531E-001
68.7680509 1.28651499379444E-001 1.30850124033185E-001
68.8680479 1.28141710972691E-001 1.30328472011089E-001
68.9680374 1.27634696089811E-001 1.29809675110792E-001
69.0680269 1.27130397242211E-001 1.29293674273527E-001
69.1680164 1.26628796088317E-001 1.28780450502062E-001
69.2680059 1.26129874435950E-001 1.28269984954852E-001
69.3680031 1.25633576479756E-001 1.27762220311567E-001
69.4679927 1.25139960045391E-001 1.27257215510397E-001
69.5679823 1.24648969416873E-001 1.26754913326684E-001
69.6679719 1.24160586985525E-001 1.26255295526851E-001
69.7679615 1.23674795285098E-001 1.25758344025699E-001
69.8679589 1.23191540220968E-001 1.25264003272666E-001
69.9679486 1.22710878340995E-001 1.24772330899765E-001
70.0679383 1.22232755633054E-001 1.24283271444820E-001
70.1679281 1.21757155187280E-001 1.23796807402175E-001
70.2679178 1.21284060229635E-001 1.23312921407637E-001
70.3679153 1.20813418310219E-001 1.22831559611645E-001
70.4679051 1.20345284731670E-001 1.22352778373352E-001
70.5678949 1.19879607120170E-001 1.21876523924777E-001
70.6678848 1.19416369232380E-001 1.21402779454357E-001
70.7678747 1.18955554954539E-001 1.20931528285447E-001
70.8678723 1.18497113418518E-001 1.20462718203927E-001
70.9678622 1.18041098713455E-001 1.19996404328531E-001
71.0678522 1.17587460041312E-001 1.19532534520366E-001
71.1678422 1.17136181794688E-001 1.19071092629923E-001
71.2678322 1.16687248489843E-001 1.18612062636410E-001
71.3678299 1.16240610780353E-001 1.18155393898617E-001
71.4678200 1.15796321572750E-001 1.17701140326459E-001
71.5678100 1.15354331585098E-001 1.17249251348012E-001
71.6678002 1.14914625816955E-001 1.16799711445472E-001
71.7677903 1.14477189385920E-001 1.16352505223872E-001
71.8677881 1.14041974409946E-001 1.15907583555243E-001
71.9677783 1.13609032643027E-001 1.15464999171448E-001
72.0677685 1.13178316262372E-001 1.15024703008257E-001
72.1677587 1.12749810847012E-001 1.14586680150800E-001
72.2677489 1.12323502088698E-001 1.14150915801476E-001
72.3677468 1.11899343515017E-001 1.13717362288605E-001
72.4677371 1.11477385756701E-001 1.13286071195947E-001
72.5677275 1.11057582395702E-001 1.12856994910377E-001
72.6677178 1.10639919564462E-001 1.12430119092687E-001
72.7677082 1.10224383503097E-001 1.12005429515650E-001
72.8677062 1.09810929096537E-001 1.11582879909496E-001
72.9676966 1.09399605880745E-001 1.11162520739034E-001
73.0676870 1.08990368790449E-001 1.10744305788204E-001
73.1676774 1.08583204486776E-001 1.10328221267587E-001
73.2676679 1.08178099733733E-001 1.09914253494736E-001
73.3676660 1.07775010723637E-001 1.09502357549841E-001
73.4676565 1.07373985925403E-001 1.09092582807135E-001
73.5676471 1.06974981576877E-001 1.08684884395993E-001
73.6676376 1.06577984844400E-001 1.08279249052242E-001
73.7676282 1.06182982992646E-001 1.07875663613924E-001
73.8676264 1.05789933473567E-001 1.07474084461552E-001
73.9676171 1.05398883716003E-001 1.07074559906394E-001
74.0676077 1.05009791213446E-001 1.06677046373919E-001
74.1675984 1.04622643615172E-001 1.06281531101906E-001
74.2675890 1.04237428664465E-001 1.05888001425826E-001
74.3675874 1.03854105027251E-001 1.05496414979073E-001
74.4675781 1.03472719118547E-001 1.05106819036811E-001
74.5675688 1.03093229642090E-001 1.04719171273439E-001
74.6675596 1.02715624708926E-001 1.04333459406562E-001
74.7675504 1.02339892520007E-001 1.03949671247194E-001
74.8675488 1.01965992911561E-001 1.03567765636238E-001
74.9675396 1.01593971310311E-001 1.03187788838895E-001
75.0675305 1.01223787586814E-001 1.02809699733380E-001
75.1675213 1.00855430293781E-001 1.02433486496119E-001
75.2675122 1.00488888069929E-001 1.02059137392874E-001
75.3675108 1.00124121880001E-001 1.01686612428659E-001
75.4675017 9.97611761872667E-002 1.01315956884141E-001
75.5674926 9.94000119875450E-002 1.00947130798200E-001
75.6674836 9.90406182561033E-002 1.00580122786121E-001
75.7674746 9.86829840505097E-002 1.00214921548653E-001
75.8674732 9.83270714240256E-002 9.98514882134023E-002
75.9674642 9.79729239006309E-002 9.94898671012356E-002
76.0674553 9.76205035616254E-002 9.91300193703991E-002
76.1674463 9.72697997866671E-002 9.87719340560679E-002
76.2674374 9.69208020341902E-002 9.84156002752007E-002
76.3674361 9.65734734076835E-002 9.80609802382456E-002
76.4674273 9.62278565153391E-002 9.77081173303350E-002
76.5674184 9.58839144858458E-002 9.73569737895486E-002
76.6674096 9.55416370859761E-002 9.70075390529143E-002
76.7674007 9.52010141579257E-002 9.66598026357430E-002
76.8673996 9.48620098187379E-002 9.63137277932731E-002
76.9673908 9.45246657836761E-002 9.59693569983056E-002
77.0673820 9.41889461923318E-002 9.56266535308982E-002
77.1673732 9.38548411821571E-002 9.52856072127777E-002
77.2673645 9.35223409628372E-002 9.49462079406249E-002
77.3673634 9.31914106298339E-002 9.46084199780200E-002
77.4673547 9.28620910277166E-002 9.42722849081979E-002
77.5673461 9.25343472720197E-002 9.39377670169323E-002
77.6673374 9.22081698552350E-002 9.36048564943295E-002
77.7673288 9.18835493390511E-002 9.32735436022825E-002
77.8673278 9.15604517636776E-002 9.29437935777937E-002
77.9673192 9.12389171246141E-002 9.26156471366732E-002
78.0673106 9.09189114798312E-002 9.22890695356646E-002
78.1673020 9.06004256619726E-002 9.19640513177239E-002
78.2672935 9.02834505699881E-002 9.16405830945786E-002
78.3672925 8.99679531565564E-002 9.13186310431866E-002
78.4672840 8.96539725891396E-002 9.09982350334686E-002
78.5672755 8.93414758360198E-002 9.06793612598344E-002
78.6672671 8.90304540558165E-002 9.03620006033055E-002
78.7672586 8.87208984707020E-002 9.00461440108043E-002
78.8672578 8.84127769148716E-002 8.97317585671610E-002
78.9672493 8.81061277482055E-002 8.94188833173516E-002
79.0672409 8.78009188184884E-002 8.91074853615211E-002
79.1672325 8.74971415968130E-002 8.87975559046786E-002
79.2672242 8.71947876152017E-002 8.84890862150003E-002
79.3672234 8.68938255596761E-002 8.81820442544216E-002
79.4672151 8.65942930024291E-002 8.78764682633445E-002
79.5672068 8.62961586411931E-002 8.75723262170250E-002
79.6671985 8.59994142466683E-002 8.72696096310504E-002
79.7671902 8.57040516479857E-002 8.69683100815702E-002
79.8671895 8.54100403545056E-002 8.66683963781118E-002
79.9671813 8.51174171700829E-002 8.63699059763156E-002
80.0671730 8.48261516140362E-002 8.60728076971689E-002
80.1671648 8.45362357444124E-002 8.57770933540605E-002
80.2671566 8.42476616753056E-002 8.54827548184580E-002
80.3671560 8.39603997120742E-002 8.51897617191629E-002
80.4671478 8.36744859090531E-002 8.48981507463225E-002
80.5671397 8.33898905799248E-002 8.46078915384623E-002
80.6671315 8.31066060583924E-002 8.43189761945941E-002
80.7671234 8.28246247319358E-002 8.40313968694427E-002
80.8671229 8.25439176756610E-002 8.37451239839023E-002
80.9671148 8.22645202126872E-002 8.34601934813682E-002
81.0671067 8.19864034249217E-002 8.31765757908411E-002
81.1670987 8.17095599105775E-002 8.28942632853457E-002
81.2670906 8.14339823194766E-002 8.26132483913633E-002
81.3670902 8.11596424712658E-002 8.23335022957854E-002
81.4670822 8.08865749756507E-002 8.20550602134832E-002
81.5670742 8.06147516576599E-002 8.17778933379464E-002
81.6670662 8.03441653693822E-002 8.15019943051406E-002
81.7670583 8.00748090124487E-002 8.12273558023356E-002
81.8670579 7.98066551268322E-002 8.09539497573594E-002
81.9670500 7.95397376261401E-002 8.06818106742872E-002
82.0670421 7.92740290544055E-002 8.04109104861401E-002
82.1670342 7.90095225074473E-002 8.01412420812623E-002
82.2670263 7.87462111286534E-002 7.98727983972488E-002
82.3670260 7.84840681550563E-002 7.96055520787892E-002
82.4670182 7.82231268210081E-002 7.93395369364076E-002
82.5670103 7.79633603663708E-002 7.90747256186779E-002
82.6670025 7.77047621210097E-002 7.88111112562450E-002
82.7669947 7.74473254604752E-002 7.85486870270440E-002
82.8669945 7.71910242964979E-002 7.82874262694935E-002
82.9669867 7.69358912005571E-002 7.80273621173393E-002
83.0669790 7.66819000860679E-002 7.77684679116660E-002
83.1669712 7.64290445076964E-002 7.75107370157990E-002
83.2669635 7.61773180639960E-002 7.72541628384836E-002
83.3669634 7.59266953198965E-002 7.69987193896326E-002
83.4669556 7.56772081999413E-002 7.67444391425292E-002
83.5669479 7.54288312696803E-002 7.64912961086189E-002
83.6669403 7.51815582997522E-002 7.62392838747239E-002
83.7669326 7.49353831029647E-002 7.59883960712998E-002
83.8669326 7.46902808767738E-002 7.57386073583772E-002
83.9669249 7.44462829142898E-002 7.54899495646477E-002
84.0669173 7.42033644125993E-002 7.52423973506211E-002
84.1669097 7.39615193498798E-002 7.49959445178455E-002
84.2669021 7.37207417448370E-002 7.47505849097958E-002
84.3669022 7.34810074075676E-002 7.45062938160640E-002
84.4668946 7.32423470148301E-002 7.42631024361889E-002
84.5668870 7.30047363754330E-002 7.40209860592623E-002
84.6668795 7.27681696670348E-002 7.37799386931799E-002
84.7668720 7.25326411062541E-002 7.35399543861340E-002
84.8668721 7.22981270966957E-002 7.33010090375032E-002
84.9668646 7.20646577134388E-002 7.30631332326938E-002
85.0668571 7.18322093579478E-002 7.28263028696755E-002
85.1668496 7.16007763996607E-002 7.25905121546858E-002
85.2668422 7.13703532454770E-002 7.23557553327009E-002
85.3668424 7.11409168740969E-002 7.21220088938606E-002
85.4668349 7.09124967731958E-002 7.18893028240509E-002
85.5668275 7.06850699185427E-002 7.16576136111586E-002
85.6668201 7.04586308639934E-002 7.14269356521120E-002
85.7668127 7.02331741994317E-002 7.11972633810885E-002
85.8668130 7.00086774609291E-002 7.09685738606779E-002
85.9668056 6.97851695626458E-002 7.07408964914631E-002
86.0667983 6.95626280369897E-002 7.05142083329986E-002
86.1667909 6.93410476151942E-002 7.02885039655884E-002
86.2667836 6.91204230631504E-002 7.00637780053620E-002
86.3667839 6.89007324572339E-002 6.98400080697316E-002
86.4667766 6.86820041516056E-002 6.96172229878102E-002
86.5667694 6.84642162182996E-002 6.93954003732503E-002
86.6667621 6.82473635591940E-002 6.91745349827372E-002
86.7667548 6.80314411095130E-002 6.89546216074190E-002
86.8667552 6.78164274695000E-002 6.87356384025580E-002
86.9667480 6.76023504464670E-002 6.85176136392563E-002
87.0667408 6.73891886356890E-002 6.83005254683461E-002
87.1667336 6.71769371032469E-002 6.80843688162026E-002
87.2667264 6.69655909473128E-002 6.78691386423619E-002
87.3667268 6.67551292761638E-002 6.76548136235884E-002
87.4667197 6.65455793630606E-002 6.74414214860715E-002
87.5667125 6.63369203107335E-002 6.72289409015255E-002
87.6667054 6.61291473433009E-002 6.70173669596155E-002
87.7666983 6.59222557157725E-002 6.68066947819197E-002
87.8666988 6.57162250292019E-002 6.65969035509566E-002
87.9666917 6.55110820352530E-002 6.63880204607484E-002
88.0666846 6.53068063288989E-002 6.61800246881909E-002
88.1666775 6.51033932863956E-002 6.59729114801128E-002
88.2666705 6.49008383137406E-002 6.57666761140629E-002
88.3666710 6.46991214900593E-002 6.55612982631378E-002
88.4666640 6.44982690575404E-002 6.53568046015973E-002
88.5666570 6.42982610887371E-002 6.51531747963879E-002
88.6666500 6.40990931063936E-002 6.49504042456381E-002
88.7666429 6.39007606618948E-002 6.47484883770547E-002
88.8666436 6.37032442982617E-002 6.45474073396860E-002
88.9666366 6.35065697600063E-002 6.43471873001019E-002
89.0666296 6.33107175831255E-002 6.41478084007152E-002
89.1666227 6.31156834314417E-002 6.39492661853404E-002
89.2666157 6.29214629963635E-002 6.37515562262761E-002
89.3666164 6.27280372711388E-002 6.35546591344220E-002
89.4666095 6.25354315140867E-002 6.33586005804090E-002
89.5666026 6.23436267110161E-002 6.31633611680544E-002
89.6665957 6.21526186616452E-002 6.29689365814822E-002
89.7665889 6.19624031922686E-002 6.27753225322526E-002
89.8665896 6.17729617331777E-002 6.25825000795199E-002
89.9665828 6.15843190676779E-002 6.23904944094138E-002
90.0665759 6.13964566182415E-002 6.21992865735962E-002
90.1665691 6.12093703155177E-002 6.20088723913503E-002
90.2665622 6.10230561157639E-002 6.18192477083917E-002
90.3665631 6.08374958735975E-002 6.16303940190150E-002
90.4665563 6.06527139081933E-002 6.14423360359833E-002
90.5665495 6.04686920660017E-002 6.12550552457234E-002
90.6665427 6.02854264038446E-002 6.10685475977429E-002
90.7665359 6.01029130032249E-002 6.08828090670206E-002
90.8665368 5.99211341308140E-002 6.06978215703395E-002
90.9665301 5.97401136522519E-002 6.05136093579361E-002
91.0665233 5.95598338257262E-002 6.03301543383825E-002
91.1665166 5.93802908296709E-002 6.01474525866824E-002
91.2665099 5.92014808663115E-002 5.99655002023880E-002
91.3665108 5.90233866025303E-002 5.97842795125633E-002
91.4665041 5.88460314607488E-002 5.96038143154713E-002
91.5664975 5.86693980990774E-002 5.94240869296524E-002
91.6664908 5.84934828131892E-002 5.92450935510727E-002
91.7664842 5.83182819216959E-002 5.90668303993630E-002
91.8664851 5.81437784802583E-002 5.88892802000859E-002
91.9664785 5.79699954781246E-002 5.87124663098067E-002
92.0664719 5.77969159619221E-002 5.85363714452798E-002
92.1664653 5.76245363403695E-002 5.83609919190875E-002
92.2664587 5.74528530443065E-002 5.81863240666293E-002
92.3664597 5.72818495071335E-002 5.80123510005924E-002
92.4664531 5.71115482947075E-002 5.78390956458495E-002
92.5664466 5.69419328311594E-002 5.76665411060221E-002
92.6664400 5.67729996342310E-002 5.74946838061401E-002
92.7664335 5.66047452430007E-002 5.73235201932382E-002
92.8664346 5.64371534579484E-002 5.71530337561458E-002
92.9664281 5.62702464310664E-002 5.69832469977867E-002
93.0664215 5.61040079533517E-002 5.68141433976917E-002
93.1664150 5.59384346477109E-002 5.66457194893405E-002
93.2664086 5.57735231576336E-002 5.64779718274375E-002
93.3664097 5.56092576403816E-002 5.63108842663477E-002
93.4664032 5.54456598433605E-002 5.61444788965355E-002
93.5663968 5.52827139141587E-002 5.59787395628573E-002
93.6663903 5.51204165771436E-002 5.58136629034068E-002
93.7663839 5.49587645765435E-002 5.56492455767538E-002
93.8663851 5.47977424164532E-002 5.54854717925532E-002
93.9663787 5.46373714487289E-002 5.53223632380515E-002
94.0663723 5.44776361676219E-002 5.51599041132075E-002
94.1663659 5.43185333954062E-002 5.49980911570474E-002
94.2663595 5.41600599735234E-002 5.48369211283551E-002
94.3663607 5.40022007432870E-002 5.46763785821767E-002
94.4663544 5.38449766698070E-002 5.45164848115425E-002
94.5663480 5.36883725844025E-002 5.43572243616350E-002
94.6663417 5.35323854038424E-002 5.41985940688797E-002
94.7663353 5.33770120633961E-002 5.40405907887697E-002
94.8663366 5.32222377323042E-002 5.38831994121764E-002
94.9663303 5.30680829975052E-002 5.37264408466824E-002
95.0663240 5.29145330181128E-002 5.35702999731469E-002
95.1663177 5.27615848021129E-002 5.34147737220021E-002
95.2663114 5.26092353753536E-002 5.32598590420861E-002
95.3663128 5.24574702260186E-002 5.31055411508488E-002
95.4663065 5.23063095712299E-002 5.29518405789671E-002
95.5663002 5.21557388889289E-002 5.27987425337491E-002
95.6662940 5.20057552751722E-002 5.26462440363759E-002
95.7662878 5.18563558432641E-002 5.24943421257992E-002
95.8662892 5.17075263916458E-002 5.23430223371087E-002
95.9662829 5.15592867757625E-002 5.21923048323976E-002
96.0662767 5.14116227837129E-002 5.20421751365004E-002
96.1662705 5.12645315966013E-002 5.18926303582189E-002
96.2662643 5.11180104121893E-002 5.17436676235143E-002
96.3662658 5.09720453307749E-002 5.15952727764730E-002
96.4662596 5.08266558540576E-002 5.14474656187125E-002
96.5662535 5.06818280719083E-002 5.13002319839660E-002
96.6662473 5.05375592475741E-002 5.11535690656504E-002
96.7662412 5.03938466603919E-002 5.10074740737550E-002
96.8662427 5.02506767043909E-002 5.08619331530025E-002
96.9662365 5.01080685352539E-002 5.07169657524363E-002
97.0662304 4.99660085365118E-002 5.05725580063434E-002
97.1662243 4.98244940507628E-002 5.04287071898673E-002
97.2662182 4.96835224361498E-002 5.02854105941604E-002
97.3662198 4.95430803725713E-002 5.01426546564957E-002
97.4662137 4.94031866772260E-002 5.00004584810414E-002
97.5662076 4.92638280194555E-002 4.98588084945652E-002
97.6662016 4.91250018185260E-002 4.97177020511623E-002
97.7661955 4.89867055087243E-002 4.95771365203942E-002
97.8661971 4.88489260482107E-002 4.94370986242604E-002
97.9661911 4.87116819230403E-002 4.92976071295573E-002
98.0661851 4.85749600807701E-002 4.91586487477222E-002
98.1661791 4.84387580147548E-002 4.90202209091338E-002
98.2661730 4.83030732328654E-002 4.88823210591163E-002
98.3661747 4.81678929641606E-002 4.87449361968241E-002
98.4661687 4.80332353707075E-002 4.86080847589947E-002
98.5661627 4.78990876709267E-002 4.84717537341762E-002
98.6661568 4.77654474297804E-002 4.83359406264656E-002
98.7661508 4.76323122262626E-002 4.82006429544045E-002
98.8661525 4.74996695532027E-002 4.80658479869745E-002
98.9661465 4.73675372556544E-002 4.79315738379821E-002
99.0661406 4.72359028157848E-002 4.77978077657692E-002
99.1661347 4.71047638677776E-002 4.76645473456848E-002
99.2661288 4.69741180593824E-002 4.75317901670402E-002
99.3661305 4.68439531402981E-002 4.73995237615503E-002
99.4661246 4.67142866453644E-002 4.72677659270389E-002
99.5661187 4.65851063136034E-002 4.71365041845583E-002
99.6661128 4.64564098461252E-002 4.70057361783367E-002
99.7661070 4.63281949571575E-002 4.68754595661012E-002
99.8661087 4.62004496465855E-002 4.67456621354314E-002
99.9661029 4.60731911456639E-002 4.66163613749421E-002
100.0660970 4.59464074435958E-002 4.64875450615367E-002
100.1660912 4.58200963062097E-002 4.63592109060407E-002
100.2660854 4.56942555120195E-002 4.62313566323322E-002
100.3660872 4.55688733046239E-002 4.61039702772034E-002
100.4660814 4.54439666181560E-002 4.59770690266643E-002
100.5660756 4.53195236855352E-002 4.58506409068269E-002
100.6660698 4.51955423351830E-002 4.57246836929176E-002
100.7660640 4.50720204077911E-002 4.55991951727865E-002
100.8660658 4.49489463844006E-002 4.54741636259958E-002
100.9660601 4.48263369083255E-002 4.53496059423894E-002
101.0660543 4.47041804499387E-002 4.52255103908536E-002
101.1660486 4.45824748982093E-002 4.51018748089024E-002
101.2660428 4.44612181539766E-002 4.49786970462607E-002
101.3660447 4.43403989296483E-002 4.48559656190189E-002
101.4660390 4.42200335838651E-002 4.47336971271336E-002
101.5660333 4.41001108183854E-002 4.46118800760318E-002
101.6660275 4.39806285807562E-002 4.44905123634808E-002
101.7660218 4.38615848300102E-002 4.43695918990613E-002
101.8660238 4.37429685040340E-002 4.42491074293445E-002
101.9660181 4.36247956827889E-002 4.41290752705228E-002
102.0660124 4.35070552935371E-002 4.40094841585229E-002
102.1660067 4.33897453405077E-002 4.38903320494073E-002
102.2660011 4.32728638390452E-002 4.37716169106693E-002
102.3660031 4.31563999468078E-002 4.36533277134994E-002
102.4659974 4.30403694709234E-002 4.35354804962973E-002
102.5659918 4.29247615584576E-002 4.34180642196357E-002
102.6659861 4.28095742684959E-002 4.33010768959867E-002
102.7659805 4.26948056708814E-002 4.31845165488838E-002
102.8659825 4.25804451375121E-002 4.30683723684569E-002
102.9659769 4.24665082083847E-002 4.29526601211370E-002
103.0659713 4.23529842448416E-002 4.28373689864682E-002
103.1659657 4.22398713590656E-002 4.27224970315157E-002
103.2659601 4.21271676736531E-002 4.26080423340516E-002
103.3659622 4.20148627693775E-002 4.24939942976372E-002
103.4659566 4.19029719246667E-002 4.23803684224163E-002
103.5659511 4.17914847097816E-002 4.22671541014029E-002
103.6659455 4.16803992883076E-002 4.21543494545062E-002
103.7659400 4.15697138339123E-002 4.20419526120002E-002
103.8659421 4.14594181310429E-002 4.19299531855381E-002
103.9659365 4.13495272019850E-002 4.18183664145183E-002
104.0659310 4.12400308207214E-002 4.17071819000904E-002
104.1659255 4.11309272006073E-002 4.15963978133223E-002
104.2659200 4.10222145647607E-002 4.14860123353167E-002
104.3659221 4.09138828962574E-002 4.13760152806409E-002
104.4659166 4.08059469665353E-002 4.12664216333542E-002
104.5659112 4.06983967482586E-002 4.11572211975684E-002
104.6659057 4.05912305029783E-002 4.10484121938862E-002
104.7659002 4.04844465017010E-002 4.09399928526271E-002
104.8659024 4.03780349212371E-002 4.08319531862495E-002
104.9658969 4.02720102873426E-002 4.07243079287491E-002
105.0658915 4.01663627664732E-002 4.06170470821819E-002
105.1658860 4.00610906668592E-002 4.05101689151200E-002
105.2658806 3.99561923058899E-002 4.04036717055462E-002
105.3658828 3.98516580493620E-002 4.02975456589377E-002
105.4658774 3.97475021823904E-002 4.01918052643734E-002
105.5658720 3.96437150604779E-002 4.00864407169857E-002
105.6658666 3.95402950370722E-002 3.99814503318075E-002
105.7658612 3.94372404744933E-002 3.98768324329869E-002
105.8658634 3.93345419229162E-002 3.97725774142929E-002
105.9658580 3.92322134317348E-002 3.96686995249100E-002
106.0658527 3.91302455408947E-002 3.95651891483238E-002
106.1658473 3.90286366476505E-002 3.94620446445731E-002
106.2658419 3.89273851578536E-002 3.93592643825278E-002
106.3658442 3.88264818015857E-002 3.92568389396611E-002
106.4658389 3.87259403973202E-002 3.91547823301647E-002
106.5658335 3.86257516649774E-002 3.90530851212936E-002
106.6658282 3.85259140442591E-002 3.89517457166901E-002
106.7658229 3.84264259831977E-002 3.88507625285534E-002
106.8658252 3.83272783874411E-002 3.87501263136087E-002
106.9658199 3.82284848492282E-002 3.86498508558387E-002
107.0658146 3.81300362641164E-002 3.85499269018189E-002
107.1658093 3.80319311129431E-002 3.84503528974425E-002
107.2658040 3.79341678846194E-002 3.83511272968948E-002
107.3658063 3.78367376561451E-002 3.82522410318315E-002
107.4658011 3.77396537980994E-002 3.81537076606955E-002
107.5657958 3.76429073774650E-002 3.80555181050640E-002
107.6657905 3.75464969149497E-002 3.79576708517763E-002
107.7657853 3.74504209390870E-002 3.78601643957085E-002
107.8657877 3.73546706941369E-002 3.77629898392510E-002
107.9657824 3.72592593334839E-002 3.76661605198648E-002
108.0657772 3.71641780914473E-002 3.75696675299355E-002
108.1657720 3.70694255273839E-002 3.74735093959901E-002
108.2657667 3.69750002082375E-002 3.73776846523456E-002
108.3657692 3.68808935415547E-002 3.72821845680529E-002
108.4657639 3.67871184678849E-002 3.71870222640405E-002
108.5657587 3.66936663849122E-002 3.70921889994309E-002
108.6657536 3.66005358894645E-002 3.69976833392242E-002
108.7657484 3.65077255857261E-002 3.69035038559722E-002
108.8657508 3.64152270406704E-002 3.68096419814300E-002
108.9657456 3.63230529862681E-002 3.67161106243372E-002
109.0657405 3.62311949797110E-002 3.66229012065996E-002
