0.0053140 1.34088678980941E+001 3.69919497159088E+003
0.0210792 5.12037953023081E+001 3.60879875648764E+003
0.0467942 1.06927437190030E+002 3.46771208708433E+003
0.0817065 1.72140786509148E+002 3.28795561623221E+003
0.1249105 2.38644346803831E+002 3.08267824085227E+003
0.1754417 3.00018509594806E+002 2.86417165007139E+003
0.2323515 3.52207146863818E+002 2.64264792153694E+003
0.2947571 3.93352310356245E+002 2.42578311621885E+003
0.3618673 4.23253911595650E+002 2.21881278691521E+003
0.4329916 4.42762186499850E+002 2.02491765755256E+003
0.5075377 4.53268370708568E+002 1.84570362378949E+003
0.5850032 4.56345693899035E+002 1.68165468544966E+003
0.6649650 4.53528919187916E+002 1.53250868935761E+003
0.7470680 4.46198210614628E+002 1.39754252326355E+003
0.8310139 4.35532018403078E+002 1.27577810896150E+003
0.9165527 4.22500883154277E+002 1.16612147487724E+003
1.0034738 4.07882834175464E+002 1.06745393778485E+003
1.0915995 3.92288226567345E+002 9.78688374059746E+002
1.1807797 3.76186873712458E+002 8.98801056127794E+002
1.2708868 3.59934064476916E+002 8.26848634992473E+002
1.3618115 3.43793437184382E+002 7.61973911548576E+002
1.4534610 3.27956326943835E+002 7.03405398332567E+002
1.5457546 3.12557966560680E+002 6.50454235114145E+002
1.6386236 2.97690113969213E+002 6.02507294788697E+002
1.7320075 2.83411617878764E+002 5.59021455835275E+002
1.8258543 2.69756255883092E+002 5.19515821935704E+002
1.9201186 2.56739164634201E+002 4.83565356461631E+002
2.0147601 2.44361826342150E+002 4.50794767643869E+002
2.1097440 2.32615633630744E+002 4.20872129963725E+002
2.2050388 2.21485023011817E+002 3.93504285020163E+002
2.3006174 2.10949484364219E+002 3.68431661649641E+002
2.3964555 2.00985325687662E+002 3.45424387064928E+002
2.4925310 1.91566998071476E+002 3.24278792722819E+002
2.5888248 1.82667872863978E+002 3.04813853933479E+002
2.6853193 1.74261115681202E+002 2.86868806393706E+002
2.7819988 1.66320039969539E+002 2.70300374985854E+002
2.8788497 1.58818536427535E+002 2.54980801707612E+002
2.9758588 1.51731372430250E+002 2.40796085522934E+002
3.0730149 1.45034236662606E+002 2.27644115018089E+002
3.1703074 1.38703979089362E+002 2.15433527471481E+002
3.2677268 1.32718554340030E+002 2.04082249278511E+002
3.3652646 1.27057109106947E+002 1.93516545038274E+002
3.4629133 1.21699938051638E+002 1.83669995907624E+002
3.5606650 1.16628563373316E+002 1.74482857181884E+002
3.6585133 1.11825547660270E+002 1.65901051840277E+002
3.7564523 1.07274554692446E+002 1.57875724547342E+002
3.8544764 1.02960274895339E+002 1.50362632933116E+002
3.9525810 9.88683548338560E+001 1.43321621817593E+002
4.0507604 9.49854212304801E+001 1.36716320211510E+002
4.1490108 9.12989108629402E+001 1.30513555917472E+002
4.2473280 8.77970972329336E+001 1.24683152034107E+002
4.3457083 8.44690196019449E+001 1.19197591277733E+002
4.4441489 8.13044192231829E+001 1.14031725063871E+002
4.5426454 7.82937520397395E+001 1.09162633306596E+002
4.6411954 7.54280536891997E+001 1.04569265774948E+002
4.7397961 7.26989585031225E+001 1.00232354029103E+002
4.8384450 7.00986444118755E+001 9.61342183376430E+001
4.9371399 6.76197842146998E+001 9.22585998790931E+001
5.0358779 6.52555574629392E+001 8.85905995615229E+001
5.1346571 6.29995470649380E+001 8.51164471797204E+001
5.2334756 6.08457567733251E+001 8.18234686101011E+001
5.3323316 5.87885708297089E+001 7.86999700782570E+001
5.4312238 5.68227185164592E+001 7.57351373875894E+001
5.5301496 5.49432867806500E+001 7.29190133688875E+001
5.6291079 5.31456413286952E+001 7.02423424983400E+001
5.7280973 5.14254434547917E+001 6.76965643890348E+001
5.8271164 4.97786208933519E+001 6.52737416614973E+001
5.9261644 4.82013423079886E+001 6.29664970673270E+001
6.0252392 4.66900302025934E+001 6.07680097086759E+001
6.1243401 4.52413001987595E+001 5.86719062402735E+001
6.2234659 4.38519769377053E+001 5.66722664955571E+001
6.3226158 4.25190729496356E+001 5.47635768647155E+001
6.4217891 4.12397701995559E+001 5.29406896341939E+001
6.5209840 4.00114326504147E+001 5.11988280455935E+001
6.6202001 3.88315589310582E+001 4.95335074632128E+001
6.7194366 3.76977969955994E+001 4.79405461421645E+001
6.8186927 3.66079286266160E+001 4.64160340595717E+001
6.9179682 3.55598559204328E+001 4.49563057313151E+001
7.0172613 3.45516130713628E+001 4.35579490950876E+001
7.1165720 3.35813289572581E+001 4.22177466857200E+001
7.2158999 3.26472360246236E+001 4.09326820961740E+001
7.3152432 3.17476806041419E+001 3.96999484858216E+001
7.4146030 3.08810691541443E+001 3.85168698319768E+001
7.5139770 3.00459266629176E+001 3.73809764211099E+001
7.6133666 2.92408252640500E+001 3.62899032939743E+001
7.7127702 2.84644358970308E+001 3.52414569101600E+001
7.8121865 2.77154986605365E+001 3.42335713239513E+001
7.9116168 2.69927984018023E+001 3.32642724194094E+001
8.0110589 2.62952101560047E+001 3.23317361901501E+001
8.1105143 2.56216402845326E+001 3.14342072325326E+001
8.2099815 2.49710702160567E+001 3.05700549724426E+001
8.3094593 2.43425322940562E+001 2.97377391560835E+001
8.4089492 2.37350897839635E+001 2.89357815476411E+001
8.5084489 2.31478755278613E+001 2.81628152825419E+001
8.6079599 2.25800429376575E+001 2.74175185308487E+001
8.7074812 2.20308032255273E+001 2.66986620706020E+001
8.8070112 2.14994055046746E+001 2.60050816496159E+001
8.9065517 2.09851202287167E+001 2.53356551995409E+001
9.0061006 2.04872722394140E+001 2.46893447717741E+001
9.1056593 2.00051996045398E+001 2.40651418888899E+001
9.2052267 1.95382854695993E+001 2.34621079601037E+001
9.3048016 1.90859414945094E+001 2.28793518194600E+001
9.4043856 1.86475939956323E+001 2.23160111076445E+001
9.5039766 1.82227123384141E+001 2.17712880514234E+001
9.6035763 1.78107740865962E+001 2.12444039628170E+001
9.7031836 1.74112923883599E+001 2.07346337290285E+001
9.8027972 1.70238020616765E+001 2.02412873233745E+001
9.9024188 1.66478478912701E+001 1.97636943967455E+001
10.0020464 1.62830091382585E+001 1.93012349400784E+001
10.1016817 1.59288698171106E+001 1.88533010424323E+001
10.2013235 1.55850423559429E+001 1.84193264628704E+001
10.3009707 1.52511558087950E+001 1.79987712405916E+001
10.4006251 1.49268458906715E+001 1.75911088000357E+001
10.5002846 1.46117762328288E+001 1.71958523483116E+001
10.5999509 1.43056128635650E+001 1.68125224638926E+001
10.6996230 1.40080447444823E+001 1.64406725718611E+001
10.7992996 1.37187737085550E+001 1.60798760069375E+001
10.8989827 1.34375059118365E+001 1.57297151164285E+001
10.9986702 1.31639703483221E+001 1.53898040896064E+001
11.0983637 1.28978968057747E+001 1.50597612807609E+001
11.1980623 1.26390337697670E+001 1.47392312576940E+001
11.2977649 1.23871397754494E+001 1.44278738311465E+001
11.3974732 1.21419760250466E+001 1.41253547664497E+001
11.4971853 1.19033225842502E+001 1.38313656155518E+001
11.5969029 1.16709592325797E+001 1.35455999217369E+001
11.6966250 1.14446811389799E+001 1.32677723888315E+001
11.7963505 1.12242913817660E+001 1.29976095051105E+001
11.8960812 1.10095945338594E+001 1.27348415653462E+001
11.9958151 1.08004108886808E+001 1.24792199738542E+001
12.0955540 1.05965597384910E+001 1.22304966596965E+001
12.1952970 1.03978731545881E+001 1.19884408154346E+001
12.2950428 1.02041894802838E+001 1.17528308272162E+001
12.3947934 1.00153477258832E+001 1.15234473752549E+001
12.4945468 9.83120011233132E+000 1.13000885935429E+001
12.5943047 9.65159739941672E+000 1.10825521615256E+001
12.6940662 9.47640104656272E+000 1.08706499817929E+001
12.7938302 9.30547752224885E+000 1.06642011900545E+001
12.8935986 9.13869338146757E+000 1.04630261513405E+001
12.9933693 8.97592636698888E+000 1.02669597951275E+001
13.0931443 8.81705247860747E+000 1.00758359544584E+001
13.1929224 8.66195674430891E+000 9.88950028786707E+000
13.2927027 8.51052821937891E+000 9.70780418960072E+000
13.3924871 8.36265564291210E+000 9.53059953595772E+000
13.4922734 8.21823729718196E+000 9.35775046036866E+000
13.5920637 8.07716956390038E+000 9.18911959222011E+000
13.6918568 7.93935649793529E+000 9.02457947644485E+000
13.7916517 7.80470541266358E+000 8.86400723991312E+000
13.8914504 7.67312303078971E+000 8.70727997069764E+000
13.9912508 7.54452427013507E+000 8.55428515359839E+000
14.0910548 7.41882207654833E+000 8.40490852453050E+000
14.1908615 7.29593596162102E+000 8.25904419909878E+000
14.2906697 7.17578808922676E+000 8.11658997852398E+000
14.3904813 7.05829985069085E+000 7.97744326657105E+000
14.4902944 6.94339971891085E+000 7.84151035008959E+000
14.5901109 6.83101418263464E+000 7.70869563506316E+000
14.6899298 6.72107538439329E+000 7.57891066115963E+000
14.7897500 6.61351763779937E+000 7.45206995196731E+000
14.8895734 6.50827436891022E+000 7.32808739149570E+000
14.9893980 6.40528515883101E+000 7.20688450490139E+000
15.0892259 6.30448763245845E+000 7.08838088233072E+000
15.1890558 6.20582431204950E+000 6.97250222833814E+000
15.2888878 6.10923859520802E+000 6.85917560925847E+000
15.3887200 6.01467746301963E+000 6.74833261434703E+000
15.4885562 5.92208423777342E+000 6.63990085208231E+000
15.5883943 5.83140933960912E+000 6.53381654312532E+000
15.6882343 5.74260297358362E+000 6.43001593146804E+000
15.7880763 5.65561689396222E+000 6.32843733956079E+000
15.8879183 5.57040595684208E+000 6.22902296534644E+000
15.9877640 5.48692159918699E+000 6.13171126332603E+000
16.0876115 5.40512153775759E+000 6.03644824789611E+000
16.1874608 5.32496318569161E+000 5.94317979941988E+000
16.2873119 5.24640524712852E+000 5.85185351464983E+000
16.3871628 5.16940912566036E+000 5.76242033141743E+000
16.4870172 5.09393303607688E+000 5.67482768078554E+000
16.5868734 5.01994077294322E+000 5.58902966241404E+000
16.6867312 4.94739576700449E+000 5.50498013050786E+000
16.7865905 4.87626252985467E+000 5.42263436406113E+000
16.8864496 4.80650793432794E+000 5.34195053897752E+000
16.9863121 4.73809588321218E+000 5.26288355491911E+000
17.0861762 4.67099525686985E+000 5.18539422062579E+000
17.1860417 4.60517453279587E+000 5.10944302217876E+000
17.2859087 4.54060309740738E+000 5.03499163423494E+000
17.3857753 4.47725241243184E+000 4.96200425678823E+000
17.4856452 4.41509117556436E+000 4.89044203458733E+000
17.5855166 4.35409254144089E+000 4.82027137056453E+000
17.6853893 4.29422923852954E+000 4.75145829328511E+000
17.7852633 4.23547476287399E+000 4.68396982748723E+000
17.8851368 4.17780444276474E+000 4.61777521048612E+000
17.9850136 4.12119103529184E+000 4.55284083386827E+000
18.0848916 4.06561130226068E+000 4.48913778663825E+000
18.1847709 4.01104156768616E+000 4.42663675070370E+000
18.2846515 3.95745880640679E+000 4.36530924660638E+000
18.3845314 3.90484161780118E+000 4.30512874267033E+000
18.4844144 3.85316620974043E+000 4.24606605855296E+000
18.5842986 3.80241240027200E+000 4.18809622580968E+000
18.6841841 3.75255956663493E+000 4.13119385025980E+000
18.7840706 3.70358764002250E+000 4.07533424672235E+000
18.8839565 3.65547799779083E+000 4.02049445237156E+000
18.9838453 3.60820979269874E+000 3.96664904000318E+000
19.0837353 3.56176544203977E+000 3.91377637197767E+000
19.1836263 3.51612692556158E+000 3.86185437669392E+000
19.2835185 3.47127669624864E+000 3.81086158437241E+000
19.3834098 3.42719849933384E+000 3.76077805466934E+000
19.4833041 3.38387401013128E+000 3.71158155448915E+000
19.5831994 3.34128786449857E+000 3.66325327132046E+000
19.6830957 3.29942426853072E+000 3.61577395810574E+000
19.7829930 3.25826783402527E+000 3.56912488059702E+000
19.8828894 3.21780433162383E+000 3.52328866806064E+000
19.9827887 3.17801760515989E+000 3.47824581636664E+000
20.0826889 3.13889419066190E+000 3.43397991827209E+000
20.1825901 3.10042020536710E+000 3.39047413694966E+000
20.2824922 3.06258211548930E+000 3.34771207413821E+000
20.3823934 3.02536742996403E+000 3.30567855171527E+000
20.4822973 2.98876186318214E+000 3.26435640580696E+000
20.5822022 2.95275358401647E+000 3.22373128435253E+000
20.6821079 2.91733035570013E+000 3.18378841463108E+000
20.7820145 2.88248024261620E+000 3.14451340030823E+000
20.8819201 2.84819225037872E+000 3.10589294073943E+000
20.9818284 2.81445371221230E+000 3.06791188612007E+000
21.0817375 2.78125420455263E+000 3.03055764648023E+000
21.1816475 2.74858291276596E+000 2.99381722287947E+000
21.2815583 2.71642928289990E+000 2.95767794048301E+000
21.3814680 2.68478361318634E+000 2.92212811166532E+000
21.4813803 2.65363464224717E+000 2.88715432588174E+000
21.5812935 2.62297316355735E+000 2.85274550892737E+000
21.6812074 2.59278959493889E+000 2.81889019117767E+000
21.7811221 2.56307458053401E+000 2.78557718299042E+000
21.8810357 2.53381953825261E+000 2.75279618698890E+000
21.9809519 2.50501443050718E+000 2.72053529948288E+000
22.0808688 2.47665110613491E+000 2.68878475424305E+000
22.1807864 2.44872105415391E+000 2.65753440435146E+000
22.2807048 2.42121596063041E+000 2.62677434549973E+000
22.3806219 2.39412821609992E+000 2.59649548222918E+000
22.4805416 2.36744885172210E+000 2.56668722044246E+000
22.5804621 2.34117063404962E+000 2.53734092598198E+000
22.6803832 2.31528598574905E+000 2.50844759940152E+000
22.7803050 2.28978750151862E+000 2.47999845210022E+000
22.8802255 2.26466841908040E+000 2.45198543077117E+000
22.9801486 2.23992070554754E+000 2.42439908289236E+000
23.0800723 2.21553792763211E+000 2.39723175696032E+000
23.1799967 2.19151332395798E+000 2.37047545187073E+000
23.2799217 2.16784028373561E+000 2.34412235027776E+000
23.3798454 2.14451278454299E+000 2.31816530504260E+000
23.4797716 2.12152361535605E+000 2.29259586162922E+000
23.5796984 2.09886704234523E+000 2.26740722385492E+000
23.6796259 2.07653701908611E+000 2.24259226162949E+000
23.7795539 2.05452763130315E+000 2.21814400544958E+000
23.8794806 2.03283350432289E+000 2.19405609823472E+000
23.9794098 2.01144815066865E+000 2.17032096032649E+000
24.0793395 1.99036644945592E+000 2.14693254200982E+000
24.1792698 1.96958298227427E+000 2.12388447515505E+000
24.2792007 1.94909244696487E+000 2.10117053233640E+000
24.3791302 1.92889003733514E+000 2.07878504708827E+000
24.4790621 1.90896990448997E+000 2.05672120875403E+000
24.5789946 1.88932746595769E+000 2.03497362075128E+000
24.6789277 1.86995785630281E+000 2.01353658322754E+000
24.7788612 1.85085631259709E+000 1.99240451992296E+000
24.8787934 1.83201852872448E+000 1.97157236956714E+000
24.9787279 1.81343922073839E+000 1.95103399917813E+000
25.0786630 1.79511428019657E+000 1.93078458504581E+000
25.1785986 1.77703932969472E+000 1.91081901488218E+000
25.2785347 1.75921008242143E+000 1.89113228522435E+000
25.3784693 1.74162267315176E+000 1.87171986641621E+000
25.4784064 1.72427231890468E+000 1.85257622414686E+000
25.5783439 1.70715532950635E+000 1.83369703836884E+000
25.6782819 1.69026775923066E+000 1.81507771462695E+000
25.7782204 1.67360574259003E+000 1.79671375451160E+000
25.8781574 1.65716580391159E+000 1.77860109642548E+000
25.9780968 1.64094360543832E+000 1.76073473619660E+000
26.0780366 1.62493582685060E+000 1.74311079760000E+000
26.1779769 1.60913890507893E+000 1.72572514360675E+000
26.2779176 1.59354934827152E+000 1.70857372214534E+000
26.3778568 1.57816402566560E+000 1.69165288463755E+000
26.4777984 1.56297899604505E+000 1.67495809744307E+000
26.5777404 1.54799126680751E+000 1.65848587628672E+000
26.6776829 1.53319761479256E+000 1.64223248910193E+000
26.7776257 1.51859488017992E+000 1.62619427913443E+000
26.8775671 1.50418023820644E+000 1.61036796303959E+000
26.9775108 1.48995010157576E+000 1.59474942573099E+000
27.0774549 1.47590176864351E+000 1.57933552980509E+000
27.1773994 1.46203231879458E+000 1.56412290247816E+000
27.2773442 1.44833888785895E+000 1.54910823786849E+000
27.3772876 1.43481892308072E+000 1.53428857627669E+000
27.4772333 1.42146915368210E+000 1.51966017573253E+000
27.5771793 1.40828713683662E+000 1.50522020643662E+000
27.6771257 1.39527022174230E+000 1.49096561501977E+000
27.7770725 1.38241580799379E+000 1.47689340766388E+000
27.8770178 1.36972158508103E+000 1.46300091203479E+000
27.9769653 1.35718456585014E+000 1.44928471946273E+000
28.0769132 1.34480253812979E+000 1.43574227346731E+000
28.1768615 1.33257309219366E+000 1.42237080521642E+000
28.2768101 1.32049386339476E+000 1.40916759898940E+000
28.3767572 1.30856275735609E+000 1.39613023809623E+000
28.4767065 1.29677704155321E+000 1.38325561219734E+000
28.5766562 1.28513470974044E+000 1.37054140812928E+000
28.6766062 1.27363356798321E+000 1.35798511101698E+000
28.7765565 1.26227146274207E+000 1.34558425344308E+000
28.8765053 1.25104649281426E+000 1.33333664656583E+000
28.9764563 1.23995615469399E+000 1.32123944759242E+000
29.0764077 1.22899862630212E+000 1.30929056036561E+000
29.1763593 1.21817190720477E+000 1.29748769709686E+000
29.2763113 1.20747403322840E+000 1.28582861248099E+000
29.3762617 1.19690327611832E+000 1.27431132111657E+000
29.4762144 1.18645733871896E+000 1.26293322060086E+000
29.5761673 1.17613456393443E+000 1.25169240866093E+000
29.6761206 1.16593312513994E+000 1.24058680093410E+000
29.7760741 1.15585122831417E+000 1.22961435115545E+000
29.8760261 1.14588730029719E+000 1.21877325588689E+000
29.9759803 1.13603923017967E+000 1.20806112910818E+000
30.0759347 1.12630550890417E+000 1.19747624207003E+000
30.1758895 1.11668446622627E+000 1.18701669295892E+000
30.2758445 1.10717446126457E+000 1.17668061418480E+000
30.3757980 1.09777406016559E+000 1.16646636533743E+000
30.4757536 1.08848132040213E+000 1.15637175551227E+000
30.5757095 1.07929486596000E+000 1.14639521151938E+000
30.6756657 1.07021316752032E+000 1.13653499563767E+000
30.7756221 1.06123472225062E+000 1.12678940094035E+000
30.8755770 1.05235822161618E+000 1.11715693331829E+000
30.9755340 1.04358187556850E+000 1.10763557810645E+000
31.0754913 1.03490442784291E+000 1.09822390179422E+000
31.1754469 1.02632463904471E+000 1.08892049083490E+000
31.2754067 1.01784064279552E+000 1.07972325371370E+000
31.3753629 1.00945173164915E+000 1.07063135711044E+000
31.4753231 1.00115593378063E+000 1.06164259891735E+000
31.5752798 9.92952572899336E-001 1.05275618263657E+000
31.6752368 9.84840043708815E-001 1.04397030676055E+000
31.7751978 9.76816776422344E-001 1.03528321017543E+000
31.8751552 9.68882138912934E-001 1.02669414853375E+000
31.9751168 9.61034302312240E-001 1.01820108341252E+000
32.0750747 9.53272662318021E-001 1.00980330329249E+000
32.1750329 9.45595734922715E-001 1.00149914604231E+000
32.2749952 9.38002068661113E-001 9.93286986464467E-001
32.3749539 9.30491098693526E-001 9.85166159559488E-001
32.4749166 9.23061126598979E-001 9.77134775920358E-001
32.5748758 9.15711612413330E-001 9.69192199847639E-001
32.6748352 9.08441182535556E-001 9.61336895792137E-001
32.7747986 9.01248493230492E-001 9.53567362025974E-001
32.8747585 8.94133039831167E-001 9.45883004392043E-001
32.9747223 8.87093243122695E-001 9.38282069352205E-001
33.0746827 8.80128620698696E-001 9.30763988928134E-001
33.1746432 8.73237899602433E-001 9.23327342705399E-001
33.2746078 8.66419834324951E-001 9.15970741286063E-001
33.3745687 8.59673974061216E-001 9.08693653827577E-001
33.4745337 8.52998848684088E-001 9.01494450857277E-001
33.5744951 8.46394027327384E-001 8.94372624946176E-001
33.6744568 8.39858328907186E-001 8.87326860554932E-001
33.7744224 8.33390597599274E-001 8.80355870628932E-001
33.8743844 8.26990430855238E-001 8.73459180968322E-001
33.9743505 8.20656458513643E-001 8.66635275551203E-001
34.0743130 8.14388295900828E-001 8.59883701138068E-001
34.1742756 8.08184845912168E-001 8.53203237854454E-001
34.2742423 8.02045034719720E-001 8.46592692021661E-001
34.3742054 7.95968503046559E-001 8.40051640161138E-001
34.4741725 7.89953972460366E-001 8.33578670140555E-001
34.5741359 7.84001099721595E-001 8.27173377262385E-001
34.6740996 7.78108864590688E-001 8.20834629035836E-001
34.7740673 7.72276268304907E-001 8.14561317093149E-001
34.8740313 7.66502990419670E-001 8.08353063414784E-001
34.9739994 7.60787836783533E-001 8.02208551132175E-001
35.0739638 7.55130501351761E-001 7.96127419068289E-001
35.1739284 7.49530034328538E-001 7.90108614658575E-001
35.2738971 7.43985505758853E-001 7.84151107581746E-001
35.3738621 7.38496630072779E-001 7.78254560594723E-001
35.4738310 7.33062290654503E-001 7.72417744298854E-001
35.5737964 7.27682214872808E-001 7.66640336567101E-001
35.6737620 7.22355517571364E-001 7.60921358035479E-001
35.7737315 7.17081331945466E-001 7.55259849875947E-001
35.8736974 7.11859403767283E-001 7.49655511450082E-001
35.9736673 7.06688687839339E-001 7.44107193776503E-001
36.0736335 7.01568941567286E-001 7.38614609793370E-001
36.1735999 6.96499339180471E-001 7.33176847262650E-001
36.2735704 6.91479071902439E-001 7.27793012929333E-001
36.3735371 6.86507913690847E-001 7.22462839038459E-001
36.4735079 6.81584885211015E-001 7.17185250634729E-001
36.5734750 6.76709770886865E-001 7.11959992165468E-001
36.6734423 6.71881799571335E-001 7.06786213024212E-001
36.7734135 6.67100215872597E-001 7.01663080173044E-001
36.8733811 6.62364819110059E-001 6.96590355417409E-001
36.9733527 6.57674690759662E-001 6.91567032028130E-001
37.0733206 6.53029639562183E-001 6.86592882784716E-001
37.1732887 6.48428944672048E-001 6.81667113735793E-001
37.2732608 6.43871899866575E-001 6.76788947208391E-001
37.3732292 6.39358327298362E-001 6.71958171597579E-001
37.4732015 6.34887364653458E-001 6.67173843129619E-001
37.5731702 6.30458842569485E-001 6.62435760074784E-001
37.6731391 6.26072086574485E-001 6.57743180623302E-001
37.7731119 6.21726435783179E-001 6.53095378065503E-001
37.8730811 6.17421732914833E-001 6.48492164727384E-001
37.9730543 6.13157167670993E-001 6.43932654994529E-001
38.0730237 6.08932590416073E-001 6.39416670084011E-001
38.1729934 6.04747369477610E-001 6.34943516228686E-001
38.2729669 6.00600885820394E-001 6.30512513683954E-001
38.3729369 5.96493000696785E-001 6.26123496324938E-001
38.4729107 5.92422951994491E-001 6.21775632326530E-001
38.5728809 5.88390607856959E-001 6.17468763572669E-001
38.6728513 5.84395376154983E-001 6.13202240611522E-001
38.7728256 5.80436676525645E-001 6.08975427027135E-001
38.8727962 5.76514386928126E-001 6.04788176107889E-001
38.9727708 5.72627789936160E-001 6.00639705831156E-001
39.0727417 5.68776769722402E-001 5.96529876702442E-001
39.1727127 5.64960770730693E-001 5.92458080191626E-001
39.2726877 5.61179248371225E-001 5.88423719899897E-001
39.3726590 5.57432095668463E-001 5.84426666611770E-001
39.4726343 5.53718636679085E-001 5.80466184465318E-001
39.5726059 5.50038770031581E-001 5.76542150751103E-001
39.6725776 5.46391974030344E-001 5.72653994767161E-001
39.7725533 5.42777737210578E-001 5.68801157112550E-001
39.8725252 5.39195966185263E-001 5.64983524345560E-001
39.9725012 5.35646023559380E-001 5.61200403434336E-001
40.0724734 5.32127821001353E-001 5.57451686803988E-001
40.1724458 5.28640868196138E-001 5.53736838757303E-001
40.2724221 5.25184684382407E-001 5.50055334135090E-001
40.3723947 5.21759188432065E-001 5.46407073720696E-001
40.4723712 5.18363778806606E-001 5.42791404262661E-001
40.5723441 5.14998378939184E-001 5.39208231836022E-001
40.6723171 5.11662527625362E-001 5.35657053168471E-001
40.7722940 5.08355772590446E-001 5.32137374823746E-001
40.8722673 5.05078043767218E-001 5.28649110416497E-001
40.9722444 5.01828773001930E-001 5.25191643680008E-001
41.0722179 4.98607894343087E-001 5.21764893002745E-001
41.1721915 4.95414973616873E-001 5.18368385177314E-001
41.2721690 4.92249585003560E-001 5.15001656185816E-001
41.3721428 4.89111668416515E-001 5.11664631218909E-001
41.4721206 4.86000686814555E-001 5.08356728428945E-001
41.5720946 4.82916583824810E-001 5.05077877313706E-001
41.6720688 4.79858950396118E-001 5.01827632569443E-001
41.7720469 4.76827385299787E-001 4.98605557485755E-001
41.8720213 4.73821837454938E-001 4.95411587697846E-001
41.9719996 4.70841798841990E-001 4.92245173419910E-001
42.0719743 4.67887221730950E-001 4.89106254173408E-001
42.1719490 4.64957720441294E-001 4.85994410576795E-001
42.2719276 4.62052916623527E-001 4.82909231291624E-001
42.3719026 4.59172767322276E-001 4.79850661377056E-001
42.4718815 4.56316791613381E-001 4.76818180941088E-001
42.5718566 4.53484949564536E-001 4.73811738549330E-001
42.6718319 4.50676877255417E-001 4.70830938923943E-001
42.7718111 4.47892217641949E-001 4.67875394321764E-001
42.8717866 4.45130935098918E-001 4.64945058304699E-001
42.9717660 4.42392574021394E-001 4.62039438878407E-001
43.0717417 4.39677101510890E-001 4.59158492768246E-001
43.1717175 4.36984173925481E-001 4.56301847129395E-001
43.2716972 4.34313454078233E-001 4.53469136181459E-001
43.3716732 4.31664912955008E-001 4.50660321157013E-001
43.4716531 4.29038118630596E-001 4.47874936119619E-001
43.5716293 4.26433044549556E-001 4.45112945155363E-001
43.6716056 4.23849365983578E-001 4.42373996315983E-001
43.7715858 4.21286764268782E-001 4.39657744282270E-001
43.8715623 4.18745216351598E-001 4.36964157205444E-001
43.9715428 4.16224312471726E-001 4.34292793509628E-001
44.0715195 4.13724031791731E-001 4.31643623919306E-001
44.1714963 4.11244067238725E-001 4.29016315968360E-001
44.2714770 4.08784117441787E-001 4.26410543416256E-001
44.3714539 4.06344164719135E-001 4.23826280652770E-001
44.4714348 4.03923820074447E-001 4.21263108895102E-001
44.5714120 4.01523067822444E-001 4.18721004852754E-001
44.6713893 3.99141617384627E-001 4.16199654238422E-001
44.7713704 3.96779183547781E-001 4.13698748616126E-001
44.8713479 3.94435753468720E-001 4.11218267998824E-001
44.9713293 3.92110957618283E-001 4.08757814947836E-001
45.0713069 3.89804784950829E-001 4.06317371566349E-001
45.1712846 3.87516960309887E-001 4.03896640543757E-001
45.2712662 3.85247213591260E-001 4.01495330073293E-001
45.3712441 3.82995536307281E-001 3.99113425233992E-001
45.4712259 3.80761577194419E-001 3.96750548590633E-001
45.5712040 3.78545329382239E-001 3.94406687104638E-001
45.6711822 3.76346532144950E-001 3.92081559332305E-001
45.7711643 3.74164929517776E-001 3.89774889010856E-001
45.8711426 3.72000516930707E-001 3.87486665780793E-001
45.9711248 3.69852960271602E-001 3.85216530968763E-001
46.0711034 3.67722256424197E-001 3.82964475909337E-001
46.1710820 3.65608158176115E-001 3.80730234000222E-001
46.2710644 3.63510422804746E-001 3.78513543519702E-001
46.3710432 3.61429049260693E-001 3.76314398212479E-001
46.4710259 3.59363719549011E-001 3.74132457016182E-001
46.5710048 3.57314433925769E-001 3.71967715198876E-001
46.6709838 3.55280957842551E-001 3.69819920051238E-001
46.7709667 3.53263060987881E-001 3.67688823464913E-001
46.8709459 3.51260745472818E-001 3.65574422874263E-001
46.9709290 3.49273708458895E-001 3.63476393760147E-001
47.0709083 3.47301953228095E-001 3.61394734925497E-001
47.1708877 3.45345257108647E-001 3.59329206675999E-001
47.2708710 3.43403401429864E-001 3.57279573657807E-001
47.3708506 3.41476391136451E-001 3.55245836618986E-001
47.4708341 3.39563937653213E-001 3.53227686592156E-001
47.5708138 3.37666046973665E-001 3.51225125553532E-001
47.6707936 3.35782507572342E-001 3.49237926010418E-001
47.7707773 3.33913111704674E-001 3.47265864567667E-001
47.8707573 3.32057866852371E-001 3.45308944945972E-001
47.9707411 3.30216497872386E-001 3.43366872808289E-001
48.0707212 3.28389013184381E-001 3.41439652976035E-001
48.1707014 3.26575211731167E-001 3.39527069403913E-001
48.2706855 3.24774896030722E-001 3.37628909917476E-001
48.3706658 3.22988075832437E-001 3.35745180900516E-001
48.4706500 3.21214488651441E-001 3.33875601789279E-001
48.5706305 3.19454145074412E-001 3.32020179952619E-001
48.6706110 3.17706853882464E-001 3.30178710092714E-001
48.7705955 3.15972427239517E-001 3.28350990570861E-001
48.8705762 3.14250876918069E-001 3.26537030152966E-001
48.9705608 3.12541952370101E-001 3.24736561250772E-001
49.0705416 3.10845666113972E-001 3.22949593510234E-001
49.1705225 3.09161836183321E-001 3.21175931730944E-001
49.2705073 3.07490283814595E-001 3.19415384173712E-001
49.3704883 3.05831022581257E-001 3.17667961731429E-001
49.4704733 3.04183813199369E-001 3.15933409048092E-001
49.5704545 3.02548669905208E-001 3.14211737801277E-001
49.6704357 3.00925419439838E-001 3.12502762283763E-001
49.7704208 2.99313891578574E-001 3.10806300064433E-001
49.8704022 2.97714101494055E-001 3.09122363931466E-001
49.9703875 2.96125820538457E-001 3.07450710068149E-001
50.0703690 2.94549064471788E-001 3.05791351960729E-001
50.1703506 2.92983668234906E-001 3.04144112833116E-001
50.2703361 2.91429469644962E-001 3.02508819012033E-001
50.3703178 2.89886485290450E-001 3.00885484970492E-001
50.4703034 2.88354496573087E-001 2.99273877784501E-001
50.5702853 2.86833520600185E-001 2.97674012546460E-001
50.6702672 2.85323400039312E-001 2.96085720888174E-001
50.7702530 2.83823980286205E-001 2.94508837381931E-001
50.8702350 2.82335279178653E-001 2.92943377994396E-001
50.9702209 2.80857087619602E-001 2.91389120090556E-001
51.0702031 2.79389423903387E-001 2.89846080184988E-001
51.1701853 2.77932137983073E-001 2.88314097829941E-001
51.2701714 2.76485082400892E-001 2.86793015365966E-001
51.3701538 2.75048276092616E-001 2.85282850079705E-001
51.4701400 2.73621518949502E-001 2.83783389060957E-001
51.5701225 2.72204830307291E-001 2.82294650079337E-001
51.6701050 2.70798066992767E-001 2.80816480153085E-001
51.7700914 2.69401088291356E-001 2.79348728945986E-001
51.8700741 2.68013914099339E-001 2.77891414906868E-001
51.9700606 2.66636352816155E-001 2.76444334322784E-001
52.0700434 2.65268424686659E-001 2.75007506066541E-001
52.1700263 2.63909993026782E-001 2.73580784198382E-001
52.2700130 2.62560923488446E-001 2.72164025290080E-001
52.3699959 2.61221236803565E-001 2.70757248809304E-001
52.4699827 2.59890749430000E-001 2.69360259746679E-001
52.5699658 2.58569482401559E-001 2.67973077940261E-001
52.6699489 2.57257305163908E-001 2.66595564096451E-001
52.7699359 2.55954089383371E-001 2.65227581307282E-001
52.8699192 2.54659856514079E-001 2.63869149929054E-001
52.9699063 2.53374430650731E-001 2.62520083193664E-001
53.0698897 2.52097833506955E-001 2.61180401779115E-001
53.1698731 2.50829940322025E-001 2.59849972668131E-001
53.2698603 2.49570628447362E-001 2.58528665110741E-001
53.3698439 2.48319919956325E-001 2.57216500233594E-001
53.4698313 2.47077646185002E-001 2.55913299076658E-001
53.5698149 2.45843829427762E-001 2.54619083044078E-001
53.6697986 2.44618350402931E-001 2.53333725049151E-001
53.7697861 2.43401091838821E-001 2.52057100161167E-001
53.8697699 2.42192076334526E-001 2.50789230169725E-001
53.9697576 2.40991142096362E-001 2.49529943516648E-001
54.0697415 2.39798311909503E-001 2.48279262228888E-001
54.1697254 2.38613471676766E-001 2.47037064826849E-001
54.2697133 2.37436509214715E-001 2.45803231882161E-001
54.3696973 2.36267447563335E-001 2.44577785749862E-001
54.4696852 2.35106131450579E-001 2.43360561892475E-001
54.5696694 2.33952584070821E-001 2.42151582865956E-001
54.6696536 2.32806696235358E-001 2.40950732495002E-001
54.7696417 2.31668360578519E-001 2.39757896556874E-001
54.8696260 2.30537600504219E-001 2.38573097883546E-001
54.9696142 2.29414266934443E-001 2.37396178600372E-001
55.0695986 2.28298383398761E-001 2.36227161707184E-001
55.1695831 2.27189845358157E-001 2.35065936049315E-001
55.2695714 2.26088550011086E-001 2.33912392331691E-001
55.3695560 2.24994521055614E-001 2.32766553782926E-001
55.4695444 2.23907615299700E-001 2.31628268854984E-001
55.5695291 2.22827856541022E-001 2.30497560914357E-001
55.6695138 2.21755144647454E-001 2.29374323561131E-001
55.7695023 2.20689381143595E-001 2.28258452167318E-001
55.8694872 2.19630589958438E-001 2.27149970285365E-001
55.9694758 2.18578633496047E-001 2.26048732377765E-001
56.0694607 2.17533535761442E-001 2.24954762107661E-001
56.1694457 2.16495200801457E-001 2.23867957580517E-001
56.2694345 2.15463534243402E-001 2.22788218591007E-001
56.3694196 2.14438560189952E-001 2.21715568949418E-001
56.4694085 2.13420146368368E-001 2.20649868831452E-001
56.5693936 2.12408316936001E-001 2.19591142133465E-001
56.6693788 2.11402979904548E-001 2.18539291232260E-001
56.7693678 2.10404044794143E-001 2.17494220115765E-001
56.8693531 2.09411535829338E-001 2.16455952792335E-001
56.9693423 2.08425325803509E-001 2.15424354871028E-001
57.0693276 2.07445438976583E-001 2.14399450423978E-001
57.1693130 2.06471787123891E-001 2.13381145879544E-001
57.2693023 2.05504283461110E-001 2.12369349203466E-001
57.3692878 2.04542952287840E-001 2.11364084548063E-001
57.4692772 2.03587671221251E-001 2.10365222692197E-001
57.5692628 2.02638464578883E-001 2.09372787831802E-001
57.6692484 2.01695247710471E-001 2.08386690240295E-001
57.7692379 2.00757937341688E-001 2.07406841658767E-001
57.8692236 1.99826557804896E-001 2.06433266334580E-001
57.9692132 1.98900991312524E-001 2.05465839968044E-001
58.0691990 1.97981262199139E-001 2.04504586831913E-001
58.1691849 1.97067289210823E-001 2.03549420850508E-001
58.2691746 1.96158992408644E-001 2.02600257349921E-001
58.3691605 1.95256396119583E-001 2.01657120628357E-001
58.4691503 1.94359386935676E-001 2.00719891073405E-001
58.5691363 1.93467989171929E-001 1.99788592992211E-001
58.6691224 1.92582124803133E-001 1.98863143777370E-001
58.7691123 1.91701717061360E-001 1.97943462160892E-001
58.8690985 1.90826790233848E-001 1.97029572451932E-001
58.9690885 1.89957235088635E-001 1.96121359504458E-001
59.0690747 1.89093075888222E-001 1.95218847621729E-001
59.1690610 1.88234237678205E-001 1.94321957492716E-001
59.2690511 1.87380646706790E-001 1.93430611086781E-001
59.3690374 1.86532327190563E-001 1.92544832688073E-001
59.4690277 1.85689173881232E-001 1.91664511408423E-001
59.5690141 1.84851210959183E-001 1.90789671512726E-001
59.6690006 1.84018366391986E-001 1.89920236824445E-001
59.7689909 1.83190569298012E-001 1.89056132391534E-001
59.8689774 1.82367843795442E-001 1.88197382440773E-001
59.9689678 1.81550088437869E-001 1.87343880144933E-001
60.0689545 1.80737327296995E-001 1.86495649699529E-001
60.1689411 1.79929491122022E-001 1.85652617909982E-001
60.2689316 1.79126511763828E-001 1.84814712753234E-001
60.3689184 1.78328413217312E-001 1.83981958369613E-001
60.4689090 1.77535097666059E-001 1.83154251806755E-001
60.5688958 1.76746589049287E-001 1.82331617162945E-001
60.6688827 1.75962820765426E-001 1.81513984081757E-001
60.7688734 1.75183727267971E-001 1.80701283328071E-001
60.8688603 1.74409332406296E-001 1.79893538929676E-001
60.9688511 1.73639541831340E-001 1.79090651633159E-001
61.0688381 1.72874379328583E-001 1.78292645414608E-001
61.1688251 1.72113780820694E-001 1.77499452620109E-001
61.2688160 1.71357683241166E-001 1.76711006669427E-001
61.3688031 1.70606110274005E-001 1.75927331454457E-001
61.4687941 1.69858970883559E-001 1.75148331254339E-001
61.5687813 1.69116288682626E-001 1.74374029900640E-001
61.6687685 1.68378002000071E-001 1.73604362313948E-001
61.7687596 1.67644050133572E-001 1.72839264443332E-001
61.8687469 1.66914456584116E-001 1.72078760023941E-001
61.9687381 1.66189133483667E-001 1.71322756709995E-001
62.0687254 1.65468104255513E-001 1.70571278168622E-001
62.1687128 1.64751309523173E-001 1.69824261774042E-001
62.2687041 1.64038690839073E-001 1.69081645886045E-001
62.3686916 1.63330271505530E-001 1.68343454064461E-001
62.4686829 1.62625966683983E-001 1.67609597189489E-001
62.5686704 1.61925799593314E-001 1.66880098746101E-001
62.6686580 1.61229713046251E-001 1.66154898447963E-001
62.7686494 1.60537650746498E-001 1.65433936953558E-001
62.8686371 1.59849635783880E-001 1.64717237630900E-001
62.9686286 1.59165586218363E-001 1.64004714444929E-001
63.0686163 1.58485525051283E-001 1.63296390682747E-001
63.1686040 1.57809397184847E-001 1.62592208289547E-001
63.2685918 1.57137173945724E-001 1.61892136744598E-001
63.3685872 1.56468776068203E-001 1.61196092852643E-001
63.4685751 1.55804277361916E-001 1.60504152832154E-001
63.5685630 1.55143598762908E-001 1.59816233711814E-001
63.6685509 1.54486712590708E-001 1.59132306039183E-001
63.7685388 1.53833591406730E-001 1.58452340622002E-001
63.8685344 1.53184158608922E-001 1.57776257096886E-001
63.9685224 1.52538486322893E-001 1.57104129937948E-001
64.0685105 1.51896498133974E-001 1.56435878989865E-001
64.1684986 1.51258167546664E-001 1.55771476074534E-001
64.2684867 1.50623468295263E-001 1.55110893260900E-001
64.3684824 1.49992326329037E-001 1.54454052896503E-001
64.4684706 1.49364812132021E-001 1.53801027754835E-001
64.5684588 1.48740851827462E-001 1.53151740376698E-001
64.6684470 1.48120420045813E-001 1.52506163794182E-001
64.7684353 1.47503491635931E-001 1.51864271274042E-001
64.8684312 1.46889994991715E-001 1.51225987759968E-001
64.9684195 1.46279998997135E-001 1.50591384367635E-001
65.0684079 1.45673432207574E-001 1.49960386220191E-001
65.1683963 1.45070270323765E-001 1.49332967499450E-001
65.2683847 1.44470489254099E-001 1.48709102610212E-001
65.3683808 1.43874019735757E-001 1.48088718983349E-001
65.4683692 1.43280929093200E-001 1.47471886118570E-001
65.5683578 1.42691148213430E-001 1.46858531613338E-001
65.6683463 1.42104653814932E-001 1.46248630742153E-001
65.7683349 1.41521422813690E-001 1.45642158991493E-001
65.8683311 1.40941388193846E-001 1.45039046175912E-001
65.9683197 1.40364615759953E-001 1.44439360220059E-001
66.0683084 1.39791038635093E-001 1.43843031093072E-001
66.1682971 1.39220634505894E-001 1.43250035108331E-001
66.2682858 1.38653381246905E-001 1.42660348780800E-001
66.3682821 1.38089213997632E-001 1.42073904210359E-001
66.4682709 1.37528197081387E-001 1.41490767786559E-001
66.5682597 1.36970265766463E-001 1.40910871752667E-001
66.6682485 1.36415398660787E-001 1.40334193410147E-001
66.7682374 1.35863574551153E-001 1.39760710252237E-001
66.8682339 1.35314730645305E-001 1.39190356570646E-001
66.9682228 1.34768929823041E-001 1.38623197258841E-001
67.0682118 1.34226109411414E-001 1.38059166741463E-001
67.1682007 1.33686248895384E-001 1.37498243260099E-001
67.2681897 1.33149327930218E-001 1.36940405238839E-001
67.3681864 1.32615285708994E-001 1.36385589072297E-001
67.4681754 1.32084183704784E-001 1.35833858195931E-001
67.5681645 1.31555961221125E-001 1.35285149127533E-001
67.6681536 1.31030598578165E-001 1.34739441003497E-001
67.7681428 1.30508076258265E-001 1.34196713133960E-001
67.8681396 1.29988335360900E-001 1.33656903931837E-001
67.9681288 1.29471435988302E-001 1.33120075411720E-001
68.0681180 1.28957319342141E-001 1.32586166100596E-001
68.1681072 1.28445966538181E-001 1.32055155986838E-001
68.2680965 1.27937358846746E-001 1.31527025224283E-001
68.3680934 1.27431439198534E-001 1.31001714163612E-001
68.4680827 1.26928266359904E-001 1.30479283434781E-001
68.5680721 1.26427783356035E-001 1.29959673494039E-001
68.6680615 1.25929972060870E-001 1.29442865141248E-001
68.7680509 1.25434814495670E-001 1.28928839333899E-001
68.8680479 1.24942255350730E-001 1.28417538283759E-001
68.9680374 1.24452352090618E-001 1.27909021271456E-001
69.0680269 1.23965049492905E-001 1.27403230606384E-001
69.1680164 1.23480330154282E-001 1.26900147861591E-001
69.2680059 1.22998176811903E-001 1.26399754760346E-001
69.3680031 1.22518535847393E-001 1.25901995302447E-001
69.4679927 1.22041463456729E-001 1.25406927453613E-001
69.5679823 1.21566906102079E-001 1.24914495303859E-001
69.6679719 1.21094847069339E-001 1.24424681163175E-001
69.7679615 1.20625269778375E-001 1.23937467484762E-001
69.8679589 1.20158122237043E-001 1.23452799986833E-001
69.9679486 1.19693459405070E-001 1.22970735353737E-001
70.0679383 1.19231229364570E-001 1.22491219386977E-001
70.1679281 1.18771416058870E-001 1.22014235099181E-001
70.2679178 1.18314003559118E-001 1.21539765639546E-001
70.3679153 1.17858941437310E-001 1.21067758378333E-001
70.4679051 1.17406283448414E-001 1.20598268751185E-001
70.5678949 1.16955979232808E-001 1.20131244205184E-001
70.6678848 1.16508013361148E-001 1.19666668423105E-001
70.7678747 1.16062370526085E-001 1.19204525218006E-001
70.8678723 1.15619001804500E-001 1.18744763548896E-001
70.9678622 1.15177959777265E-001 1.18287437634530E-001
71.0678522 1.14739195584157E-001 1.17832496504695E-001
71.1678422 1.14302694394630E-001 1.17379924481538E-001
71.2678322 1.13868441494602E-001 1.16929706011529E-001
71.3678299 1.13436389409283E-001 1.16481791582036E-001
71.4678200 1.13006589575296E-001 1.16036234225903E-001
71.5678100 1.12578994575617E-001 1.15592984495630E-001
71.6678002 1.12153590151441E-001 1.15152027323569E-001
71.7677903 1.11730362155188E-001 1.14713347760745E-001
71.8677881 1.11309264506381E-001 1.14276897765248E-001
71.9677783 1.10890347526451E-001 1.13842729214170E-001
72.0677685 1.10473565187895E-001 1.13410794125457E-001
72.1677587 1.10058903777989E-001 1.12981078014014E-001
72.2677489 1.09646349690258E-001 1.12553566508064E-001
72.3677468 1.09235858186947E-001 1.12128212981385E-001
72.4677371 1.08827478502565E-001 1.11705068184675E-001
72.5677275 1.08421165947853E-001 1.11284085546642E-001
72.6677178 1.08016907331815E-001 1.10865251138519E-001
72.7677082 1.07614689564987E-001 1.10448551139776E-001
72.8677062 1.07214469203027E-001 1.10033940287323E-001
72.9676966 1.06816294421039E-001 1.09621468234033E-001
73.0676870 1.06420121818995E-001 1.09211089767137E-001
73.1676774 1.06025938704514E-001 1.08802791489320E-001
73.2676679 1.05633732482270E-001 1.08396560106679E-001
73.3676660 1.05243460954202E-001 1.07992351669032E-001
73.4676565 1.04855171262778E-001 1.07590214759236E-001
73.5676471 1.04468821250344E-001 1.07190105473127E-001
73.6676376 1.04084398701189E-001 1.06792010921226E-001
73.7676282 1.03701891492400E-001 1.06395918312896E-001
73.8676264 1.03321258627128E-001 1.06001784962860E-001
73.9676171 1.02942546241252E-001 1.05609658411014E-001
74.0676077 1.02565713374676E-001 1.05219496014082E-001
74.1675984 1.02190748267512E-001 1.04831285368008E-001
74.2675890 1.01817639248630E-001 1.04445014163229E-001
74.3675874 1.01446346479277E-001 1.04060640933485E-001
74.4675781 1.01076915114080E-001 1.03678212202033E-001
74.5675688 1.00709305347626E-001 1.03297686540854E-001
74.6675596 1.00343505856047E-001 1.02919052010025E-001
74.7675504 9.99795054003851E-002 1.02542296759989E-001
74.8675488 9.96172652587281E-002 1.02167380499605E-001
74.9675396 9.92568296291007E-002 1.01794348761104E-001
75.0675305 9.88981598197427E-002 1.01423161288074E-001
75.1675213 9.85412449239743E-002 1.01053806584500E-001
75.2675122 9.81860741163761E-002 1.00686273240814E-001
75.3675108 9.78326097523861E-002 1.00320522098994E-001
75.4675017 9.74808950974005E-002 9.99565977251568E-002
75.5674926 9.71308925340309E-002 9.95944609927337E-002
75.6674836 9.67825915548873E-002 9.92341008303988E-002
75.7674746 9.64359817303667E-002 9.88755062495411E-002
75.8674732 9.60910264554427E-002 9.85186391850664E-002
75.9674642 9.57477680862048E-002 9.81635432612131E-002
76.0674553 9.54061700420181E-002 9.78101804412745E-002
76.1674463 9.50662221977577E-002 9.74585400603409E-002
76.2674374 9.47279145027814E-002 9.71086115326715E-002
76.3674361 9.43912113553788E-002 9.67603578476168E-002
76.4674273 9.40561542250154E-002 9.64138217111088E-002
76.5674184 9.37227075317745E-002 9.60689661380239E-002
76.6674096 9.33908615165986E-002 9.57257808524916E-002
76.7674007 9.30606064917680E-002 9.53842556544380E-002
76.8673996 9.27319078241859E-002 9.50443545508043E-002
76.9673908 9.24048061187551E-002 9.47061193521443E-002
77.0673820 9.20792667617461E-002 9.43695140882523E-002
77.1673732 9.17552803447529E-002 9.40345288557670E-002
77.2673645 9.14328375277149E-002 9.37011538239158E-002
77.3673634 9.11119046128879E-002 9.33693539819237E-002
77.4673547 9.07925213620689E-002 9.30391702672675E-002
77.5673461 9.04746540946165E-002 9.27105676895294E-002
77.6673374 9.01582937381007E-002 9.23835367021284E-002
77.7673288 8.98434312855868E-002 9.20580678280183E-002
77.8673278 8.95300339427960E-002 9.17341270048740E-002
77.9673192 8.92181406492883E-002 9.14117543187849E-002
78.0673106 8.89077186257733E-002 9.10909157254526E-002
78.1673020 8.85987591218215E-002 9.07716020201039E-002
78.2672935 8.82912534497840E-002 9.04538040645934E-002
78.3672925 8.79851696882667E-002 9.01374887126121E-002
78.4672840 8.76805459748889E-002 8.98226952199579E-002
78.5672755 8.73773504012719E-002 8.95093904561731E-002
78.6672671 8.70755745256736E-002 8.91975655440364E-002
78.7672586 8.67752099665464E-002 8.88872116701852E-002
78.8672578 8.64762256460443E-002 8.85782965732268E-002
78.9672493 8.61786589195863E-002 8.82708586991846E-002
79.0672409 8.58824787205014E-002 8.79648658004868E-002
79.1672325 8.55876769030495E-002 8.76603093138855E-002
79.2672242 8.52942453792197E-002 8.73571807373539E-002
79.3672234 8.50021538865643E-002 8.70554486645848E-002
79.4672151 8.47114390175002E-002 8.67551507517820E-002
79.5672068 8.44220705190384E-002 8.64562556045652E-002
79.6671985 8.41340405293485E-002 8.61587549607227E-002
79.7671902 8.38473412419806E-002 8.58626406167510E-002
79.8671895 8.35619431828647E-002 8.55678819928075E-002
79.9671813 8.32778822000884E-002 8.52745159746839E-002
80.0671730 8.29951288274399E-002 8.49825119926974E-002
80.1671648 8.27136754754710E-002 8.46918620733439E-002
80.2671566 8.24335146078728E-002 8.44025582994312E-002
80.3671560 8.21546175130099E-002 8.41145708901125E-002
80.4671478 8.18770193128020E-002 8.38279359796431E-002
80.5671397 8.16006913019801E-002 8.35426237956887E-002
80.6671315 8.13256261524832E-002 8.32586266416987E-002
80.7671234 8.10518165872522E-002 8.29759368751500E-002
80.8671229 8.07792346321704E-002 8.26945254878217E-002
80.9671148 8.05079147006534E-002 8.24144278807910E-002
81.0671067 8.02378288235616E-002 8.21356150528135E-002
81.1670987 7.99689699237319E-002 8.18580795730838E-002
81.2670906 7.97013309729644E-002 8.15818140626461E-002
81.3670902 7.94348847107249E-002 8.13067902605811E-002
81.4670822 7.91696648591065E-002 8.10330428526452E-002
81.5670742 7.89056441612575E-002 8.07605435834645E-002
81.6670662 7.86428157809047E-002 8.04892852772884E-002
81.7670583 7.83811729287909E-002 8.02192608081369E-002
81.8670579 7.81206890349635E-002 7.99504426380689E-002
81.9670500 7.78613971469045E-002 7.96828647548866E-002
82.0670421 7.76032706971396E-002 7.94164996248612E-002
82.1670342 7.73463030807307E-002 7.91513403170959E-002
82.2670263 7.70904877378983E-002 7.88873799484811E-002
82.3670260 7.68357987671625E-002 7.86245916806819E-002
82.4670182 7.65822685576507E-002 7.83630088204401E-002
82.5670103 7.63298712092406E-002 7.81026045323922E-002
82.6670025 7.60786003392082E-002 7.78433721207599E-002
82.7669947 7.58284496082132E-002 7.75853049356584E-002
82.8669945 7.55793937619919E-002 7.73283768158970E-002
82.9669867 7.53314645471304E-002 7.70726204035894E-002
83.0669790 7.50846367096807E-002 7.68180095393616E-002
83.1669712 7.48389040804210E-002 7.65645377532595E-002
83.2669635 7.45942605318182E-002 7.63121986194148E-002
83.3669634 7.43506814363821E-002 7.60609666321869E-002
83.4669556 7.41081979135405E-002 7.58108737850459E-002
83.5669479 7.38667853351512E-002 7.55618945730946E-002
83.6669403 7.36264377371720E-002 7.53140227433275E-002
83.7669326 7.33871491956303E-002 7.50672520850986E-002
83.8669326 7.31488956901444E-002 7.48215577275530E-002
83.9669249 7.29117077279492E-002 7.45769710310667E-002
84.0669173 7.26755612871120E-002 7.43334671245301E-002
84.1669097 7.24404506008184E-002 7.40910399634091E-002
84.2669021 7.22063699407753E-002 7.38496835438794E-002
84.3669022 7.19732958747876E-002 7.36093736098995E-002
84.4668946 7.17412583124569E-002 7.33701409038776E-002
84.5668870 7.15102338192033E-002 7.31319611685907E-002
84.6668795 7.12802168178385E-002 7.28948285598761E-002
84.7668720 7.10512017682169E-002 7.26587372727047E-002
84.8668721 7.08231658081181E-002 7.24236636466323E-002
84.9668646 7.05961382636758E-002 7.21896378208163E-002
85.0668571 7.03700962695124E-002 7.19566361327711E-002
85.1668496 7.01450344307990E-002 7.17246529309643E-002
85.2668422 6.99209473883348E-002 7.14936826014906E-002
85.3668424 6.96978128323425E-002 7.12637020610113E-002
85.4668349 6.94756595192705E-002 7.10347408597504E-002
85.5668275 6.92544651354680E-002 7.08067759115299E-002
85.6668201 6.90342244615167E-002 7.05798017500482E-002
85.7668127 6.88149323122728E-002 7.03538129451898E-002
85.8668130 6.85965669135192E-002 7.01287869729206E-002
85.9668056 6.83791564654307E-002 6.99047528084627E-002
86.0667983 6.81626791892546E-002 6.96816879242035E-002
86.1667909 6.79471300343353E-002 6.94595870319961E-002
86.2667836 6.77325039829975E-002 6.92384448785024E-002
86.3667839 6.75187797803237E-002 6.90182394818538E-002
86.4667766 6.73059850832654E-002 6.87989992558253E-002
86.5667694 6.70940986317573E-002 6.85807022142858E-002
86.6667621 6.68831155375468E-002 6.83633432404757E-002
86.7667548 6.66730309441224E-002 6.81469172511263E-002
86.8667552 6.64638241002008E-002 6.79314027900286E-002
86.9667480 6.62555221322103E-002 6.77168277227003E-002
87.0667408 6.60481042831541E-002 6.75031705880375E-002
87.1667336 6.58415658210958E-002 6.72904264341934E-002
87.2667264 6.56359020446547E-002 6.70785903415513E-002
87.3667268 6.54310926910849E-002 6.68676413636614E-002
87.4667197 6.52271643686514E-002 6.66576068306197E-002
87.5667125 6.50240968083744E-002 6.64484657904972E-002
87.6667054 6.48218854288072E-002 6.62402134501647E-002
87.7666983 6.46205256779232E-002 6.60328450475162E-002
87.8666988 6.44199977669638E-002 6.58263401305400E-002
87.9666917 6.42203277980605E-002 6.56207255064024E-002
88.0666846 6.40214959757407E-002 6.54159807170736E-002
88.1666775 6.38234978634686E-002 6.52121011222121E-002
88.2666705 6.36263290530413E-002 6.50090821113440E-002
88.3666710 6.34299702156592E-002 6.48069037121307E-002
88.4666640 6.32344469590288E-002 6.46055922209652E-002
88.5666570 6.30397399471960E-002 6.44051276589945E-002
88.6666500 6.28458448831924E-002 6.42055055329870E-002
88.7666429 6.26527574973419E-002 6.40067213784733E-002
88.8666436 6.24604589072763E-002 6.38087556885530E-002
88.9666366 6.22689742376745E-002 6.36116342606797E-002
89.0666296 6.20782845986094E-002 6.34153375809821E-002
89.1666227 6.18883858275625E-002 6.32198612979025E-002
89.2666157 6.16992737883093E-002 6.30252010875856E-002
89.3666164 6.15109300318652E-002 6.28313378948449E-002
89.4666095 6.13233792109767E-002 6.26382970297120E-002
89.5666026 6.11366028687301E-002 6.24460594296102E-002
89.6665957 6.09505969721520E-002 6.22546208794483E-002
89.7665889 6.07653575136075E-002 6.20639771908218E-002
89.8665896 6.05808664649078E-002 6.18741097470218E-002
89.9665828 6.03971480176679E-002 6.16850433818693E-002
90.0665759 6.02141841354318E-002 6.14967594708813E-002
90.1665691 6.00319709100713E-002 6.13092539304430E-002
90.2665622 5.98505044578803E-002 6.11225227026549E-002
90.3665631 5.96697671593188E-002 6.09365475965159E-002
90.4665563 5.94897827553870E-002 6.07513529805523E-002
90.5665495 5.93105336179691E-002 6.05669206556377E-002
90.6665427 5.91320159592768E-002 6.03832466648535E-002
90.7665359 5.89542260150651E-002 6.02003270760637E-002
90.8665368 5.87771465627186E-002 6.00181441116554E-002
90.9665301 5.86008009028622E-002 5.98367216854860E-002
91.0665233 5.84251718040244E-002 5.96560420114964E-002
91.1665166 5.82502555944366E-002 5.94761012548813E-002
91.2665099 5.80760486250308E-002 5.92968956047244E-002
91.3665108 5.79025340587984E-002 5.91184076849100E-002
91.4665041 5.77297347659589E-002 5.89406609649736E-002
91.5664975 5.75576339003938E-002 5.87636380600617E-002
91.6664908 5.73862279022108E-002 5.85873352530887E-002
91.7664842 5.72155132334100E-002 5.84117488500009E-002
91.8664851 5.70454734316606E-002 5.82368618647024E-002
91.9664785 5.68761309464865E-002 5.80626973324808E-002
92.0664719 5.67074693062179E-002 5.78892382582380E-002
92.1664653 5.65394850588642E-002 5.77164810383944E-002
92.2664587 5.63721747735523E-002 5.75444220915809E-002
92.3664597 5.62055223520742E-002 5.73730448106394E-002
92.4664531 5.60395498327137E-002 5.72023718064201E-002
92.5664466 5.58742411077179E-002 5.70323864625236E-002
92.6664400 5.57095928291847E-002 5.68630852848352E-002
92.7664335 5.55456016695855E-002 5.66944648006623E-002
92.8664346 5.53822518846389E-002 5.65265087710829E-002
92.9664281 5.52195651105985E-002 5.63592393920636E-002
93.0664215 5.50575255934533E-002 5.61926404152255E-002
93.1664150 5.48961300857302E-002 5.60267084520416E-002
93.2664086 5.47353753596156E-002 5.58614401346509E-002
93.3664097 5.45752460149030E-002 5.56968195820299E-002
93.4664032 5.44157632947860E-002 5.55328685845667E-002
93.5663968 5.42569117891643E-002 5.53695712515878E-002
93.6663903 5.40986883474811E-002 5.52069242964336E-002
93.7663839 5.39410898381535E-002 5.50449244523844E-002
93.8663851 5.37841011955287E-002 5.48835561863283E-002
93.9663787 5.36277432784793E-002 5.47228408921382E-002
94.0663723 5.34720010113134E-002 5.45627630268794E-002
94.1663659 5.33168713370179E-002 5.44033194021889E-002
94.2663595 5.31623512168953E-002 5.42445068489466E-002
94.3663607 5.30084259106442E-002 5.40863101723017E-002
94.4663544 5.28551159013281E-002 5.39287503784393E-002
94.5663480 5.27024064384791E-002 5.37718122625329E-002
94.6663417 5.25502945553890E-002 5.36154927310880E-002
94.7663353 5.23987773030328E-002 5.34597887091837E-002
94.8663366 5.22478402575635E-002 5.33046853309026E-002
94.9663303 5.20975035345289E-002 5.31502032233422E-002
95.0663240 5.19477526998046E-002 5.29963275104748E-002
95.1663177 5.17985848738765E-002 5.28430551903824E-002
95.2663114 5.16499971943064E-002 5.26903832790784E-002
95.3663128 5.15019755450980E-002 5.25382972305620E-002
95.4663065 5.13545396823644E-002 5.23868173012209E-002
95.5663002 5.12076754797366E-002 5.22359289348264E-002
95.6662940 5.10613801419059E-002 5.20856292178758E-002
95.7662878 5.09156508900565E-002 5.19359152541808E-002
95.8662892 5.07704739077217E-002 5.17867728089382E-002
95.9662829 5.06258685994536E-002 5.16382217759892E-002
96.0662767 5.04818211383321E-002 5.14902479102014E-002
96.1662705 5.03383288103826E-002 5.13428483834504E-002
96.2662643 5.01953889175626E-002 5.11960203843336E-002
96.3662658 5.00529879348855E-002 5.10497499808139E-002
96.4662596 4.99111449230155E-002 5.09040567121396E-002
96.5662535 4.97698463464455E-002 5.07589266358578E-002
96.6662473 4.96290895697751E-002 5.06143570063047E-002
96.7662412 4.94888719729967E-002 5.04703450939687E-002
96.8662427 4.93491803148161E-002 5.03268772614229E-002
96.9662365 4.92100333194869E-002 5.01839727010734E-002
97.0662304 4.90714177351398E-002 5.00416177650045E-002
97.1662243 4.89333310022954E-002 4.98998097872095E-002
97.2662182 4.87957705763489E-002 4.97585461172855E-002
97.3662198 4.86587234921613E-002 4.96178134045254E-002
97.4662137 4.85222081448644E-002 4.94776305020464E-002
97.5662076 4.83862115587010E-002 4.93379840485926E-002
97.6662016 4.82507312475621E-002 4.91988714551188E-002
97.7661955 4.81157647397150E-002 4.90602901476570E-002
97.8661971 4.79812993388806E-002 4.89222270545846E-002
97.9661911 4.78473531181726E-002 4.87847006970911E-002
98.0661851 4.77139133706624E-002 4.86476979929574E-002
98.1661791 4.75809776811582E-002 4.85112164275086E-002
98.2661730 4.74485436483653E-002 4.83752535006409E-002
98.3661747 4.73165988378023E-002 4.82397964124259E-002
98.4661687 4.71851610074899E-002 4.81048633593012E-002
98.5661627 4.70542177122758E-002 4.79704415307058E-002
98.6661568 4.69237666055259E-002 4.78365284838433E-002
98.7661508 4.67938053540427E-002 4.77031217900022E-002
98.8661525 4.66643217783038E-002 4.75702089137948E-002
98.9661465 4.65353333279883E-002 4.74378077339007E-002
99.0661406 4.64068278128913E-002 4.73059057042744E-002
99.1661347 4.62788029526669E-002 4.71745004516017E-002
99.2661288 4.61512564799618E-002 4.70435896161853E-002
99.3661305 4.60241764635909E-002 4.69131609202525E-002
99.4661246 4.58975800514730E-002 4.67832319315430E-002
99.5661187 4.57714553017373E-002 4.66537903616107E-002
99.6661128 4.56457999981419E-002 4.65248339043186E-002
99.7661070 4.55206119370107E-002 4.63963602666962E-002
99.8661087 4.53958794290807E-002 4.62683574218788E-002
99.9661029 4.52716193269283E-002 4.61408426333135E-002
100.0660970 4.51478199306106E-002 4.60138038634558E-002
100.1660912 4.50244790858877E-002 4.58872388711281E-002
100.2660854 4.49015946506746E-002 4.57611454278858E-002
100.3660872 4.47791551714159E-002 4.56355117512760E-002
100.4660814 4.46571772116038E-002 4.55103548069349E-002
100.5660756 4.45356493070163E-002 4.53856628017319E-002
100.6660698 4.44145693633921E-002 4.52614335573144E-002
100.7660640 4.42939352982296E-002 4.51376649076455E-002
100.8660658 4.41737358876594E-002 4.50143453083920E-002
100.9660601 4.40539874121921E-002 4.48914914336979E-002
101.0660543 4.39346786373121E-002 4.47690917285623E-002
101.1660486 4.38158075267891E-002 4.46471440754034E-002
101.2660428 4.36973720557714E-002 4.45256463685532E-002
101.3660447 4.35793612242399E-002 4.44045872957008E-002
101.4660390 4.34617910356752E-002 4.42839832456613E-002
101.5660333 4.33446504794395E-002 4.41638228954736E-002
101.6660275 4.32279375754574E-002 4.40441041863487E-002
101.7660218 4.31116503546657E-002 4.39248250710256E-002
101.8660238 4.29957780352387E-002 4.38059744633067E-002
101.9660181 4.28803363494328E-002 4.36875684726887E-002
102.0660124 4.27653145048370E-002 4.35695960023484E-002
102.1660067 4.26507105757244E-002 4.34520550503860E-002
102.2660011 4.25365226470273E-002 4.33349436260569E-002
102.3660031 4.24227401496297E-002 4.32182508635510E-002
102.4659974 4.23093785502261E-002 4.31019925989077E-002
102.5659918 4.21964272691542E-002 4.29861579557222E-002
102.6659861 4.20838844332959E-002 4.28707449871496E-002
102.7659805 4.19717481798512E-002 4.27557517571421E-002
102.8659825 4.18600081470968E-002 4.26411676147253E-002
102.9659769 4.17486795416889E-002 4.25270081281994E-002
103.0659713 4.16377519914023E-002 4.24132626360321E-002
103.1659657 4.15272236740507E-002 4.22999292446675E-002
103.2659601 4.14170927774380E-002 4.21870060710012E-002
103.3659622 4.13073491420767E-002 4.20744826735125E-002
103.4659566 4.11980077199740E-002 4.19623743583394E-002
103.5659511 4.10890583411899E-002 4.18506706734456E-002
103.6659455 4.09804992328543E-002 4.17393697768625E-002
103.7659400 4.08723286317713E-002 4.16284698367400E-002
103.8659421 4.07645365756875E-002 4.15179606157916E-002
103.9659365 4.06571377672192E-002 4.14078571634347E-002
104.0659310 4.05501222337144E-002 4.12981492319144E-002
104.1659255 4.04434882500620E-002 4.11888350292098E-002
104.2659200 4.03372341005207E-002 4.10799127730977E-002
104.3659221 4.02313500152191E-002 4.09713724254636E-002
104.4659166 4.01258504525128E-002 4.08632287843128E-002
104.5659112 4.00207256321902E-002 4.07554718011144E-002
104.6659057 3.99159738753980E-002 4.06480997322150E-002
104.7659002 3.98115935123595E-002 4.05411108434500E-002
104.8659024 3.97075749608774E-002 4.04344952909663E-002
104.9658969 3.96039324400531E-002 4.03282676265367E-002
105.0658915 3.95006563574112E-002 4.02224179959483E-002
105.1658860 3.93977450789095E-002 4.01169447023921E-002
105.2658806 3.92951969792988E-002 4.00118460582500E-002
105.3658828 3.91930026594876E-002 3.99071124091663E-002
105.4658774 3.90911761042090E-002 3.98027580657357E-002
105.5658720 3.89897079041585E-002 3.96987733633029E-002
105.6658666 3.88885964687096E-002 3.95951566504352E-002
105.7658612 3.87878402157555E-002 3.94919062846034E-002
105.8658634 3.86874299248759E-002 3.93890127963262E-002
105.9658580 3.85873793512044E-002 3.92864902599525E-002
106.0658527 3.84876792641765E-002 3.91843291957655E-002
106.1658473 3.83883281152353E-002 3.90825279962930E-002
106.2658419 3.82893243640806E-002 3.89810850626891E-002
106.3658442 3.81906589646589E-002 3.88799911058604E-002
106.4658389 3.80923454471585E-002 3.87792599687239E-002
106.5658335 3.79943747554536E-002 3.86788823520180E-002
106.6658282 3.78967453817590E-002 3.85788566908656E-002
106.7658229 3.77994558262917E-002 3.84791814287488E-002
106.8658252 3.77024972131862E-002 3.83798474526070E-002
106.9658199 3.76058828522289E-002 3.82808683786237E-002
107.0658146 3.75096038575567E-002 3.81822350836408E-002
107.1658093 3.74136587609032E-002 3.80839460440594E-002
107.2658040 3.73180461017593E-002 3.79859997443819E-002
107.3658063 3.72227571703895E-002 3.78883872433528E-002
107.4658011 3.71278050606139E-002 3.77911219350084E-002
107.5657958 3.70331810527764E-002 3.76941948680690E-002
107.6657905 3.69388837169209E-002 3.75976045589434E-002
107.7657853 3.68449116306121E-002 3.75013495318930E-002
107.8657877 3.67512562463041E-002 3.74054210133624E-002
107.9657824 3.66579304461804E-002 3.73098321797176E-002
108.0657772 3.65649256728534E-002 3.72145742474550E-002
108.1657720 3.64722405335112E-002 3.71196457717651E-002
108.2657667 3.63798736426343E-002 3.70250453154515E-002
108.3657692 3.62878166110378E-002 3.69307642686721E-002
108.4657639 3.61960821134973E-002 3.68368155944937E-002
108.5657587 3.61046617510677E-002 3.67431906732044E-002
108.6657536 3.60135541669554E-002 3.66498880975937E-002
108.7657484 3.59227580114384E-002 3.65569064678327E-002
108.8657508 3.58322650499750E-002 3.64642373339208E-002
108.9657456 3.57420877540608E-002 3.63718934498930E-002
109.0657405 3.56522178794765E-002 3.62798663559594E-002
