0.0053140 4.23704254058286E+000 1.97625993109792E+003
0.0210792 1.63565625367157E+001 1.93773535451862E+003
0.0467942 3.47511784109250E+001 1.87706739408302E+003
0.0817065 5.72195443791770E+001 1.79877886118567E+003
0.1249105 8.14585166999577E+001 1.70794278411469E+003
0.1754417 1.05455023215780E+002 1.60946603094100E+003
0.2323515 1.27698155299696E+002 1.50761060794292E+003
0.2947571 1.47223365321447E+002 1.40577074598075E+003
0.3618673 1.63546765031371E+002 1.30644928639060E+003
0.4329916 1.76551470037440E+002 1.21135211921524E+003
0.5075377 1.86369107695172E+002 1.12153499354170E+003
0.5850032 1.93279304808410E+002 1.03755678030291E+003
0.6649650 1.97634255847193E+002 9.59616862219666E+002
0.7470680 1.99807280534854E+002 8.87666823424419E+002
0.8310139 2.00160668102934E+002 8.21497169121437E+002
0.9165527 1.99027686785993E+002 7.60800346133423E+002
1.0034738 1.96704126311754E+002 7.05215848683352E+002
1.0915995 1.93445919721313E+002 6.54361198774845E+002
1.1807797 1.89470329265003E+002 6.07852233887751E+002
1.2708868 1.84959091876126E+002 5.65316532199559E+002
1.3618115 1.80062388204863E+002 5.26401040150598E+002
1.4534610 1.74903005049155E+002 4.90776156573842E+002
1.5457546 1.69580435911744E+002 4.58138051000463E+002
1.6386236 1.64174478967035E+002 4.28208302509577E+002
1.7320075 1.58748604788688E+002 4.00733807800127E+002
1.8258543 1.53352695881997E+002 3.75484960931998E+002
1.9201186 1.48025497413873E+002 3.52254270076813E+002
2.0147601 1.42796687660585E+002 3.30854740225802E+002
2.1097440 1.37688488212657E+002 3.11117714172151E+002
2.2050388 1.32717173615215E+002 2.92891549878003E+002
2.3006174 1.27894150247998E+002 2.76039640483287E+002
2.3964555 1.23226952700155E+002 2.60439044888035E+002
2.4925310 1.18720061279212E+002 2.45979184187796E+002
2.5888248 1.14375467450001E+002 2.32560314241692E+002
2.6853193 1.10193283636120E+002 2.20092651580946E+002
2.7819988 1.06172095923813E+002 2.08495108215712E+002
2.8788497 1.02309342717990E+002 1.97694469752226E+002
2.9758588 9.86016206112926E+001 1.87624634688732E+002
3.0730149 9.50448468263298E+001 1.78225699363630E+002
3.1703074 9.16345118216112E+001 1.69443492151292E+002
3.2677268 8.83657648012820E+001 1.61228826228406E+002
3.3652646 8.52335643172942E+001 1.53537068843407E+002
3.4629133 8.22327479462780E+001 1.46327620463090E+002
3.5606650 7.93581616972265E+001 1.39563636612315E+002
3.6585133 7.66046311125171E+001 1.33211453806512E+002
3.7564523 7.39670631228001E+001 1.27240401225366E+002
3.8544764 7.14404649997044E+001 1.21622472875053E+002
3.9525810 6.90199581801153E+001 1.16332042283209E+002
4.0507604 6.67008422305000E+001 1.11345728937218E+002
4.1490108 6.44785384582299E+001 1.06642038946137E+002
4.2473280 6.23486450008934E+001 1.02201281169219E+002
4.3457083 6.03069299839649E+001 9.80053744891443E+001
4.4441489 5.83493245623318E+001 9.40376799503006E+001
4.5426454 5.64719598624028E+001 9.02829412251615E+001
4.6411954 5.46711093182514E+001 8.67270507361556E+001
4.7397961 5.29432234045213E+001 8.33570180014050E+001
4.8384450 5.12849161381829E+001 8.01608526648146E+001
4.9371399 4.96929529495634E+001 7.71274625223606E+001
5.0358779 4.81642755195181E+001 7.42466313165574E+001
5.1346571 4.66959506956940E+001 7.15088604248503E+001
5.2334756 4.52851953785905E+001 6.89053627028188E+001
5.3323316 4.39293628864618E+001 6.64279890570726E+001
5.4312238 4.26259309451122E+001 6.40691643934816E+001
5.5301496 4.13725204191077E+001 6.18218839032279E+001
5.6291079 4.01668522477315E+001 5.96796019262988E+001
5.7280973 3.90067668793895E+001 5.76362377526219E+001
5.8271164 3.78902124265981E+001 5.56861279693432E+001
5.9261644 3.68152343062491E+001 5.38239848848211E+001
6.0252392 3.57799904048999E+001 5.20449016369001E+001
6.1243401 3.47827153985831E+001 5.03442715926487E+001
6.2234659 3.38217367116430E+001 4.87177992711179E+001
6.3226158 3.28954647687225E+001 4.71614684188729E+001
6.4217891 3.20023844958127E+001 4.56715141611703E+001
6.5209840 3.11410680825646E+001 4.42444319651013E+001
6.6202001 3.03101455294328E+001 4.28769174962917E+001
6.7194366 2.95083181152041E+001 4.15658792418573E+001
6.8186927 2.87343505331358E+001 4.03084164750003E+001
6.9179682 2.79870640446684E+001 3.91018000403035E+001
7.0172613 2.72653474354897E+001 3.79434826354625E+001
7.1165720 2.65681326424668E+001 3.68310528123438E+001
7.2158999 2.58944031293165E+001 3.57622426326503E+001
7.3152432 2.52432033642071E+001 3.47349370104098E+001
7.4146030 2.46136017453067E+001 3.37471101243037E+001
7.5139770 2.40047345400741E+001 3.27968901530495E+001
7.6133666 2.34157555409790E+001 3.18824761380044E+001
7.7127702 2.28458750637948E+001 3.10021952114957E+001
7.8121865 2.22943396799479E+001 3.01544673642929E+001
7.9116168 2.17604153411235E+001 2.93377765632669E+001
8.0110589 2.12434219700240E+001 2.85507209581896E+001
8.1105143 2.07426909845210E+001 2.77919452717092E+001
8.2099815 2.02575986014440E+001 2.70601891915111E+001
8.3094593 1.97875488471364E+001 2.63542591766484E+001
8.4089492 1.93319593381189E+001 2.56730052247135E+001
8.5084489 1.88902909537505E+001 2.50153635096907E+001
8.6079599 1.84620117649177E+001 2.43803007275023E+001
8.7074812 1.80466256349046E+001 2.37668551846516E+001
8.8070112 1.76436578782538E+001 2.31741139043806E+001
8.9065517 1.72526431967178E+001 2.26011936596058E+001
9.0061006 1.68731512669657E+001 2.20472773325355E+001
9.1056593 1.65047559154645E+001 2.15115676106007E+001
9.2052267 1.61470598076189E+001 2.09933220327478E+001
9.3048016 1.57996822593561E+001 2.04918341601745E+001
9.4043856 1.54622489329277E+001 2.00064178919626E+001
9.5039766 1.51344140097514E+001 1.95364386094435E+001
9.6035763 1.48158336912808E+001 1.90812742862914E+001
9.7031836 1.45061876143062E+001 1.86403455225918E+001
9.8027972 1.42051684245081E+001 1.82130998839580E+001
9.9024188 1.39124729191784E+001 1.77989987859577E+001
10.0020464 1.36278213489845E+001 1.73975442937524E+001
10.1016817 1.33509345097186E+001 1.70082461831052E+001
10.2013235 1.30815524022625E+001 1.66306478015283E+001
10.3009707 1.28194252585032E+001 1.62643129130582E+001
10.4006251 1.25643058821213E+001 1.59088146226992E+001
10.5002846 1.23159665237675E+001 1.55637585431334E+001
10.5999509 1.20741789727201E+001 1.52287546842906E+001
10.6996230 1.18387308858493E+001 1.49034398256663E+001
10.7992996 1.16094180190607E+001 1.45874663682184E+001
10.8989827 1.13860375670081E+001 1.42804929001644E+001
10.9986702 1.11684029772664E+001 1.39822043132795E+001
11.0983637 1.09563265636590E+001 1.36922876486524E+001
11.1980623 1.07496338535811E+001 1.34104515389525E+001
11.2977649 1.05481568268311E+001 1.31364166866001E+001
11.3974732 1.03517280937857E+001 1.28699077655341E+001
11.4971853 1.01601939509315E+001 1.26106709649425E+001
11.5969029 9.97339912629454E+000 1.23584531050016E+001
11.6966250 9.79119943432382E+000 1.21130186069866E+001
11.7963505 9.61345586194760E+000 1.18741413027081E+001
11.8960812 9.44002945499405E+000 1.16415974349602E+001
11.9958151 9.27079286644617E+000 1.14151810219488E+001
12.0955540 9.10561691458570E+000 1.11946856974241E+001
12.1952970 8.94438178606401E+000 1.09799195853060E+001
12.2950428 8.78697183881074E+000 1.07706982089997E+001
12.3947934 8.63327109029085E+000 1.05668384037591E+001
12.4945468 8.48317346846363E+000 1.03681718267132E+001
12.5943047 8.33657091915907E+000 1.01745290833530E+001
12.6940662 8.19336335851464E+000 9.98575281784195E+000
12.7938302 8.05345408589601E+000 9.80169153865393E+000
12.8935986 7.91674578644338E+000 9.62219429415104E+000
12.9933693 7.78314966095374E+000 9.44712259773247E+000
13.0931443 7.65257486383538E+000 9.27633648585985E+000
13.1929224 7.52493737388096E+000 9.10970608224400E+000
13.2927027 7.40015592907542E+000 8.94710619269219E+000
13.3924871 7.27814847093384E+000 8.78841162426043E+000
13.4922734 7.15884030184714E+000 8.63350775007564E+000
13.5920637 7.04215467113121E+000 8.48227820914989E+000
13.6918568 6.92802070668207E+000 8.33461515964029E+000
13.7916517 6.81636979853145E+000 8.19041452389172E+000
13.8914504 6.70713242457086E+000 8.04957185399218E+000
13.9912508 6.60024546109850E+000 7.91199172415964E+000
14.0910548 6.49564376384911E+000 7.77757683396387E+000
14.1908615 6.39326728129271E+000 7.64623713082172E+000
14.2906697 6.29305782587897E+000 7.51788560812930E+000
14.3904813 6.19495623052276E+000 7.39243463761602E+000
14.4902944 6.09890891922266E+000 7.26980434719283E+000
14.5901109 6.00486035394423E+000 7.14991293010912E+000
14.6899298 5.91275943228540E+000 7.03268478818087E+000
14.7897500 5.82255659515195E+000 6.91804680315839E+000
14.8895734 5.73420127134309E+000 6.80592507015346E+000
14.9893980 5.64764779943124E+000 6.69625239420253E+000
15.0892259 5.56284863107464E+000 6.58895964073237E+000
15.1890558 5.47976010076982E+000 6.48398302746293E+000
15.2888878 5.39833905803081E+000 6.38125983378041E+000
15.3887200 5.31854516065829E+000 6.28073127449345E+000
15.4885562 5.24033477244922E+000 6.18233479482042E+000
15.5883943 5.16367005014152E+000 6.08601549963387E+000
15.6882343 5.08851278344737E+000 5.99171837246592E+000
15.7880763 5.01482589205100E+000 5.89939014603870E+000
15.8879183 4.94257475148742E+000 5.80898094396469E+000
15.9877640 4.87172167093122E+000 5.72043735762955E+000
16.0876115 4.80223412499483E+000 5.63371273199261E+000
16.1874608 4.73407918031692E+000 5.54876017541052E+000
16.2873119 4.66722485411802E+000 5.46553424761303E+000
16.3871628 4.60164132136379E+000 5.38399244690348E+000
16.4870172 4.53729590472477E+000 5.30408897094430E+000
16.5868734 4.47416054979039E+000 5.22578399926386E+000
16.6867312 4.41220676946741E+000 5.14903739471476E+000
16.7865905 4.35140687961319E+000 5.07381023038605E+000
16.8864496 4.29173510033859E+000 5.00006613976319E+000
16.9863121 4.23316299960633E+000 4.92776567795876E+000
17.0861762 4.17566629711086E+000 4.85687472094281E+000
17.1860417 4.11922026723773E+000 4.78735877415993E+000
17.2859087 4.06380086528236E+000 4.71918435696669E+000
17.3857753 4.00938573414485E+000 4.65232023096770E+000
17.4856452 3.95595005092783E+000 4.58673229028909E+000
17.5855166 3.90347273346502E+000 4.52239118070546E+000
17.6853893 3.85193225058730E+000 4.45926714314186E+000
17.7852633 3.80130765071429E+000 4.39733127175555E+000
17.8851368 3.75157948381224E+000 4.33655663373339E+000
17.9850136 3.70272600702627E+000 4.27691362725877E+000
18.0848916 3.65472885826771E+000 4.21837690955439E+000
18.1847709 3.60756922929226E+000 4.16092071317268E+000
18.2846515 3.56122880697708E+000 4.10451999173477E+000
18.3845314 3.51569061922067E+000 4.04915144281135E+000
18.4844144 3.47093556130951E+000 3.99478928065805E+000
18.5842986 3.42694759281315E+000 3.94141155025253E+000
18.6841841 3.38371023471812E+000 3.88899586280699E+000
18.7840706 3.34120743243566E+000 3.83752044137744E+000
18.8839565 3.29942433329118E+000 3.78696505701637E+000
18.9838453 3.25834410015340E+000 3.73730717044509E+000
19.0837353 3.21795268090400E+000 3.68852769904939E+000
19.1836263 3.17823559576080E+000 3.64060712523129E+000
19.2835185 3.13917872996935E+000 3.59352645256019E+000
19.3834098 3.10076904963556E+000 3.54726806414775E+000
19.4833041 3.06299167327501E+000 3.50181219342505E+000
19.5831994 3.02583425713090E+000 3.45714220246224E+000
19.6830957 2.98928404300262E+000 3.41324102285242E+000
19.7829930 2.95332858763093E+000 3.37009203175293E+000
19.8828894 2.91795642285082E+000 3.32767984036221E+000
19.9827887 2.88315435926345E+000 3.28598705906540E+000
20.0826889 2.84891152551584E+000 3.24499913810594E+000
20.1825901 2.81521665054045E+000 3.20470110585481E+000
20.2824922 2.78205873582705E+000 3.16507837295185E+000
20.3823934 2.74942766519694E+000 3.12611745783642E+000
20.4822973 2.71731171785271E+000 3.08780301587064E+000
20.5822022 2.68570129527613E+000 3.05012228710794E+000
20.6821079 2.65458641487599E+000 3.01306210120176E+000
20.7820145 2.62395733063059E+000 2.97660961687395E+000
20.8819201 2.59380509719454E+000 2.94075299064639E+000
20.9818284 2.56411927221962E+000 2.90547864327018E+000
21.0817375 2.53489136066653E+000 2.87077535393876E+000
21.1816475 2.50611249952882E+000 2.83663150485663E+000
21.2815583 2.47777403171304E+000 2.80303576241254E+000
21.3814680 2.44986802867393E+000 2.76997769455855E+000
21.4813803 2.42238516418574E+000 2.73744525106911E+000
21.5812935 2.39531790250952E+000 2.70542853889424E+000
21.6812074 2.36865835617574E+000 2.67391728264427E+000
21.7811221 2.34239881743083E+000 2.64290145310903E+000
21.8810357 2.31653224314488E+000 2.61237183812054E+000
21.9809519 2.29105028420024E+000 2.58231771592046E+000
22.0808688 2.26594624103444E+000 2.55273034232647E+000
22.1807864 2.24121307847581E+000 2.52360060617839E+000
22.2807048 2.21684391861466E+000 2.49491961020431E+000
22.3806219 2.19283249133112E+000 2.46667919967002E+000
22.4805416 2.16917130520017E+000 2.43886981051532E+000
22.5804621 2.14585439137886E+000 2.41148369551965E+000
22.6803832 2.12287546124260E+000 2.38451275616632E+000
22.7803050 2.10022836412693E+000 2.35794908029911E+000
22.8802255 2.07790750647424E+000 2.33178543239493E+000
22.9801486 2.05590615166906E+000 2.30601326019612E+000
23.0800723 2.03421897100357E+000 2.28062568402872E+000
23.1799967 2.01284033139512E+000 2.25561548863368E+000
23.2799217 1.99176472108231E+000 2.23097562157046E+000
23.3798454 1.97098714008196E+000 2.20669964854016E+000
23.4797716 1.95050151769539E+000 2.18277990403957E+000
23.5796984 1.93030308732552E+000 2.15921026534050E+000
23.6796259 1.91038679289883E+000 2.13598428965748E+000
23.7795539 1.89074768528084E+000 2.11309567682851E+000
23.8794806 1.87138128646304E+000 2.09053869275646E+000
23.9794098 1.85228211464729E+000 2.06830645117947E+000
24.0793395 1.83344589796187E+000 2.04639349150834E+000
24.1792698 1.81486808939120E+000 2.02479404828785E+000
24.2792007 1.79654423639456E+000 2.00350248131132E+000
24.3791302 1.77847032100246E+000 1.98251366993118E+000
24.4790621 1.76064138341312E+000 1.96182141441360E+000
24.5789946 1.74305358813337E+000 1.94142083480423E+000
24.6789277 1.72570283825831E+000 1.92130676102996E+000
24.7788612 1.70858512052863E+000 1.90147413327511E+000
24.8787934 1.69169682330275E+000 1.88191836963264E+000
24.9787279 1.67503345050609E+000 1.86263387671570E+000
25.0786630 1.65859155237792E+000 1.84361628494113E+000
25.1785986 1.64236743085987E+000 1.82486094883745E+000
25.2785347 1.62635746210743E+000 1.80636332022092E+000
25.3784693 1.61055839411487E+000 1.78811929141182E+000
25.4784064 1.59496614366019E+000 1.77012380583498E+000
25.5783439 1.57957760264754E+000 1.75237294354222E+000
25.6782819 1.56438942717526E+000 1.73486252236427E+000
25.7782204 1.54939833932152E+000 1.71758844616913E+000
25.8781574 1.53460140603062E+000 1.70054702564905E+000
25.9780968 1.51999491240781E+000 1.68373368057623E+000
26.0780366 1.50557605358986E+000 1.66714488800094E+000
26.1779769 1.49134180078219E+000 1.65077687582972E+000
26.2779176 1.47728918396530E+000 1.63462594822259E+000
26.3778568 1.46341555350067E+000 1.61868878576183E+000
26.4777984 1.44971752376187E+000 1.60296123185470E+000
26.5777404 1.43619255952533E+000 1.58744011481886E+000
26.6776829 1.42283791290540E+000 1.57212202630444E+000
26.7776257 1.40965088847331E+000 1.55700362568575E+000
26.8775671 1.39662908890708E+000 1.54208192125039E+000
26.9775108 1.38376942350768E+000 1.52735313397197E+000
27.0774549 1.37106959726459E+000 1.51281440360844E+000
27.1773994 1.35852711318616E+000 1.49846264512481E+000
27.2773442 1.34613952118511E+000 1.48429483375705E+000
27.3772876 1.33390464897664E+000 1.47030826870614E+000
27.4772333 1.32181967053066E+000 1.45649950815268E+000
27.5771793 1.30988250521842E+000 1.44286596852890E+000
27.6771257 1.29809088054322E+000 1.42940485275489E+000
27.7770725 1.28644256602299E+000 1.41611341749395E+000
27.8770178 1.27493559043327E+000 1.40298922069880E+000
27.9769653 1.26356736569515E+000 1.39002912231719E+000
28.0769132 1.25233600284040E+000 1.37723078503934E+000
28.1768615 1.24123943060095E+000 1.36459166874429E+000
28.2768101 1.23027561540854E+000 1.35210928132432E+000
28.3767572 1.21944276598284E+000 1.33978141130794E+000
28.4767065 1.20873850855652E+000 1.32760518922012E+000
28.5766562 1.19816112579683E+000 1.31557849734061E+000
28.6766062 1.18770872711815E+000 1.30369902527695E+000
28.7765565 1.17737945581987E+000 1.29196450560962E+000
28.8765053 1.16717168193303E+000 1.28037293270623E+000
28.9764563 1.15708322504416E+000 1.26892168015949E+000
29.0764077 1.14711252177350E+000 1.25760882640717E+000
29.1763593 1.13725784403901E+000 1.24643226681263E+000
29.2763113 1.12751749426451E+000 1.23538993526931E+000
29.3762617 1.11788998732011E+000 1.22448001022207E+000
29.4762144 1.10837331753041E+000 1.21370008401685E+000
29.5761673 1.09896605982577E+000 1.20304841062023E+000
29.6761206 1.08966663251332E+000 1.19252307000359E+000
29.7760741 1.08047348140731E+000 1.18212217674422E+000
29.8760261 1.07138525162820E+000 1.17184407418135E+000
29.9759803 1.06240009567207E+000 1.16168655187972E+000
30.0759347 1.05351671291611E+000 1.15164802113695E+000
30.1758895 1.04473365374629E+000 1.14172672783965E+000
30.2758445 1.03604949338986E+000 1.13192094900769E+000
30.3757980 1.02746299427429E+000 1.12222917593244E+000
30.4757536 1.01897245229751E+000 1.11264937628749E+000
30.5757095 1.01057667897583E+000 1.10318010261805E+000
30.6756657 1.00227434404361E+000 1.09381975017154E+000
30.7756221 9.94064139702386E-001 1.08456674224971E+000
30.8755770 9.85944934183456E-001 1.07541970310495E+000
30.9755340 9.77915153595691E-001 1.06637676152870E+000
31.0754913 9.69973710649549E-001 1.05743659707278E+000
31.1754469 9.62119532069001E-001 1.04859790728774E+000
31.2754067 9.54350968984493E-001 1.03985874452249E+000
31.3753629 9.46667432148155E-001 1.03121835559259E+000
31.4753231 9.39067172922498E-001 1.02267468560477E+000
31.5752798 9.31549627974275E-001 1.01422701459669E+000
31.6752368 9.24113381477128E-001 1.00587366643352E+000
31.7751978 9.16757048467637E-001 9.97613002259665E-001
31.8751552 9.09480102380752E-001 9.89444349188149E-001
31.9751168 9.02280917927737E-001 9.81365802802372E-001
32.0750747 8.95158991729771E-001 9.73376719863733E-001
32.1750329 8.88113012184246E-001 9.65475552092178E-001
32.2749952 8.81141696041490E-001 9.57660785340047E-001
32.3749539 8.74244572835221E-001 9.49931818402751E-001
32.4749166 8.67420130111710E-001 9.42286884043310E-001
32.5748758 8.60667918169055E-001 9.34725407544404E-001
32.6748352 8.53986720509375E-001 9.27245956900764E-001
32.7747986 8.47375346717359E-001 9.19847131404261E-001
32.8747585 8.40833376578921E-001 9.12528393909101E-001
32.9747223 8.34359401000390E-001 9.05288102421932E-001
33.0746827 8.27953018379497E-001 8.98125743484102E-001
33.1746432 8.21613099119782E-001 8.91039990988342E-001
33.2746078 8.15338537650557E-001 8.84029547565728E-001
33.3745687 8.09128958811505E-001 8.77093933373441E-001
33.4745337 8.02983048316994E-001 8.70231620929595E-001
33.5744951 7.96900447702883E-001 8.63442151594676E-001
33.6744568 7.90880106883369E-001 8.56724295845598E-001
33.7744224 7.84920997932302E-001 8.50076850584569E-001
33.8743844 7.79022786115214E-001 8.43499387276666E-001
33.9743505 7.73184244223868E-001 8.36990483286038E-001
34.0743130 7.67405052513088E-001 8.30549729074817E-001
34.1742756 7.61684233739181E-001 8.24175983331052E-001
34.2742423 7.56020831122514E-001 8.17868129073889E-001
34.3742054 7.50414546229452E-001 8.11625783749200E-001
34.4741725 7.44864231930743E-001 8.05447620848700E-001
34.5741359 7.39369603259388E-001 7.99333274853106E-001
34.6740996 7.33929749788227E-001 7.93281685122632E-001
34.7740673 7.28543780011309E-001 7.87291813449641E-001
34.8740313 7.23211428114796E-001 7.81363318521185E-001
34.9739994 7.17931620703832E-001 7.75494962080180E-001
35.0739638 7.12704104071344E-001 7.69686418101167E-001
35.1739284 7.07528029154466E-001 7.63936699818335E-001
35.2738971 7.02402564405729E-001 7.58244841173536E-001
35.3738621 6.97327473342547E-001 7.52610537872872E-001
35.4738310 6.92301750544579E-001 7.47032632784207E-001
35.5737964 6.87325170420200E-001 7.41510835343231E-001
35.6737620 6.82396940330626E-001 7.36044226518894E-001
35.7737315 6.77516283869798E-001 7.30631906419513E-001
35.8736974 6.72682990945298E-001 7.25273604004586E-001
35.9736673 6.67896118875157E-001 7.19968236809983E-001
36.0736335 6.63155467369760E-001 7.14715546134192E-001
36.1735999 6.58460295732171E-001 7.09514675128910E-001
36.2735704 6.53809878326320E-001 7.04364784656918E-001
36.3735371 6.49204028816880E-001 6.99265633568742E-001
36.4735079 6.44641862493899E-001 6.94216208209451E-001
36.5734750 6.40123201849960E-001 6.89216278525903E-001
36.6734423 6.35647354057966E-001 6.84265044824567E-001
36.7734135 6.31213640279689E-001 6.79361723820437E-001
36.8733811 6.26821895577198E-001 6.74506101249462E-001
36.9733527 6.22471288868253E-001 6.69697226942494E-001
37.0733206 6.18161663168554E-001 6.64934896620160E-001
37.1732887 6.13892369816822E-001 6.60218363184123E-001
37.2732608 6.09662773158774E-001 6.55546894755094E-001
37.3732292 6.05472727537132E-001 6.50920301264870E-001
37.4732015 6.01321451532745E-001 6.46337691186636E-001
37.5731702 5.97208806657182E-001 6.41798883441380E-001
37.6731391 5.93134185041511E-001 6.37303179385684E-001
37.7731119 5.89096990923387E-001 6.32849894507539E-001
37.8730811 5.85097096025610E-001 6.28438860525367E-001
37.9730543 5.81133764969548E-001 6.24069240142130E-001
38.0730237 5.77206875941761E-001 6.19740873173083E-001
38.1729934 5.73315858789544E-001 6.15453105665344E-001
38.2729669 5.69460154640076E-001 6.11205296801662E-001
38.3729369 5.65639650888235E-001 6.06997297926842E-001
38.4729107 5.61853654881907E-001 6.02828321948499E-001
38.5728809 5.58102059845692E-001 5.98698227507590E-001
38.6728513 5.54384330534808E-001 5.94606401914846E-001
38.7728256 5.50699942224458E-001 5.90552244703839E-001
38.8727962 5.47048796445335E-001 5.86535624906916E-001
38.9727708 5.43430240236574E-001 5.82555801960059E-001
39.0727417 5.39844180387976E-001 5.78612651472693E-001
39.1727127 5.36290113995924E-001 5.74705598895627E-001
39.2726877 5.32767547977498E-001 5.70834081064763E-001
39.3726590 5.29276396616288E-001 5.66997982958306E-001
39.4726343 5.25816043859510E-001 5.63196607178812E-001
39.5726059 5.22386408735917E-001 5.59429844635197E-001
39.6725776 5.18987018334420E-001 5.55697156067916E-001
39.7725533 5.15617408920417E-001 5.51998012832763E-001
39.8725252 5.12277506284525E-001 5.48332314287820E-001
39.9725012 5.08966728727196E-001 5.44699403124393E-001
40.0724734 5.05685006320944E-001 5.41099184049771E-001
40.1724458 5.02431893995807E-001 5.37531150489828E-001
40.2724221 4.99206955264185E-001 5.33994805777669E-001
40.3723947 4.96010126300476E-001 5.30490062242088E-001
40.4723712 4.92840857410545E-001 5.27016299842010E-001
40.5723441 4.89699088632807E-001 5.23573435731864E-001
40.6723171 4.86584400765561E-001 5.20160993640920E-001
40.7722940 4.83496382640961E-001 5.16778506553562E-001
40.8722673 4.80434979803773E-001 5.13425898500218E-001
40.9722444 4.77399672405393E-001 5.10102584118667E-001
41.0722179 4.74390409477399E-001 5.06808491793188E-001
41.1721915 4.71406795875303E-001 5.03543173375254E-001
41.2721690 4.68448443981565E-001 5.00306189370228E-001
41.3721428 4.65515307796364E-001 4.97097474366378E-001
41.4721206 4.62606895327579E-001 4.93916475302173E-001
41.5720946 4.59723163721484E-001 4.90763130694297E-001
41.6720688 4.56863740226597E-001 4.87637018516939E-001
41.7720469 4.54028259149447E-001 4.84537724843297E-001
41.8720213 4.51216682119031E-001 4.81465193787843E-001
41.9719996 4.48428543166107E-001 4.78418902402671E-001
42.0719743 4.45663806757815E-001 4.75398798346761E-001
42.1719490 4.42922121004864E-001 4.72404483882153E-001
42.2719276 4.40203140641737E-001 4.69435568857256E-001
42.3719026 4.37506834179013E-001 4.66492005981615E-001
42.4718815 4.34832759978340E-001 4.63573300407513E-001
42.5718566 4.32180889109946E-001 4.60679408042340E-001
42.6718319 4.29550889137223E-001 4.57809953750434E-001
42.7718111 4.26942433844853E-001 4.54964569508408E-001
42.8717866 4.24355497949114E-001 4.52143215779910E-001
42.9717660 4.21789662579709E-001 4.49345423961908E-001
43.0717417 4.19244904760559E-001 4.46571157402648E-001
43.1717175 4.16720910208685E-001 4.43820062018815E-001
43.2716972 4.14217370488990E-001 4.41091790400467E-001
43.3716732 4.11734265911766E-001 4.38386310005335E-001
43.4716531 4.09271198929850E-001 4.35703176763376E-001
43.5716293 4.06828151933026E-001 4.33042360733709E-001
43.6716056 4.04404827593550E-001 4.30403527458657E-001
43.7715858 4.02000934084812E-001 4.27786348747226E-001
43.8715623 3.99616456757253E-001 4.25190798363956E-001
43.9715428 3.97251018049690E-001 4.22616455191211E-001
44.0715195 3.94904605185397E-001 4.20063295338709E-001
44.1714963 3.92576936685314E-001 4.17531002659893E-001
44.2714770 3.90267736249236E-001 4.15019266897675E-001
44.3714539 3.87976993765988E-001 4.12528067501558E-001
44.4714348 3.85704350421825E-001 4.10057004845394E-001
44.5714120 3.83449797791127E-001 4.07606060491964E-001
44.6713893 3.81213069220849E-001 4.05174935393509E-001
44.7713704 3.78993902936999E-001 4.02763336041548E-001
44.8713479 3.76792292912027E-001 4.00371247007613E-001
44.9713293 3.74607897931382E-001 3.97998288805448E-001
45.0713069 3.72440713483281E-001 3.95644447909848E-001
45.1712846 3.70290486794708E-001 3.93309441252753E-001
45.2712662 3.68156969692568E-001 3.90992990979972E-001
45.3712441 3.66040159820603E-001 3.88695086275196E-001
45.4712259 3.63939732497997E-001 3.86415366540461E-001
45.5712040 3.61855686730276E-001 3.84153822672451E-001
45.6711822 3.59787782748635E-001 3.81910186548794E-001
45.7711643 3.57735785124092E-001 3.79684194958356E-001
45.8711426 3.55699694797678E-001 3.77475841234981E-001
45.9711248 3.53679202632823E-001 3.75284782508937E-001
46.0711034 3.51674310792635E-001 3.73111013654591E-001
46.1710820 3.49684791700988E-001 3.70954280539037E-001
46.2710644 3.47710421879007E-001 3.68814333658897E-001
46.3710432 3.45751205225656E-001 3.66691170079347E-001
46.4710259 3.43806847228907E-001 3.64584463582724E-001
46.5710048 3.41877352883004E-001 3.62494212618336E-001
46.6709838 3.39962506051902E-001 3.60420176157662E-001
46.7709667 3.38062094470399E-001 3.58362117539267E-001
46.8709459 3.36176124687383E-001 3.56320037179834E-001
46.9709290 3.34304315959807E-001 3.54293624514574E-001
47.0709083 3.32446675816737E-001 3.52282881202442E-001
47.1708877 3.30602998863683E-001 3.50287578499377E-001
47.2708710 3.28773083365530E-001 3.48307491783702E-001
47.3708506 3.26956938241447E-001 3.46342624479035E-001
47.4708341 3.25154295720857E-001 3.44392680744938E-001
47.5708138 3.23365165598588E-001 3.42457665118572E-001
47.6707936 3.21589352572872E-001 3.40537360380129E-001
47.7707773 3.19826664803625E-001 3.38631553203840E-001
47.8707573 3.18077113326363E-001 3.36740249707559E-001
47.9707411 3.16340442600837E-001 3.34863167911635E-001
48.0707212 3.14616664443294E-001 3.33000314930621E-001
48.1707014 3.12905593041517E-001 3.31151484363542E-001
48.2706855 3.11207045860040E-001 3.29316473490212E-001
48.3706658 3.09521035820079E-001 3.27495290838871E-001
48.4706500 3.07847318919704E-001 3.25687667486847E-001
48.5706305 3.06185908774634E-001 3.23893612852997E-001
48.6706110 3.04536628501062E-001 3.22112930700068E-001
48.7705955 3.02899304318792E-001 3.20345428272288E-001
48.8705762 3.01273950825228E-001 3.18591116250557E-001
48.9705608 2.99660334910994E-001 3.16849738020404E-001
49.0705416 2.98058471789663E-001 3.15121305057012E-001
49.1705225 2.96468192983390E-001 3.13405630677978E-001
49.2705073 2.94889332955741E-001 3.11702531495962E-001
49.3704883 2.93321907789959E-001 3.10012020110471E-001
49.4704733 2.91765694666176E-001 3.08333851517170E-001
49.5704545 2.90220710212632E-001 3.06668039022353E-001
49.6704357 2.88686793870680E-001 3.05014404932130E-001
49.7704208 2.87163787871006E-001 3.03372774673184E-001
49.8704022 2.85651709609752E-001 3.01743162551039E-001
49.9703875 2.84150345992985E-001 3.00125334520209E-001
50.0703690 2.82659714897177E-001 2.98519305513531E-001
50.1703506 2.81179663229016E-001 2.96924906298454E-001
50.2703361 2.79710040541841E-001 2.95341970599551E-001
50.3703178 2.78250865387568E-001 2.93770514235250E-001
50.4703034 2.76801933871134E-001 2.92210313510820E-001
50.5702853 2.75363264966030E-001 2.90661384799794E-001
50.6702672 2.73934712620788E-001 2.89123566839879E-001
50.7702530 2.72516133296651E-001 2.87596701172688E-001
50.8702350 2.71107546558544E-001 2.86080804954109E-001
50.9702209 2.69708757217015E-001 2.84575664271979E-001
51.0702031 2.68319785205190E-001 2.83081296771696E-001
51.1701853 2.66940491118031E-001 2.81597548703417E-001
51.2701714 2.65570737937376E-001 2.80124268977486E-001
51.3701538 2.64210546111467E-001 2.78661475927868E-001
51.4701400 2.62859728694517E-001 2.77208964893677E-001
51.5701225 2.61518306454484E-001 2.75766754638794E-001
51.6701050 2.60186146263298E-001 2.74334698498743E-001
51.7700914 2.58863117261471E-001 2.72912652334326E-001
51.8700741 2.57549240662758E-001 2.71500635512782E-001
51.9700606 2.56244337332122E-001 2.70098452127378E-001
52.0700434 2.54948428758996E-001 2.68706121921131E-001
52.1700263 2.53661387746835E-001 2.67323504916223E-001
52.2700130 2.52383089256397E-001 2.65950463533394E-001
52.3699959 2.51113555159964E-001 2.64587018041621E-001
52.4699827 2.49852613727272E-001 2.63232980822826E-001
52.5699658 2.48600287066295E-001 2.61888372472589E-001
52.6699489 2.47356453588807E-001 2.60553059327272E-001
52.7699359 2.46120993759148E-001 2.59226910002692E-001
52.8699192 2.44893930010985E-001 2.57909945550085E-001
52.9699063 2.43675097637869E-001 2.56601986203860E-001
53.0698897 2.42464519272863E-001 2.55303053297200E-001
53.1698731 2.41262078633474E-001 2.54013019132441E-001
53.2698603 2.40067661391119E-001 2.52731758179351E-001
53.3698439 2.38881290452686E-001 2.51459292162928E-001
53.4698313 2.37702807777825E-001 2.50195448761101E-001
53.5698149 2.36532236439881E-001 2.48940249940265E-001
53.6697986 2.35369465178616E-001 2.47693573642995E-001
53.7697861 2.34214384594736E-001 2.46455299873871E-001
53.8697699 2.33067017988354E-001 2.45225450933140E-001
53.9697576 2.31927213649114E-001 2.44003861558548E-001
54.0697415 2.30794995013716E-001 2.42790554254929E-001
54.1697254 2.29670255578445E-001 2.41585412300188E-001
54.2697133 2.28552890612860E-001 2.40388320934940E-001
54.3696973 2.27442923737760E-001 2.39199302945278E-001
54.4696852 2.26340209256794E-001 2.38018199768513E-001
54.5696694 2.25244770900264E-001 2.36845034361923E-001
54.6696536 2.24156506671722E-001 2.35679695053128E-001
54.7696417 2.23075316265277E-001 2.34522072038903E-001
54.8696260 2.22001223556662E-001 2.33372188510065E-001
54.9696142 2.20934088566270E-001 2.32229892265057E-001
55.0695986 2.19873935254804E-001 2.31095206635587E-001
55.1695831 2.18820665899139E-001 2.29968024731297E-001
55.2695714 2.17774184388618E-001 2.28848241442772E-001
55.3695560 2.16734514794352E-001 2.27735880291983E-001
55.4695444 2.15701522573670E-001 2.26630795120375E-001
55.5695291 2.14675231860444E-001 2.25533009563348E-001
55.6695138 2.13655548985172E-001 2.24442421261504E-001
55.7695023 2.12642381817052E-001 2.23358929553168E-001
55.8694872 2.11635754568672E-001 2.22282558224789E-001
55.9694758 2.10635537870763E-001 2.21213166861571E-001
56.0694607 2.09641755978579E-001 2.20150779338508E-001
56.1694457 2.08654319069791E-001 2.19095297591558E-001
56.2694345 2.07673138791057E-001 2.18046625175846E-001
56.3694196 2.06698239447691E-001 2.17004786081897E-001
56.4694085 2.05729496595475E-001 2.15969645357039E-001
56.5693936 2.04766934564233E-001 2.14941227057815E-001
56.6693788 2.03810467184704E-001 2.13919437194307E-001
56.7693678 2.02860009690686E-001 2.12904183321566E-001
56.8693531 2.01915586436177E-001 2.11895489579521E-001
56.9693423 2.00977077667840E-001 2.10893226212403E-001
57.0693276 2.00044507747791E-001 2.09897417405780E-001
57.1693130 1.99117793977228E-001 2.08907973035995E-001
57.2693023 1.98196854998035E-001 2.07924804454246E-001
57.3692878 1.97281715173150E-001 2.06947935900417E-001
57.4692772 1.96372259219185E-001 2.05977242565735E-001
57.5692628 1.95468511492415E-001 2.05012748717304E-001
57.6692484 1.94570392592615E-001 2.04054367902318E-001
57.7692379 1.93677824401198E-001 2.03102015076532E-001
57.8692236 1.92790831254217E-001 2.02155714535109E-001
57.9692132 1.91909302129686E-001 2.01215346180652E-001
58.0691990 1.91033261343689E-001 2.00280934318913E-001
58.1691849 1.90162632632695E-001 1.99352395984129E-001
58.2691746 1.89297340958890E-001 1.98429649556376E-001
58.3691605 1.88437410599197E-001 1.97512719345771E-001
58.4691503 1.87582734596074E-001 1.96601489744031E-001
58.5691363 1.86733337194504E-001 1.95695985056862E-001
58.6691224 1.85889145115116E-001 1.94796125632547E-001
58.7691123 1.85050086251258E-001 1.93901833105843E-001
58.8690985 1.84216184791750E-001 1.93013131765466E-001
58.9690885 1.83387337657366E-001 1.92129910282464E-001
59.0690747 1.82563568994247E-001 1.91252192927635E-001
59.1690610 1.81744808363361E-001 1.90379903200399E-001
59.2690511 1.80930986448159E-001 1.89512965830434E-001
59.3690374 1.80122127323365E-001 1.88651405052325E-001
59.4690277 1.79318131612101E-001 1.87795113618344E-001
59.5690141 1.78519023336795E-001 1.86944115733014E-001
59.6690006 1.77724734763098E-001 1.86098337893404E-001
59.7689909 1.76935199231482E-001 1.85257707773566E-001
59.8689774 1.76150440679315E-001 1.84422249524547E-001
59.9689678 1.75370363265614E-001 1.83591859792652E-001
60.0689545 1.74594990866852E-001 1.82766562687961E-001
60.1689411 1.73824258325325E-001 1.81946287560490E-001
60.2689316 1.73058101512929E-001 1.81130964886747E-001
60.3689184 1.72296544208899E-001 1.80320618707844E-001
60.4689090 1.71539493950610E-001 1.79515149387167E-001
60.5688958 1.70786974448746E-001 1.78714580915093E-001
60.6688827 1.70038923001346E-001 1.77918845358112E-001
60.7688734 1.69295277893118E-001 1.77127875861309E-001
60.8688603 1.68556062726665E-001 1.76341696332237E-001
60.9688511 1.67821188268558E-001 1.75560210683986E-001
61.0688381 1.67090678046038E-001 1.74783442764641E-001
61.1688251 1.66364471698677E-001 1.74011327228373E-001
61.2688160 1.65642509811925E-001 1.73243799762498E-001
61.3688031 1.64924815795334E-001 1.72480884119904E-001
61.4687941 1.64211303503355E-001 1.71722487604997E-001
61.5687813 1.63501996264147E-001 1.70968633903411E-001
61.6687685 1.62796835950853E-001 1.70219260135392E-001
61.7687596 1.62095765343739E-001 1.69474304411194E-001
61.8687469 1.61398807644771E-001 1.68733790310230E-001
61.9687381 1.60705879662353E-001 1.67997628378269E-001
62.0687254 1.60017004511742E-001 1.67265842120545E-001
62.1687128 1.59332126197562E-001 1.66538371008518E-001
62.2687041 1.58651189594713E-001 1.65815155462672E-001
62.3686916 1.57974217684779E-001 1.65096218872246E-001
62.4686829 1.57301130103116E-001 1.64381474882317E-001
62.5686704 1.56631949739929E-001 1.63670946801814E-001
62.6686580 1.55966622634735E-001 1.62964576344841E-001
62.7686494 1.55305095662280E-001 1.62262306135591E-001
62.8686371 1.54647391572543E-001 1.61564159358344E-001
62.9686286 1.53993432707357E-001 1.60870052622869E-001
63.0686163 1.53343241721244E-001 1.60180009027722E-001
63.1686040 1.52696766597188E-001 1.59493972427000E-001
63.2685918 1.52053980570740E-001 1.58811913491250E-001
63.3685872 1.51414808486974E-001 1.58133751563329E-001
63.4685751 1.50779321566299E-001 1.57459561300084E-001
63.5685630 1.50147444833237E-001 1.56789262254057E-001
63.6685509 1.49519152439125E-001 1.56122826115519E-001
63.7685388 1.48894418758477E-001 1.55460224823141E-001
63.8685344 1.48273171126327E-001 1.54801380443190E-001
63.9685224 1.47655479144281E-001 1.54146365927301E-001
64.0685105 1.47041270313958E-001 1.53495103536517E-001
64.1684986 1.46430519880288E-001 1.52847566177901E-001
64.2684867 1.45823203300361E-001 1.52203726994452E-001
64.3684824 1.45219250295599E-001 1.51563510660445E-001
64.4684706 1.44618728889810E-001 1.50926988465200E-001
64.5684588 1.44021568958999E-001 1.50294085263861E-001
64.6684470 1.43427746787862E-001 1.49664775119433E-001
64.7684353 1.42837238862859E-001 1.49039032319113E-001
64.8684312 1.42249977193373E-001 1.48416784035612E-001
64.9684195 1.41666028265468E-001 1.47798099937893E-001
65.0684079 1.41085324231914E-001 1.47182907366574E-001
65.1683963 1.40507842366365E-001 1.46571181483218E-001
65.2683847 1.39933560134416E-001 1.45962897662502E-001
65.3683808 1.39362411739845E-001 1.45357985471508E-001
65.4683692 1.38794462170073E-001 1.44756512999853E-001
65.5683578 1.38229645761813E-001 1.44158409970433E-001
65.6683463 1.37667940729692E-001 1.43563652589231E-001
65.7683349 1.37109325471001E-001 1.42972217264885E-001
65.8683311 1.36553736294920E-001 1.42384035859971E-001
65.9683197 1.36001236728386E-001 1.41799174924813E-001
66.0683084 1.35451763203761E-001 1.41217566466518E-001
66.1682971 1.34905294831306E-001 1.40639187684386E-001
66.2682858 1.34361810895192E-001 1.40064015970498E-001
66.3682821 1.33821249725318E-001 1.39491985388923E-001
66.4682709 1.33283673425368E-001 1.38923160989811E-001
66.5682597 1.32749020439322E-001 1.38357476971235E-001
66.6682485 1.32217270730234E-001 1.37794911477553E-001
66.7682374 1.31688404426780E-001 1.37235442836585E-001
66.8682339 1.31162361798981E-001 1.36679007224498E-001
66.9682228 1.30639203563571E-001 1.36125668229442E-001
67.0682118 1.30118870096150E-001 1.35575362151763E-001
67.1682007 1.29601342172049E-001 1.35028068035297E-001
67.2681897 1.29086600724390E-001 1.34483765098524E-001
67.3681864 1.28574587886563E-001 1.33942391544661E-001
67.4681754 1.28065363023738E-001 1.33404009537104E-001
67.5681645 1.27558868366947E-001 1.32868557394072E-001
67.6681536 1.27055085465480E-001 1.32336015015796E-001
67.7681428 1.26553996018999E-001 1.31806362468817E-001
67.8681396 1.26055543951151E-001 1.31279539902454E-001
67.9681288 1.25559787310028E-001 1.30755608091663E-001
68.0681180 1.25066670109505E-001 1.30234507292201E-001
68.1681072 1.24576174636563E-001 1.29716218219956E-001
68.2680965 1.24088283321544E-001 1.29200721749255E-001
68.3680934 1.23602941808667E-001 1.28687959898432E-001
68.4680827 1.23120206862553E-001 1.28177992089420E-001
68.5680721 1.22640024210722E-001 1.27670760438995E-001
68.6680615 1.22162376843524E-001 1.27166246440180E-001
68.7680509 1.21687247888022E-001 1.26664431736984E-001
68.8680479 1.21214584642575E-001 1.26165260143332E-001
68.9680374 1.20744442621067E-001 1.25668789762645E-001
69.0680269 1.20276769198687E-001 1.25174964499823E-001
69.1680164 1.19811548036644E-001 1.24683766588569E-001
69.2680059 1.19348762926566E-001 1.24195178406521E-001
69.3680031 1.18888362757592E-001 1.23709145493225E-001
69.4679927 1.18430401824744E-001 1.23225724667218E-001
69.5679823 1.17974829087951E-001 1.22744861552045E-001
69.6679719 1.17521628848480E-001 1.22266539087585E-001
69.7679615 1.17070785532057E-001 1.21790740350973E-001
69.8679589 1.16622249558151E-001 1.21317412540671E-001
69.9679486 1.16176074033962E-001 1.20846611223093E-001
70.0679383 1.15732209444103E-001 1.20378283674185E-001
70.1679281 1.15290640700715E-001 1.19912413507326E-001
70.2679178 1.14851352834743E-001 1.19448984466825E-001
70.3679153 1.14414297738289E-001 1.18987945346450E-001
70.4679051 1.13979527360949E-001 1.18529350492391E-001
70.5678949 1.13546993654694E-001 1.18073148769813E-001
70.6678848 1.13116682114867E-001 1.17619324434642E-001
70.7678747 1.12688578350253E-001 1.17167861867740E-001
70.8678723 1.12262635670500E-001 1.16718711397489E-001
70.9678622 1.11838904897012E-001 1.16271926180925E-001
71.0678522 1.11417339394374E-001 1.15827456612140E-001
71.1678422 1.10997925214887E-001 1.15385287560275E-001
71.2678322 1.10580648519212E-001 1.14945404013725E-001
71.3678299 1.10165463981921E-001 1.14507757777565E-001
71.4678200 1.09752421324854E-001 1.14072400849921E-001
71.5678100 1.09341475272917E-001 1.13639285096266E-001
71.6678002 1.08932612410469E-001 1.13208395971145E-001
71.7677903 1.08525819425408E-001 1.12779719042975E-001
71.8677881 1.08121052306956E-001 1.12353207538224E-001
71.9677783 1.07718359705246E-001 1.11928912325551E-001
72.0677685 1.07317697655532E-001 1.11506786686853E-001
72.1677587 1.06919053250602E-001 1.11086816635716E-001
72.2677489 1.06522413682203E-001 1.10668988294481E-001
72.3677468 1.06127736206156E-001 1.10253256258192E-001
72.4677371 1.05735068427992E-001 1.09839670294696E-001
72.5677275 1.05344367645540E-001 1.09428185049827E-001
72.6677178 1.04955621437585E-001 1.09018787071189E-001
72.7677082 1.04568817477518E-001 1.08611463010295E-001
72.8677062 1.04183914241813E-001 1.08206168780302E-001
72.9676966 1.03800958317771E-001 1.07802953076130E-001
73.0676870 1.03419908220118E-001 1.07401771857393E-001
73.1676774 1.03040751992324E-001 1.07002612181970E-001
73.2676679 1.02663477768338E-001 1.06605461207053E-001
73.3676660 1.02288045201341E-001 1.06210276115680E-001
73.4676565 1.01914499886061E-001 1.05817104556979E-001
73.5676471 1.01542801510419E-001 1.05425903756400E-001
73.6676376 1.01172938562332E-001 1.05036661259558E-001
73.7676282 1.00804899616267E-001 1.04649364707014E-001
73.8676264 1.00438645460069E-001 1.04263972505579E-001
73.9676171 1.00074220720848E-001 1.03880531284989E-001
74.0676077 9.97115862179079E-002 1.03498999490682E-001
74.1675984 9.93507308643732E-002 1.03119365134607E-001
74.2675890 9.89916436561851E-002 1.02741616319507E-001
74.3675874 9.86342864756089E-002 1.02365712631865E-001
74.4675781 9.82787030064172E-002 1.01991699707709E-001
74.5675688 9.79248551592690E-002 1.01619537168612E-001
74.6675596 9.75727322542075E-002 1.01249213472524E-001
74.7675504 9.72223236905428E-002 1.00880717164240E-001
74.8675488 9.68735924064330E-002 1.00514008967723E-001
74.9675396 9.65265811659265E-002 1.00149133550280E-001
75.0675305 9.61812529327128E-002 9.97860516676580E-002
75.1675213 9.58375974163599E-002 9.94247522044815E-002
75.2675122 9.54956044023278E-002 9.90652241284728E-002
75.3675108 9.51552378477687E-002 9.87074292606905E-002
75.4675017 9.48165396199755E-002 9.83514113240263E-002
75.5674926 9.44794736989581E-002 9.79971321682400E-002
75.6674836 9.41440301672641E-002 9.76445810862594E-002
75.7674746 9.38101991801215E-002 9.72937474505472E-002
75.8674732 9.34779456783266E-002 9.69445941406002E-002
75.9674642 9.31473106547571E-002 9.65971639585369E-002
76.0674553 9.28182590705706E-002 9.62514198096727E-002
76.1674463 9.24907813655492E-002 9.59073513777712E-002
76.2674374 9.21648680490989E-002 9.55649484227410E-002
76.3674361 9.18404850117846E-002 9.52241748454939E-002
76.4674273 9.15176723937961E-002 9.48850725503719E-002
76.5674184 9.11963961037281E-002 9.45476054614132E-002
76.6674096 9.08766469236102E-002 9.42117636366003E-002
76.7674007 9.05584157021853E-002 9.38775372068354E-002
76.8673996 9.02416692473133E-002 9.35448910589790E-002
76.9673908 8.99264468676275E-002 9.32138662219628E-002
77.0673820 8.96127153868413E-002 9.28844276032596E-002
77.1673732 8.93004659149608E-002 9.25565656192590E-002
77.2673645 8.89896896259340E-002 9.22302707562009E-002
77.3673634 8.86803542137761E-002 9.19055088529077E-002
77.4673547 8.83724981761166E-002 9.15823200846546E-002
77.5673461 8.80660892207936E-002 9.12606703085298E-002
77.6673374 8.77611187721968E-002 9.09405502842790E-002
77.7673288 8.74575783160177E-002 9.06219508385768E-002
77.8673278 8.71554364025595E-002 9.03048387296296E-002
77.9673192 8.68547307384354E-002 8.99892533002139E-002
78.0673106 8.65554298858763E-002 8.96751613246103E-002
78.1673020 8.62575255707051E-002 8.93625538915914E-002
78.2672935 8.59610095775305E-002 8.90514221540755E-002
78.3672925 8.56658512842854E-002 8.87417337584150E-002
78.4672840 8.53720876260079E-002 8.84335272354653E-002
78.5672755 8.50796879907908E-002 8.81267702456079E-002
78.6672671 8.47886443935478E-002 8.78214541929939E-002
78.7672586 8.44989489055800E-002 8.75175705432687E-002
78.8672578 8.42105717049458E-002 8.72150878009688E-002
78.9672493 8.39235489740154E-002 8.69140437050424E-002
79.0672409 8.36378508993590E-002 8.66144067721468E-002
79.1672325 8.33534697732143E-002 8.63161687088085E-002
79.2672242 8.30703979419199E-002 8.60193212805221E-002
79.3672234 8.27886063572549E-002 8.57238338212620E-002
79.4672151 8.25081304673111E-002 8.54297432975338E-002
79.5672068 8.22289412308428E-002 8.51370190536528E-002
79.6671985 8.19510312061916E-002 8.48456530861289E-002
79.7671902 8.16743930036182E-002 8.45556374480323E-002
79.8671895 8.13989983232664E-002 8.42669422751874E-002
79.9671813 8.11248818968352E-002 8.39796037805886E-002
80.0671730 8.08520154300113E-002 8.36935921087409E-002
80.1671648 8.05803917365370E-002 8.34088995343252E-002
80.2671566 8.03100036799927E-002 8.31255183862861E-002
80.3671560 8.00408236845297E-002 8.28434195758137E-002
80.4671478 7.97728857828511E-002 8.25626385808040E-002
80.5671397 7.95061624033177E-002 8.22831463195807E-002
80.6671315 7.92406466048599E-002 8.20049353337303E-002
80.7671234 7.89763314942606E-002 8.17279982169143E-002
80.8671229 7.87131901962760E-002 8.14523066302569E-002
80.9671148 7.84512560615344E-002 8.11778953344642E-002
81.0671067 7.81905022177603E-002 8.09047359963523E-002
81.1670987 7.79309219593251E-002 8.06328214136693E-002
81.2670906 7.76725086265576E-002 8.03621444341497E-002
81.3670902 7.74152360223269E-002 8.00926774444237E-002
81.4670822 7.71591368316458E-002 7.98244545054269E-002
81.5670742 7.69041848591961E-002 7.95574480081382E-002
81.6670662 7.66503736254856E-002 7.92916509962165E-002
81.7670583 7.63976966951695E-002 7.90270565613133E-002
81.8670579 7.61461285276067E-002 7.87636377920949E-002
81.9670500 7.58957011582048E-002 7.85014280666688E-002
82.0670421 7.56463890470614E-002 7.82404004767997E-002
82.1670342 7.53981859319345E-002 7.79805483022733E-002
82.2670263 7.51510855930011E-002 7.77218648689654E-002
82.3670260 7.49050631253170E-002 7.74643239450219E-002
82.4670182 7.46601499302596E-002 7.72079582422030E-002
82.5670103 7.44163211026250E-002 7.69527415305896E-002
82.6670025 7.41735705889342E-002 7.66986673167547E-002
82.7669947 7.39318923764746E-002 7.64457291515443E-002
82.8669945 7.36912621759995E-002 7.61939014609002E-002
82.9669867 7.34517107700077E-002 7.59432163062668E-002
83.0669790 7.32132138680648E-002 7.56936481144388E-002
83.1669712 7.29757656173447E-002 7.54451906098576E-002
83.2669635 7.27393602042097E-002 7.51978375595029E-002
83.3669634 7.25039739358680E-002 7.49515640262618E-002
83.4669556 7.22696369906798E-002 7.47064014368575E-002
83.5669479 7.20363256738052E-002 7.44623248540244E-002
83.6669403 7.18040343253204E-002 7.42193282115537E-002
83.7669326 7.15727573229817E-002 7.39774054841177E-002
83.8669326 7.13424715519346E-002 7.37365323514942E-002
83.9669249 7.11132066007415E-002 7.34967396208561E-002
84.0669173 7.08849393517018E-002 7.32580029708944E-002
84.1669097 7.06576643303849E-002 7.30203165366115E-002
84.2669021 7.04313760985980E-002 7.27836744923067E-002
84.3669022 7.02060521015986E-002 7.25480531153545E-002
84.4668946 6.99817213521048E-002 7.23134826081370E-002
84.5668870 6.97583612917885E-002 7.20799392460746E-002
84.6668795 6.95359666246278E-002 7.18474173576030E-002
84.7668720 6.93145320894591E-002 7.16159113089403E-002
84.8668721 6.90940356744888E-002 7.13853979564905E-002
84.9668646 6.88745058301675E-002 7.11559069122042E-002
85.0668571 6.86559205404318E-002 7.09274150297275E-002
85.1668496 6.84382746808922E-002 7.06999168234935E-002
85.2668422 6.82215631606979E-002 7.04734068442709E-002
85.3668424 6.80057644944755E-002 7.02478625096207E-002
85.4668349 6.77909065836189E-002 7.00233128550337E-002
85.5668275 6.75769679378516E-002 6.97997352945678E-002
85.6668201 6.73639435979339E-002 6.95771245215447E-002
85.7668127 6.71518286369025E-002 6.93554752642375E-002
85.8668130 6.69406020798808E-002 6.91347654841567E-002
85.9668056 6.67302912920624E-002 6.89150236539273E-002
86.0667983 6.65208752930830E-002 6.86962277308670E-002
86.1667909 6.63123492826495E-002 6.84783725803866E-002
86.2667836 6.61047084915368E-002 6.82614531015244E-002
86.3667839 6.58979324400227E-002 6.80454477831685E-002
86.4667766 6.56920479696118E-002 6.78303845483065E-002
86.5667694 6.54870345945552E-002 6.76162418809960E-002
86.6667621 6.52828876675683E-002 6.74030148122320E-002
86.7667548 6.50796025712783E-002 6.71906984053709E-002
86.8667552 6.48771593063309E-002 6.69792716607148E-002
86.9667480 6.46755842027181E-002 6.67687619644867E-002
87.0667408 6.44748572545622E-002 6.65591483115693E-002
87.1667336 6.42749739619029E-002 6.63504258923180E-002
87.2667264 6.40759298535837E-002 6.61425899282367E-002
87.3667268 6.38777053963638E-002 6.59356199156613E-002
87.4667197 6.36803264205746E-002 6.57295427165775E-002
87.5667125 6.34837733859948E-002 6.55243378213576E-002
87.6667054 6.32880419345445E-002 6.53200005737601E-002
87.7666983 6.30931277358867E-002 6.51165263475311E-002
87.8666988 6.28990117091497E-002 6.49138951202166E-002
87.9666917 6.27057191965399E-002 6.47121332417572E-002
88.0666846 6.25132311097859E-002 6.45112206832349E-002
88.1666775 6.23215432274737E-002 6.43111529361074E-002
88.2666705 6.21306513549158E-002 6.41119255207092E-002
88.3666710 6.19405368503538E-002 6.39135188815070E-002
88.4666640 6.17512245790991E-002 6.37159588682633E-002
88.5666570 6.15626958916092E-002 6.35192259185203E-002
88.6666500 6.13749466981401E-002 6.33233156659739E-002
88.7666429 6.11879729347006E-002 6.31282237721318E-002
88.8666436 6.10017563858583E-002 6.29339311346043E-002
88.9666366 6.08163214509615E-002 6.27404631145264E-002
89.0666296 6.06316499064422E-002 6.25478006021607E-002
89.1666227 6.04477377894389E-002 6.23559393682096E-002
89.2666157 6.02645811619096E-002 6.21648752101681E-002
89.3666164 6.00821622224098E-002 6.19745894655024E-002
89.4666095 5.99005049149676E-002 6.17851070179640E-002
89.5666026 5.97195914296822E-002 6.15964091972838E-002
89.6665957 5.95394179259858E-002 6.14084919061591E-002
89.7665889 5.93599805872349E-002 6.12213510731028E-002
89.8665896 5.91812620140654E-002 6.10349684626198E-002
89.9665828 5.90032857055478E-002 6.08493684920238E-002
90.0665759 5.88260342535700E-002 6.06645329177297E-002
90.1665691 5.86495039354578E-002 6.04804577696270E-002
90.2665622 5.84736910516038E-002 6.02971391024848E-002
90.3665631 5.82985785932297E-002 6.01145590954792E-002
90.4665563 5.81241896245388E-002 5.99327417101433E-002
90.5665495 5.79505071277399E-002 5.97516691172396E-002
90.6665427 5.77775274938337E-002 5.95713374692466E-002
90.7665359 5.76052471360645E-002 5.93917429426250E-002
90.8665368 5.74336494251420E-002 5.92128681192873E-002
90.9665301 5.72627570002279E-002 5.90347365153614E-002
91.0665233 5.70925532227792E-002 5.88573307040517E-002
91.1665166 5.69230345934247E-002 5.86806469560126E-002
91.2665099 5.67541976342472E-002 5.85046815650198E-002
91.3665108 5.65860260847265E-002 5.83294175042017E-002
91.4665041 5.64185421685514E-002 5.81548778543838E-002
91.5664975 5.62517296157336E-002 5.79810455797192E-002
91.6664908 5.60855850326474E-002 5.78079170648060E-002
91.7664842 5.59201050463632E-002 5.76354887165383E-002
91.8664851 5.57552737547788E-002 5.74637438881375E-002
91.9664785 5.55911129754295E-002 5.72927052349647E-002
92.0664719 5.54276067965515E-002 5.71223561010239E-002
92.1664653 5.52647519265385E-002 5.69526929807981E-002
92.2664587 5.51025450937541E-002 5.67837123902742E-002
92.3664597 5.49409707445122E-002 5.66153980520250E-002
92.4664531 5.47800502992710E-002 5.64477722055281E-002
92.5664466 5.46197681945110E-002 5.62808185639211E-002
92.6664400 5.44601212370694E-002 5.61145337276773E-002
92.7664335 5.43011062530557E-002 5.59489143180148E-002
92.8664346 5.41427080275353E-002 5.57839444164825E-002
92.9664281 5.39849475927315E-002 5.56196458560053E-002
93.0664215 5.38278097237229E-002 5.54560027085017E-002
93.1664150 5.36712913223577E-002 5.52930116766988E-002
93.2664086 5.35153893090862E-002 5.51306694833394E-002
93.3664097 5.33600887983839E-002 5.49689605589255E-002
93.4664032 5.32054104428522E-002 5.48079063389175E-002
93.5663968 5.30513393468451E-002 5.46474912440121E-002
93.6663903 5.28978725039252E-002 5.44877120756041E-002
93.7663839 5.27450069256140E-002 5.43285656544038E-002
93.8663851 5.25927280467667E-002 5.41700367501805E-002
93.9663787 5.24410561487540E-002 5.40121464097828E-002
94.0663723 5.22899766561918E-002 5.38548793930198E-002
94.1663659 5.21394866511915E-002 5.36982325965107E-002
94.2663595 5.19895832332050E-002 5.35422029355187E-002
94.3663607 5.18402521487360E-002 5.33867755097192E-002
94.4663544 5.16915133160997E-002 5.32319709859727E-002
94.5663480 5.15433524714584E-002 5.30777744538576E-002
94.6663417 5.13957667824312E-002 5.29241829019124E-002
94.7663353 5.12487534333835E-002 5.27711933366735E-002
94.8663366 5.11022984740233E-002 5.26187911786733E-002
94.9663303 5.09564214675760E-002 5.24669967231853E-002
95.0663240 5.08111084533216E-002 5.23157953805259E-002
95.1663177 5.06663566814642E-002 5.21651842279769E-002
95.2663114 5.05221634183845E-002 5.20151603601993E-002
95.3663128 5.03785150088261E-002 5.18657095098324E-002
95.4663065 5.02354306686879E-002 5.17168516087487E-002
95.5663002 5.00928967322129E-002 5.15685723792683E-002
95.6662940 4.99509105293826E-002 5.14208689843672E-002
95.7662878 4.98094694058068E-002 5.12737386038053E-002
95.8662892 4.96685599933626E-002 5.11271672738674E-002
95.9662829 4.95282011681869E-002 5.09811745710003E-002
96.0662767 4.93883795515966E-002 5.08357465210815E-002
96.1662705 4.92490925506516E-002 5.06908803698513E-002
96.2662643 4.91103375875125E-002 5.05465733792610E-002
96.3662658 4.89721015735439E-002 5.04028118810570E-002
96.4662596 4.88344030524926E-002 5.02596151040319E-002
96.5662535 4.86972289251154E-002 5.01169693694501E-002
96.6662473 4.85605766729553E-002 4.99748720030002E-002
96.7662412 4.84244437921494E-002 4.98333203460320E-002
96.8662427 4.82888174661485E-002 4.96923010178344E-002
96.9662365 4.81537159134961E-002 4.95518329071204E-002
97.0662304 4.80191263069989E-002 4.94119026226361E-002
97.1662243 4.78850462001881E-002 4.92725075673118E-002
97.2662182 4.77514731607014E-002 4.91336451592103E-002
97.3662198 4.76183946369115E-002 4.89953022975016E-002
97.4662137 4.74858285291635E-002 4.88574975382003E-002
97.5662076 4.73537622751605E-002 4.87202177698846E-002
97.6662016 4.72221934980220E-002 4.85834604701246E-002
97.7661955 4.70911198345048E-002 4.84472231311147E-002
97.8661971 4.69605289909676E-002 4.83114929244903E-002
97.9661911 4.68304385563855E-002 4.81762880807625E-002
98.0661851 4.67008362264317E-002 4.80415957609377E-002
98.1661791 4.65717196915052E-002 4.79074135147238E-002
98.2661730 4.64430866551916E-002 4.77737389059642E-002
98.3661747 4.63149250751182E-002 4.76405593715820E-002
98.4661687 4.61872522355475E-002 4.75078928235976E-002
98.5661627 4.60600560834151E-002 4.73757266882783E-002
98.6661568 4.59333343741786E-002 4.72440585850636E-002
98.7661508 4.58070848760478E-002 4.71128861470584E-002
98.8661525 4.56812957914133E-002 4.69821970695237E-002
98.9661465 4.55559841063159E-002 4.68520089528259E-002
99.0661406 4.54311380124563E-002 4.67223094815535E-002
99.1661347 4.53067553282133E-002 4.65930963425631E-002
99.2661288 4.51828338842999E-002 4.64643672359243E-002
99.3661305 4.50593621215677E-002 4.63361101085061E-002
99.4661246 4.49363567341647E-002 4.62083422556862E-002
99.5661187 4.48138061522631E-002 4.60810516136539E-002
99.6661128 4.46917082551050E-002 4.59542359344558E-002
99.7661070 4.45700609338651E-002 4.58278929829164E-002
99.8661087 4.44488528617498E-002 4.57020109509949E-002
99.9661029 4.43281004471865E-002 4.55766068355788E-002
100.0660970 4.42077923527197E-002 4.54516688179487E-002
100.1660912 4.40879265164747E-002 4.53271947131985E-002
100.2660854 4.39685008881221E-002 4.52031823487807E-002
100.3660872 4.38495043673058E-002 4.50796201554309E-002
100.4660814 4.37309530827519E-002 4.49565248378828E-002
100.5660756 4.36128359234668E-002 4.48338848162028E-002
100.6660698 4.34951508845520E-002 4.47116979664689E-002
100.7660640 4.33778959722814E-002 4.45899621767154E-002
100.8660658 4.32610603070010E-002 4.44686661103362E-002
100.9660601 4.31446597436063E-002 4.43478261860908E-002
101.0660543 4.30286833918370E-002 4.42274310567212E-002
101.1660486 4.29131293019342E-002 4.41074786573043E-002
101.2660428 4.27979955349521E-002 4.39879669344848E-002
101.3660447 4.26832714263796E-002 4.38688847783879E-002
101.4660390 4.25689725630076E-002 4.37502483278245E-002
101.5660333 4.24550882697552E-002 4.36320464622909E-002
101.6660275 4.23416166502340E-002 4.35142771739512E-002
101.7660218 4.22285558185233E-002 4.33969384661638E-002
101.8660238 4.21158953198642E-002 4.32800194500387E-002
101.9660181 4.20036504785285E-002 4.31635359903159E-002
102.0660124 4.18918108292303E-002 4.30474771875071E-002
102.1660067 4.17803745272475E-002 4.29318410890226E-002
102.2660011 4.16693397379925E-002 4.28166257531066E-002
102.3660031 4.15586962112315E-002 4.27018205062849E-002
102.4659974 4.14484590141669E-002 4.25874409449591E-002
102.5659918 4.13386178860850E-002 4.24734763850928E-002
102.6659861 4.12291710322885E-002 4.23599249275690E-002
102.7659805 4.11201166678927E-002 4.22467846837578E-002
102.8659825 4.10114447421193E-002 4.21340451902008E-002
102.9659769 4.09031700704176E-002 4.20217217805533E-002
103.0659713 4.07952825915814E-002 4.19098039808365E-002
103.1659657 4.06877805593552E-002 4.17982899436974E-002
103.2659601 4.05806622369867E-002 4.16871778319369E-002
103.3659622 4.04739177682350E-002 4.15764573868757E-002
103.4659566 4.03675617219838E-002 4.14661436848782E-002
103.5659511 4.02615842316208E-002 4.13562264567919E-002
103.6659455 4.01559835978070E-002 4.12467039053822E-002
103.7659400 4.00507581304082E-002 4.11375742432463E-002
103.8659421 3.99458981629497E-002 4.10288274114059E-002
103.9659365 3.98414180228114E-002 4.09204782342569E-002
104.0659310 3.97373080332076E-002 4.08125166423992E-002
104.1659255 3.96335665402453E-002 4.07049408871304E-002
104.2659200 3.95301918989485E-002 4.05977492292693E-002
104.3659221 3.94271746279789E-002 4.04909318046121E-002
104.4659166 3.93245288181522E-002 4.03845031907797E-002
104.5659112 3.92222449778833E-002 4.02784535132023E-002
104.6659057 3.91203214973070E-002 4.01727810701807E-002
104.7659002 3.90187567751983E-002 4.00674841692376E-002
104.8659024 3.89175415108616E-002 3.99625531361644E-002
104.9658969 3.88166895633695E-002 3.98580023068741E-002
105.0658915 3.87161916218473E-002 3.97538219968521E-002
105.1658860 3.86160461190907E-002 3.96500105499283E-002
105.2658806 3.85162514962676E-002 3.95465663188661E-002
105.3658828 3.84167986289639E-002 3.94434798148144E-002
105.4658774 3.83177011492145E-002 3.93407651369235E-002
105.5658720 3.82189499224968E-002 3.92384127861001E-002
105.6658666 3.81205434229482E-002 3.91364211502818E-002
105.7658612 3.80224801328201E-002 3.90347886260620E-002
105.8658634 3.79247510997459E-002 3.89335059054462E-002
105.9658580 3.78273697333156E-002 3.88325868556484E-002
106.0658527 3.77303270711274E-002 3.87320221584988E-002
106.1658473 3.76336216273881E-002 3.86318102446727E-002
106.2658419 3.75372519241693E-002 3.85319495532323E-002
106.3658442 3.74412091770405E-002 3.84324309526712E-002
106.4658389 3.73455065776306E-002 3.83332680829775E-002
106.5658335 3.72501353315500E-002 3.82344518025398E-002
106.6658282 3.71550939918470E-002 3.81359805834486E-002
106.7658229 3.70603811191946E-002 3.80378529059228E-002
106.8658252 3.69659880931060E-002 3.79400598107029E-002
106.9658199 3.68719278916262E-002 3.78426147151493E-002
107.0658146 3.67781918843876E-002 3.77455086499703E-002
107.1658093 3.66847786620954E-002 3.76487401273965E-002
107.2658040 3.65916868228476E-002 3.75523076675376E-002
107.3658063 3.64989079062234E-002 3.74562024792627E-002
107.4658011 3.64064546809576E-002 3.73604377617932E-002
107.5657958 3.63143186768290E-002 3.72650047140419E-002
107.6657905 3.62224985210564E-002 3.71699018871493E-002
107.7657853 3.61309928480271E-002 3.70751278398935E-002
107.8657877 3.60397933536197E-002 3.69806739452742E-002
107.9657824 3.59489126014316E-002 3.68865531887550E-002
108.0657772 3.58583422776235E-002 3.67927569334574E-002
108.1657720 3.57680810448234E-002 3.66992837682437E-002
108.2657667 3.56781275726124E-002 3.66061322893820E-002
108.3657692 3.55884737095084E-002 3.65132940301185E-002
108.4657639 3.54991318180468E-002 3.64207817664375E-002
108.5657587 3.54100937371117E-002 3.63285870217870E-002
108.6657536 3.53213581636752E-002 3.62367084216057E-002
108.7657484 3.52329238014533E-002 3.61451445985136E-002
108.8657508 3.51447826480478E-002 3.60538872422304E-002
108.9657456 3.50569468689110E-002 3.59629489234388E-002
109.0657405 3.49694084520965E-002 3.58723213221426E-002
