0.0053140 1.07102462680798E+001 3.27998831723062E+003
0.0210792 4.09969728114640E+001 3.20323071183887E+003
0.0467942 8.59383426771664E+001 3.08320692431218E+003
0.0817065 1.39034418886552E+002 2.92987970257627E+003
0.1249105 1.93863556541740E+002 2.75420466409666E+003
0.1754417 2.45269041092893E+002 2.56649736566196E+003
0.2323515 2.89853662175497E+002 2.37540963797357E+003
0.2947571 3.25910574307803E+002 2.18752643369012E+003
0.3618673 3.53052283962742E+002 2.00741736905949E+003
0.4329916 3.71765273230882E+002 1.83793392254749E+003
0.5075377 3.83020480441419E+002 1.68059320919078E+003
0.5850032 3.87987500503637E+002 1.53594714414076E+003
0.6649650 3.87850567036900E+002 1.40389349186973E+003
0.7470680 3.83704733114701E+002 1.28391535957090E+003
0.8310139 3.76507388005275E+002 1.17525684761010E+003
0.9165527 3.67064262095673E+002 1.07704358111094E+003
1.0034738 3.56034861055788E+002 9.88363316341901E+002
1.0915995 3.43947479302733E+002 9.08316972340597E+002
1.1807797 3.31217708005850E+002 8.36048618816009E+002
1.2708868 3.18167295058334E+002 7.70762493102720E+002
1.3618115 3.05041382570134E+002 7.11729999114437E+002
1.4534610 2.92023517538664E+002 6.58291013608203E+002
1.5457546 2.79248536768363E+002 6.09852643671210E+002
1.6386236 2.66812815510942E+002 5.65884325632063E+002
1.7320075 2.54783010465869E+002 5.25913796343783E+002
1.8258543 2.43202664246279E+002 4.89521000683866E+002
1.9201186 2.32097712372014E+002 4.56333126559265E+002
2.0147601 2.21480828344240E+002 4.26019725033904E+002
2.1097440 2.11354590482401E+002 3.98287455503594E+002
2.2050388 2.01714297939368E+002 3.72876364626219E+002
2.3006174 1.92549828524817E+002 3.49555534064907E+002
2.3964555 1.83847285010857E+002 3.28119845098155E+002
2.4925310 1.75590258589359E+002 3.08387045302420E+002
2.5888248 1.67760608435712E+002 2.90194696658756E+002
2.6853193 1.60339319463738E+002 2.73398174568092E+002
2.7819988 1.53306895984694E+002 2.57868266098712E+002
2.8788497 1.46643814094154E+002 2.43489482359275E+002
2.9758588 1.40330852921455E+002 2.30158543135980E+002
3.0730149 1.34349192508096E+002 2.17782737611784E+002
3.1703074 1.28680679224345E+002 2.06278948335262E+002
3.2677268 1.23307821035272E+002 1.95572359700006E+002
3.3652646 1.18213905986209E+002 1.85595631574267E+002
3.4629133 1.13382998267011E+002 1.76287995115701E+002
3.5606650 1.08800041555946E+002 1.67594697253733E+002
3.6585133 1.04450718043600E+002 1.59466092887383E+002
3.7564523 1.00321527677471E+002 1.51857260059636E+002
3.8544764 9.63997424562906E+001 1.44727455709265E+002
3.9525810 9.26733615304535E+001 1.38039644886077E+002
4.0507604 8.91311501280678E+001 1.31760237352848E+002
4.1490108 8.57624996231155E+001 1.25858552325224E+002
4.2473280 8.25574649772833E+001 1.20306642906455E+002
4.3457083 7.95067117311080E+001 1.15078992443852E+002
4.4441489 7.66014680203440E+001 1.10152251109761E+002
4.5426454 7.38335455827911E+001 1.05505114290170E+002
4.6411954 7.11952240563739E+001 1.01117990947806E+002
4.7397961 6.86792756740871E+001 9.69729286021362E+001
4.8384450 6.62789211176919E+001 9.30534369573518E+001
4.9371399 6.39877903796394E+001 8.93443345259993E+001
5.0358779 6.17999389970504E+001 8.58316963600108E+001
5.1346571 5.97097571274537E+001 8.25026385786569E+001
5.2334756 5.77119898190047E+001 7.93452917149168E+001
5.3323316 5.58017033757204E+001 7.63486941070103E+001
5.4312238 5.39742557896018E+001 7.35026990346276E+001
5.5301496 5.22253115042299E+001 7.07979564738854E+001
5.6291079 5.05507707532180E+001 6.82257669194783E+001
5.7280973 4.89467875946217E+001 6.57780777462112E+001
5.8271164 4.74097449614842E+001 6.34474162758373E+001
5.9261644 4.59362328221272E+001 6.12268314181455E+001
6.0252392 4.45230620356509E+001 5.91098919444042E+001
6.1243401 4.31672092238190E+001 5.70905834606612E+001
6.2234659 4.18658330558453E+001 5.51633153102570E+001
6.3226158 4.06162557985346E+001 5.33228770283875E+001
6.4217891 3.94159472054479E+001 5.15644003617505E+001
6.5209840 3.82625373942777E+001 4.98833652602216E+001
6.6202001 3.71537734135664E+001 4.82755248155641E+001
6.7194366 3.60875338726820E+001 4.67369165248919E+001
6.8186927 3.50618151976913E+001 4.52638330095234E+001
6.9179682 3.40747196478305E+001 4.38527964781501E+001
7.0172613 3.31244670925152E+001 4.25005679796462E+001
7.1165720 3.22093603835546E+001 4.12040911345153E+001
7.2158999 3.13277942628248E+001 3.99604989034709E+001
7.3152432 3.04782656291997E+001 3.87671223295619E+001
7.4146030 2.96593232502368E+001 3.76214147601846E+001
7.5139770 2.88696233473219E+001 3.65210253359411E+001
7.6133666 2.81078625297178E+001 3.54637010133183E+001
7.7127702 2.73728269889911E+001 3.44473514711530E+001
7.8121865 2.66633648088528E+001 3.34700069726204E+001
7.9116168 2.59783631240243E+001 3.25297839503495E+001
8.0110589 2.53167914503251E+001 3.16249417821846E+001
8.1105143 2.46776461490932E+001 3.07538039637771E+001
8.2099815 2.40599921343563E+001 2.99148128719629E+001
8.3094593 2.34629401947659E+001 2.91064964843273E+001
8.4089492 2.28856281868121E+001 2.83274410624059E+001
8.5084489 2.23272579431380E+001 2.75763392516473E+001
8.6079599 2.17870488664942E+001 2.68519257912511E+001
8.7074812 2.12642734801626E+001 2.61530238754284E+001
8.8070112 2.07582386596535E+001 2.54785184313432E+001
8.9065517 2.02682699849476E+001 2.48273340698188E+001
9.0061006 1.97937433395287E+001 2.41984759802554E+001
9.1056593 1.93340458093988E+001 2.35909768717979E+001
9.2052267 1.88886061429310E+001 2.30039363856011E+001
9.3048016 1.84568790688711E+001 2.24364993298606E+001
9.4043856 1.80383321524791E+001 2.18878376237117E+001
9.5039766 1.76324729826470E+001 2.13571852118800E+001
9.6035763 1.72388159743063E+001 2.08437938172030E+001
9.7031836 1.68569085970005E+001 2.03469665988256E+001
9.8027972 1.64863181568157E+001 1.98660402025380E+001
9.9024188 1.61266206601174E+001 1.94003697889411E+001
10.0020464 1.57774243161597E+001 1.89493589759775E+001
10.1016817 1.54383411543646E+001 1.85124225980675E+001
10.2013235 1.51090097177250E+001 1.80890155862638E+001
10.3009707 1.47890838326547E+001 1.76786180024183E+001
10.4006251 1.44782230996949E+001 1.72807224889848E+001
10.5002846 1.41761133039967E+001 1.68948600651306E+001
10.5999509 1.38824419933346E+001 1.65205685242321E+001
10.6996230 1.35969182030448E+001 1.61574173315758E+001
10.7992996 1.33192628454897E+001 1.58049950253031E+001
10.8989827 1.30492005323320E+001 1.54628985952447E+001
10.9986702 1.27864773775277E+001 1.51307558080871E+001
11.0983637 1.25308398592639E+001 1.48081981906229E+001
11.1980623 1.22820520400325E+001 1.44948825939384E+001
11.2977649 1.20398872875822E+001 1.41904804954061E+001
11.3974732 1.18041211968878E+001 1.38946689338757E+001
11.4971853 1.15745471839762E+001 1.36071499171036E+001
11.5969029 1.13509580905528E+001 1.33276271703524E+001
11.6966250 1.11331612803022E+001 1.30558248976228E+001
11.7963505 1.09209714635716E+001 1.27914786278020E+001
11.8960812 1.07142045350910E+001 1.25343274198216E+001
11.9958151 1.05126912875248E+001 1.22841308065659E+001
12.0955540 1.03162613222555E+001 1.20406486618715E+001
12.1952970 1.01247563366832E+001 1.18036575940197E+001
12.2950428 9.93802387085337E+000 1.15729430587978E+001
12.3947934 9.75591191355510E+000 1.13482926114327E+001
12.4945468 9.57828100841786E+000 1.11295107611789E+001
12.5943047 9.40499011595538E+000 1.09164014411393E+001
12.6940662 9.23590835309390E+000 1.07087823924313E+001
12.7938302 9.07090951533113E+000 1.05064783261273E+001
12.8935986 8.90986733205805E+000 1.03093150458209E+001
12.9933693 8.75266619253652E+000 1.01171325223743E+001
13.0931443 8.59918866853213E+000 9.92976955172906E+000
13.1929224 8.44932592387765E+000 9.74707642616812E+000
13.2927027 8.30297289324807E+000 9.56890897174971E+000
13.3924871 8.16002408954792E+000 9.39512340091019E+000
13.4922734 8.02038314005492E+000 9.22558786438802E+000
13.5920637 7.88395172992649E+000 9.06016896033813E+000
13.6918568 7.75063886422664E+000 8.89874293892643E+000
13.7916517 7.62035660598269E+000 8.74119047598093E+000
13.8914504 7.49301635579319E+000 8.58739214225411E+000
13.9912508 7.36853735811011E+000 8.43723864688961E+000
14.0910548 7.24683686665113E+000 8.29061892239105E+000
14.1908615 7.12783841236567E+000 8.14743006801516E+000
14.2906697 7.01146802052450E+000 8.00757274673101E+000
14.3904813 6.89765089645589E+000 7.87094717886278E+000
14.4902944 6.78631903702956E+000 7.73746225666674E+000
14.5901109 6.67740245183317E+000 7.60702497815011E+000
14.6899298 6.57083656675158E+000 7.47954930147184E+000
14.7897500 6.46655885348164E+000 7.35495207290695E+000
14.8895734 6.36450586632023E+000 7.23314946912671E+000
14.9893980 6.26462007335547E+000 7.11406513395052E+000
15.0892259 6.16684199389482E+000 6.99762077266785E+000
15.1890558 6.07111684767788E+000 6.88374406241491E+000
15.2888878 5.97739065670901E+000 6.77236398458974E+000
15.3887200 5.88561287544478E+000 6.66341393337278E+000
15.4885562 5.79572936363668E+000 6.55682335873148E+000
15.5883943 5.70769282853459E+000 6.45253014593835E+000
15.6882343 5.62145572953505E+000 6.35047217510934E+000
15.7880763 5.53697199231289E+000 6.25058934256001E+000
15.8879183 5.45419851903356E+000 6.15282532948495E+000
15.9877640 5.37308885542452E+000 6.05712011063785E+000
16.0876115 5.29360261397067E+000 5.96342107128378E+000
16.1874608 5.21569908066255E+000 5.87167544234425E+000
16.2873119 5.13933876538913E+000 5.78183212112929E+000
16.3871628 5.06448477278773E+000 5.69384327094921E+000
16.4870172 4.99109707897486E+000 5.60765758473354E+000
16.5868734 4.91914105751626E+000 5.52323029705384E+000
16.6867312 4.84858170266709E+000 5.44051638280235E+000
16.7865905 4.77938503493365E+000 5.35947220126413E+000
16.8864496 4.71151934805418E+000 5.28005694600961E+000
16.9863121 4.64495002299050E+000 5.20222656948109E+000
17.0861762 4.57964726140106E+000 5.12594282467351E+000
17.1860417 4.51558085208596E+000 5.05116713223242E+000
17.2859087 4.45272144811117E+000 4.97786206855737E+000
17.3857753 4.39104170344305E+000 4.90599268281815E+000
17.4856452 4.33051156196186E+000 4.83552100238315E+000
17.5855166 4.27110528882823E+000 4.76641421952564E+000
17.6853893 4.21279671713320E+000 4.69863914583754E+000
17.7852633 4.15556041083548E+000 4.63216356227301E+000
17.8851368 4.09937270287699E+000 4.56695741797398E+000
17.9850136 4.04420740550274E+000 4.50298784791404E+000
18.0848916 3.99004221780659E+000 4.44022660389955E+000
18.1847709 3.93685439821807E+000 4.37864502683553E+000
18.2846515 3.88462182567246E+000 4.31821527424894E+000
18.3845314 3.83332394957347E+000 4.25891141375207E+000
18.4844144 3.78293787488710E+000 4.20070489387624E+000
18.5842986 3.73344421389488E+000 4.14357130509691E+000
18.6841841 3.68482313742378E+000 4.08748581020807E+000
18.7840706 3.63705534510104E+000 4.03242426284317E+000
18.8839565 3.59012293626951E+000 3.97836420680502E+000
18.9838453 3.54400582940248E+000 3.92528074911915E+000
19.0837353 3.49868711736774E+000 3.87315272537662E+000
19.1836263 3.45414945646408E+000 3.82195853663048E+000
19.2835185 3.41037595526711E+000 3.77167717070372E+000
19.3834098 3.36735097451286E+000 3.72228911723434E+000
19.4833041 3.32505684554733E+000 3.67377259876873E+000
19.5831994 3.28347878095686E+000 3.62610920502110E+000
19.6830957 3.24260156570774E+000 3.57928009158189E+000
19.7829930 3.20241037293124E+000 3.53326691432101E+000
19.8828894 3.16289149984666E+000 3.48805266880483E+000
19.9827887 3.12402935436810E+000 3.44361824099935E+000
20.0826889 3.08581096657692E+000 3.39994756679469E+000
20.1825901 3.04822295072562E+000 3.35702415363806E+000
20.2824922 3.01125225531122E+000 3.31483193706813E+000
20.3823934 2.97488684128969E+000 3.27335605212932E+000
20.4822973 2.93911290973743E+000 3.23257967014278E+000
20.5822022 2.90391905415935E+000 3.19248873279842E+000
20.6821079 2.86929346594125E+000 3.15306876277521E+000
20.7820145 2.83522462519680E+000 3.11430565034691E+000
20.8819201 2.80170192681244E+000 3.07618636352527E+000
20.9818284 2.76871312530562E+000 3.03869604152931E+000
21.0817375 2.73624816323559E+000 3.00182234670859E+000
21.1816475 2.70429659597396E+000 2.96555253443937E+000
21.2815583 2.67284822906126E+000 2.92987417679604E+000
21.3814680 2.64189369700059E+000 2.89477581737845E+000
21.4813803 2.61142210425210E+000 2.86024429568471E+000
21.5812935 2.58142456092665E+000 2.82626875493769E+000
21.6812074 2.55189180557686E+000 2.79283794516528E+000
21.7811221 2.52281479414839E+000 2.75994089011358E+000
21.8810357 2.49418523589798E+000 2.72756749203788E+000
21.9809519 2.46599341188396E+000 2.69570606425814E+000
22.0808688 2.43823144557841E+000 2.66434702848192E+000
22.1807864 2.41089110483122E+000 2.63348042808974E+000
22.2807048 2.38396434693402E+000 2.60309654375577E+000
22.3806219 2.35744381556367E+000 2.57318645289304E+000
22.4805416 2.33132082022866E+000 2.54373975032258E+000
22.5804621 2.30558836635253E+000 2.51474796481115E+000
22.6803832 2.28023911968946E+000 2.48620226226767E+000
22.7803050 2.25526591152360E+000 2.45809401491988E+000
22.8802255 2.23066220012269E+000 2.43041531958934E+000
22.9801486 2.20642019642789E+000 2.40315688870059E+000
23.0800723 2.18253367547280E+000 2.37631121238983E+000
23.1799967 2.15899608837917E+000 2.34987043364187E+000
23.2799217 2.13580103128079E+000 2.32382687533327E+000
23.3798454 2.11294267440607E+000 2.29817352106176E+000
23.4797716 2.09041402089405E+000 2.27290206071466E+000
23.5796984 2.06820951906263E+000 2.24800582157852E+000
23.6796259 2.04632330872727E+000 2.22347779946372E+000
23.7795539 2.02474965705850E+000 2.19931114745400E+000
23.8794806 2.00348335809001E+000 2.17549962261948E+000
23.9794098 1.98251811293959E+000 2.15203577209889E+000
24.0793395 1.96184896037945E+000 2.12891365408716E+000
24.1792698 1.94147064563354E+000 2.10612701075098E+000
24.2792007 1.92137802604331E+000 2.08366972211305E+000
24.3791302 1.90156644351361E+000 2.06153622162995E+000
24.4790621 1.88203021564206E+000 2.03971981025803E+000
24.5789946 1.86276490023375E+000 2.01821518596238E+000
24.6789277 1.84376577597187E+000 1.99701674576027E+000
24.7788612 1.82502822047188E+000 1.97611900780688E+000
24.8787934 1.80654805792627E+000 1.95551699851288E+000
24.9787279 1.78832015172303E+000 1.93520468339072E+000
25.0786630 1.77034051695210E+000 1.91517732176920E+000
25.1785986 1.75260490343408E+000 1.89542988664448E+000
25.2785347 1.73510914848270E+000 1.87595745771611E+000
25.3784693 1.71784950178689E+000 1.85675558244846E+000
25.4784064 1.70082131104894E+000 1.83781881365909E+000
25.5783439 1.68402099512213E+000 1.81914290440073E+000
25.6782819 1.66744472084284E+000 1.80072333547792E+000
25.7782204 1.65108873259154E+000 1.78255568190206E+000
25.8781574 1.63494965625262E+000 1.76463595006131E+000
25.9780968 1.61902327024247E+000 1.74695921303802E+000
26.0780366 1.60330635067190E+000 1.72952165910173E+000
26.1779769 1.58779543427621E+000 1.71231921778687E+000
26.2779176 1.57248712666051E+000 1.69534790198761E+000
26.3778568 1.55737838700243E+000 1.67860412318900E+000
26.4777984 1.54246537758376E+000 1.66208341640457E+000
26.5777404 1.52774519126667E+000 1.64578235438332E+000
26.6776829 1.51321469356817E+000 1.62969726405858E+000
26.7776257 1.49887081129458E+000 1.61382454628431E+000
26.8775671 1.48471079949558E+000 1.59816097089177E+000
26.9775108 1.47073116327283E+000 1.58270248393817E+000
27.0774549 1.45692927687806E+000 1.56744599854370E+000
27.1773994 1.44330229864539E+000 1.55238819433025E+000
27.2773442 1.42984744155854E+000 1.53752581660660E+000
27.3772876 1.41656222382503E+000 1.52285595284716E+000
27.4772333 1.40344345732232E+000 1.50837491565131E+000
27.5771793 1.39048876675206E+000 1.49407992007352E+000
27.6771257 1.37769557173729E+000 1.47996795938731E+000
27.7770725 1.36506134072223E+000 1.46603608535389E+000
27.8770178 1.35258382641053E+000 1.45228166757025E+000
27.9769653 1.34026011573263E+000 1.43870134616814E+000
28.0769132 1.32808805671130E+000 1.42529260456434E+000
28.1768615 1.31606530255958E+000 1.41205271552160E+000
28.2768101 1.30418955018453E+000 1.39897900398142E+000
28.3767572 1.29245876162173E+000 1.38606909059548E+000
28.4767065 1.28087027087450E+000 1.37331990875316E+000
28.5766562 1.26942212544992E+000 1.36072918084550E+000
28.6766062 1.25811218776518E+000 1.34829442916100E+000
28.7765565 1.24693835941199E+000 1.33601322262604E+000
28.8765053 1.23589878961916E+000 1.32388340571425E+000
28.9764563 1.22499103473238E+000 1.31190217489110E+000
29.0764077 1.21421332075632E+000 1.30006746574095E+000
29.1763593 1.20356369779975E+000 1.28837702374050E+000
29.2763113 1.19304025115408E+000 1.27682863612769E+000
29.3762617 1.18264129772589E+000 1.26542034727679E+000
29.4762144 1.17236459430041E+000 1.25414959009476E+000
29.5761673 1.16220852686662E+000 1.24301449069566E+000
29.6761206 1.15217131420949E+000 1.23201299454552E+000
29.7760741 1.14225120676413E+000 1.22114308457070E+000
29.8760261 1.13244667187889E+000 1.21040298399073E+000
29.9759803 1.12275564734194E+000 1.19979033860035E+000
30.0759347 1.11317666276411E+000 1.18930344508009E+000
30.1758895 1.10370808876668E+000 1.17894042840950E+000
30.2758445 1.09434832448903E+000 1.16869944722796E+000
30.3757980 1.08509597247018E+000 1.15857888503079E+000
30.4757536 1.07594913422026E+000 1.14857657962924E+000
30.5757095 1.06690646848406E+000 1.13869098065122E+000
30.6756657 1.05796648277807E+000 1.12892037448218E+000
30.7756221 1.04912771035496E+000 1.11926307780236E+000
30.8755770 1.04038887542539E+000 1.10971761797460E+000
30.9755340 1.03174822782850E+000 1.10028200629591E+000
31.0754913 1.02320454259210E+000 1.09095482976224E+000
31.1754469 1.01475661107867E+000 1.08173469497435E+000
31.2754067 1.00640260698793E+000 1.07261953642904E+000
31.3753629 9.98141844890308E-001 1.06360853539156E+000
31.4753231 9.89972394036454E-001 1.05469951635155E+000
31.5752798 9.81893599170743E-001 1.04589169673898E+000
31.6752368 9.73903889915528E-001 1.03718329771710E+000
31.7751978 9.66001730541784E-001 1.02857258027769E+000
31.8751552 9.58186508572966E-001 1.02005881307439E+000
31.9751168 9.50456432574923E-001 1.01163998188158E+000
32.0750747 9.42810917027809E-001 1.00331538760057E+000
32.1750329 9.35248509670520E-001 9.95083388676026E-001
32.2749952 9.27767790008723E-001 9.86942379978362E-001
32.3749539 9.20368210759887E-001 9.78891708110006E-001
32.4749166 9.13048107669633E-001 9.70929505711901E-001
32.5748758 9.05806957562267E-001 9.63055148173283E-001
32.6748352 8.98643415741420E-001 9.55267118648029E-001
32.7747986 8.91556166676866E-001 9.47563933653858E-001
32.8747585 8.84544721404272E-001 9.39945009398012E-001
32.9747223 8.77607531938279E-001 9.32408612462019E-001
33.0746827 8.70744130893442E-001 9.24954184777514E-001
33.1746432 8.63953271667807E-001 9.17580322955771E-001
33.2746078 8.57233734474886E-001 9.10285654211917E-001
33.3745687 8.50585082567020E-001 9.03069656971609E-001
33.4745337 8.44005874402308E-001 8.95930720149007E-001
33.5744951 8.37495692566577E-001 8.88868345180455E-001
33.6744568 8.31053380039092E-001 8.81881232047595E-001
33.7744224 8.24677804486511E-001 8.74968108843997E-001
33.8743844 8.18368575956219E-001 8.68128509665749E-001
33.9743505 8.12124350487550E-001 8.61360935318016E-001
34.0743130 8.05944755464364E-001 8.54664940499546E-001
34.1742756 7.99828715782532E-001 8.48039319504856E-001
34.2742423 7.93775179095822E-001 8.41482892486866E-001
34.3742054 7.87783797423019E-001 8.34995243399423E-001
34.4741725 7.81853316379082E-001 8.28574975531062E-001
34.5741359 7.75983403540957E-001 8.22221691298670E-001
34.6740996 7.70173058810131E-001 8.15934271163732E-001
34.7740673 7.64421303093936E-001 8.09711619405023E-001
34.8740313 7.58727826085633E-001 8.03553364667422E-001
34.9739994 7.53091455733242E-001 7.97458204233496E-001
35.0739638 7.47511895702710E-001 7.91425783307586E-001
35.1739284 7.41988214660556E-001 7.85455061180825E-001
35.2738971 7.36519500685908E-001 7.79545019110088E-001
35.3738621 7.31105477314237E-001 7.73695325832875E-001
35.4738310 7.25745048264841E-001 7.67904764953433E-001
35.5737964 7.20437949630690E-001 7.62173020073045E-001
35.6737620 7.15183313200083E-001 7.56499122693596E-001
35.7737315 7.09980288723081E-001 7.50882124600650E-001
35.8736974 7.04828630155575E-001 7.45321730526696E-001
35.9736673 6.99727311034745E-001 7.39816803453369E-001
36.0736335 6.94676096609387E-001 7.34367061464660E-001
36.1735999 6.89674176679399E-001 7.28971602293691E-001
36.2735704 6.84720757683445E-001 7.23629542426973E-001
36.3735371 6.79815620939189E-001 7.18340618936293E-001
36.4735079 6.74957804392825E-001 7.13103767886254E-001
36.5734750 6.70147099523671E-001 7.07918738349875E-001
36.6734423 6.65382749509498E-001 7.02784688881952E-001
36.7734135 6.60664012958817E-001 6.97700795396507E-001
36.8733811 6.55990695814103E-001 6.92666824039490E-001
36.9733527 6.51361895509813E-001 6.87681778245089E-001
37.0733206 6.46777427137066E-001 6.82745434953523E-001
37.1732887 6.42236583044257E-001 6.77857008640568E-001
37.2732608 6.37738669906048E-001 6.73015729869337E-001
37.3732292 6.33283515838102E-001 6.68221390940443E-001
37.4732015 6.28870273280602E-001 6.63473057464549E-001
37.5731702 6.24498778589810E-001 6.58770531456525E-001
37.6731391 6.20168369459823E-001 6.54113078867436E-001
37.7731119 6.15878396899908E-001 6.49499980573818E-001
37.8730811 6.11628709000718E-001 6.44931052417727E-001
37.9730543 6.07418509119586E-001 6.40405417459791E-001
38.0730237 6.03247652773039E-001 6.35922900288913E-001
38.1729934 5.99115519519142E-001 6.31482814293230E-001
38.2729669 5.95021501304392E-001 6.27084486723607E-001
38.3729369 5.90965464221596E-001 6.22727754622103E-001
38.4729107 5.86946658811351E-001 6.18411794191858E-001
38.5728809 5.82964957860659E-001 6.14136450354377E-001
38.6728513 5.79019779618350E-001 6.09901080262069E-001
38.7728256 5.75110553871240E-001 6.05705053956778E-001
38.8727962 5.71237162942087E-001 6.01548227580581E-001
38.9727708 5.67398901140647E-001 5.97429826548601E-001
39.0727417 5.63595656826195E-001 5.93349714103887E-001
39.1727127 5.59826884042851E-001 5.89307287818506E-001
39.2726877 5.56092047591366E-001 5.85301957261486E-001
39.3726590 5.52391044431088E-001 5.81333595789734E-001
39.4726343 5.48723209515503E-001 5.77401474439304E-001
39.5726059 5.45088445248822E-001 5.73505472968779E-001
39.6725776 5.41486238825303E-001 5.69645026320403E-001
39.7725533 5.37916087477143E-001 5.65819580614049E-001
39.8725252 5.34377901366513E-001 5.62029024727549E-001
39.9725012 5.30871053226162E-001 5.58272672033050E-001
40.0724734 5.27395458130414E-001 5.54550417181331E-001
40.1724458 5.23950634004458E-001 5.50861729701133E-001
40.2724221 5.20536108149612E-001 5.47206089545745E-001
40.3723947 5.17151802639668E-001 5.43583399590592E-001
40.4723712 5.13797125358367E-001 5.39993012535604E-001
40.5723441 5.10472002811653E-001 5.36434836463399E-001
40.6723171 5.07175981440595E-001 5.32908372945196E-001
40.7722940 5.03908616452312E-001 5.29413133283798E-001
40.8722673 5.00669840668508E-001 5.25949032981134E-001
40.9722444 4.97459094709703E-001 5.22515461306708E-001
41.0722179 4.94276315396922E-001 5.19112338460141E-001
41.1721915 4.91121075656794E-001 5.15739195727512E-001
41.2721690 4.87992956619005E-001 5.12395573488123E-001
41.3721428 4.84891900803596E-001 5.09081398635377E-001
41.4721206 4.81817379347882E-001 5.05796094476582E-001
41.5720946 4.78769338380652E-001 5.02539592143642E-001
41.6720688 4.75747375451116E-001 4.99311450505500E-001
41.7720469 4.72751095791454E-001 4.96111236935632E-001
41.8720213 4.69780450672756E-001 4.92938888605589E-001
41.9719996 4.66834939705585E-001 4.89793860534020E-001
42.0719743 4.63914517417096E-001 4.86676093716825E-001
42.1719490 4.61018804267868E-001 4.83585172650890E-001
42.2719276 4.58147427920514E-001 4.80520689794166E-001
42.3719026 4.55300347541618E-001 4.77482591592012E-001
42.4718815 4.52477089331934E-001 4.74470362634319E-001
42.5718566 4.49677615395439E-001 4.71483952816999E-001
42.6718319 4.46901567530675E-001 4.68522970470421E-001
42.7718111 4.44148594293042E-001 4.65587031383790E-001
42.8717866 4.41418661971431E-001 4.62676090369624E-001
42.9717660 4.38711321619856E-001 4.59789659618318E-001
43.0717417 4.36026542176487E-001 4.56927697055350E-001
43.1717175 4.33363985329684E-001 4.54089833195701E-001
43.2716972 4.30723319112195E-001 4.51275705548593E-001
43.3716732 4.28104516236051E-001 4.48485276474710E-001
43.4716531 4.25507151004801E-001 4.45718083948311E-001
43.5716293 4.22931198519117E-001 4.42974093137947E-001
43.6716056 4.20376339023026E-001 4.40252955226580E-001
43.7715858 4.17842258722417E-001 4.37554327961217E-001
43.8715623 4.15328936119865E-001 4.34878180510424E-001
43.9715428 4.12835967286294E-001 4.32224074956060E-001
44.0715195 4.10363332877011E-001 4.29591982998672E-001
44.1714963 4.07910730461412E-001 4.26981575092835E-001
44.2714770 4.05477863215659E-001 4.24392527858423E-001
44.3714539 4.03064714860212E-001 4.21824816602365E-001
44.4714348 4.00670901862260E-001 4.19278025965856E-001
44.5714120 3.98296409881357E-001 4.16752133538192E-001
44.6713893 3.95940952676671E-001 4.14246827758653E-001
44.7713704 3.93604249284215E-001 4.11761802861898E-001
44.8713479 3.91286288123665E-001 4.09297039687351E-001
44.9713293 3.88986704788930E-001 4.06852144004145E-001
45.0713069 3.86705489445221E-001 4.04427098708105E-001
45.1712846 3.84442370992341E-001 4.02021609036084E-001
45.2712662 3.82197083300131E-001 3.99635385676804E-001
45.3712441 3.79969619017498E-001 3.97268414453639E-001
45.4712259 3.77759631688504E-001 3.94920320939057E-001
45.5712040 3.75567115532150E-001 3.92591092808174E-001
45.6711822 3.73391813618740E-001 3.90280450999295E-001
45.7711643 3.71233473703062E-001 3.87988121583324E-001
45.8711426 3.69092092237206E-001 3.85714094870700E-001
45.9711248 3.66967339624017E-001 3.83458015010320E-001
46.0711034 3.64859213726591E-001 3.81219873978919E-001
46.1710820 3.62767470887877E-001 3.78999407403244E-001
46.2710644 3.60691871869296E-001 3.76796355745653E-001
46.3710432 3.58632416539750E-001 3.74610713353342E-001
46.4710259 3.56588791147651E-001 3.72442141814218E-001
46.5710048 3.54560996828593E-001 3.70290636973661E-001
46.6709838 3.52548802366479E-001 3.68155948209846E-001
46.7709667 3.50551980715688E-001 3.66037829460035E-001
46.8709459 3.48570534811411E-001 3.63936278699930E-001
46.9709290 3.46604165806169E-001 3.61850973901042E-001
47.0709083 3.44652877770895E-001 3.59781914384804E-001
47.1708877 3.42716451159408E-001 3.57728862413315E-001
47.2708710 3.40794670364606E-001 3.55691584550101E-001
47.3708506 3.38887541069870E-001 3.53670082029097E-001
47.4708341 3.36994778456323E-001 3.51664048225276E-001
47.5708138 3.35116389224232E-001 3.49673485580000E-001
47.6707936 3.33252164781924E-001 3.47698168435480E-001
47.7707773 3.31401900260730E-001 3.45737875195054E-001
47.8707573 3.29565603803471E-001 3.43792610014954E-001
47.9707411 3.27743003805028E-001 3.41862080762598E-001
48.0707212 3.25934109317189E-001 3.39946292676136E-001
48.1707014 3.24138722038475E-001 3.38045031432458E-001
48.2706855 3.22356647188472E-001 3.36158086545298E-001
48.3706658 3.20587895107264E-001 3.34285464788301E-001
48.4706500 3.18832206644496E-001 3.32426887673868E-001
48.5706305 3.17089592951220E-001 3.30582362943630E-001
48.6706110 3.15359865398771E-001 3.28751686917301E-001
48.7705955 3.13642838690698E-001 3.26934659541939E-001
48.8705762 3.11938525126239E-001 3.25131289931825E-001
48.9705608 3.10246677302297E-001 3.23341312455359E-001
49.0705416 3.08567308240063E-001 3.21564737091368E-001
49.1705225 3.06900238409502E-001 3.19801370159738E-001
49.2705073 3.05245291436034E-001 3.18051021411863E-001
49.3704883 3.03602481361776E-001 3.16313702051344E-001
49.4704733 3.01971571870851E-001 3.14589158567460E-001
49.5704545 3.00352577646473E-001 3.12877402934416E-001
49.6704357 2.98745327722797E-001 3.11178250874862E-001
49.7704208 2.97149654123885E-001 3.09491521359749E-001
49.8704022 2.95565572438261E-001 3.07817227453753E-001
49.9703875 2.93992856821061E-001 3.06155127081563E-001
50.0703690 2.92431523428449E-001 3.04505233993134E-001
50.1703506 2.90881409360969E-001 3.02867372758097E-001
50.2703361 2.89342354553899E-001 3.01241371022858E-001
50.3703178 2.87814375963682E-001 2.99627243505852E-001
50.4703034 2.86297257640746E-001 2.98024758927518E-001
50.5702853 2.84791017042434E-001 2.96433932614058E-001
50.6702672 2.83295498871653E-001 2.94854597464630E-001
50.7702530 2.81810550520503E-001 2.93286589294469E-001
50.8702350 2.80336190151173E-001 2.91729924287433E-001
50.9702209 2.78872211171117E-001 2.90184381362354E-001
51.0702031 2.77418632182791E-001 2.88649977240447E-001
51.1701853 2.75975305058615E-001 2.87126552668268E-001
51.2701714 2.74542084223600E-001 2.85613951157793E-001
51.3701538 2.73118988898352E-001 2.84112190187208E-001
51.4701400 2.71705821343724E-001 2.82621058315479E-001
51.5701225 2.70302601165502E-001 2.81140573494174E-001
51.6701050 2.68909187001571E-001 2.79670583867719E-001
51.7700914 2.67525439914096E-001 2.78210940204604E-001
51.8700741 2.66151380048252E-001 2.76761661121905E-001
51.9700606 2.64786818046769E-001 2.75322544296617E-001
52.0700434 2.63431774389956E-001 2.73893608761082E-001
52.1700263 2.62086114103727E-001 2.72474709638145E-001
52.2700130 2.60749704517690E-001 2.71065704542007E-001
52.3699959 2.59422566580005E-001 2.69666613087418E-001
52.4699827 2.58104518873493E-001 2.68277241580787E-001
52.5699658 2.56795582636001E-001 2.66897609999334E-001
52.6699489 2.55495628928657E-001 2.65527580052672E-001
52.7699359 2.54204531002883E-001 2.64167015817098E-001
52.8699192 2.52922310499403E-001 2.62815937776762E-001
52.9699063 2.51648793526940E-001 2.61474160409871E-001
53.0698897 2.50384001974634E-001 2.60141704515093E-001
53.1698731 2.49127812608817E-001 2.58818438022861E-001
53.2698603 2.47880104279392E-001 2.57504231113089E-001
53.3698439 2.46640899219391E-001 2.56199105022819E-001
53.4698313 2.45410030674856E-001 2.54902881973200E-001
53.5698149 2.44187521089770E-001 2.53615583472243E-001
53.6697986 2.42973252626772E-001 2.52337083329041E-001
53.7697861 2.41767109431585E-001 2.51067257491910E-001
53.8697699 2.40569114238537E-001 2.49806127844989E-001
53.9697576 2.39379107066210E-001 2.48553523950188E-001
54.0697415 2.38197110825882E-001 2.47309467923074E-001
54.1697254 2.37023012787191E-001 2.46073839131263E-001
54.2697133 2.35856702108178E-001 2.44846518977809E-001
54.3696973 2.34698201941887E-001 2.43627529897897E-001
54.4696852 2.33547358736775E-001 2.42416708416794E-001
54.5696694 2.32404195791992E-001 2.41214077165226E-001
54.6696536 2.31268605213039E-001 2.40019520769605E-001
54.7696417 2.30140480904548E-001 2.38832925794034E-001
54.8696260 2.29019846363381E-001 2.37654315137574E-001
54.9696142 2.27906554145783E-001 2.36483531934462E-001
55.0695986 2.26800627866760E-001 2.35320599246741E-001
55.1695831 2.25701964213400E-001 2.34165406678825E-001
55.2695714 2.24610461587717E-001 2.33017845680695E-001
55.3695560 2.23526143762496E-001 2.31877939536212E-001
55.4695444 2.22448869098836E-001 2.30745537655600E-001
55.5695291 2.21378661462330E-001 2.29620663456174E-001
55.6695138 2.20315421883055E-001 2.28503211257121E-001
55.7695023 2.19259053026537E-001 2.27393077136330E-001
55.8694872 2.18209578879972E-001 2.26290284690752E-001
55.9694758 2.17166863324233E-001 2.25194689293541E-001
56.0694607 2.16130930416378E-001 2.24106314648336E-001
56.1694457 2.15101685305454E-001 2.23025059542195E-001
56.2694345 2.14079034700892E-001 2.21950824438902E-001
56.3694196 2.13063002748609E-001 2.20883633183522E-001
56.4694085 2.12053458580808E-001 2.19823346817619E-001
56.5693936 2.11050426392510E-001 2.18769989268699E-001
56.6693788 2.10053815241265E-001 2.17723463559942E-001
56.7693678 2.09063535674077E-001 2.16683674313868E-001
56.8693531 2.08079611945213E-001 2.15650645564801E-001
56.9693423 2.07101918185277E-001 2.14624243745486E-001
57.0693276 2.06130478678871E-001 2.13604492950741E-001
57.1693130 2.05165206194206E-001 2.12591300222227E-001
57.2693023 2.04206014921888E-001 2.11584574127842E-001
57.3692878 2.03252929179008E-001 2.10584338837909E-001
57.4692772 2.02305827856129E-001 2.09590465915241E-001
57.5692628 2.01364735283730E-001 2.08602979570806E-001
57.6692484 2.00429567754600E-001 2.07621790660225E-001
57.7692379 1.99500242920488E-001 2.06646811496269E-001
57.8692236 1.98576785120207E-001 2.05678066337099E-001
57.9692132 1.97659077779374E-001 2.04715431629522E-001
58.0691990 1.96747145234902E-001 2.03758931654409E-001
58.1691849 1.95840907129038E-001 2.02808480889049E-001
58.2691746 1.94940284402950E-001 2.01863995202539E-001
58.3691605 1.94045301380118E-001 2.00925498897379E-001
58.4691503 1.93155845808942E-001 1.99992873072334E-001
58.5691363 1.92271941997228E-001 1.99066142036423E-001
58.6691224 1.91393512771788E-001 1.98145223707693E-001
58.7691123 1.90520482201497E-001 1.97230037334179E-001
58.8690985 1.89652874561127E-001 1.96320607223467E-001
58.9690885 1.88790581721432E-001 1.95416818907362E-001
59.0690747 1.87933627929118E-001 1.94518696685373E-001
59.1690610 1.87081939040211E-001 1.93626161746016E-001
59.2690511 1.86235442098932E-001 1.92739136549272E-001
59.3690374 1.85394161301340E-001 1.91857645372439E-001
59.4690277 1.84557992451171E-001 1.90981577973710E-001
59.5690141 1.83726959705296E-001 1.90110958609167E-001
59.6690006 1.82900991802513E-001 1.89245711577411E-001
59.7689909 1.82080018618756E-001 1.88385762393083E-001
59.8689774 1.81264064244445E-001 1.87531135271359E-001
59.9689678 1.80453028237290E-001 1.86681724001639E-001
60.0689545 1.79646934638552E-001 1.85837552766074E-001
60.1689411 1.78845714931690E-001 1.84998548822222E-001
60.2689316 1.78049301688879E-001 1.84164640591148E-001
60.3689184 1.77257718870777E-001 1.83335852197314E-001
60.4689090 1.76470869619774E-001 1.82512081276879E-001
60.5688958 1.75688777838450E-001 1.81693351910681E-001
60.6688827 1.74911377624605E-001 1.80879594172740E-001
60.7688734 1.74138604118811E-001 1.80070739250781E-001
60.8688603 1.73370481130407E-001 1.79266811152908E-001
60.9688511 1.72606915226265E-001 1.78467711187649E-001
61.0688381 1.71847930149691E-001 1.77673463309994E-001
61.1688251 1.71093462489791E-001 1.76884000276005E-001
61.2688160 1.70343449834825E-001 1.76099255908217E-001
61.3688031 1.69597915823600E-001 1.75319254075422E-001
61.4687941 1.68856770295809E-001 1.74543899593555E-001
61.5687813 1.68120036817148E-001 1.73773216269821E-001
61.6687685 1.67387654351812E-001 1.73007139415463E-001
61.7687596 1.66659562821727E-001 1.72245605363364E-001
61.8687469 1.65935785678090E-001 1.71488637822525E-001
61.9687381 1.65216235889766E-001 1.70736144960155E-001
62.0687254 1.64500936828568E-001 1.69988150416113E-001
62.1687128 1.63789829723949E-001 1.69244591937027E-001
62.2687041 1.63082856723740E-001 1.68505408248596E-001
62.3686916 1.62380041076400E-001 1.67770622881792E-001
62.4686829 1.61681298743843E-001 1.67040147207261E-001
62.5686704 1.60986652889605E-001 1.66314004680121E-001
62.6686580 1.60296046904554E-001 1.65592135369202E-001
62.7686494 1.59609425060528E-001 1.64874480281977E-001
62.8686371 1.58926810389907E-001 1.64161062755204E-001
62.9686286 1.58248121718596E-001 1.63451797222903E-001
63.0686163 1.57573381989175E-001 1.62746706940040E-001
63.1686040 1.56902536655704E-001 1.62045734190669E-001
63.2685918 1.56235557387871E-001 1.61348848665962E-001
63.3685872 1.55572365655170E-001 1.60655967620759E-001
63.4685751 1.54913034808893E-001 1.59967166998484E-001
63.5685630 1.54257486516237E-001 1.59282364275365E-001
63.6685509 1.53605693425843E-001 1.58601530202203E-001
63.7685388 1.52957628424861E-001 1.57924635787876E-001
63.8685344 1.52313215615224E-001 1.57251601099803E-001
63.9685224 1.51672526675721E-001 1.56582500343929E-001
64.0685105 1.51035485891891E-001 1.55917253793358E-001
64.1684986 1.50402067080860E-001 1.55255833462963E-001
64.2684867 1.49772244286370E-001 1.54598211612683E-001
64.3684824 1.49145944132034E-001 1.53944311002556E-001
64.4684706 1.48523236666340E-001 1.53294204144647E-001
64.5684588 1.47904048683363E-001 1.52647813990035E-001
64.6684470 1.47288355110633E-001 1.52005113754115E-001
64.7684353 1.46676131091084E-001 1.51366076885075E-001
64.8684312 1.46067305664822E-001 1.50730628721727E-001
64.9684195 1.45461947291283E-001 1.50098840124906E-001
65.0684079 1.44859985168768E-001 1.49470636610815E-001
65.1683963 1.44261395280425E-001 1.48845992535446E-001
65.2683847 1.43666153814225E-001 1.48224882476021E-001
65.3683808 1.43074192126813E-001 1.47607234242029E-001
65.4683692 1.42485577128881E-001 1.46993117084786E-001
65.5683578 1.41900240323831E-001 1.46382458978441E-001
65.6683463 1.41318158698716E-001 1.45775235363073E-001
65.7683349 1.40739309435422E-001 1.45171421889074E-001
65.8683311 1.40163626112133E-001 1.44570948733936E-001
65.9683197 1.39591174130148E-001 1.43973883580210E-001
66.0683084 1.39021887203732E-001 1.43380156758173E-001
66.1682971 1.38455743275017E-001 1.42789744738662E-001
66.2682858 1.37892720471529E-001 1.42202624192528E-001
66.3682821 1.37332754502649E-001 1.41618727567687E-001
66.4682709 1.36775909298692E-001 1.41038121017741E-001
66.5682597 1.36222120695156E-001 1.40460737132312E-001
66.6682485 1.35671367543126E-001 1.39886553362654E-001
66.7682374 1.35123628870168E-001 1.39315547350313E-001
66.8682339 1.34578842430908E-001 1.38747653720863E-001
66.9682228 1.34037070722155E-001 1.38182937137824E-001
67.0682118 1.33498251615353E-001 1.37621332358133E-001
67.1682007 1.32962364826953E-001 1.37062817765926E-001
67.2681897 1.32429390241461E-001 1.36507371926441E-001
67.3681864 1.31899267576949E-001 1.35954931554675E-001
67.4681754 1.31372057933269E-001 1.35405559861995E-001
67.5681645 1.30847701136626E-001 1.34859193685115E-001
67.6681536 1.30326177727633E-001 1.34315812296133E-001
67.7681428 1.29807468406983E-001 1.33775395139568E-001
67.8681396 1.29291514778313E-001 1.33237880935889E-001
67.9681288 1.28778376580148E-001 1.32703331481310E-001
68.0681180 1.28267995516150E-001 1.32171685609006E-001
68.1681072 1.27760352912116E-001 1.31642923436586E-001
68.2680965 1.27255430246387E-001 1.31117025245871E-001
68.3680934 1.26753170933978E-001 1.30593931682884E-001
68.4680827 1.26253633386819E-001 1.30073703164768E-001
68.5680721 1.25756761112381E-001 1.29556280441841E-001
68.6680615 1.25262536184769E-001 1.29041644437080E-001
68.7680509 1.24770940823502E-001 1.28529776229913E-001
68.8680479 1.24281920184283E-001 1.28020618315812E-001
68.9680374 1.23795531386293E-001 1.27514229768024E-001
69.0680269 1.23311719670616E-001 1.27010553178459E-001
69.1680164 1.22830467824769E-001 1.26509570237495E-001
69.2680059 1.22351758774923E-001 1.26011262784611E-001
69.3680031 1.21875539350086E-001 1.25515575092227E-001
69.4679927 1.21401865409655E-001 1.25022564923972E-001
69.5679823 1.20930683861412E-001 1.24532176641369E-001
69.6679719 1.20461978173235E-001 1.24044392666260E-001
69.7679615 1.19995731945258E-001 1.23559195562639E-001
69.8679589 1.19531893615533E-001 1.23076531310775E-001
69.9679486 1.19070517815784E-001 1.22596456398077E-001
70.0679383 1.18611553056667E-001 1.22118916887069E-001
70.1679281 1.18154983455113E-001 1.21643895897041E-001
70.2679178 1.17700793254253E-001 1.21171376682852E-001
70.3679153 1.17248932439881E-001 1.20701306866745E-001
70.4679051 1.16799454447316E-001 1.20233741692444E-001
70.5678949 1.16352309329188E-001 1.19768628858041E-001
70.6678848 1.15907481821822E-001 1.19305952148064E-001
70.7678747 1.15464956781996E-001 1.18845695476371E-001
70.8678723 1.15024685684743E-001 1.18387808044344E-001
70.9678622 1.14586720799417E-001 1.17932343883704E-001
71.0678522 1.14151013662503E-001 1.17479252265703E-001
71.1678422 1.13717549601597E-001 1.17028517609586E-001
71.2678322 1.13286314059302E-001 1.16580124458016E-001
71.3678299 1.12857259944039E-001 1.16134023531565E-001
71.4678200 1.12430438388833E-001 1.15690267680799E-001
71.5678100 1.12005802358522E-001 1.15248807690574E-001
71.6678002 1.11583337745309E-001 1.14809628585925E-001
71.7677903 1.11163030551239E-001 1.14372715509708E-001
71.8677881 1.10744835064780E-001 1.13938020644457E-001
71.9677783 1.10328801311469E-001 1.13505595689623E-001
72.0677685 1.09914883631489E-001 1.13075392886805E-001
72.1677587 1.09503068456354E-001 1.12647397839408E-001
72.2677489 1.09093342322520E-001 1.12221596263345E-001
72.3677468 1.08685660847544E-001 1.11797941748480E-001
72.4677371 1.08280072977542E-001 1.11376484872377E-001
72.5677275 1.07876534377393E-001 1.10957179279087E-001
72.6677178 1.07475031993919E-001 1.10540011124377E-001
72.7677082 1.07075552874227E-001 1.10124966671478E-001
72.8677062 1.06678053916267E-001 1.09712000865396E-001
72.9676966 1.06282583014044E-001 1.09301163190262E-001
73.0676870 1.05889097108721E-001 1.08892408640711E-001
73.1676774 1.05497583639638E-001 1.08485723900192E-001
73.2676679 1.05108030142005E-001 1.08081095754840E-001
73.3676660 1.04720394747601E-001 1.07678480454936E-001
73.4676565 1.04334724324897E-001 1.07277926418862E-001
73.5676471 1.03950977045049E-001 1.06879389942271E-001
73.6676376 1.03569140818276E-001 1.06482858212876E-001
73.7676282 1.03189203646474E-001 1.06088318516537E-001
73.8676264 1.02811124850724E-001 1.05695728361143E-001
73.9676171 1.02434950299815E-001 1.05305135126272E-001
74.0676077 1.02060639350619E-001 1.04916496361208E-001
74.1675984 1.01688180363682E-001 1.04529799735693E-001
74.2675890 1.01317561787236E-001 1.04145033013301E-001
74.3675874 1.00948744089068E-001 1.03762154913960E-001
74.4675781 1.00581772163433E-001 1.03381211804650E-001
74.5675688 1.00216606510560E-001 1.03002162442975E-001
74.6675596 9.98532359217855E-002 1.02624994959586E-001
74.7675504 9.94916492723423E-002 1.02249697574870E-001
74.8675488 9.91318081359563E-002 1.01876230177199E-001
74.9675396 9.87737564568161E-002 1.01504638146458E-001
75.0675305 9.84174558379611E-002 1.01134881405221E-001
75.1675213 9.80628954829486E-002 1.00766948524982E-001
75.2675122 9.77100646756327E-002 1.00400828163083E-001
75.3675108 9.73589260566524E-002 1.00036481334629E-001
75.4675017 9.70095226439267E-002 9.96739524572159E-002
75.5674926 9.66618171044853E-002 9.93132025769070E-002
75.6674836 9.63157990364520E-002 9.89542206869716E-002
75.7674746 9.59714581148213E-002 9.85969958628282E-002
75.8674732 9.56287580097738E-002 9.82414902063930E-002
75.9674642 9.52877408361065E-002 9.78877471971033E-002
76.0674553 9.49483702876604E-002 9.75357289648031E-002
76.1674463 9.46106363403320E-002 9.71854249064084E-002
76.2674374 9.42745290436277E-002 9.68368244974662E-002
76.3674361 9.39400130614720E-002 9.64898908884820E-002
76.4674273 9.36071296280526E-002 9.61446666442056E-002
76.5674184 9.32758434284043E-002 9.58011149402389E-002
76.6674096 9.29461448002160E-002 9.54592255599029E-002
76.7674007 9.26180241516846E-002 9.51189883618044E-002
76.8673996 9.22914471061746E-002 9.47803675084300E-002
76.9673908 9.19664540391620E-002 9.44434046726717E-002
77.0673820 9.16430105927414E-002 9.41080640394686E-002
77.1673732 9.13211074511844E-002 9.37743357621450E-002
77.2673645 9.10007353663181E-002 9.34422100661275E-002
77.3673634 9.06818608880679E-002 9.31116520908124E-002
77.4673547 9.03645235544940E-002 9.27827026394383E-002
77.5673461 9.00486899320293E-002 9.24553268713842E-002
77.6673374 8.97343510370479E-002 9.21295152943699E-002
77.7673288 8.94214979506670E-002 9.18052584851865E-002
77.8673278 8.91100981178475E-002 9.14825225265291E-002
77.9673192 8.88001902599468E-002 9.11613473735786E-002
78.0673106 8.84917418363590E-002 9.08416991267075E-002
78.1673020 8.81847441817693E-002 9.05235686331724E-002
78.2672935 8.78791886929277E-002 9.02069468064166E-002
78.3672925 8.75750436795947E-002 8.98918006402127E-002
78.4672840 8.72723470665699E-002 8.95781692626887E-002
78.5672755 8.69710671761109E-002 8.92660196831421E-002
78.6672671 8.66711956480763E-002 8.89553430742191E-002
78.7672586 8.63727241818365E-002 8.86461306720043E-002
78.8672578 8.60756219229444E-002 8.83383503504498E-002
78.9672493 8.57799260192336E-002 8.80320404310591E-002
79.0672409 8.54856056269485E-002 8.77271688013011E-002
79.1672325 8.51926526786003E-002 8.74237269457351E-002
79.2672242 8.49010591637795E-002 8.71217064097411E-002
79.3672234 8.46107950359937E-002 8.68210759178132E-002
79.4672151 8.43218966851662E-002 8.65218730046985E-002
79.5672068 8.40343340738123E-002 8.62240664065338E-002
79.6671985 8.37480994151612E-002 8.59276479069518E-002
79.7671902 8.34631849772020E-002 8.56326093479115E-002
79.8671895 8.31795614946752E-002 8.53389202760110E-002
79.9671813 8.28972646181268E-002 8.50466174585649E-002
80.0671730 8.26162650897349E-002 8.47556704520664E-002
80.1671648 8.23365553920668E-002 8.44660713269842E-002
80.2671566 8.20581280602380E-002 8.41778122097355E-002
80.3671560 8.17809545845628E-002 8.38908634417286E-002
80.4671478 8.15050698942355E-002 8.36052610416396E-002
80.5671397 8.12304454855454E-002 8.33209753591424E-002
80.6671315 8.09570740995438E-002 8.30379987398750E-002
80.7671234 8.06849485277200E-002 8.27563235831570E-002
80.8671229 8.04140409913179E-002 8.24759209990032E-002
80.9671148 8.01443857157122E-002 8.21968262757303E-002
81.0671067 7.98759549267590E-002 8.19190105300999E-002
81.1670987 7.96087416136382E-002 8.16424663717940E-002
81.2670906 7.93427388139539E-002 8.13671864620133E-002
81.3670902 7.90779194562024E-002 8.10931426542150E-002
81.4670822 7.88143170789920E-002 8.08203695241358E-002
81.5670742 7.85519046141619E-002 8.05488389305639E-002
81.6670662 7.82906752891380E-002 8.02785437366127E-002
81.7670583 7.80306223778491E-002 8.00094768548508E-002
81.8670579 7.77717194932892E-002 7.97416108580049E-002
81.9670500 7.75139995038878E-002 7.94749796265241E-002
82.0670421 7.72574360248010E-002 7.92095557371485E-002
82.1670342 7.70020225122673E-002 7.89453322962959E-002
82.2670263 7.67477524671930E-002 7.86823024578706E-002
82.3670260 7.64946001651969E-002 7.84204394906418E-002
82.4670182 7.62425978206652E-002 7.81597765965923E-002
82.5670103 7.59917197102803E-002 7.79002870472774E-002
82.6670025 7.57419595100854E-002 7.76419641827548E-002
82.7669947 7.54933109390391E-002 7.73848013886884E-002
82.8669945 7.52457489143535E-002 7.71287726075665E-002
82.9669867 7.49993050120675E-002 7.68739103792666E-002
83.0669790 7.47539541494354E-002 7.66201886479209E-002
83.1669712 7.45096902137019E-002 7.63676009779996E-002
83.2669635 7.42665071333525E-002 7.61161409777839E-002
83.3669634 7.40243804469652E-002 7.58657832420190E-002
83.4669556 7.37833411075002E-002 7.56165596643927E-002
83.5669479 7.35433646526293E-002 7.53684448402329E-002
83.6669403 7.33044451725784E-002 7.51214325496099E-002
83.7669326 7.30665767972153E-002 7.48755166146911E-002
83.8669326 7.28297356670240E-002 7.46306722618396E-002
83.9669249 7.25939521267407E-002 7.43869307540368E-002
84.0669173 7.23592023150626E-002 7.41442673172420E-002
84.1669097 7.21254805173428E-002 7.39026759387088E-002
84.2669021 7.18927810570467E-002 7.36621506461495E-002
84.3669022 7.16610806578388E-002 7.34226672776935E-002
84.4668946 7.14304090706835E-002 7.31842564806773E-002
84.5668870 7.12007430166416E-002 7.29468940919101E-002
84.6668795 7.09720769686846E-002 7.27105742977859E-002
84.7668720 7.07444054364352E-002 7.24752913235923E-002
84.8668721 7.05177057087141E-002 7.22410216001241E-002
84.9668646 7.02920069567750E-002 7.20077951737265E-002
85.0668571 7.00672864660785E-002 7.17755884730240E-002
85.1668496 6.98435388900356E-002 7.15443958758642E-002
85.2668422 6.96207589173110E-002 7.13142117974925E-002
85.3668424 6.93989243845297E-002 7.10850132429870E-002
85.4668349 6.91780638969158E-002 7.08568296719581E-002
85.5668275 6.89581552870324E-002 7.06296380865253E-002
85.6668201 6.87391933818651E-002 7.04034330486418E-002
85.7668127 6.85211730423162E-002 7.01782091562281E-002
85.8668130 6.83040726361032E-002 6.99539439709497E-002
85.9668056 6.80879202157338E-002 6.97306663795543E-002
86.0667983 6.78726941442159E-002 6.95083539400188E-002
86.1667909 6.76583894155417E-002 6.92870013913753E-002
86.2667836 6.74450010563408E-002 6.90666035072550E-002
86.3667839 6.72325079493275E-002 6.88471383888730E-002
86.4667766 6.70209376072475E-002 6.86286343636111E-002
86.5667694 6.68102689075065E-002 6.84110695283199E-002
86.6667621 6.66004970048188E-002 6.81944387923894E-002
86.7667548 6.63916170853125E-002 6.79787370985004E-002
86.8667552 6.61836085311899E-002 6.77639430710072E-002
86.9667480 6.59764983280420E-002 6.75500844910602E-002
87.0667408 6.57702658522098E-002 6.73371399780246E-002
87.1667336 6.55649064131156E-002 6.71251046052187E-002
87.2667264 6.53604153504233E-002 6.69139734779990E-002
87.3667268 6.51567725308778E-002 6.67037257280511E-002
87.4667197 6.49540044251853E-002 6.64943886030751E-002
87.5667125 6.47520908937199E-002 6.62859412291902E-002
87.6667054 6.45510273948537E-002 6.60783788374900E-002
87.7666983 6.43508094160787E-002 6.58716966899074E-002
87.8666988 6.41514172942759E-002 6.56658744102268E-002
87.9666917 6.39528769972085E-002 6.54609387251363E-002
88.0666846 6.37551688549179E-002 6.52568692523219E-002
88.1666775 6.35582884692126E-002 6.50536613747624E-002
88.2666705 6.33622314699468E-002 6.48513105051288E-002
88.3666710 6.31669786502474E-002 6.46497967446228E-002
88.4666640 6.29725554865585E-002 6.44491463110271E-002
88.5666570 6.27789427647368E-002 6.42493392989550E-002
88.6666500 6.25861362247466E-002 6.40503712376317E-002
88.7666429 6.23941316335688E-002 6.38522376848762E-002
88.8666436 6.22029102271807E-002 6.36549192051541E-002
88.9666366 6.20124970020223E-002 6.34584415191257E-002
89.0666296 6.18228731864063E-002 6.32627851842182E-002
89.1666227 6.16340346533936E-002 6.30679458705032E-002
89.2666157 6.14459773020759E-002 6.28739192755933E-002
89.3666164 6.12586827983603E-002 6.26806864135714E-002
89.4666095 6.10721756696972E-002 6.24882725194448E-002
89.5666026 6.08864375739677E-002 6.22966585998442E-002
89.6665957 6.07014645124819E-002 6.21058404605147E-002
89.7665889 6.05172525116357E-002 6.19158139337345E-002
89.8665896 6.03337836547993E-002 6.17265604700410E-002
89.9665828 6.01510820111574E-002 6.15381048299536E-002
90.0665759 5.99691296557247E-002 6.13504284561789E-002
90.1665691 5.97879227134139E-002 6.11635272851794E-002
90.2665622 5.96074573333180E-002 6.09773972789849E-002
90.3665631 5.94277160042403E-002 6.07920203118896E-002
90.4665563 5.92487223475402E-002 6.06074206807946E-002
90.5665495 5.90704588433647E-002 6.04235802518168E-002
90.6665427 5.88929217357757E-002 6.02404950873870E-002
90.7665359 5.87161072921458E-002 6.00581612745770E-002
90.8665368 5.85399983950994E-002 5.98765610991857E-002
90.9665301 5.83646182283365E-002 5.96957184050781E-002
91.0665233 5.81899496655522E-002 5.95156154695598E-002
91.1665166 5.80159890656858E-002 5.93362484764773E-002
91.2665099 5.78427328101545E-002 5.91576136334298E-002
91.3665108 5.76701641641928E-002 5.89796936258965E-002
91.4665041 5.74983058837403E-002 5.88025118550093E-002
91.5664975 5.73271412248554E-002 5.86260509974667E-002
91.6664908 5.71566666572582E-002 5.84503073541656E-002
91.7664842 5.69868786723480E-002 5.82752772489044E-002
91.8664851 5.68177609071434E-002 5.81009437554271E-002
91.9664785 5.66493356994640E-002 5.79273298421661E-002
92.0664719 5.64815866769296E-002 5.77544185738241E-002
92.1664653 5.63145104161117E-002 5.75822063641625E-002
92.2664587 5.61481035144938E-002 5.74106896490279E-002
92.3664597 5.59823499704227E-002 5.72398518794080E-002
92.4664531 5.58172717129864E-002 5.70697156008046E-002
92.5664466 5.56528527309327E-002 5.69002642549289E-002
92.6664400 5.54890897039134E-002 5.67314943643913E-002
92.7664335 5.53259793317568E-002 5.65634024731048E-002
92.8664346 5.51635059640360E-002 5.63959723986564E-002
92.9664281 5.50016911302521E-002 5.62292262731324E-002
93.0664215 5.48405191702008E-002 5.60631479046315E-002
93.1664150 5.46799868629951E-002 5.58977339207613E-002
93.2664086 5.45200910072186E-002 5.57329809696804E-002
93.3664097 5.43608162939101E-002 5.55688732252935E-002
93.4664032 5.42021838618912E-002 5.54054324155381E-002
93.5663968 5.40441783922643E-002 5.52426427046406E-002
93.6663903 5.38867967601298E-002 5.50805008215095E-002
93.7663839 5.37300358593807E-002 5.49190035148821E-002
93.8663851 5.35738807130888E-002 5.47581353050476E-002
93.9663787 5.34183520780721E-002 5.45979175248204E-002
94.0663723 5.32634349673255E-002 5.44383346846417E-002
94.1663659 5.31091263486015E-002 5.42793836111723E-002
94.2663595 5.29554232077935E-002 5.41210611502096E-002
94.3663607 5.28023108908875E-002 5.39633521588272E-002
94.4663544 5.26498097811510E-002 5.38062775835088E-002
94.5663480 5.24979052143702E-002 5.36498222713303E-002
94.6663417 5.23465942477460E-002 5.34939831432983E-002
94.7663353 5.21958739559951E-002 5.33387571388914E-002
94.8663366 5.20457299992011E-002 5.31841294426898E-002
94.9663303 5.18961823953164E-002 5.30301206234108E-002
95.0663240 5.17472167941186E-002 5.28767158555050E-002
95.1663177 5.15988303391798E-002 5.27239121510539E-002
95.2663114 5.14510201909877E-002 5.25717065399728E-002
95.3663128 5.13037723151978E-002 5.24200845253786E-002
95.4663065 5.11571063724718E-002 5.22690663065666E-002
95.5663002 5.10110083180678E-002 5.21186373764091E-002
95.6662940 5.08654753789734E-002 5.19687948349211E-002
95.7662878 5.07205047985143E-002 5.18195357993381E-002
95.8662892 5.05760828396716E-002 5.16708460826407E-002
95.9662829 5.04322288136351E-002 5.15227455228320E-002
96.0662767 5.02889289729119E-002 5.13752199225489E-002
96.1662705 5.01461806250638E-002 5.12282664667218E-002
96.2662643 5.00039810934364E-002 5.10818823569126E-002
96.3662658 4.98623169303590E-002 5.09360537075776E-002
96.4662596 4.97212071051690E-002 5.07908000033494E-002
96.5662535 4.95806381596581E-002 5.06461073482562E-002
96.6662473 4.94406074792323E-002 5.05019730092444E-002
96.7662412 4.93011124645479E-002 5.03583942693252E-002
96.8662427 4.91621399495634E-002 5.02153575363170E-002
96.9662365 4.90237085691900E-002 5.00728819492014E-002
97.0662304 4.88858051467972E-002 4.99309539052979E-002
97.1662243 4.87484271430103E-002 4.97895707507818E-002
97.2662182 4.86115720331922E-002 4.96487298473494E-002
97.3662198 4.84752269254600E-002 4.95084178883308E-002
97.4662137 4.83394101275368E-002 4.93686536745796E-002
97.5662076 4.82041087369110E-002 4.92294238888694E-002
97.6662016 4.80693202869034E-002 4.90907259539258E-002
97.7661955 4.79350423250796E-002 4.89525573074724E-002
97.8661971 4.78012622264839E-002 4.88149049207547E-002
97.9661911 4.76679979787066E-002 4.86777872638304E-002
98.0661851 4.75352369461345E-002 4.85411912973426E-002
98.1661791 4.74029767323569E-002 4.84051145179922E-002
98.2661730 4.72712149547337E-002 4.82695544369747E-002
98.3661747 4.71399392482357E-002 4.81344982960986E-002
98.4661687 4.70091672871977E-002 4.79999642417724E-002
98.5661627 4.68788866959147E-002 4.78659395051676E-002
98.6661568 4.67490951459095E-002 4.77324216544840E-002
98.7661508 4.66197903220197E-002 4.75994082719317E-002
98.8661525 4.64909601123636E-002 4.74668868627648E-002
98.9661465 4.63626218847254E-002 4.73348752567091E-002
99.0661406 4.62347635165387E-002 4.72033609483577E-002
99.1661347 4.61073827450138E-002 4.70723415750270E-002
99.2661288 4.59804773202367E-002 4.69418147875787E-002
99.3661305 4.58540353769081E-002 4.68117683478211E-002
99.4661246 4.57280739827990E-002 4.66822197755885E-002
99.5661187 4.56025812619243E-002 4.65531568220142E-002
99.6661128 4.54775550150208E-002 4.64245771912400E-002
99.7661070 4.53529930552782E-002 4.62964786005053E-002
99.8661087 4.52288837576198E-002 4.61688490614995E-002
99.9661029 4.51052438961769E-002 4.60417057907861E-002
100.0660970 4.49820618351949E-002 4.59150367893742E-002
100.1660912 4.48593354368567E-002 4.57888398260267E-002
100.2660854 4.47370625753909E-002 4.56631126821729E-002
100.3660872 4.46152318597819E-002 4.55378436129192E-002
100.4660814 4.44938597767376E-002 4.54130495380144E-002
100.5660756 4.43729349245794E-002 4.52887187018879E-002
100.6660698 4.42524552249336E-002 4.51648489358019E-002
100.7660640 4.41324186110810E-002 4.50414380832705E-002
100.8660658 4.40128139200962E-002 4.49184746365554E-002
100.9660601 4.38936573573250E-002 4.47959752248851E-002
101.0660543 4.37749377492017E-002 4.46739283298559E-002
101.1660486 4.36566530748679E-002 4.45523318431872E-002
101.2660428 4.35388013247429E-002 4.44311836684509E-002
101.3660447 4.34213715582051E-002 4.43104725289970E-002
101.4660390 4.33043797051500E-002 4.41902147696726E-002
101.5660333 4.31878148143447E-002 4.40703991031809E-002
101.6660275 4.30716749205896E-002 4.39510234797323E-002
101.7660218 4.29559580695997E-002 4.38320858610059E-002
101.8660238 4.28406535374481E-002 4.37135751955601E-002
101.9660181 4.27257769843463E-002 4.35955075498474E-002
102.0660124 4.26113176757910E-002 4.34778718618049E-002
102.1660067 4.24972737004531E-002 4.33606661382415E-002
102.2660011 4.23836431575687E-002 4.32438883970643E-002
102.3660031 4.22704155344671E-002 4.31275278063413E-002
102.4659974 4.21576062273007E-002 4.30116001599697E-002
102.5659918 4.20452047128634E-002 4.28960946154281E-002
102.6659861 4.19332091319739E-002 4.27810092343003E-002
102.7659805 4.18216176356792E-002 4.26663420889125E-002
102.8659825 4.17104199172920E-002 4.25520825613178E-002
102.9659769 4.15996311143927E-002 4.24382461785531E-002
103.0659713 4.14892409098041E-002 4.23248223121200E-002
103.1659657 4.13792474948332E-002 4.22118090766216E-002
103.2659601 4.12696490706904E-002 4.20992045970596E-002
103.3659622 4.11604355315577E-002 4.19869984641160E-002
103.4659566 4.10516217617964E-002 4.18752059435234E-002
103.5659511 4.09431976451494E-002 4.17638166154552E-002
103.6659455 4.08351614218122E-002 4.16528286458419E-002
103.7659400 4.07275113415712E-002 4.15422402106818E-002
103.8659421 4.06202374945164E-002 4.14320411040909E-002
103.9659365 4.05133545170140E-002 4.13222463359181E-002
104.0659310 4.04068524887703E-002 4.12128456898190E-002
104.1659255 4.03007296973279E-002 4.11038373814213E-002
104.2659200 4.01949844395184E-002 4.09952196361018E-002
104.3659221 4.00896069965280E-002 4.08869824463725E-002
104.4659166 3.99846117618238E-002 4.07791405714867E-002
104.5659112 3.98799890062673E-002 4.06716839935486E-002
104.6659057 3.97757370632618E-002 4.05646109763122E-002
104.7659002 3.96718542752092E-002 4.04579197929733E-002
104.8659024 3.95683311097217E-002 4.03516006295525E-002
104.9658969 3.94651817223412E-002 4.02456679998672E-002
105.0658915 3.93623965704185E-002 4.01401120795877E-002
105.1658860 3.92599740317848E-002 4.00349311790796E-002
105.2658806 3.91579124929894E-002 3.99301236178541E-002
105.3658828 3.90562026035392E-002 3.98256797706991E-002
105.4658774 3.89548582859046E-002 3.97216139110312E-002
105.5658720 3.88538701793972E-002 3.96179164033483E-002
105.6658666 3.87532367048946E-002 3.95145856031683E-002
105.7658612 3.86529562917219E-002 3.94116198748686E-002
105.8658634 3.85530197668816E-002 3.93090097774024E-002
105.9658580 3.84534408245103E-002 3.92067693486993E-002
106.0658527 3.83542102814851E-002 3.91048891374878E-002
106.1658473 3.82553266003970E-002 3.90033675430295E-002
106.2658419 3.81567882520237E-002 3.89022029731706E-002
106.3658442 3.80585862365939E-002 3.88013861665642E-002
106.4658389 3.79607340245340E-002 3.87009309304486E-002
106.5658335 3.78632226060198E-002 3.86008279933198E-002
106.6658282 3.77660504840699E-002 3.85010757968261E-002
106.7658229 3.76692161696385E-002 3.84016727909345E-002
106.8658252 3.75727108320340E-002 3.83026098896630E-002
106.9658199 3.74765477224874E-002 3.82039006742394E-002
107.0658146 3.73807180003295E-002 3.81055360485955E-002
107.1658093 3.72852202077665E-002 3.80075144954567E-002
107.2658040 3.71900528946970E-002 3.79098345056106E-002
107.3658063 3.70952073954841E-002 3.78124871642317E-002
107.4658011 3.70006967465692E-002 3.77154858311063E-002
107.5657958 3.69065122724153E-002 3.76188215813965E-002
107.6657905 3.68126525532191E-002 3.75224929376414E-002
107.7657853 3.67191161766353E-002 3.74264984301947E-002
107.8657877 3.66258946381713E-002 3.73308293113015E-002
107.9657824 3.65330007637818E-002 3.72354987237664E-002
108.0657772 3.64404260391541E-002 3.71404979098984E-002
108.1657720 3.63481690813200E-002 3.70458254308311E-002
108.2657667 3.62562285145435E-002 3.69514798552741E-002
108.3657692 3.61645959916784E-002 3.68574525985745E-002
108.4657639 3.60732841323935E-002 3.67637565909103E-002
108.5657587 3.59822845798044E-002 3.66703832377708E-002
108.6657536 3.58915959866630E-002 3.65773311377078E-002
108.7657484 3.58012170127350E-002 3.64845988966190E-002
108.8657508 3.57111394645313E-002 3.63921780890990E-002
108.9657456 3.56213757595367E-002 3.63000814369505E-002
109.0657405 3.55319176946071E-002 3.62083005049913E-002
