0.0053140 4.94397258379318E+000 2.15219447014579E+003
0.0210792 1.90614083773110E+001 2.10892898052554E+003
0.0467942 4.04161999544193E+001 2.04087043897485E+003
0.0817065 6.63710487478880E+001 1.95318348019512E+003
0.1249105 9.41898784611922E+001 1.85164335643636E+003
0.1754417 1.21510352702610E+002 1.74181306972665E+003
0.2323515 1.46591201702673E+002 1.62849869530299E+003
0.2947571 1.68353459810787E+002 1.51550153332788E+003
0.3618673 1.86290427634638E+002 1.40559940129893E+003
0.4329916 2.00323640176237E+002 1.30066186933417E+003
0.5075377 2.10657188920850E+002 1.20182316395685E+003
0.5850032 2.17656910401452E+002 1.10966017899190E+003
0.6649650 2.21761710421183E+002 1.02435045484728E+003
0.7470680 2.23424583805803E+002 9.45799517372620E+002
0.8310139 2.23076940557012E+002 8.73738878124425E+002
0.9165527 2.21109636333744E+002 8.07796645505194E+002
1.0034738 2.17864985422577E+002 7.47547560634035E+002
1.0915995 2.13635570717050E+002 6.92546971703446E+002
1.1807797 2.08666877240141E+002 6.42352767688837E+002
1.2708868 2.03161906020139E+002 5.96539622828455E+002
1.3618115 1.97286479569061E+002 5.54706839521235E+002
1.4534610 1.91174563457428E+002 5.16482314772816E+002
1.5457546 1.84933355451493E+002 4.81524594568251E+002
1.6386236 1.78647665414269E+002 4.49522069786642E+002
1.7320075 1.72383942815722E+002 4.20192494245073E+002
1.8258543 1.66193510856810E+002 3.93280692789555E+002
1.9201186 1.60115423699263E+002 3.68556779679466E+002
2.0147601 1.54178852571123E+002 3.45814166101884E+002
2.1097440 1.48404923252755E+002 3.24867029647152E+002
2.2050388 1.42808422431820E+002 3.05548707333712E+002
2.3006174 1.37399004173089E+002 2.87709420526214E+002
2.3964555 1.32182295903481E+002 2.71214674807663E+002
2.4925310 1.27160797098596E+002 2.55943751712343E+002
2.5888248 1.22334492766316E+002 2.41787984186916E+002
2.6853193 1.17701514240888E+002 2.28649739509530E+002
2.7819988 1.13258512697243E+002 2.16441003928062E+002
2.8788497 1.09001061417755E+002 2.05082447693306E+002
2.9758588 1.04923977091795E+002 1.94502564697809E+002
3.0730149 1.01021483547565E+002 1.84636659220528E+002
3.1703074 9.72874752996696E+001 1.75426312671592E+002
3.2677268 9.37155982055471E+001 1.66818561370617E+002
3.3652646 9.02994024449257E+001 1.58765412305898E+002
3.4629133 8.70324077139676E+001 1.51223269192048E+002
3.5606650 8.39082342460320E+001 1.44152616706333E+002
3.6585133 8.09205622944299E+001 1.37517398794765E+002
3.7564523 7.80632347531175E+001 1.31284803589107E+002
3.8544764 7.53302702220942E+001 1.25424904927125E+002
3.9525810 7.27158713100706E+001 1.19910350688625E+002
4.0507604 7.02144876626569E+001 1.14716211258267E+002
4.1490108 6.78207495794708E+001 1.09819594364056E+002
4.2473280 6.55295225723362E+001 1.05199548512532E+002
4.3457083 6.33358954856213E+001 1.00836854173103E+002
4.4441489 6.12351690099565E+001 9.67138420183092E+001
4.5426454 5.92228916738195E+001 9.28143246777658E+001
4.6411954 5.72947946804043E+001 8.91233481665723E+001
4.7397961 5.54468262266408E+001 8.56271541765675E+001
4.8384450 5.36751343399805E+001 8.23130543138661E+001
4.9371399 5.19760515024188E+001 7.91693205020450E+001
5.0358779 5.03461189515477E+001 7.61851585296668E+001
5.1346571 4.87820301761277E+001 7.33505409723407E+001
5.2334756 4.72806556928237E+001 7.06561981767287E+001
5.3323316 4.58390268729921E+001 6.80935398361777E+001
5.4312238 4.44543216984519E+001 6.56545865939593E+001
5.5301496 4.31238833091623E+001 6.33319642810629E+001
5.6291079 4.18451730382176E+001 6.11187873118182E+001
5.7280973 4.06157899628403E+001 5.90086631886534E+001
5.8271164 3.94334573224213E+001 5.69956419014741E+001
5.9261644 3.82960106353896E+001 5.50741717834027E+001
6.0252392 3.72014129044177E+001 5.32391036712124E+001
6.1243401 3.61477161043838E+001 5.14856067530942E+001
6.2234659 3.51330773838178E+001 4.98091789656891E+001
6.3226158 3.41557481235752E+001 4.82056132689716E+001
6.4217891 3.32140643937256E+001 4.66709682267828E+001
6.5209840 3.23064598770993E+001 4.52015765774066E+001
6.6202001 3.14314343316598E+001 4.37939826969713E+001
6.7194366 3.05875673547614E+001 4.24449550748961E+001
6.8186927 2.97735096901971E+001 4.11514631423365E+001
6.9179682 2.89879756577347E+001 3.99106570659412E+001
7.0172613 2.82297543256747E+001 3.87198779160362E+001
7.1165720 2.74976835785179E+001 3.75766100017890E+001
7.2158999 2.67906586448123E+001 3.64784884238561E+001
7.3152432 2.61076417660700E+001 3.54233083594359E+001
7.4146030 2.54476230607216E+001 3.44089594671377E+001
7.5139770 2.48096663837352E+001 3.34334921258514E+001
7.6133666 2.41928563432001E+001 3.24950318352923E+001
7.7127702 2.35963389805196E+001 3.15918377624832E+001
7.8121865 2.30193003486341E+001 3.07222663738100E+001
7.9116168 2.24609487074200E+001 2.98847416425115E+001
8.0110589 2.19205505587777E+001 2.90778063835329E+001
8.1105143 2.13973860888348E+001 2.83000527704907E+001
8.2099815 2.08907838583289E+001 2.75501718197929E+001
8.3094593 2.04001029176845E+001 2.68269243542626E+001
8.4089492 1.99247178640529E+001 2.61291170931903E+001
8.5084489 1.94640497105478E+001 2.54556462271343E+001
8.6079599 1.90175281532228E+001 2.48054403135831E+001
8.7074812 1.85846213201864E+001 2.41775022690070E+001
8.8070112 1.81648207262060E+001 2.35708858366535E+001
8.9065517 1.77576286372658E+001 2.29846761049955E+001
9.0061006 1.73625846538526E+001 2.24180266453137E+001
9.1056593 1.69792335452828E+001 2.18701120681373E+001
9.2052267 1.66071508941697E+001 2.13401638179734E+001
9.3048016 1.62459303472252E+001 2.08274508517189E+001
9.4043856 1.58951728541246E+001 2.03312635560827E+001
9.5039766 1.55545096724426E+001 1.98509455390998E+001
9.6035763 1.52235747764486E+001 1.93858538326707E+001
9.7031836 1.49020270710552E+001 1.89353895484889E+001
9.8027972 1.45895395137473E+001 1.84989818314127E+001
9.9024188 1.42857898876708E+001 1.80760744306400E+001
10.0020464 1.39904808020774E+001 1.76661530393506E+001
10.1016817 1.37033158864567E+001 1.72687116243210E+001
10.2013235 1.34240191213968E+001 1.68832788057272E+001
10.3009707 1.31523254970157E+001 1.65094043954308E+001
10.4006251 1.28879730516104E+001 1.61466480714623E+001
10.5002846 1.26307203362253E+001 1.57946029970562E+001
10.5999509 1.23803257624816E+001 1.54528671145773E+001
10.6996230 1.21365644978306E+001 1.51210659522766E+001
10.7992996 1.18992203951512E+001 1.47988412296312E+001
10.8989827 1.16680790831524E+001 1.44858412211574E+001
10.9986702 1.14429432800418E+001 1.41817412531957E+001
11.0983637 1.12236147858353E+001 1.38862190599876E+001
11.1980623 1.10099093099273E+001 1.35989745914920E+001
11.2977649 1.08016494598579E+001 1.33197202910039E+001
11.3974732 1.05986587119979E+001 1.30481728318726E+001
11.4971853 1.04007748923105E+001 1.27840709827046E+001
11.5969029 1.02078343997165E+001 1.25271543171034E+001
11.6966250 1.00196852701273E+001 1.22771804927845E+001
11.7963505 9.83618105370457E+000 1.20339168962574E+001
11.8960812 9.65717552724749E+000 1.17971335070556E+001
11.9958151 9.48253460605122E+000 1.15666185349899E+001
12.0955540 9.31212246037613E+000 1.13421599210563E+001
12.1952970 9.14581306864789E+000 1.11235604744698E+001
12.2950428 8.98348484477100E+000 1.09106306454191E+001
12.3947934 8.82501597937337E+000 1.07031823240012E+001
12.4945468 8.67029500300281E+000 1.05010425828128E+001
12.5943047 8.51920851763656E+000 1.03040375180057E+001
12.6940662 8.37165145002793E+000 1.01120055634423E+001
12.7938302 8.22752231597620E+000 9.92479120222462E+000
12.8935986 8.08671909787549E+000 9.74223954705782E+000
12.9933693 7.94914864383215E+000 9.56420846450946E+000
13.0931443 7.81471578400378E+000 9.39055439130971E+000
13.1929224 7.68333246105115E+000 9.22114409032909E+000
13.2927027 7.55491353833691E+000 9.05584914937385E+000
13.3924871 7.42937313734824E+000 8.89454121983216E+000
13.4922734 7.30663302811920E+000 8.73710275268444E+000
13.5920637 7.18661293868372E+000 8.58341449238781E+000
13.6918568 7.06923871171696E+000 8.43336589516200E+000
13.7916517 6.95443857964713E+000 8.28685029263624E+000
13.8914504 6.84213989842608E+000 8.14376068888355E+000
13.9912508 6.73227666062052E+000 8.00399930059177E+000
14.0910548 6.62478083743177E+000 7.86746648388369E+000
14.1908615 6.51958968766458E+000 7.73406999939115E+000
14.2906697 6.41664243560123E+000 7.60372074098565E+000
14.3904813 6.31587734799850E+000 7.47632900945967E+000
14.4902944 6.21723848136164E+000 7.35181301845738E+000
14.5901109 6.12066792137701E+000 7.23008905175198E+000
14.6899298 6.02611235137143E+000 7.11107973014395E+000
14.7897500 5.93352007920508E+000 6.99471022331848E+000
14.8895734 5.84283841281857E+000 6.88090493275378E+000
14.9893980 5.75401973672897E+000 6.76959509971229E+000
15.0892259 5.66701453453207E+000 6.66071002431760E+000
15.1890558 5.58177730825568E+000 6.55418446513201E+000
15.2888878 5.49826312062736E+000 6.44995428305692E+000
15.3887200 5.41642994582689E+000 6.34795935604428E+000
15.4885562 5.33623240996806E+000 6.24813576063857E+000
15.5883943 5.25763110882770E+000 6.15042736676666E+000
15.6882343 5.18058628887146E+000 6.05477794199802E+000
15.7880763 5.10505938133592E+000 5.96113304840535E+000
15.8879183 5.03101435967764E+000 5.86944170647316E+000
15.9877640 4.95841207926608E+000 5.77964937298733E+000
16.0876115 4.88721871241918E+000 5.69170837178965E+000
16.1874608 4.81740003535061E+000 5.60557080348290E+000
16.2873119 4.74892281953357E+000 5.52119025660132E+000
16.3871628 4.68175606693017E+000 5.43852331448453E+000
16.4870172 4.61586587823507E+000 5.35752322934254E+000
16.5868734 4.55122310763445E+000 5.27814933212545E+000
16.6867312 4.48779818414371E+000 5.20036064628542E+000
16.7865905 4.42556237634077E+000 5.12411743517507E+000
16.8864496 4.36448891867569E+000 5.04938256967392E+000
16.9863121 4.30454834743534E+000 4.97611581316996E+000
17.0861762 4.24571546371708E+000 4.90428233306541E+000
17.1860417 4.18796462758164E+000 4.83384693229653E+000
17.2859087 4.13127091014782E+000 4.76477545191238E+000
17.3857753 4.07561112261779E+000 4.69703601495219E+000
17.4856452 4.02095956739650E+000 4.63059384944431E+000
17.5855166 3.96729438599901E+000 4.56541900681884E+000
17.6853893 3.91459327281278E+000 4.50148113739628E+000
17.7852633 3.86283452675489E+000 4.43875076457499E+000
17.8851368 3.81199799321424E+000 4.37720041848782E+000
17.9850136 3.76206118473643E+000 4.31679993441802E+000
18.0848916 3.71300508059385E+000 4.25752346890403E+000
18.1847709 3.66481021401805E+000 4.19934475583388E+000
18.2846515 3.61745763408637E+000 4.14223826651843E+000
18.3845314 3.57092976954494E+000 4.08618024495870E+000
18.4844144 3.52520687938448E+000 4.03114442770349E+000
18.5842986 3.48027236229461E+000 3.97710843621689E+000
18.6841841 3.43610917721781E+000 3.92404945894876E+000
18.7840706 3.39270072481475E+000 3.87194530973254E+000
18.8839565 3.35003164106219E+000 3.82077537503236E+000
18.9838453 3.30808454307928E+000 3.77051670852480E+000
19.0837353 3.26684489941706E+000 3.72114986795938E+000
19.1836263 3.22629774888423E+000 3.67265497592487E+000
19.2835185 3.18642850980618E+000 3.62501268743717E+000
19.3834098 3.14722371036489E+000 3.57820505827233E+000
19.4833041 3.10866799933641E+000 3.53221197369011E+000
19.5831994 3.07074862193214E+000 3.48701648923024E+000
19.6830957 3.03345240620252E+000 3.44260122910764E+000
19.7829930 2.99676650732577E+000 3.39894927250489E+000
19.8828894 2.96067908085196E+000 3.35604495100608E+000
19.9827887 2.92517653170043E+000 3.31387057608709E+000
20.0826889 2.89024763490593E+000 3.27241133579670E+000
20.1825901 2.85588076264168E+000 3.23165199498723E+000
20.2824922 2.82206456992587E+000 3.19157770866485E+000
20.3823934 2.78878861623246E+000 3.15217475559315E+000
20.4822973 2.75604082926972E+000 3.11342753361404E+000
20.5822022 2.72381130535709E+000 3.07532305774836E+000
20.6821079 2.69208975332125E+000 3.03784793096371E+000
20.7820145 2.66086612727419E+000 3.00098909193354E+000
20.8819201 2.63013120144220E+000 2.96473449105921E+000
20.9818284 2.59987422798615E+000 2.92907032648247E+000
21.0817375 2.57008644772901E+000 2.89398518363235E+000
21.1816475 2.54075872995228E+000 2.85946724907744E+000
21.2815583 2.51188215725968E+000 2.82550499917855E+000
21.3814680 2.48344855794314E+000 2.79208782406444E+000
21.4813803 2.45544833947630E+000 2.75920348045750E+000
21.5812935 2.42787373683664E+000 2.72684190794866E+000
21.6812074 2.40071662963034E+000 2.69499266178291E+000
21.7811221 2.37396908349873E+000 2.66364554813982E+000
21.8810357 2.34762384387267E+000 2.63279120097625E+000
21.9809519 2.32167232883113E+000 2.60241873059661E+000
22.0808688 2.29610763923544E+000 2.57251924783638E+000
22.1807864 2.27092253669588E+000 2.54308349447476E+000
22.2807048 2.24610994549119E+000 2.51410243022486E+000
22.3806219 2.22166341115327E+000 2.48556776681401E+000
22.4805416 2.19757523817634E+000 2.45746979365857E+000
22.5804621 2.17383928354032E+000 2.42980063758252E+000
22.6803832 2.15044908084828E+000 2.40255207200968E+000
22.7803050 2.12739830630307E+000 2.37571606017766E+000
22.8802255 2.10468120520386E+000 2.34928525035135E+000
22.9801486 2.08229086155855E+000 2.32325096206845E+000
23.0800723 2.06022179426262E+000 2.29760620592978E+000
23.1799967 2.03846821432242E+000 2.27234365485584E+000
23.2799217 2.01702445805869E+000 2.24745614754258E+000
23.3798454 1.99588538427932E+000 2.22293714828737E+000
23.4797716 1.97504476421985E+000 2.19877887910324E+000
23.5796984 1.95449769761735E+000 2.17497512142454E+000
23.6796259 1.93423899132311E+000 2.15151933456671E+000
23.7795539 1.91426356257387E+000 2.12840512300826E+000
23.8794806 1.89456680932484E+000 2.10562666394261E+000
23.9794098 1.87514311014807E+000 2.08317697215703E+000
24.0793395 1.85598807565876E+000 2.06105050314341E+000
24.1792698 1.83709703804012E+000 2.03924140551750E+000
24.2792007 1.81846542693278E+000 2.01774395533107E+000
24.3791302 1.80008911516450E+000 1.99655295414074E+000
24.4790621 1.78196301929642E+000 1.97566211494558E+000
24.5789946 1.76408320028896E+000 1.95506648413016E+000
24.6789277 1.74644545453404E+000 1.93476081601405E+000
24.7788612 1.72904566465709E+000 1.91473997706372E+000
24.8787934 1.71188012266018E+000 1.89499931698538E+000
24.9787279 1.69494422274177E+000 1.87553316524094E+000
25.0786630 1.67823442370199E+000 1.85633708743901E+000
25.1785986 1.66174693302387E+000 1.83740637142569E+000
25.2785347 1.64547803465535E+000 1.81873640397129E+000
25.3784693 1.62942439138773E+000 1.80032301714301E+000
25.4784064 1.61358182240166E+000 1.78216108599680E+000
25.5783439 1.59794713868367E+000 1.76424663343682E+000
25.6782819 1.58251691253459E+000 1.74657541834898E+000
25.7782204 1.56728778419794E+000 1.72914328707752E+000
25.8781574 1.55225674512201E+000 1.71194649711101E+000
25.9780968 1.53741999341785E+000 1.69498040749757E+000
26.0780366 1.52277465246985E+000 1.67824144478548E+000
26.1779769 1.50831761899062E+000 1.66172578466200E+000
26.2779176 1.49404585018344E+000 1.64542968030485E+000
26.3778568 1.47995662938166E+000 1.62934976521758E+000
26.4777984 1.46604649325555E+000 1.61348182875483E+000
26.5777404 1.45231284283140E+000 1.59782265451187E+000
26.6776829 1.43875286387045E+000 1.58236878777968E+000
26.7776257 1.42536379609368E+000 1.56711684265289E+000
26.8775671 1.41214318255461E+000 1.55206378567493E+000
26.9775108 1.39908786301085E+000 1.53720578960318E+000
27.0774549 1.38619548570404E+000 1.52253995451140E+000
27.1773994 1.37346349442598E+000 1.50806315412388E+000
27.2773442 1.36088938119220E+000 1.49377232337999E+000
27.3772876 1.34847092058067E+000 1.47966472439348E+000
27.4772333 1.33620522420053E+000 1.46573687224670E+000
27.5771793 1.32409016081581E+000 1.45198614808973E+000
27.6771257 1.31212340498378E+000 1.43840971808275E+000
27.7770725 1.30030267443716E+000 1.42500480295681E+000
27.8770178 1.28862595051058E+000 1.41176892765191E+000
27.9769653 1.27709058910038E+000 1.39869891351589E+000
28.0769132 1.26569465602723E+000 1.38579239181153E+000
28.1768615 1.25443603259824E+000 1.37304678958932E+000
28.2768101 1.24331263884370E+000 1.36045958264016E+000
28.3767572 1.23232264105449E+000 1.34802853005260E+000
28.4767065 1.22146361503938E+000 1.33575072771409E+000
28.5766562 1.21073380300601E+000 1.32362402985964E+000
28.6766062 1.20013127181524E+000 1.31164609672499E+000
28.7765565 1.18965412311694E+000 1.29981463215904E+000
28.8765053 1.17930068893207E+000 1.28812760422872E+000
28.9764563 1.16906874338440E+000 1.27658235538714E+000
29.0764077 1.15895668682656E+000 1.26517693900189E+000
29.1763593 1.14896275292934E+000 1.25390922411034E+000
29.2763113 1.13908520666947E+000 1.24277711884467E+000
29.3762617 1.12932252881007E+000 1.23177877811312E+000
29.4762144 1.11967267261606E+000 1.22091176621629E+000
29.5761673 1.11013418045559E+000 1.21017431467153E+000
29.6761206 1.10070543620281E+000 1.19956447981329E+000
29.7760741 1.09138485194839E+000 1.18908035308119E+000
29.8760261 1.08217104215981E+000 1.17872025671618E+000
29.9759803 1.07306212218875E+000 1.16848195498042E+000
30.0759347 1.06405676213149E+000 1.15836383903614E+000
30.1758895 1.05515348132551E+000 1.14836413351183E+000
30.2758445 1.04635082457976E+000 1.13848109461135E+000
30.3757980 1.03764752673083E+000 1.12871319468307E+000
30.4757536 1.02904185002018E+000 1.11905837853386E+000
30.5757095 1.02053257959413E+000 1.10951518062012E+000
30.6756657 1.01211835714716E+000 1.10008197703943E+000
30.7756221 1.00379784740172E+000 1.09075717233600E+000
30.8755770 9.95569893717634E-001 1.08153937372769E+000
30.9755340 9.87432891660162E-001 1.07242668930667E+000
31.0754913 9.79385730156517E-001 1.06341778234941E+000
31.1754469 9.71427312544227E-001 1.05451133441176E+000
31.2754067 9.63555959170019E-001 1.04570537706408E+000
31.3753629 9.55771064256570E-001 1.03699914562978E+000
31.4753231 9.48070847538175E-001 1.02839056393607E+000
31.5752798 9.40454729880652E-001 1.01987890104280E+000
31.6752368 9.32921268648376E-001 1.01146246270952E+000
31.7751978 9.25469052722254E-001 1.00313959242308E+000
31.8751552 9.18097540764793E-001 9.94909607043958E-001
31.9751168 9.10805078610460E-001 9.86770582773636E-001
32.0750747 9.03591148753378E-001 9.78721866575528E-001
32.1750329 8.96454415173663E-001 9.70761893718131E-001
32.2749952 8.89393570794269E-001 9.62889134005668E-001
32.3749539 8.82408131933618E-001 9.55102977076996E-001
32.4749166 8.75496559735256E-001 9.47401638014863E-001
32.5748758 8.68658391854522E-001 9.39784533347709E-001
32.6748352 8.61892389523359E-001 9.32250216099676E-001
32.7747986 8.55197340589550E-001 9.24797270955702E-001
32.8747585 8.48572813005637E-001 9.17425152583856E-001
32.9747223 8.42017373503497E-001 9.10132202839066E-001
33.0746827 8.35530609156080E-001 9.02917900433126E-001
33.1746432 8.29111370027080E-001 8.95780905616079E-001
33.2746078 8.22758530688799E-001 8.88719907704731E-001
33.3745687 8.16471705375588E-001 8.81734419530580E-001
33.4745337 8.10249557637417E-001 8.74822898835338E-001
33.5744951 8.04091718857183E-001 8.67984879970286E-001
33.6744568 7.97997120347365E-001 8.61219120962319E-001
33.7744224 7.91964716017930E-001 8.54524406560695E-001
33.8743844 7.85994161621767E-001 8.47900301668793E-001
33.9743505 7.80084209602224E-001 8.41345370113790E-001
34.0743130 7.74234531104345E-001 8.34859196077384E-001
34.1742756 7.68444131850131E-001 8.28440626870493E-001
34.2742423 7.62712038423256E-001 8.22088534404266E-001
34.3742054 7.57037943850897E-001 8.15802530242103E-001
34.4741725 7.51420682298482E-001 8.09581275457464E-001
34.5741359 7.45859960619026E-001 8.03424398898872E-001
34.6740996 7.40354852766590E-001 7.97330829516034E-001
34.7740673 7.34904451978058E-001 7.91299518934999E-001
34.8740313 7.29508484768664E-001 7.85330120564974E-001
34.9739994 7.24165860527049E-001 7.79421384741916E-001
35.0739638 7.18876318195861E-001 7.73572980385506E-001
35.1739284 7.13638994373636E-001 7.67783911191601E-001
35.2738971 7.08453043503648E-001 7.62053201785620E-001
35.3738621 7.03318222207696E-001 7.56380543134695E-001
35.4738310 6.98233509199884E-001 7.50764767615274E-001
35.5737964 6.93198672279525E-001 7.45205580122987E-001
35.6737620 6.88212905628623E-001 7.39702052876556E-001
35.7737315 6.83275419962261E-001 7.34253277435989E-001
35.8736974 6.78385998985500E-001 7.28858978502665E-001
35.9736673 6.73543685378330E-001 7.23518063951082E-001
36.0736335 6.68748272904974E-001 7.18230270999238E-001
36.1735999 6.63999008740689E-001 7.12994734761743E-001
36.2735704 6.59295155395883E-001 7.07810608248285E-001
36.3735371 6.54636520952951E-001 7.02677646480824E-001
36.4735079 6.50022207180770E-001 6.97594826896645E-001
36.5734750 6.45452031219227E-001 6.92561915772842E-001
36.6734423 6.40925289068160E-001 6.87578106024990E-001
36.7734135 6.36441290967077E-001 6.82642607145085E-001
36.8733811 6.31999866951393E-001 6.77755201424652E-001
36.9733527 6.27600173435217E-001 6.72914930471873E-001
37.0733206 6.23242048613398E-001 6.68121586705070E-001
37.1732887 6.18924833519670E-001 6.63374416221339E-001
37.2732608 6.14647882424384E-001 6.58672680490219E-001
37.3732292 6.10411045141830E-001 6.54016186342984E-001
37.4732015 6.06213528677399E-001 6.49404034653832E-001
37.5731702 6.02055190198894E-001 6.44836041370549E-001
37.6731391 5.97935412322671E-001 6.40311501577839E-001
37.7731119 5.93853589982153E-001 6.35829724632152E-001
37.8730811 5.89809590818886E-001 6.31390539459568E-001
37.9730543 5.85802668726541E-001 6.26993101732567E-001
38.0730237 5.81832697976277E-001 6.22637248588235E-001
38.1729934 5.77899099620993E-001 6.18322320286394E-001
38.2729669 5.74001306186650E-001 6.14047670351057E-001
38.3729369 5.70139201388595E-001 6.09813147611117E-001
38.4729107 5.66312082622259E-001 6.05617958462574E-001
38.5728809 5.62519839581802E-001 6.01461959132965E-001
38.6728513 5.58761928885389E-001 5.97344531587094E-001
38.7728256 5.55037817848670E-001 5.93265070130511E-001
38.8727962 5.51347404684017E-001 5.89223441527859E-001
38.9727708 5.47690027187875E-001 5.85218899177636E-001
39.0727417 5.44065588965854E-001 5.81251316513641E-001
39.1727127 5.40473579577857E-001 5.77320114043253E-001
39.2726877 5.36913498567771E-001 5.73424723767211E-001
39.3726590 5.33385257225910E-001 5.69565028619059E-001
39.4726343 5.29888230907374E-001 5.65740325597665E-001
39.5726059 5.26422335768413E-001 5.61950503650078E-001
39.6725776 5.22987091910791E-001 5.58195018940814E-001
39.7725533 5.19582028763133E-001 5.54473338349249E-001
39.8725252 5.16207069415525E-001 5.50785359389421E-001
39.9725012 5.12861624173290E-001 5.47130419546288E-001
40.0724734 5.09545620517242E-001 5.43508421757608E-001
40.1724458 5.06258606893292E-001 5.39918855209218E-001
40.2724221 5.03000140468347E-001 5.36361219085787E-001
40.3723947 4.99770154980132E-001 5.32835424052650E-001
40.4723712 4.96568093287799E-001 5.29340845226762E-001
40.5723441 4.93393893091231E-001 5.25877398166203E-001
40.6723171 4.90247129165714E-001 5.22444602667602E-001
40.7722940 4.87127384448340E-001 5.19041987867088E-001
40.8722673 4.84034602285187E-001 5.15669476294315E-001
40.9722444 4.80968255885290E-001 5.12326478079617E-001
41.0722179 4.77928292170103E-001 5.09012920166991E-001
41.1721915 4.74914310395279E-001 5.05728350756868E-001
41.2721690 4.71925917461626E-001 5.02472326781409E-001
41.3721428 4.68963065385443E-001 4.99244781474780E-001
41.4721206 4.66025255696555E-001 4.96045157575451E-001
41.5720946 4.63112443637334E-001 4.92873392300570E-001
41.6720688 4.60224251245152E-001 4.89729060231540E-001
41.7720469 4.57360307724715E-001 4.86611744120650E-001
41.8720213 4.54520572915153E-001 4.83521386860596E-001
41.9719996 4.51704574797058E-001 4.80457461586343E-001
42.0719743 4.48912276119972E-001 4.77419914784350E-001
42.1719490 4.46143320140904E-001 4.74408345560970E-001
42.2719276 4.43397356841841E-001 4.71422360675361E-001
42.3719026 4.40674353118838E-001 4.68461911734761E-001
42.4718815 4.37973861678097E-001 4.65526500234849E-001
42.5718566 4.35295852040665E-001 4.62616081025196E-001
42.6718319 4.32639987245252E-001 4.59730276032355E-001
42.7718111 4.30005936645636E-001 4.56868714356615E-001
42.8717866 4.27393673502137E-001 4.54031355467250E-001
42.9717660 4.24802773653493E-001 4.51217727344813E-001
43.0717417 4.22233212726781E-001 4.48427792383385E-001
43.1717175 4.19684672217485E-001 4.45661193762318E-001
43.2716972 4.17156839555951E-001 4.42917581391262E-001
43.3716732 4.14649693739988E-001 4.40196921831140E-001
43.4716531 4.12162832268349E-001 4.37498767817161E-001
43.5716293 4.09696236271842E-001 4.34823088547997E-001
43.6716056 4.07249604480761E-001 4.32169547013230E-001
43.7715858 4.04822641207283E-001 4.29537812521894E-001
43.8715623 4.02415330619248E-001 4.26927858029964E-001
43.9715428 4.00027290513065E-001 4.24339259429832E-001
44.0715195 3.97658506977860E-001 4.21771992055556E-001
44.1714963 3.95308694850691E-001 4.19225737377984E-001
44.2714770 3.92977574222500E-001 4.16700182806390E-001
44.3714539 3.90665133917153E-001 4.14195307061581E-001
44.4714348 3.88371010767104E-001 4.11710707716782E-001
44.5714120 3.86095195325679E-001 4.09246365635858E-001
44.6713893 3.83837417494398E-001 4.06801979545436E-001
44.7713704 3.81597412123613E-001 4.04377253756888E-001
44.8713479 3.79375172227420E-001 4.01972172185357E-001
44.9713293 3.77170352504960E-001 3.99586352719208E-001
45.0713069 3.74982947525895E-001 3.97219781203829E-001
45.1712846 3.72812701292284E-001 3.94872172490505E-001
45.2712662 3.70659362471059E-001 3.92543246686660E-001
45.3712441 3.68522927844249E-001 3.90232992385109E-001
45.4712259 3.66403068892879E-001 3.87941046524845E-001
45.5712040 3.64299783796848E-001 3.85667399436126E-001
45.6711822 3.62212829766530E-001 3.83411781049915E-001
45.7711643 3.60141968412626E-001 3.81173926247743E-001
45.8711426 3.58087199902099E-001 3.78953827831944E-001
45.9711248 3.56048211490617E-001 3.76751140620271E-001
46.0711034 3.54025004599953E-001 3.74565858977750E-001
46.1710820 3.52017348822234E-001 3.72397726948769E-001
46.2710644 3.50025017903251E-001 3.70246493243866E-001
46.3710432 3.48048015047413E-001 3.68112154450535E-001
46.4710259 3.46086042349024E-001 3.65994382178291E-001
46.5710048 3.44139104137479E-001 3.63893174418864E-001
46.6709838 3.42206981620282E-001 3.61808288435807E-001
46.7709667 3.40289459928431E-001 3.59739485893882E-001
46.8709459 3.38386544988412E-001 3.57686766780919E-001
46.9709290 3.36497952862632E-001 3.55649818489049E-001
47.0709083 3.34623690484719E-001 3.53628642266610E-001
47.1708877 3.32763549966402E-001 3.51623007767979E-001
47.2708710 3.30917327127945E-001 3.49632688801749E-001
47.3708506 3.29085030331621E-001 3.47657688406981E-001
47.4708341 3.27266388797640E-001 3.45697708820770E-001
47.5708138 3.25461411788413E-001 3.43752754212271E-001
47.6707936 3.23669901659450E-001 3.41822605858770E-001
47.7707773 3.21891664273896E-001 3.39907048961300E-001
47.8707573 3.20126710169846E-001 3.38006089293367E-001
47.9707411 3.18374780970480E-001 3.36119443065063E-001
48.0707212 3.16635888016855E-001 3.34247117061617E-001
48.1707014 3.14909843294432E-001 3.32388903470720E-001
48.2706855 3.13196462108395E-001 3.30544598188610E-001
48.3706658 3.11495756936555E-001 3.28714209435676E-001
48.4706500 3.09807481101356E-001 3.26897466583476E-001
48.5706305 3.08131647795307E-001 3.25094378756659E-001
48.6706110 3.06468078062862E-001 3.23304748391709E-001
48.7705955 3.04816596092313E-001 3.21528381432545E-001
48.8705762 3.03177216086722E-001 3.19765288285361E-001
48.9705608 3.01549702411246E-001 3.18015210727276E-001
49.0705416 2.99934069903457E-001 3.16278159971158E-001
49.1705225 2.98330148135331E-001 3.14553948087434E-001
49.2705073 2.96737769657926E-001 3.12842390465878E-001
49.3704883 2.95156950204713E-001 3.11143499461394E-001
49.4704733 2.93587464570557E-001 3.09457028552031E-001
49.5704545 2.92029329050588E-001 3.07782990810737E-001
49.6704357 2.90482381249209E-001 3.06121207370045E-001
49.7704208 2.88946461595471E-001 3.04471502505793E-001
49.8704022 2.87421587176237E-001 3.02833890306248E-001
49.9703875 2.85907542643299E-001 3.01208135293050E-001
50.0703690 2.84404345578989E-001 2.99594252191997E-001
50.1703506 2.82911841158597E-001 2.97992070665488E-001
50.2703361 2.81429877237198E-001 2.96401423354344E-001
50.3703178 2.79958472094213E-001 2.94822325884572E-001
50.4703034 2.78497419702791E-001 2.93254553207714E-001
50.5702853 2.77046738777682E-001 2.91698121514169E-001
50.6702672 2.75606281634496E-001 2.90152868500445E-001
50.7702530 2.74175903132647E-001 2.88618634686930E-001
50.8702350 2.72755622597988E-001 2.87095437059659E-001
50.9702209 2.71345242823885E-001 2.85583060426712E-001
51.0702031 2.69944783516890E-001 2.84081522272070E-001
51.1701853 2.68554103730967E-001 2.82590667864235E-001
51.2701714 2.67173064936162E-001 2.81110345150641E-001
51.3701538 2.65801687372010E-001 2.79640572315896E-001
51.4701400 2.64439782182854E-001 2.78181143488551E-001
51.5701225 2.63087369939293E-001 2.76732077290798E-001
51.6701050 2.61744316058136E-001 2.75293226132070E-001
51.7700914 2.60410488252228E-001 2.73864444964680E-001
51.8700741 2.59085907554192E-001 2.72445753025137E-001
51.9700606 2.57770393019671E-001 2.71036953260903E-001
52.0700434 2.56463965967278E-001 2.69638065291230E-001
52.1700263 2.55166497825626E-001 2.68248948264097E-001
52.2700130 2.53877862206452E-001 2.66869463742580E-001
52.3699959 2.52598080825952E-001 2.65499631881845E-001
52.4699827 2.51326980238820E-001 2.64139263978665E-001
52.5699658 2.50064582406305E-001 2.62788380521133E-001
52.6699489 2.48810764440439E-001 2.61446847019901E-001
52.7699359 2.47565405530116E-001 2.60114531280618E-001
52.8699192 2.46328527975660E-001 2.58791454256076E-001
52.9699063 2.45099965444032E-001 2.57477435152387E-001
53.0698897 2.43879740443447E-001 2.56172495210029E-001
53.1698731 2.42667735461963E-001 2.54876505950973E-001
53.2698603 2.41463834964435E-001 2.53589341079240E-001
53.3698439 2.40268061745046E-001 2.52311022235334E-001
53.4698313 2.39080256219899E-001 2.51041376122212E-001
53.5698149 2.37900441357345E-001 2.49780424626985E-001
53.6697986 2.36728504733543E-001 2.48528044954292E-001
53.7697861 2.35564335807155E-001 2.47284116384535E-001
53.8697699 2.34407957784323E-001 2.46048661146136E-001
53.9697576 2.33259217489151E-001 2.44821513051906E-001
54.0697415 2.32118138271361E-001 2.43602694539586E-001
54.1697254 2.30984612525344E-001 2.42392088188864E-001
54.2697133 2.29858534439098E-001 2.41189578555112E-001
54.3696973 2.28739927556433E-001 2.39995188364088E-001
54.4696852 2.27628644788792E-001 2.38808758175165E-001
54.5696694 2.26524709795829E-001 2.37630310889580E-001
54.6696536 2.25428019537082E-001 2.36459734173962E-001
54.7696417 2.24338472681823E-001 2.35296917576317E-001
54.8696260 2.23256093044193E-001 2.34141884237552E-001
54.9696142 2.22180739321352E-001 2.32994481122336E-001
55.0695986 2.21112435418157E-001 2.31854731516360E-001
55.1695831 2.20051082621780E-001 2.30722527903172E-001
55.2695714 2.18996583849964E-001 2.29597764558788E-001
55.3695560 2.17948963126177E-001 2.28480464964725E-001
55.4695444 2.16908084649430E-001 2.27370482170175E-001
55.5695291 2.15873972511151E-001 2.26267839773611E-001
55.6695138 2.14846532103134E-001 2.25172434822275E-001
55.7695023 2.13825670372971E-001 2.24084166072014E-001
55.8694872 2.12811411498232E-001 2.23003057277386E-001
55.9694758 2.11803624912459E-001 2.21928967270409E-001
56.0694607 2.10802334840594E-001 2.20861919897385E-001
56.1694457 2.09807450569518E-001 2.19801816531641E-001
56.2694345 2.08818882871258E-001 2.18748560175944E-001
56.3694196 2.07836656027526E-001 2.17702174796687E-001
56.4694085 2.06860644454519E-001 2.16662524724790E-001
56.5693936 2.05890872462715E-001 2.15629633995556E-001
56.6693788 2.04927253037107E-001 2.14603408085299E-001
56.7693678 2.03969700581022E-001 2.13583754025006E-001
56.8693531 2.03018239435181E-001 2.12570695937492E-001
56.9693423 2.02072748760961E-001 2.11564103385225E-001
57.0693276 2.01133252911041E-001 2.10564000539274E-001
57.1693130 2.00199668383241E-001 2.09570296769338E-001
57.2693023 1.99271913030519E-001 2.08582902929142E-001
57.3692878 1.98350011211850E-001 2.07601843247806E-001
57.4692772 1.97433846609786E-001 2.06626992267440E-001
57.5692628 1.96523443580102E-001 2.05658374246746E-001
57.6692484 1.95618721959070E-001 2.04695902251778E-001
57.7692379 1.94719602878282E-001 2.03739490765826E-001
57.8692236 1.93826110678223E-001 2.02789164079018E-001
57.9692132 1.92938133351198E-001 2.01844801475634E-001
58.0691990 1.92055695220841E-001 2.00906427258523E-001
58.1691849 1.91178719297671E-001 1.99973958004778E-001
58.2691746 1.90307129830875E-001 1.99047311645545E-001
58.3691605 1.89440951109370E-001 1.98126512491073E-001
58.4691503 1.88580075235558E-001 1.97211444343809E-001
58.5691363 1.87724526469226E-001 1.96302131511516E-001
58.6691224 1.86874230840425E-001 1.95398493907925E-001
58.7691123 1.86029115564204E-001 1.94500452741014E-001
58.8690985 1.85189204848172E-001 1.93608032304290E-001
58.9690885 1.84354394716189E-001 1.92721120706959E-001
59.0690747 1.83524709335704E-001 1.91839742226342E-001
59.1690610 1.82700077610463E-001 1.90963819948586E-001
59.2690511 1.81880429578326E-001 1.90093278197456E-001
59.3690374 1.81065789338904E-001 1.89228141216522E-001
59.4690277 1.80256056659187E-001 1.88368301222118E-001
59.5690141 1.79451255588748E-001 1.87513782429308E-001
59.6690006 1.78651317767467E-001 1.86664510941938E-001
59.7689909 1.77856175921085E-001 1.85820414047818E-001
59.8689774 1.77065854017317E-001 1.84981515910741E-001
59.9689678 1.76280255397616E-001 1.84147712665560E-001
60.0689545 1.75499403970825E-001 1.83319028436498E-001
60.1689411 1.74723233983151E-001 1.82495392199260E-001
60.2689316 1.73951680720876E-001 1.81676734062652E-001
60.3689184 1.73184767998464E-001 1.80863078083913E-001
60.4689090 1.72422402572225E-001 1.80054324138123E-001
60.5688958 1.71664608189870E-001 1.79250496233033E-001
60.6688827 1.70911321581380E-001 1.78451526078657E-001
60.7688734 1.70162480473339E-001 1.77657346469881E-001
60.8688603 1.69418108507930E-001 1.76867981333398E-001
60.9688511 1.68678115705211E-001 1.76083334115897E-001
61.0688381 1.67942525633602E-001 1.75303428685721E-001
61.1688251 1.67211277391087E-001 1.74528199357401E-001
61.2688160 1.66484311030970E-001 1.73757581484573E-001
61.3688031 1.65761650006241E-001 1.72991598841957E-001
61.4687941 1.65043207457574E-001 1.72230158288292E-001
61.5687813 1.64329006757986E-001 1.71473283532035E-001
61.6687685 1.63618989264050E-001 1.70720911369698E-001
61.7687596 1.62913097248437E-001 1.69972979593452E-001
61.8687469 1.62211353959970E-001 1.69229511806942E-001
61.9687381 1.61513675524296E-001 1.68490418129894E-001
62.0687254 1.60820085104783E-001 1.67755722092658E-001
62.1687128 1.60130526213143E-001 1.67025362857979E-001
62.2687041 1.59444943239893E-001 1.66299280542999E-001
62.3686916 1.58763359216490E-001 1.65577498563313E-001
62.4686829 1.58085693124945E-001 1.64859930156561E-001
62.5686704 1.57411967906436E-001 1.64146598658805E-001
62.6686580 1.56742129129947E-001 1.63437445489638E-001
62.7686494 1.56076123207806E-001 1.62732412983847E-001
62.8686371 1.55413972942509E-001 1.62031524353944E-001
62.9686286 1.54755600050440E-001 1.61334695819892E-001
63.0686163 1.54101027239604E-001 1.60641950509168E-001
63.1686040 1.53450202043635E-001 1.59953231994786E-001
63.2685918 1.52803097420596E-001 1.59268510772256E-001
63.3685872 1.52159637614986E-001 1.58587705810309E-001
63.4685751 1.51519894229569E-001 1.57910891997613E-001
63.5685630 1.50883791691499E-001 1.57237988514665E-001
63.6685509 1.50251303885779E-001 1.56568966883812E-001
63.7685388 1.49622404923297E-001 1.55903798877528E-001
63.8685344 1.48997021563759E-001 1.55242406203891E-001
63.9685224 1.48375223781473E-001 1.54584862040533E-001
64.0685105 1.47756938505717E-001 1.53931088292248E-001
64.1684986 1.47142140728317E-001 1.53281057706605E-001
64.2684867 1.46530805655808E-001 1.52634743268744E-001
64.3684824 1.45922862458259E-001 1.51992069309868E-001
64.4684706 1.45318379522748E-001 1.51353107339605E-001
64.5684588 1.44717286176716E-001 1.50717781871839E-001
64.6684470 1.44119558464231E-001 1.50086066818036E-001
64.7684353 1.43525172633534E-001 1.49457936315386E-001
64.8684312 1.42934060165438E-001 1.48833317207893E-001
64.9684195 1.42346287900061E-001 1.48212279379259E-001
65.0684079 1.41761787464204E-001 1.47594749843080E-001
65.1683963 1.41180535902670E-001 1.46980703616879E-001
65.2683847 1.40602510454480E-001 1.46370115932740E-001
65.3683808 1.40027644816498E-001 1.45762916042680E-001
65.4683692 1.39456004321201E-001 1.45159172245612E-001
65.5683578 1.38887522800816E-001 1.44558813950941E-001
65.6683463 1.38322178252239E-001 1.43961817227685E-001
65.7683349 1.37759948857186E-001 1.43368158348887E-001
65.8683311 1.37200770438514E-001 1.42777768875019E-001
65.9683197 1.36644706859436E-001 1.42190715560393E-001
66.0683084 1.36091694068260E-001 1.41606930111480E-001
66.1682971 1.35541710968026E-001 1.41026389597298E-001
66.2682858 1.34994736637714E-001 1.40449071280937E-001
66.3682821 1.34450708940495E-001 1.39874908936688E-001
66.4682709 1.33909690307763E-001 1.39303967813503E-001
66.5682597 1.33371618718886E-001 1.38736181821047E-001
66.6682485 1.32836473939625E-001 1.38171528979707E-001
66.7682374 1.32304235903283E-001 1.37609987494548E-001
66.8682339 1.31774844431806E-001 1.37051493263688E-001
66.9682228 1.31248360561277E-001 1.36496110069015E-001
67.0682118 1.30724724221195E-001 1.35943773934100E-001
67.1682007 1.30203915998988E-001 1.35394463784770E-001
67.2681897 1.29685916641685E-001 1.34848158722647E-001
67.3681864 1.29170667852358E-001 1.34304796684055E-001
67.4681754 1.28658229307381E-001 1.33764440021188E-001
67.5681645 1.28148542809313E-001 1.33227026786568E-001
67.6681536 1.27641589728415E-001 1.32692536768048E-001
67.7681428 1.27137351587041E-001 1.32160949920886E-001
67.8681396 1.26635771895433E-001 1.31632206138125E-001
67.9681288 1.26136909004950E-001 1.31106366378711E-001
68.0681180 1.25640706517781E-001 1.30583370643241E-001
68.1681072 1.25147146550285E-001 1.30063199540557E-001
68.2680965 1.24656211363801E-001 1.29545833838971E-001
68.3680934 1.24167846205262E-001 1.29031215310658E-001
68.4680827 1.23682108134819E-001 1.28519403556847E-001
68.5680721 1.23198942484314E-001 1.28010340449194E-001
68.6680615 1.22718332081424E-001 1.27504007378720E-001
68.7680509 1.22240259892076E-001 1.27000385888403E-001
68.8680479 1.21764672832708E-001 1.26499419555646E-001
68.9680374 1.21291626705197E-001 1.26001166658594E-001
69.0680269 1.20821068504315E-001 1.25505570866594E-001
69.1680164 1.20352981736125E-001 1.25012614316118E-001
69.2680059 1.19887350038571E-001 1.24522279288492E-001
69.3680031 1.19424121933523E-001 1.24034511095926E-001
69.4679927 1.18963351996657E-001 1.23549366727222E-001
69.5679823 1.18504988822037E-001 1.23066791579497E-001
69.6679719 1.18049016562920E-001 1.22586768499913E-001
69.7679615 1.17595419498403E-001 1.22109280473762E-001
69.8679589 1.17144147694664E-001 1.21634274480927E-001
69.9679486 1.16695254532413E-001 1.21161806253747E-001
70.0679383 1.16248690144284E-001 1.20691822850439E-001
70.1679281 1.15804439301166E-001 1.20224307795941E-001
70.2679178 1.15362486894064E-001 1.19759244746951E-001
70.3679153 1.14922784475132E-001 1.19296582287011E-001
70.4679051 1.14485384260515E-001 1.18836374924012E-001
70.5678949 1.14050237863461E-001 1.18378571313684E-001
70.6678848 1.13617330644470E-001 1.17923155627567E-001
70.7678747 1.13186648078727E-001 1.17470112162922E-001
70.8678723 1.12758143148667E-001 1.17019391045874E-001
70.9678622 1.12331866935473E-001 1.16571045591046E-001
71.0678522 1.11907772477664E-001 1.16125025991014E-001
71.1678422 1.11485845698773E-001 1.15681317034373E-001
71.2678322 1.11066072631873E-001 1.15239903629717E-001
71.3678299 1.10648407636490E-001 1.14800737387474E-001
71.4678200 1.10232900687650E-001 1.14363870459350E-001
71.5678100 1.09819506196282E-001 1.13929254516861E-001
71.6678002 1.09408210623746E-001 1.13496874937650E-001
71.7677903 1.08999000536051E-001 1.13066717213936E-001
71.8677881 1.08591831618999E-001 1.12638734384805E-001
71.9677783 1.08186752769493E-001 1.12212977468595E-001
72.0677685 1.07783719720362E-001 1.11789399560468E-001
72.1677587 1.07382719446864E-001 1.11367986600560E-001
72.2677489 1.06983739024275E-001 1.10948724638435E-001
72.3677468 1.06586735416101E-001 1.10531568088693E-001
72.4677371 1.06191756468401E-001 1.10116566865066E-001
72.5677275 1.05798759187623E-001 1.09703675433549E-001
72.6677178 1.05407731040214E-001 1.09292880271575E-001
72.7677082 1.05018659588234E-001 1.08884167961124E-001
72.8677062 1.04631503026463E-001 1.08477494241539E-001
72.9676966 1.04246308176657E-001 1.08072907949932E-001
73.0676870 1.03863033272716E-001 1.07670364872672E-001
73.1676774 1.03481666250709E-001 1.07269852000577E-001
73.2676679 1.03102195138133E-001 1.06871356424381E-001
73.3676660 1.02724579316632E-001 1.06474835159653E-001
73.4676565 1.02348864609479E-001 1.06080335994118E-001
73.5676471 1.01975010433873E-001 1.05687815986279E-001
73.6676376 1.01603005175010E-001 1.05297262617648E-001
73.7676282 1.01232837305546E-001 1.04908663465252E-001
73.8676264 1.00864467351505E-001 1.04521976774492E-001
73.9676171 1.00497940162793E-001 1.04137249310204E-001
74.0676077 1.00133216297657E-001 1.03754439356910E-001
74.1675984 9.97702845709526E-002 1.03373534865260E-001
74.2675890 9.94091338812169E-002 1.02994523877237E-001
74.3675874 9.90497258581943E-002 1.02617365823715E-001
74.4675781 9.86921044028629E-002 1.02242106472422E-001
74.5675688 9.83362311740725E-002 1.01868705289778E-001
74.6675596 9.79820953978310E-002 1.01497150675100E-001
74.7675504 9.76296863802341E-002 1.01127431115065E-001
74.8675488 9.72789668158217E-002 1.00759507183570E-001
74.9675396 9.69299796804093E-002 1.00393423676316E-001
75.0675305 9.65826876947330E-002 1.00029141199416E-001
75.1675213 9.62370804783501E-002 9.96666485813934E-002
75.2675122 9.58931477274911E-002 9.93059347343602E-002
75.3675108 9.55508531642159E-002 9.89469613346216E-002
75.4675017 9.52102388622940E-002 9.85897722302434E-002
75.5674926 9.48712685672644E-002 9.82343291266334E-002
75.6674836 9.45339322754921E-002 9.78806212630268E-002
75.7674746 9.41982200567660E-002 9.75286379586622E-002
75.8674732 9.38640966249580E-002 9.71783419533667E-002
75.9674642 9.35316031742766E-002 9.68297761713031E-002
76.0674553 9.32007044395345E-002 9.64829033784922E-002
76.1674463 9.28713907779747E-002 9.61377132072967E-002
76.2674374 9.25436526171710E-002 9.57941953666690E-002
76.3674361 9.22174556285902E-002 9.54523136227215E-002
76.4674273 9.18928401487481E-002 9.51121099987951E-002
76.5674184 9.15697718676831E-002 9.47735482844795E-002
76.6674096 9.12482414883529E-002 9.44366184885356E-002
76.7674007 9.09282397811013E-002 9.41013106930672E-002
76.8673996 9.06097333421922E-002 9.37675896548017E-002
76.9673908 9.02927616717181E-002 9.34354965187083E-002
77.0673820 8.99772913823018E-002 9.31049960624540E-002
77.1673732 8.96633135081785E-002 9.27760786552810E-002
77.2673645 8.93508191481667E-002 9.24487347366847E-002
77.3673634 8.90397757918791E-002 9.21229300198265E-002
77.4673547 8.87302221236700E-002 9.17987047931388E-002
77.5673461 8.84221256474465E-002 9.14760247883538E-002
77.6673374 8.81154777149720E-002 9.11548807200450E-002
77.7673288 8.78102697399224E-002 9.08352633700975E-002
77.8673278 8.75064700750970E-002 9.05171393753439E-002
77.9673192 8.72041166092304E-002 9.02005481889165E-002
78.0673106 8.69031777074898E-002 8.98854564640070E-002
78.1673020 8.66036450260675E-002 8.95718552460959E-002
78.2672935 8.63055102805232E-002 8.92597356451743E-002
78.3672925 8.60087426579054E-002 8.89490651903320E-002
78.4672840 8.57133792708954E-002 8.86398825200558E-002
78.5672755 8.54193893171122E-002 8.83321551777306E-002
78.6672671 8.51267647446934E-002 8.80258745260062E-002
78.7672586 8.48354975587187E-002 8.77210319893751E-002
78.8672578 8.45455577527144E-002 8.74175959590549E-002
78.9672493 8.42569816823390E-002 8.71156042789753E-002
79.0672409 8.39697393500131E-002 8.68150253527230E-002
79.1672325 8.36838229839202E-002 8.65158508470301E-002
79.2672242 8.33992248668727E-002 8.62180724879283E-002
79.3672234 8.31159157722157E-002 8.59216594998577E-002
79.4672151 8.28339313170934E-002 8.56266489517282E-002
79.5672068 8.25532422821830E-002 8.53330100785519E-002
79.6671985 8.22738411643662E-002 8.50407348386711E-002
79.7671902 8.19957205129485E-002 8.47498152473044E-002
79.8671895 8.17188518554950E-002 8.44602213343740E-002
79.9671813 8.14432700886374E-002 8.41719894127720E-002
80.0671730 8.11689467458166E-002 8.38850895213171E-002
80.1671648 8.08958745817901E-002 8.35995138980732E-002
80.2671566 8.06240464016348E-002 8.33152548356697E-002
80.3671560 8.03534344625478E-002 8.30322831428817E-002
80.4671478 8.00840729581578E-002 8.27506343950651E-002
80.5671397 7.98159341501816E-002 8.24702794083300E-002
80.6671315 7.95490110409259E-002 8.21912106891250E-002
80.7671234 7.92832966810096E-002 8.19134207962614E-002
80.8671229 7.90187640336387E-002 8.16368812917977E-002
80.9671148 7.87554466064694E-002 8.13616270315286E-002
81.0671067 7.84933173659644E-002 8.10876295833919E-002
81.1670987 7.82323695521254E-002 8.08148817114091E-002
81.2670906 7.79725964513500E-002 8.05433762298620E-002
81.3670902 7.77139717101500E-002 8.02730854295325E-002
81.4670822 7.74565281667751E-002 8.00040434641384E-002
81.5670742 7.72002394698187E-002 7.97362226289850E-002
81.6670662 7.69450990875702E-002 7.94696159353507E-002
81.7670583 7.66911005328850E-002 7.92042164427682E-002
81.8670579 7.64382181137571E-002 7.89399971471469E-002
81.9670500 7.61864840151434E-002 7.86769915171335E-002
82.0670421 7.59358725460263E-002 7.84151725518986E-002
82.1670342 7.56863773940000E-002 7.81545335001322E-002
82.2670263 7.54379922894770E-002 7.78950676568645E-002
82.3670260 7.51906921809487E-002 7.76367487004565E-002
82.4670182 7.49445086157544E-002 7.73796094310249E-002
82.5670103 7.46994165423578E-002 7.71236235290169E-002
82.6670025 7.44554098590779E-002 7.68687844711367E-002
82.7669947 7.42124825053825E-002 7.66150857786004E-002
82.8669945 7.39706100500775E-002 7.63625017904220E-002
82.9669867 7.37298234181332E-002 7.61110646542794E-002
83.0669790 7.34900981773836E-002 7.58607487101800E-002
83.1669712 7.32514284286756E-002 7.56115476538682E-002
83.2669635 7.30138083124093E-002 7.53634552238548E-002
83.3669634 7.27772139982873E-002 7.51164463988465E-002
83.4669556 7.25416758037463E-002 7.48705526897350E-002
83.5669479 7.23071698966413E-002 7.46257490752051E-002
83.6669403 7.20736905725130E-002 7.43820294614702E-002
83.7669326 7.18412321649305E-002 7.41393877958428E-002
83.8669326 7.16097714258085E-002 7.38977996765631E-002
83.9669249 7.13793380794830E-002 7.36572959929639E-002
84.0669173 7.11499088752078E-002 7.34178523423198E-002
84.1669097 7.09214782957295E-002 7.31794628331253E-002
84.2669021 7.06940408603654E-002 7.29421216133794E-002
84.3669022 7.04675738852566E-002 7.27058048814623E-002
84.4668946 7.02421065156807E-002 7.24705429199613E-002
84.5668870 7.00176160643652E-002 7.22363119254149E-002
84.6668795 6.97940971941024E-002 7.20031062007726E-002
84.7668720 6.95715446028618E-002 7.17709200869659E-002
84.8668721 6.93499361536950E-002 7.15397303638514E-002
84.9668646 6.91293004264847E-002 7.13095667216837E-002
85.0668571 6.89096152801717E-002 7.10804059376660E-002
85.1668496 6.86908755507468E-002 7.08522425017226E-002
85.2668422 6.84730761080448E-002 7.06250709403040E-002
85.3668424 6.82561953453517E-002 7.03988685967801E-002
85.4668349 6.80402612904512E-002 7.01736645830954E-002
85.5668275 6.78252523318735E-002 6.99494362392130E-002
85.6668201 6.76111634722576E-002 6.97261782348808E-002
85.7668127 6.73979897468107E-002 6.95038852749798E-002
85.8668130 6.71857100629904E-002 6.92825352490979E-002
85.9668056 6.69743519094189E-002 6.90621567045137E-002
86.0667983 6.67638941882023E-002 6.88427275267116E-002
86.1667909 6.65543320623596E-002 6.86242425584223E-002
86.2667836 6.63456607262571E-002 6.84066966761781E-002
86.3667839 6.61378595860476E-002 6.81900682991297E-002
86.4667766 6.59309556037825E-002 6.79743854231663E-002
86.5667694 6.57249281797134E-002 6.77596264626905E-002
86.6667621 6.55197726312401E-002 6.75457864268727E-002
86.7667548 6.53154843059411E-002 6.73328603574107E-002
86.8667552 6.51120430937493E-002 6.71208271869746E-002
86.9667480 6.49094754423990E-002 6.69097143729838E-002
87.0667408 6.47077612354154E-002 6.66995008427651E-002
87.1667336 6.45068959388360E-002 6.64901817656675E-002
87.2667264 6.43068750477577E-002 6.62817523423479E-002
87.3667268 6.41076789215164E-002 6.60741920035383E-002
87.4667197 6.39093335054558E-002 6.58675276807619E-002
87.5667125 6.37118191520377E-002 6.56617387988576E-002
87.6667054 6.35151314704379E-002 6.54568206813611E-002
87.7666983 6.33192660978196E-002 6.52527686819478E-002
87.8666988 6.31242038490590E-002 6.50495627145152E-002
87.9666917 6.29299701787185E-002 6.48472291969267E-002
88.0666846 6.27365458943719E-002 6.46457480366802E-002
88.1666775 6.25439267430657E-002 6.44451147057608E-002
88.2666705 6.23521084988072E-002 6.42453247051759E-002
88.3666710 6.21610724186446E-002 6.40463584176288E-002
88.4666640 6.19708434776584E-002 6.38482417592328E-002
88.5666570 6.17814029252022E-002 6.36509551058261E-002
88.6666500 6.15927466411464E-002 6.34544940723497E-002
88.7666429 6.14048705313391E-002 6.32588543016971E-002
88.8666436 6.12177562821047E-002 6.30640166315324E-002
88.9666366 6.10314284000429E-002 6.28700064878115E-002
89.0666296 6.08458685634243E-002 6.26768047009057E-002
89.1666227 6.06610727801080E-002 6.24844070234509E-002
89.2666157 6.04770370829879E-002 6.22928092350100E-002
89.3666164 6.02937435752227E-002 6.21019926148559E-002
89.4666095 6.01112163056407E-002 6.19119821100720E-002
89.5666026 5.99294373690194E-002 6.17227589922461E-002
89.6665957 5.97484028965712E-002 6.15343191466685E-002
89.7665889 5.95681090436401E-002 6.13466584845738E-002
89.8665896 5.93885383182120E-002 6.11597587139649E-002
89.9665828 5.92097143217714E-002 6.09736443140373E-002
90.0665759 5.90316195536244E-002 6.07882969847498E-002
90.1665691 5.88542502638936E-002 6.06037127392170E-002
90.2665622 5.86776027259667E-002 6.04198876155559E-002
90.3665631 5.85016598410671E-002 6.02368037380729E-002
90.4665563 5.83264447734883E-002 6.00544851287711E-002
90.5665495 5.81519404155027E-002 5.98729139035849E-002
90.6665427 5.79781431318825E-002 5.96920861988236E-002
90.7665359 5.78050493098332E-002 5.95119981748965E-002
90.8665368 5.76326422326266E-002 5.93326323604215E-002
90.9665301 5.74609446372515E-002 5.91540123306221E-002
91.0665233 5.72899397977829E-002 5.89761206054458E-002
91.1665166 5.71196241895555E-002 5.87989534399585E-002
91.2665099 5.69499943095407E-002 5.86225071124606E-002
91.3665108 5.67810338122523E-002 5.84467645443064E-002
91.4665041 5.66127650170027E-002 5.82717488740788E-002
91.5664975 5.64451715688883E-002 5.80974430141907E-002
91.6664908 5.62782500498860E-002 5.79238433342091E-002
91.7664842 5.61119970628441E-002 5.77509462261049E-002
91.8664851 5.59463966230824E-002 5.75787349927934E-002
91.9664785 5.57814706416134E-002 5.74072323460901E-002
92.0664719 5.56172031241408E-002 5.72364215797238E-002
92.1664653 5.54535907555215E-002 5.70662991736803E-002
92.2664587 5.52906302407502E-002 5.68968616295534E-002
92.3664597 5.51283059458696E-002 5.67280926210280E-002
92.4664531 5.49666393827253E-002 5.65600144427663E-002
92.5664466 5.48056149075668E-002 5.63926107590459E-002
92.6664400 5.46452293045204E-002 5.62258781563556E-002
92.7664335 5.44854793771460E-002 5.60598132420285E-002
92.8664346 5.43263498324668E-002 5.58944000500954E-002
92.9664281 5.41678617920572E-002 5.57296604674300E-002
93.0664215 5.40099999529897E-002 5.55655785184572E-002
93.1664150 5.38527611951942E-002 5.54021508924115E-002
93.2664086 5.36961424173578E-002 5.52393742986391E-002
93.3664097 5.35401286580683E-002 5.50772331214469E-002
93.4664032 5.33847406572946E-002 5.49157488490400E-002
93.5663968 5.32299634435346E-002 5.47549058559425E-002
93.6663903 5.30757939891941E-002 5.45947009305284E-002
93.7663839 5.29222292847862E-002 5.44351308805800E-002
93.8663851 5.27692546913612E-002 5.42761804309505E-002
93.9663787 5.26168905757247E-002 5.41178706800601E-002
94.0663723 5.24651222887155E-002 5.39601863428216E-002
94.1663659 5.23139468920190E-002 5.38031243032872E-002
94.2663595 5.21633614648040E-002 5.36466814642413E-002
94.3663607 5.20133516817828E-002 5.34908428816795E-002
94.4663544 5.18639375448229E-002 5.33356292728914E-002
94.5663480 5.17151047183195E-002 5.31810256837930E-002
94.6663417 5.15668503501678E-002 5.30270290907908E-002
94.7663353 5.14191716051468E-002 5.28736364883744E-002
94.8663366 5.12720544631201E-002 5.27208332545915E-002
94.9663303 5.11255185690315E-002 5.25686397340318E-002
95.0663240 5.09795498923373E-002 5.24170412945415E-002
95.1663177 5.08341456641926E-002 5.22660350016892E-002
95.2663114 5.06893031320608E-002 5.21156179385036E-002
95.3663128 5.05450085727250E-002 5.19657757962950E-002
95.4663065 5.04012812820145E-002 5.18165285551672E-002
95.5663002 5.02581075262292E-002 5.16678618961241E-002
95.6662940 5.01154846169499E-002 5.15197729708298E-002
95.7662878 4.99734098815121E-002 5.13722589478106E-002
95.8662892 4.98318698856550E-002 5.12253058231399E-002
95.9662829 4.96908835837036E-002 5.10789332204390E-002
96.0662767 4.95504375308510E-002 5.09331271253849E-002
96.1662705 4.94105291163793E-002 5.07878847727919E-002
96.2662643 4.92711557447935E-002 5.06432034137607E-002
96.3662658 4.91323042630829E-002 5.04990693409074E-002
96.4662596 4.89939932914854E-002 5.03555018291693E-002
96.5662535 4.88562096663937E-002 5.02124871606897E-002
96.6662473 4.87189508521727E-002 5.00700226506020E-002
96.7662412 4.85822143278978E-002 4.99281056297734E-002
96.8662427 4.84459872143512E-002 4.97867226794088E-002
96.9662365 4.83102878049125E-002 4.96458927333619E-002
97.0662304 4.81751032097283E-002 4.95056023623022E-002
97.1662243 4.80404309657276E-002 4.93658489589615E-002
97.2662182 4.79062686240580E-002 4.92266299312736E-002
97.3662198 4.77726035720755E-002 4.90879321413369E-002
97.4662137 4.76394537833482E-002 4.89497741893285E-002
97.5662076 4.75068066345686E-002 4.88121429267606E-002
97.6662016 4.73746597328078E-002 4.86750358213477E-002
97.7661955 4.72430106988826E-002 4.85384503554954E-002
97.8661971 4.71118471797336E-002 4.84023736647471E-002
97.9661911 4.69811868359870E-002 4.82668240228230E-002
98.0661851 4.68510173039021E-002 4.81317885546420E-002
98.1661791 4.67213362583625E-002 4.79972648003858E-002
98.2661730 4.65921413875423E-002 4.78632503144363E-002
98.3661747 4.64634205911999E-002 4.77297324985731E-002
98.4661687 4.63351912237154E-002 4.75967293070961E-002
98.5661627 4.62074411741573E-002 4.74642281311322E-002
98.6661568 4.60801681829803E-002 4.73322265809121E-002
98.7661508 4.59533700034916E-002 4.72007222803936E-002
98.8661525 4.58270347817126E-002 4.70697028906126E-002
98.9661465 4.57011795723072E-002 4.69391860533091E-002
99.0661406 4.55757925106069E-002 4.68091594188483E-002
99.1661347 4.54508714004809E-002 4.66796206651827E-002
99.2661288 4.53264140582292E-002 4.65505674835377E-002
99.3661305 4.52024088697869E-002 4.64219877874467E-002
99.4661246 4.50788725964682E-002 4.62938989127775E-002
99.5661187 4.49557936135266E-002 4.61662887623844E-002
99.6661128 4.48331697861699E-002 4.60391550797033E-002
99.7661070 4.47109989916308E-002 4.59124956210059E-002
99.8661087 4.45892698496070E-002 4.57862985457772E-002
99.9661029 4.44679988342707E-002 4.56605808905333E-002
100.0660970 4.43471745546540E-002 4.55353308040804E-002
100.1660912 4.42267949353047E-002 4.54105460931841E-002
100.2660854 4.41068579124053E-002 4.52862245770244E-002
100.3660872 4.39873523334547E-002 4.51623546546973E-002
100.4660814 4.38682943915382E-002 4.50389530697254E-002
100.5660756 4.37496729235122E-002 4.49160082105338E-002
100.6660698 4.36314859113406E-002 4.47935179451446E-002
100.7660640 4.35137313482462E-002 4.46714801535888E-002
100.8660658 4.33963983037521E-002 4.45498834684301E-002
100.9660601 4.32795026957614E-002 4.44287443463973E-002
101.0660543 4.31630335831839E-002 4.43080514093990E-002
101.1660486 4.30469890035472E-002 4.41878025847178E-002
101.2660428 4.29313670052751E-002 4.40679958112554E-002
101.3660447 4.28161568743151E-002 4.39486199490898E-002
101.4660390 4.27013742591470E-002 4.38296911742028E-002
101.5660333 4.25870084351407E-002 4.37111983360401E-002
101.6660275 4.24730574936024E-002 4.35931394192235E-002
101.7660218 4.23595195363858E-002 4.34755124196184E-002
101.8660238 4.22463840604332E-002 4.33583064190474E-002
101.9660181 4.21336664504196E-002 4.32415373186422E-002
102.0660124 4.20213561927506E-002 4.31251941896228E-002
102.1660067 4.19094514307922E-002 4.30092750720998E-002
102.2660011 4.17979503181217E-002 4.28937780170654E-002
102.3660031 4.16868425574111E-002 4.27786923224946E-002
102.4659974 4.15761432750115E-002 4.26640336204204E-002
102.5659918 4.14658421631043E-002 4.25497911982506E-002
102.6659861 4.13559374154592E-002 4.24359631498021E-002
102.7659805 4.12464272357325E-002 4.23225475794254E-002
102.8659825 4.11373015272203E-002 4.22095339958251E-002
102.9659769 4.10285751632963E-002 4.20969377675467E-002
103.0659713 4.09202380368171E-002 4.19847483927685E-002
103.1659657 4.08122883903593E-002 4.18729640172975E-002
103.2659601 4.07047244760740E-002 4.17615827971377E-002
103.3659622 4.05975363929281E-002 4.16505944464658E-002
103.4659566 4.04907387665357E-002 4.15400140758131E-002
103.5659511 4.03843216854794E-002 4.14298313888759E-002
103.6659455 4.02782834396043E-002 4.13200445817966E-002
103.7659400 4.01726223280293E-002 4.12106518605912E-002
103.8659421 4.00673286405869E-002 4.11016431398088E-002
103.9659365 3.99624167602220E-002 4.09930332773067E-002
104.0659310 3.98578769664426E-002 4.08848121772046E-002
104.1659255 3.97537075948791E-002 4.07769780843862E-002
104.2659200 3.96499069901453E-002 4.06695292532970E-002
104.3659221 3.95464656282773E-002 4.05624557939121E-002
104.4659166 3.94433976545185E-002 4.04557723166250E-002
104.5659112 3.93406935346435E-002 4.03494689210370E-002
104.6659057 3.92383516486380E-002 4.02435438992364E-002
104.7659002 3.91363703851911E-002 4.01379955525731E-002
104.8659024 3.90347404020175E-002 4.00328141816492E-002
104.9658969 3.89334756115073E-002 3.99280141544788E-002
105.0658915 3.88325666611808E-002 3.98235857613498E-002
105.1658860 3.87320119739993E-002 3.97195273400740E-002
105.2658806 3.86318099813587E-002 3.96158372374352E-002
105.3658828 3.85319515182598E-002 3.95125059400063E-002
105.4658774 3.84324502689722E-002 3.94095475783832E-002
105.5658720 3.83332970583721E-002 3.93069526288877E-002
105.6658666 3.82344903510674E-002 3.92047194736274E-002
105.7658612 3.81360286198392E-002 3.91028465034015E-002
105.8658634 3.80379028727117E-002 3.90013243862355E-002
105.9658580 3.79401265704521E-002 3.89001670201485E-002
106.0658527 3.78426907110327E-002 3.87993650629813E-002
106.1658473 3.77455937994241E-002 3.86989169397595E-002
106.2658419 3.76488343485192E-002 3.85988210839311E-002
106.3658442 3.75524035352256E-002 3.84990683405874E-002
106.4658389 3.74563146013173E-002 3.83996723798970E-002
106.5658335 3.73605587137254E-002 3.83006240368366E-002
106.6658282 3.72651344165454E-002 3.82019217780215E-002
106.7658229 3.71700402615527E-002 3.81035640782295E-002
106.8658252 3.70752675905187E-002 3.80055419553599E-002
106.9658199 3.69808294306256E-002 3.79078688563438E-002
107.0658146 3.68867171137462E-002 3.78105357890387E-002
107.1658093 3.67929292219060E-002 3.77135412603680E-002
107.2658040 3.66994643445769E-002 3.76168837851672E-002
107.3658063 3.66063139844897E-002 3.75205545500095E-002
107.4658011 3.65134909585326E-002 3.74245667830914E-002
107.5657958 3.64209867596179E-002 3.73289116610195E-002
107.6657905 3.63288000065483E-002 3.72335877297894E-002
107.7657853 3.62369293253472E-002 3.71385935430665E-002
107.8657877 3.61453663759124E-002 3.70439204520833E-002
107.9657824 3.60541237690345E-002 3.69495814706978E-002
108.0657772 3.59631931548746E-002 3.68555679402536E-002
108.1657720 3.58725731878998E-002 3.67618784446254E-002
108.2657667 3.57822625295797E-002 3.66685115751239E-002
108.3657692 3.56922529932950E-002 3.65754588437419E-002
108.4657639 3.56025569878358E-002 3.64827330542910E-002
108.5657587 3.55131663169299E-002 3.63903257089549E-002
108.6657536 3.54240796696340E-002 3.62982354283357E-002
108.7657484 3.53352957417969E-002 3.62064608402463E-002
108.8657508 3.52468064967023E-002 3.61149936136526E-002
108.9657456 3.51586241451414E-002 3.60238463465101E-002
109.0657405 3.50707406408303E-002 3.59330106980575E-002
