0.0053140 4.18943141998661E+000 1.96392938382528E+003
0.0210792 1.61742345757338E+001 1.92573155095365E+003
0.0467942 3.43687805425337E+001 1.86557333651605E+003
0.0817065 5.66006772988639E+001 1.78793373979027E+003
0.1249105 8.05957033954963E+001 1.69783775254108E+003
0.1754417 1.04364329522486E+002 1.60014722862300E+003
0.2323515 1.26411405402625E+002 1.49908670412788E+003
0.2947571 1.45780460814513E+002 1.39802222958532E+003
0.3618673 1.61989541413000E+002 1.29943746993593E+003
0.4329916 1.74919525492441E+002 1.20502676329356E+003
0.5075377 1.84697425478330E+002 1.11584017546225E+003
0.5850032 1.91597234553566E+002 1.03243508474270E+003
0.6649650 1.95965396457946E+002 9.55012167144547E+002
0.7470680 1.98169888236302E+002 8.83526012084137E+002
0.8310139 1.98568320337010E+002 8.17771063001105E+002
0.9165527 1.97490028796610E+002 7.57444110054540E+002
1.0034738 1.95227599376924E+002 7.02189050082374E+002
1.0915995 1.92034419133127E+002 6.51627654500591E+002
1.1807797 1.88125771483490E+002 6.05379737993675E+002
1.2708868 1.83681887014794E+002 5.63076522422314E+002
1.3618115 1.78851824921786E+002 5.24368245640350E+002
1.4534610 1.73757558529213E+002 4.88928250631799E+002
1.5457546 1.68498009569385E+002 4.56455319504478E+002
1.6386236 1.63152593289045E+002 4.26673341129667E+002
1.7320075 1.57784541199305E+002 3.99331244628710E+002
1.8258543 1.52443606643150E+002 3.74201210713591E+002
1.9201186 1.47168487408126E+002 3.51077315152250E+002
2.0147601 1.41988874177130E+002 3.29773936828772E+002
2.1097440 1.36927044766556E+002 3.10123624076316E+002
2.2050388 1.31999359864481E+002 2.91975791377947E+002
2.3006174 1.27217332786580E+002 2.75194759664902E+002
2.3964555 1.22588617970067E+002 2.59658402732091E+002
2.4925310 1.18117822583564E+002 2.45256857769168E+002
2.5888248 1.13807068393781E+002 2.31891011590102E+002
2.6853193 1.09656597798894E+002 2.19471636404857E+002
2.7819988 1.05665124895901E+002 2.07918135081281E+002
2.8788497 1.01830212319139E+002 1.97157727112238E+002
2.9758588 9.81485758805596E+001 1.87124694845529E+002
3.0730149 9.46162467952909E+001 1.77759475305944E+002
3.1703074 9.12288234029459E+001 1.69008199083174E+002
3.2677268 8.79815569210532E+001 1.60821948364509E+002
3.3652646 8.48695017914227E+001 1.53156329945378E+002
3.4629133 8.18875855970961E+001 1.45970958107693E+002
3.5606650 7.90307382866380E+001 1.39229179089031E+002
3.6585133 7.62938640396954E+001 1.32897500385180E+002
3.7564523 7.36719430145774E+001 1.26945404296137E+002
3.8544764 7.11600506725544E+001 1.21345022252165E+002
3.9525810 6.87533719539615E+001 1.16070851371507E+002
4.0507604 6.64472652724082E+001 1.11099622160947E+002
4.1490108 6.42372068066255E+001 1.06409941015904E+002
4.2473280 6.21188455994606E+001 1.01982207240041E+002
4.3457083 6.00879970500620E+001 9.77984214604279E+001
4.4441489 5.81406362568931E+001 9.38420187527997E+001
4.5426454 5.62729350079849E+001 9.00978097213439E+001
4.6411954 5.44812046364569E+001 8.65517476717686E+001
4.7397961 5.27619307677838E+001 8.31908973826682E+001
4.8384450 5.11117600704486E+001 8.00033187623745E+001
4.9371399 4.95274883477284E+001 7.69779654188551E+001
5.0358779 4.80060854024190E+001 7.41046627534920E+001
5.1346571 4.65446443327051E+001 7.13739502793564E+001
5.2334756 4.51404064176138E+001 6.87770756652416E+001
5.3323316 4.37907476566758E+001 6.63059216661077E+001
5.4312238 4.24931669136162E+001 6.39529423822746E+001
5.5301496 4.12453046546199E+001 6.17111596896694E+001
5.6291079 4.00449001596959E+001 5.95740524976699E+001
5.7280973 3.88898109438858E+001 5.75355626408737E+001
5.8271164 3.77780010330264E+001 5.55900474379861E+001
5.9261644 3.67075307099598E+001 5.37322383002023E+001
6.0252392 3.56765716733873E+001 5.19572459058905E+001
6.1243401 3.46833715588755E+001 5.02604798573338E+001
6.2234659 3.37262698773883E+001 4.86376596397276E+001
6.3226158 3.28036883508796E+001 4.70847828263436E+001
6.4217891 3.19141224865003E+001 4.55980973427914E+001
6.5209840 3.10561543251478E+001 4.41741104572862E+001
6.6202001 3.02284231374826E+001 4.28095288110026E+001
6.7194366 2.94296388683309E+001 4.15012710505876E+001
6.8186927 2.86585743312701E+001 4.02464458747648E+001
6.9179682 2.79140584133877E+001 3.90423328911994E+001
7.0172613 2.71949870143893E+001 3.78863929056263E+001
7.1165720 2.65002987853421E+001 3.67762220440758E+001
7.2158999 2.58289834923154E+001 3.57095594153688E+001
7.3152432 2.51800914791367E+001 3.46842964571312E+001
7.4146030 2.45526967415967E+001 3.36984134946210E+001
7.5139770 2.39459407266710E+001 3.27500443653923E+001
7.6133666 2.33589821790100E+001 3.18373934618666E+001
7.7127702 2.27910360165363E+001 3.09587928626002E+001
7.8121865 2.22413531459510E+001 3.01126671825849E+001
7.9116168 2.17092036543186E+001 2.92975047573144E+001
8.0110589 2.11939112944090E+001 2.85119077665090E+001
8.1105143 2.06948111596696E+001 2.77545247611956E+001
8.2099815 2.02112828868400E+001 2.70240989754833E+001
8.3094593 1.97427337312005E+001 2.63194401944736E+001
8.4089492 1.92885843995386E+001 2.56394015709187E+001
8.5084489 1.88482986354534E+001 2.49829221940870E+001
8.6079599 1.84213472686468E+001 2.43489715415689E+001
8.7074812 1.80072367319779E+001 2.37365905014166E+001
8.8070112 1.76054947713175E+001 2.31448685250161E+001
8.9065517 1.72156584228966E+001 2.25729246976809E+001
9.0061006 1.68372995282996E+001 2.20199440409842E+001
9.1056593 1.64699940067973E+001 2.14851312922912E+001
9.2052267 1.61133464747172E+001 2.09677458959475E+001
9.3048016 1.57669780977143E+001 2.04670832100878E+001
9.4043856 1.54305163197438E+001 1.99824588514545E+001
9.5039766 1.51036169750988E+001 1.95132397921021E+001
9.6035763 1.47859378687822E+001 1.90588055361363E+001
9.7031836 1.44771601334481E+001 1.86185781079877E+001
9.8027972 1.41769778357773E+001 1.81920064198229E+001
9.9024188 1.38850891460787E+001 1.77785531789562E+001
10.0020464 1.36012155889702E+001 1.73777216477087E+001
10.1016817 1.33250792005563E+001 1.69890227581704E+001
10.2013235 1.30564211393400E+001 1.66120009351414E+001
10.3009707 1.27949927388855E+001 1.62462209634106E+001
10.4006251 1.25405478706124E+001 1.58912569305577E+001
10.5002846 1.22928597758548E+001 1.55467153603332E+001
10.5999509 1.20517012117978E+001 1.52122071460372E+001
10.6996230 1.18168607390140E+001 1.48873698908242E+001
10.7992996 1.15881349749045E+001 1.45718567777192E+001
10.8989827 1.13653219515951E+001 1.42653271502626E+001
10.9986702 1.11482358935466E+001 1.39674666007628E+001
11.0983637 1.09366898762464E+001 1.36779628520910E+001
11.1980623 1.07305101383758E+001 1.33965251730029E+001
11.2977649 1.05295293388897E+001 1.31228748710582E+001
11.3974732 1.03335807503402E+001 1.28567372065311E+001
11.4971853 1.01425112832656E+001 1.25978589124372E+001
11.5969029 9.95616626979034E+000 1.23459873401703E+001
11.6966250 9.77440208854046E+000 1.21008874068291E+001
11.7963505 9.59708026595184E+000 1.18623334167781E+001
11.8960812 9.42406237541097E+000 1.16301020721240E+001
11.9958151 9.25522155886584E+000 1.14039878170211E+001
12.0955540 9.09042911728909E+000 1.11837847027983E+001
12.1952970 8.92956568808989E+000 1.09693012432290E+001
12.2950428 8.77251606086140E+000 1.07603533339025E+001
12.3947934 8.61916467639311E+000 1.05567581729439E+001
12.4945468 8.46940585473756E+000 1.03583477538810E+001
12.5943047 8.32313193011159E+000 1.01649530131727E+001
12.6940662 8.18024318126911E+000 9.97641690400315E+000
12.7938302 8.04064325530019E+000 9.79258823032681E+000
12.8935986 7.90423517932966E+000 9.61331632946491E+000
12.9933693 7.77093047064997E+000 9.43846298255865E+000
13.0931443 7.64063859824397E+000 9.26788849042213E+000
13.1929224 7.51327583450759E+000 9.10146322357314E+000
13.2927027 7.38876119933036E+000 8.93906222416141E+000
13.3924871 7.26701291226759E+000 8.78056053105781E+000
13.4922734 7.14795653278054E+000 8.62584373203808E+000
13.5920637 7.03151556656796E+000 8.47479567879103E+000
13.6918568 6.91761938070781E+000 8.32730872799423E+000
13.7916517 6.80619959516068E+000 8.18327899236017E+000
13.8914504 6.69718691523669E+000 8.04260221124689E+000
13.9912508 6.59051842727058E+000 7.90518313213123E+000
14.0910548 6.48612919718835E+000 7.77092462685082E+000
14.1908615 6.38395936943746E+000 7.63973680356961E+000
14.2906697 6.28395094507892E+000 7.51153281003077E+000
14.3904813 6.18604494410537E+000 7.38622517024155E+000
14.4902944 6.09018796308280E+000 7.26373415285996E+000
14.5901109 5.99632463726342E+000 7.14397809156604E+000
14.6899298 5.90440402570367E+000 7.02688151915399E+000
14.7897500 5.81437672486786E+000 6.91237144329276E+000
14.8895734 5.72619231828244E+000 6.80037408368339E+000
14.9893980 5.63980528705309E+000 6.69082236038880E+000
15.0892259 5.55516822645808E+000 6.58364725400410E+000
15.1890558 5.47223760470562E+000 6.47878508960289E+000
15.2888878 5.39097040171625E+000 6.37617325094578E+000
15.3887200 5.31132639816444E+000 6.27575305120890E+000
15.4885562 5.23326208474239E+000 6.17746203635298E+000
15.5883943 5.15673973213865E+000 6.08124540213328E+000
15.6882343 5.08172124275629E+000 5.98704822158287E+000
15.7880763 5.00816964498274E+000 5.89481731359618E+000
15.8879183 4.93605041674453E+000 5.80450288298658E+000
15.9877640 4.86532597344912E+000 5.71605160468549E+000
16.0876115 4.79596388483603E+000 5.62941689882730E+000
16.1874608 4.72793131183169E+000 5.54455194797237E+000
16.2873119 4.66119636269079E+000 5.46141138336750E+000
16.3871628 4.59572929809307E+000 5.37995277069093E+000
16.4870172 4.53149753005557E+000 5.30013037724875E+000
16.5868734 4.46847308393698E+000 5.22190444506441E+000
16.6867312 4.40662755188726E+000 5.14523489881996E+000
16.7865905 4.34593332633897E+000 5.07008287125303E+000
16.8864496 4.28636469946841E+000 4.99641205202435E+000
16.9863121 4.22789331471379E+000 4.92418305458673E+000
17.0861762 4.17049495894593E+000 4.85336180711168E+000
17.1860417 4.11414497343358E+000 4.78391386680746E+000
17.2859087 4.05881937815693E+000 4.71580580301435E+000
17.3857753 4.00449587685732E+000 4.64900642439059E+000
17.4856452 3.95114971066332E+000 4.58348167416174E+000
17.5855166 3.89875985421011E+000 4.51920224190295E+000
17.6853893 3.84730483300906E+000 4.45613841207138E+000
17.7852633 3.79676375034045E+000 4.39426132089628E+000
17.8851368 3.74711720773879E+000 4.33354407515047E+000
17.9850136 3.69834351688016E+000 4.27395711452299E+000
18.0848916 3.65042436389101E+000 4.21547513314604E+000
18.1847709 3.60334098874751E+000 4.15807240033869E+000
18.2846515 3.55707512503423E+000 4.10172390528506E+000
18.3845314 3.51160984452299E+000 4.04640637899816E+000
18.4844144 3.46692608912231E+000 3.99209407096810E+000
18.5842986 3.42300785947989E+000 3.93876505740224E+000
18.6841841 3.37983871775740E+000 3.88639698069224E+000
18.7840706 3.33740264927793E+000 3.83496809407667E+000
18.8839565 3.29568483882790E+000 3.78445819697231E+000
18.9838453 3.25466848928220E+000 3.73484478013166E+000
19.0837353 3.21433958364386E+000 3.68610878746728E+000
19.1836263 3.17468367741439E+000 3.63823072792542E+000
19.2835185 3.13568669006405E+000 3.59119163079040E+000
19.3834098 3.09733561979471E+000 3.54497390332214E+000
19.4833041 3.05961561957140E+000 3.49955780464633E+000
19.5831994 3.02251437576720E+000 3.45492671944883E+000
19.6830957 2.98601916051916E+000 3.41106360200465E+000
19.7829930 2.95011756001455E+000 3.36795185146035E+000
19.8828894 2.91479813367820E+000 3.32557609964742E+000
19.9827887 2.88004772187544E+000 3.28391897901592E+000
20.0826889 2.84585547918466E+000 3.24296595915874E+000
20.1825901 2.81221016070796E+000 3.20270208789729E+000
20.2824922 2.77910079335209E+000 3.16311279474073E+000
20.3823934 2.74651728472943E+000 3.12418461581871E+000
20.4822973 2.71444793984145E+000 3.08590222550774E+000
20.5822022 2.68288318255705E+000 3.04825288047225E+000
20.6821079 2.65181305292948E+000 3.01122342710148E+000
20.7820145 2.62122782694353E+000 2.97480104036382E+000
20.8819201 2.59111857983122E+000 2.93897389199829E+000
20.9818284 2.56147489167526E+000 2.90372841919663E+000
21.0817375 2.53228828682104E+000 2.86905341545851E+000
21.1816475 2.50354992191474E+000 2.83493727743518E+000
21.2815583 2.47525115897297E+000 2.80136868554870E+000
21.3814680 2.44738408729983E+000 2.76833722088211E+000
21.4813803 2.41993940023010E+000 2.73583084747088E+000
21.5812935 2.39290957885760E+000 2.70383968462436E+000
21.6812074 2.36628675281775E+000 2.67235346946247E+000
21.7811221 2.34006323099900E+000 2.64136218493392E+000
21.8810357 2.31423198579748E+000 2.61085663023582E+000
21.9809519 2.28878468520162E+000 2.58082609601826E+000
22.0808688 2.26371464430575E+000 2.55126184880801E+000
22.1807864 2.23901484286671E+000 2.52215478830931E+000
22.2807048 2.21467841750715E+000 2.49349602781626E+000
22.3806219 2.19069911164839E+000 2.46527742245970E+000
22.4805416 2.16706944886607E+000 2.43748941900793E+000
22.5804621 2.14378347311287E+000 2.41012427954597E+000
22.6803832 2.12083490882773E+000 2.38317391501973E+000
22.7803050 2.09821761806960E+000 2.35663042248081E+000
22.8802255 2.07592601912129E+000 2.33048657499285E+000
22.9801486 2.05395338855642E+000 2.30473382977487E+000
23.0800723 2.03229440886622E+000 2.27936531526092E+000
23.1799967 2.01094345842870E+000 2.25437382445625E+000
23.2799217 1.98989503665026E+000 2.22975231296637E+000
23.3798454 1.96914415392655E+000 2.20549435398643E+000
23.4797716 1.94868475118470E+000 2.18159229032937E+000
23.5796984 1.92851207165312E+000 2.15804000635019E+000
23.6796259 1.90862106933741E+000 2.13483106650016E+000
23.7795539 1.88900680492935E+000 2.11195917766658E+000
23.8794806 1.86966480953974E+000 2.08941861230941E+000
23.9794098 1.85058961164332E+000 2.06720249148380E+000
24.0793395 1.83177694800901E+000 2.04530536080397E+000
24.1792698 1.81322228050627E+000 2.02372146116777E+000
24.2792007 1.79492116526055E+000 2.00244515856010E+000
24.3791302 1.77686959233335E+000 1.98147133808475E+000
24.4790621 1.75906261102172E+000 1.96079380646216E+000
24.5789946 1.74149639344832E+000 1.94040768918401E+000
24.6789277 1.72416685055851E+000 1.92030782176813E+000
24.7788612 1.70706997675332E+000 1.90048914985023E+000
24.8787934 1.69020216747929E+000 1.88094709657991E+000
24.9787279 1.67355893473927E+000 1.86167607427739E+000
25.0786630 1.65713683549960E+000 1.84267171815183E+000
25.1785986 1.64093217865321E+000 1.82392938766352E+000
25.2785347 1.62494134714160E+000 1.80544453943966E+000
25.3784693 1.60916109522834E+000 1.78721307025645E+000
25.4784064 1.59358734687783E+000 1.76922992859700E+000
25.5783439 1.57821699994877E+000 1.75149119873965E+000
25.6782819 1.56304671670784E+000 1.73399270287535E+000
25.7782204 1.54807322525736E+000 1.71673034912735E+000
25.8781574 1.53329359809805E+000 1.69970045212312E+000
25.9780968 1.51870412674249E+000 1.68289843612827E+000
26.0780366 1.50430201160883E+000 1.66632078192865E+000
26.1779769 1.49008422938727E+000 1.64996372129413E+000
26.2779176 1.47604781541701E+000 1.63382356215668E+000
26.3778568 1.46219012499395E+000 1.61789698858129E+000
26.4777984 1.44850777821607E+000 1.60217984797556E+000
26.5777404 1.43499824455330E+000 1.58666897196575E+000
26.6776829 1.42165878100663E+000 1.57136095563228E+000
26.7776257 1.40848669692343E+000 1.55625246169997E+000
26.8775671 1.39547959937213E+000 1.54134050154496E+000
26.9775108 1.38263440277821E+000 1.52662129970981E+000
27.0774549 1.36994881631005E+000 1.51209199888876E+000
27.1773994 1.35742034733805E+000 1.49774951709881E+000
27.2773442 1.34504655004001E+000 1.48359083255816E+000
27.3772876 1.33282525604468E+000 1.46961324721217E+000
27.4772333 1.32075364391829E+000 1.45581332243199E+000
27.5771793 1.30882963675962E+000 1.44218847726080E+000
27.6771257 1.29705096597299E+000 1.42873591733947E+000
27.7770725 1.28541540489199E+000 1.41545290199091E+000
27.8770178 1.27392098578694E+000 1.40233699161103E+000
27.9769653 1.26256512470917E+000 1.38938504900555E+000
28.0769132 1.25134593602124E+000 1.37659473919068E+000
28.1768615 1.24026135195003E+000 1.36396352447559E+000
28.2768101 1.22930934234700E+000 1.35148891512894E+000
28.3767572 1.21848811905803E+000 1.33916870185831E+000
28.4767065 1.20779531203392E+000 1.32700001775360E+000
28.5766562 1.19722920692326E+000 1.31498074717047E+000
28.6766062 1.18678791627706E+000 1.30310858189099E+000
28.7765565 1.17646958646486E+000 1.29138125662284E+000
28.8765053 1.16627259031888E+000 1.27979676768058E+000
28.9764563 1.15619475077866E+000 1.26835249096314E+000
29.0764077 1.14623450713742E+000 1.25704650676425E+000
29.1763593 1.13639013413290E+000 1.24587671239656E+000
29.2763113 1.12665993694984E+000 1.23484104366100E+000
29.3762617 1.11704243297237E+000 1.22393768074503E+000
29.4762144 1.10753561955398E+000 1.21316421807188E+000
29.5761673 1.09813807402538E+000 1.20251891127028E+000
29.6761206 1.08884821723276E+000 1.19199984206198E+000
29.7760741 1.07966449747724E+000 1.18160512673775E+000
29.8760261 1.07058556213914E+000 1.17133311019903E+000
29.9759803 1.06160956645515E+000 1.16118158388496E+000
30.0759347 1.05273521196131E+000 1.15114896058415E+000
30.1758895 1.04396105133353E+000 1.14123348775762E+000
30.2758445 1.03528566204259E+000 1.13143344396696E+000
30.3757980 1.02670780855046E+000 1.12174732190634E+000
30.4757536 1.01822578923880E+000 1.11217309094351E+000
30.5757095 1.00983841756848E+000 1.10270930496325E+000
30.6756657 1.00154436534231E+000 1.09335436063144E+000
30.7756221 9.93342326788910E-001 1.08410668263924E+000
30.8755770 9.85231171973900E-001 1.07496489650065E+000
30.9755340 9.77209329260555E-001 1.06592713254085E+000
31.0754913 9.69275713113473E-001 1.05699207151710E+000
31.1754469 9.61429251981574E-001 1.04815841216461E+000
31.2754067 9.53668299268112E-001 1.03942420837220E+000
31.3753629 9.45992266942865E-001 1.03078870780597E+000
31.4753231 9.38399408704069E-001 1.02224985714995E+000
31.5752798 9.30889162382514E-001 1.01380693725429E+000
31.6752368 9.23460114131124E-001 1.00545827332597E+000
31.7751978 9.16110880917561E-001 9.97202227817975E-001
31.8751552 9.08840937265126E-001 9.89038128602212E-001
31.9751168 9.01648660017984E-001 9.80964072698857E-001
32.0750747 8.94533546838172E-001 9.72979417594558E-001
32.1750329 8.87494287926073E-001 9.65082616228588E-001
32.2749952 8.80529601791497E-001 9.57272155642748E-001
32.3749539 8.73639018941906E-001 9.49547435310246E-001
32.4749166 8.66821028874063E-001 9.41906689304879E-001
32.5748758 8.60075182817668E-001 9.34349343557366E-001
32.6748352 8.53400265919561E-001 9.26873967172127E-001
32.7747986 8.46795089369814E-001 9.19479160523788E-001
32.8747585 8.40259233826356E-001 9.12164387072563E-001
32.9747223 8.33791291981691E-001 9.04928006022681E-001
33.0746827 8.27390863068123E-001 8.97769504495116E-001
33.1746432 8.21056818991596E-001 8.90687557393965E-001
33.2746078 8.14788055648199E-001 8.83680868337338E-001
33.3745687 8.08584198659219E-001 8.76748958024764E-001
33.4745337 8.02443935376938E-001 8.69890300070074E-001
33.5744951 7.96366908085512E-001 8.63104436352685E-001
33.6744568 7.90352068073370E-001 8.56390138272553E-001
33.7744224 7.84398388756282E-001 8.49746203632919E-001
33.8743844 7.78505536100922E-001 8.43172204384676E-001
33.9743505 7.72672284403004E-001 8.36666718895882E-001
34.0743130 7.66898314588827E-001 8.30229338093676E-001
34.1742756 7.61182650673328E-001 8.23858921509687E-001
34.2742423 7.55524337106150E-001 8.17554352986698E-001
34.3742054 7.49923076083114E-001 8.11315250406136E-001
34.4741725 7.44377721857683E-001 8.05140288180749E-001
34.5741359 7.38887990065853E-001 7.99029101208289E-001
34.6740996 7.33452971434673E-001 7.92980629620952E-001
34.7740673 7.28071775585707E-001 7.86993835964983E-001
34.8740313 7.22744137270613E-001 7.81068379318245E-001
34.9739994 7.17468984367384E-001 7.75203022269760E-001
35.0739638 7.12246063710824E-001 7.69397439168376E-001
35.1739284 7.07074527297827E-001 7.63650643955652E-001
35.2738971 7.01953544616365E-001 7.57961671264367E-001
35.3738621 6.96882879692233E-001 7.52330217151546E-001
35.4738310 6.91861528278229E-001 7.46755125263322E-001
35.5737964 6.86889265269997E-001 7.41236105371589E-001
35.6737620 6.81965299002960E-001 7.35772239094279E-001
35.7737315 6.77088854023085E-001 7.30362627173724E-001
35.8736974 6.72259720695271E-001 7.25006998884757E-001
35.9736673 6.67476957420067E-001 7.19704272480005E-001
36.0736335 6.62740364346292E-001 7.14454189560142E-001
36.1735999 6.58049201673616E-001 7.09255893873008E-001
36.2735704 6.53402744642318E-001 7.04108546863885E-001
36.3735371 6.48800807328687E-001 6.99011907666838E-001
36.4735079 6.44242506022829E-001 6.93964963287842E-001
36.5734750 6.39727663612025E-001 6.88967483945535E-001
36.6734423 6.35255588095313E-001 6.84018670494647E-001
36.7734135 6.30825601442073E-001 6.79117740185983E-001
36.8733811 6.26437539085039E-001 6.74264479010588E-001
36.9733527 6.22090570866896E-001 6.69457937409444E-001
37.0733206 6.17784540158843E-001 6.64697911347751E-001
37.1732887 6.13518799061649E-001 6.59983654231984E-001
37.2732608 6.09292712666115E-001 6.55314434676281E-001
37.3732292 6.05106135648910E-001 6.50690062842082E-001
37.4732015 6.00958287447254E-001 6.46109647766464E-001
37.5731702 5.96849029893048E-001 6.41573008590627E-001
37.6731391 5.92777755821062E-001 6.37079447136478E-001
37.7731119 5.88743870157093E-001 6.32628279346930E-001
37.8730811 5.84747244924924E-001 6.28219337147222E-001
37.9730543 5.80787145539676E-001 6.23851783762069E-001
38.0730237 5.76863450476666E-001 6.19525459205088E-001
38.1729934 5.72975590233693E-001 6.15239709952805E-001
38.2729669 5.69123006574162E-001 6.10993895607847E-001
38.3729369 5.65305587164321E-001 6.06787867701365E-001
38.4729107 5.61522640088535E-001 6.02620839624258E-001
38.5728809 5.57774058831783E-001 5.98492670196243E-001
38.6728513 5.54059308751235E-001 5.94402747124741E-001
38.7728256 5.50377865710929E-001 5.90350470331268E-001
38.8727962 5.46729631486295E-001 5.86335709016143E-001
38.9727708 5.43113953800507E-001 5.82357723063473E-001
39.0727417 5.39530739678214E-001 5.78416388243837E-001
39.1727127 5.35979486773388E-001 5.74511130374890E-001
39.2726877 5.32459702548631E-001 5.70641386651358E-001
39.3726590 5.28971301508302E-001 5.66807042202896E-001
39.4726343 5.25513668235583E-001 5.63007400048021E-001
39.5726059 5.22086721971089E-001 5.59242351240968E-001
39.6725776 5.18689990320740E-001 5.55511356861798E-001
39.7725533 5.15323010055822E-001 5.51813888598525E-001
39.8725252 5.11985707166135E-001 5.48149845945826E-001
39.9725012 5.08677500543975E-001 5.44518571981500E-001
40.0724734 5.05398320453012E-001 5.40919971543912E-001
40.1724458 5.02147722303126E-001 5.37353538373633E-001
40.2724221 4.98925270076304E-001 5.33818776111671E-001
40.3723947 4.95730900126670E-001 5.30315597210041E-001
40.4723712 4.92564063311394E-001 5.26843381987134E-001
40.5723441 4.89424699841377E-001 5.23402047715627E-001
40.6723171 4.86312390960684E-001 5.19991118416698E-001
40.7722940 4.83226725937772E-001 5.16610127360369E-001
40.8722673 4.80167650479577E-001 5.13258998688238E-001
40.9722444 4.77134645251519E-001 5.09937147372743E-001
41.0722179 4.74127659440813E-001 5.06644501904850E-001
41.1721915 4.71146298317465E-001 5.03380614407052E-001
41.2721690 4.68190174669683E-001 5.00145045649956E-001
41.3721428 4.65259242643974E-001 4.96937730322137E-001
41.4721206 4.62353010727910E-001 4.93758115673912E-001
41.5720946 4.59471436208193E-001 4.90606140318232E-001
41.6720688 4.56614146719100E-001 4.87481382481148E-001
41.7720469 4.53780776944836E-001 4.84383428482393E-001
41.8720213 4.50971288646411E-001 4.81312222526942E-001
41.9719996 4.48185216302638E-001 4.78267241957755E-001
42.0719743 4.45422524507343E-001 4.75248434520669E-001
42.1719490 4.42682861730569E-001 4.72255402712000E-001
42.2719276 4.39965883058651E-001 4.69287756609510E-001
42.3719026 4.37271557121245E-001 4.66345449004395E-001
42.4718815 4.34599442698867E-001 4.63427985320478E-001
42.5718566 4.31949510976003E-001 4.60535321543506E-001
42.6718319 4.29321429851054E-001 4.57667082755935E-001
42.7718111 4.26714873436778E-001 4.54822901147931E-001
42.8717866 4.24129816556833E-001 4.52002737256801E-001
42.9717660 4.21565840732831E-001 4.49206122733229E-001
43.0717417 4.19022923091712E-001 4.46433020996143E-001
43.1717175 4.16500749663093E-001 4.43683078165472E-001
43.2716972 4.13999012318039E-001 4.40955947030295E-001
43.3716732 4.11517691463636E-001 4.38251595114775E-001
43.4716531 4.09056389919712E-001 4.35569578586137E-001
43.5716293 4.06615090168898E-001 4.32909867567236E-001
43.6716056 4.04193495175371E-001 4.30272127789947E-001
43.7715858 4.01791313398471E-001 4.27656031248912E-001
43.8715623 3.99408530275846E-001 4.25061551768561E-001
43.9715428 3.97044768590251E-001 4.22488268453335E-001
44.0715195 3.94700015648593E-001 4.19936157470404E-001
44.1714963 3.92373990244648E-001 4.17404902850140E-001
44.2714770 3.90066416345496E-001 4.14894194508749E-001
44.3714539 3.87777283918490E-001 4.12404011949710E-001
44.4714348 3.85506234472468E-001 4.09933955754897E-001
44.5714120 3.83253259657100E-001 4.07484007538857E-001
44.6713893 3.81018093074540E-001 4.05053868419114E-001
44.7713704 3.78800473200831E-001 4.02643245049093E-001
44.8713479 3.76600394079084E-001 4.00252122048939E-001
44.9713293 3.74417514797539E-001 3.97880120127418E-001
45.0713069 3.72251830912140E-001 3.95527225805942E-001
45.1712846 3.70103089888757E-001 3.93193156170972E-001
45.2712662 3.67971043788376E-001 3.90877633519705E-001
45.3712441 3.65855690318269E-001 3.88580647079596E-001
45.4712259 3.63756705082048E-001 3.86301836435648E-001
45.5712040 3.61674087146105E-001 3.84041192526496E-001
45.6711822 3.59607596965425E-001 3.81798447374350E-001
45.7711643 3.57556999330333E-001 3.79573337909738E-001
45.8711426 3.55522295238924E-001 3.77365857505866E-001
45.9711248 3.53503175822003E-001 3.75175663464798E-001
46.0711034 3.51499643297326E-001 3.73002750698623E-001
46.1710820 3.49511470298565E-001 3.70846865209816E-001
46.2710644 3.47538433552468E-001 3.68707757627665E-001
46.3710432 3.45580537009193E-001 3.66585425052716E-001
46.4710259 3.43637486408240E-001 3.64479541428736E-001
46.5710048 3.41709286792859E-001 3.62390105238916E-001
46.6709838 3.39795722223828E-001 3.60316875581601E-001
46.7709667 3.37896580628879E-001 3.58259615919685E-001
46.8709459 3.36011868602766E-001 3.56218326701607E-001
46.9709290 3.34141305639234E-001 3.54192697514374E-001
47.0709083 3.32284899311226E-001 3.52182730047345E-001
47.1708877 3.30442444409045E-001 3.50188195675429E-001
47.2708710 3.28613739378723E-001 3.48208869893555E-001
47.3708506 3.26798793180464E-001 3.46244756153813E-001
47.4708341 3.24997338266762E-001 3.44295558758609E-001
47.5708138 3.23209384471672E-001 3.42361282272348E-001
47.6707936 3.21434736667036E-001 3.40441709586871E-001
47.7707773 3.19673203182978E-001 3.38536627485850E-001
47.8707573 3.17924795091658E-001 3.36646042112631E-001
47.9707411 3.16189257063116E-001 3.34769671622076E-001
48.0707212 3.14466600948602E-001 3.32907523153114E-001
48.1707014 3.12756641099119E-001 3.31059390409624E-001
48.2706855 3.11059195139235E-001 3.29225070774206E-001
48.3706658 3.09374276022823E-001 3.27404572797889E-001
48.4706500 3.07701639946327E-001 3.25597627684755E-001
48.5706305 3.06041300556631E-001 3.23804244875438E-001
48.6706110 3.04393081123483E-001 3.22024228231219E-001
48.7705955 3.02756808017258E-001 3.20257385092933E-001
48.8705762 3.01132495864395E-001 3.18503726161813E-001
48.9705608 2.99519911742773E-001 3.16762994942912E-001
49.0705416 2.97919070893644E-001 3.15035202930827E-001
49.1705225 2.96329804983721E-001 3.13320163535818E-001
49.2705073 2.94751948618331E-001 3.11617693461404E-001
49.3704883 2.93185517906460E-001 3.09927805325191E-001
49.4704733 2.91630290205116E-001 3.08250254235630E-001
49.5704545 2.90086282167051E-001 3.06585053516281E-001
49.6704357 2.88553333369790E-001 3.04932025560453E-001
49.7704208 2.87031286177573E-001 3.03290995880338E-001
49.8704022 2.85520158009300E-001 3.01661978797536E-001
49.9703875 2.84019735938206E-001 3.00044740373053E-001
50.0703690 2.82530037862404E-001 2.98439295555039E-001
50.1703506 2.81050910816934E-001 2.96845475193057E-001
50.2703361 2.79582204481041E-001 2.95263113092209E-001
50.3703178 2.78123937426677E-001 2.93692225085154E-001
50.4703034 2.76675905916880E-001 2.92132587577778E-001
50.5702853 2.75238128944165E-001 2.90584216957156E-001
50.6702672 2.73810460578130E-001 2.89046952038368E-001
50.7702530 2.72392757398777E-001 2.87520634438911E-001
50.8702350 2.70985038988604E-001 2.86005281327236E-001
50.9702209 2.69587110307767E-001 2.84500678886297E-001
51.0702031 2.68198991306045E-001 2.83006844773430E-001
51.1701853 2.66820542692657E-001 2.81523625311741E-001
51.2701714 2.65451627561531E-001 2.80050869483130E-001
51.3701538 2.64092266376244E-001 2.78588595632602E-001
51.4701400 2.62742272332667E-001 2.77136599189254E-001
51.5701225 2.61401666213252E-001 2.75694898927440E-001
51.6701050 2.60070314997827E-001 2.74263348251506E-001
51.7700914 2.58748087932765E-001 2.72841803089770E-001
51.8700741 2.57435006245119E-001 2.71430282819133E-001
51.9700606 2.56130890934061E-001 2.70028591618031E-001
52.0700434 2.54835763501560E-001 2.68636749238628E-001
52.1700263 2.53549496853022E-001 2.67254615768074E-001
52.2700130 2.52271966049243E-001 2.65882053690852E-001
52.3699959 2.51003192973952E-001 2.64519083284345E-001
52.4699827 2.49743006024111E-001 2.63165517011141E-001
52.5699658 2.48491427318448E-001 2.61821375474758E-001
52.6699489 2.47248335365130E-001 2.60486525072927E-001
52.7699359 2.46013610723081E-001 2.59160834481678E-001
52.8699192 2.44787275835738E-001 2.57844324759517E-001
52.9699063 2.43569166117325E-001 2.56536816217294E-001
53.0698897 2.42359304210045E-001 2.55238330195035E-001
53.1698731 2.41157573922587E-001 2.53948739053079E-001
53.2698603 2.39963861015853E-001 2.52667917318106E-001
53.3698439 2.38778188404978E-001 2.51395886721349E-001
53.4698313 2.37600398164128E-001 2.50132475013221E-001
53.5698149 2.36430513374325E-001 2.48877704165961E-001
53.6697986 2.35268422861634E-001 2.47631452176998E-001
53.7697861 2.34114017311468E-001 2.46393599104736E-001
53.8697699 2.32967320030802E-001 2.45164167254720E-001
53.9697576 2.31828179418017E-001 2.43942991433457E-001
54.0697415 2.30696618916160E-001 2.42730094150729E-001
54.1697254 2.29572532103247E-001 2.41525358736340E-001
54.2697133 2.28455814329063E-001 2.40328670481839E-001
54.3696973 2.27346489220015E-001 2.39140052177765E-001
54.4696852 2.26244411183055E-001 2.37959345326700E-001
54.5696694 2.25149603953627E-001 2.36786572890048E-001
54.6696536 2.24061965612725E-001 2.35621623244564E-001
54.7696417 2.22981395930481E-001 2.34464386635250E-001
54.8696260 2.21907918787101E-001 2.33314886256593E-001
54.9696142 2.20841394301167E-001 2.32172969969029E-001
55.0695986 2.19781846437433E-001 2.31038661107648E-001
55.1695831 2.18729177546192E-001 2.29911852828634E-001
55.2695714 2.17683291588863E-001 2.28792440068258E-001
55.3695560 2.16644212640003E-001 2.27680446351462E-001
55.4695444 2.15611806250319E-001 2.26575725578598E-001
55.5695291 2.14586096556742E-001 2.25478301387775E-001
55.6695138 2.13566989959411E-001 2.24388071463706E-001
55.7695023 2.12554394395896E-001 2.23304935188017E-001
55.8694872 2.11548334081298E-001 2.22228916349494E-001
55.9694758 2.10548679735193E-001 2.21159874589345E-001
56.0694607 2.09555455615003E-001 2.20097833784663E-001
56.1694457 2.08568571964487E-001 2.19042695913234E-001
56.2694345 2.07587940495194E-001 2.17994364571247E-001
56.3694196 2.06613585514108E-001 2.16952863750987E-001
56.4694085 2.05645382661588E-001 2.15918058553056E-001
56.5693936 2.04683356268814E-001 2.14889973035544E-001
56.6693788 2.03727420229276E-001 2.13868513248214E-001
56.7693678 2.02777489838390E-001 2.12853586785080E-001
56.8693531 2.01833589451063E-001 2.11845217787313E-001
56.9693423 2.00895599394508E-001 2.10843276549841E-001
57.0693276 1.99963544031468E-001 2.09847787259280E-001
57.1693130 1.99037340722752E-001 2.08858659829640E-001
57.2693023 1.98116908168780E-001 2.07875805649107E-001
57.3692878 1.97202270732715E-001 2.06899248958335E-001
57.4692772 1.96293313207919E-001 2.05928864996822E-001
57.5692628 1.95390059950636E-001 2.04964678032269E-001
57.6692484 1.94492431617295E-001 2.04006601647643E-001
57.7692379 1.93600350144948E-001 2.03054550833826E-001
57.8692236 1.92713839869252E-001 2.02108549886329E-001
57.9692132 1.91832789841390E-001 2.01168478753738E-001
58.0691990 1.90957224376816E-001 2.00234361741993E-001
58.1691849 1.90087067265872E-001 1.99306115919321E-001
58.2691746 1.89222243523655E-001 1.98383659699179E-001
58.3691605 1.88362777426133E-001 1.97467017391646E-001
58.4691503 1.87508562085545E-001 1.96556073432265E-001
58.5691363 1.86659621745714E-001 1.95650852126562E-001
58.6691224 1.85815883178517E-001 1.94751273855131E-001
58.7691123 1.84977274327642E-001 1.93857260284465E-001
58.8690985 1.84143819380451E-001 1.92968835702895E-001
58.9690885 1.83315415324302E-001 1.92085888823258E-001
59.0690747 1.82492086303695E-001 1.91208443915842E-001
59.1690610 1.81673761928375E-001 1.90336424510797E-001
59.2690511 1.80860372929705E-001 1.89469755367982E-001
59.3690374 1.80051943380503E-001 1.88608460721293E-001
59.4690277 1.79248373967452E-001 1.87752433362860E-001
59.5690141 1.78449688710909E-001 1.86901697496403E-001
59.6690006 1.77655819922967E-001 1.86056179648226E-001
59.7689909 1.76866700989726E-001 1.85215807521107E-001
59.8689774 1.76082355846244E-001 1.84380605265120E-001
59.9689678 1.75302688712238E-001 1.83550469564612E-001
60.0689545 1.74527723461725E-001 1.82725424528588E-001
60.1689411 1.73757394981243E-001 1.81905399534900E-001
60.2689316 1.72991639186156E-001 1.81090325087398E-001
60.3689184 1.72230479853030E-001 1.80280225225977E-001
60.4689090 1.71473824577235E-001 1.79475000350338E-001
60.5688958 1.70721697066651E-001 1.78674674449549E-001
60.6688827 1.69974034661486E-001 1.77879179616609E-001
60.7688734 1.69230775687875E-001 1.77088449022644E-001
60.8688603 1.68491943745432E-001 1.76302506573766E-001
60.9688511 1.67757449656158E-001 1.75521256217754E-001
61.0688381 1.67027316944189E-001 1.74744721801169E-001
61.1688251 1.66301485289299E-001 1.73972838003438E-001
61.2688160 1.65579895316441E-001 1.73205540536695E-001
61.3688031 1.64862570431892E-001 1.72442853152183E-001
61.4687941 1.64149424543107E-001 1.71684683187460E-001
61.5687813 1.63440480974867E-001 1.70931054326442E-001
61.6687685 1.62735681638663E-001 1.70181903713454E-001
61.7687596 1.62034969352442E-001 1.69437169482403E-001
61.8687469 1.61338367314647E-001 1.68696875210886E-001
61.9687381 1.60645792384381E-001 1.67960931476357E-001
62.0687254 1.59957267673286E-001 1.67229361782170E-001
62.1687128 1.59272737222578E-001 1.66502105622742E-001
62.2687041 1.58592145943118E-001 1.65779103441119E-001
62.3686916 1.57915516812742E-001 1.65060378624562E-001
62.4686829 1.57242769515327E-001 1.64345844848457E-001
62.5686704 1.56573926937251E-001 1.63635525419696E-001
62.6686580 1.55908935152963E-001 1.62929362074290E-001
62.7686494 1.55247741071541E-001 1.62227297457954E-001
62.8686371 1.54590367439024E-001 1.61529354752853E-001
62.9686286 1.53936736643693E-001 1.60835450597755E-001
63.0686163 1.53286871336059E-001 1.60145608089048E-001
63.1686040 1.52640719532468E-001 1.59459771101734E-001
63.2685918 1.51998254489062E-001 1.58777910319375E-001
63.3685872 1.51359401095516E-001 1.58099945112659E-001
63.4685751 1.50724230543787E-001 1.57425950121165E-001
63.5685630 1.50092667902762E-001 1.56755844925113E-001
63.6685509 1.49464687343541E-001 1.56089601227259E-001
63.7685388 1.48840263260199E-001 1.55427190978628E-001
63.8685344 1.48219323030500E-001 1.54768536272138E-001
63.9685224 1.47601936228316E-001 1.54113710042588E-001
64.0685105 1.46988030397775E-001 1.53462634577524E-001
64.1684986 1.46377580802589E-001 1.52815282795868E-001
64.2684867 1.45770562918439E-001 1.52171627852356E-001
64.3684824 1.45166906507698E-001 1.51531594446785E-001
64.4684706 1.44566679567142E-001 1.50895253852065E-001
64.5684588 1.43969812013521E-001 1.50262530948730E-001
64.6684470 1.43376280149389E-001 1.49633399811051E-001
64.7684353 1.42786060478880E-001 1.49007834737380E-001
64.8684312 1.42199085050641E-001 1.48385762924881E-001
64.9684195 1.41615420324388E-001 1.47767254026524E-001
65.0684079 1.41034998491959E-001 1.47152235407255E-001
65.1683963 1.40457796843991E-001 1.46540682239348E-001
65.2683847 1.39883792862893E-001 1.45932569908082E-001
65.3683808 1.39312920790099E-001 1.45327828003982E-001
65.4683692 1.38745245587350E-001 1.44726524601072E-001
65.5683578 1.38180701628836E-001 1.44128589445573E-001
65.6683463 1.37619267145339E-001 1.43533998753653E-001
65.7683349 1.37060920550153E-001 1.42942728944033E-001
65.8683311 1.36505598188579E-001 1.42354711901764E-001
65.9683197 1.35953363562535E-001 1.41770014161977E-001
66.0683084 1.35404153140337E-001 1.41188567754148E-001
66.1682971 1.34857946047627E-001 1.40610349887262E-001
66.2682858 1.34314721583805E-001 1.40035337962994E-001
66.3682821 1.33774418113440E-001 1.39463466066973E-001
66.4682709 1.33237097715832E-001 1.38894799234540E-001
66.5682597 1.32702698869475E-001 1.38329271685227E-001
66.6682485 1.32171201552065E-001 1.37766861572612E-001
66.7682374 1.31642585906779E-001 1.37207547233642E-001
66.8682339 1.31116792236926E-001 1.36651264865172E-001
66.9682228 1.30593881235475E-001 1.36098078040923E-001
67.0682118 1.30073793311168E-001 1.35547923081834E-001
67.1682007 1.29556509253283E-001 1.35000779040514E-001
67.2681897 1.29042010008752E-001 1.34456625144136E-001
67.3681864 1.28530237742938E-001 1.33915399615776E-001
67.4681754 1.28021251797849E-001 1.33377164604764E-001
67.5681645 1.27514994436353E-001 1.32841858449093E-001
67.6681536 1.27011447221026E-001 1.32309461057347E-001
67.7681428 1.26510591864693E-001 1.31779952504346E-001
67.8681396 1.26012372321714E-001 1.31253272958476E-001
67.9681288 1.25516846617614E-001 1.30729483180989E-001
68.0681180 1.25023958796854E-001 1.30208523446629E-001
68.1681072 1.24533691159080E-001 1.29690374479244E-001
68.2680965 1.24046026147181E-001 1.29175017161046E-001
68.3680934 1.23560909434890E-001 1.28662393528684E-001
68.4680827 1.23078397764839E-001 1.28152562990738E-001
68.5680721 1.22598436893945E-001 1.27645467682221E-001
68.6680615 1.22121009824635E-001 1.27141089103745E-001
68.7680509 1.21646099695932E-001 1.26639408906831E-001
68.8680479 1.21173653834573E-001 1.26140370923004E-001
68.9680374 1.20703727733010E-001 1.25644033242671E-001
69.0680269 1.20236268794699E-001 1.25150339788260E-001
69.1680164 1.19771260692365E-001 1.24659272800706E-001
69.2680059 1.19308687229045E-001 1.24170814664808E-001
69.3680031 1.18848497321168E-001 1.23684910937031E-001
69.4679927 1.18390745242870E-001 1.23201618423227E-001
69.5679823 1.17935379981266E-001 1.22720882763794E-001
69.6679719 1.17482385848611E-001 1.22242686905505E-001
69.7679615 1.17031747281517E-001 1.21767013932324E-001
69.8679589 1.16583414725703E-001 1.21293811058982E-001
69.9679486 1.16137441268017E-001 1.20823133839532E-001
70.0679383 1.15693777419225E-001 1.20354929566122E-001
70.1679281 1.15252408101956E-001 1.19889181858710E-001
70.2679178 1.14813318357544E-001 1.19425874468120E-001
70.3679153 1.14376460103352E-001 1.18964956203765E-001
70.4679051 1.13941885269142E-001 1.18506481399792E-001
70.5678949 1.13509545832052E-001 1.18050398936949E-001
70.6678848 1.13079427297438E-001 1.17596693077440E-001
70.7678747 1.12651515284005E-001 1.17145348208345E-001
70.8678723 1.12225763125714E-001 1.16696314673097E-001
70.9678622 1.11802221624640E-001 1.16249645616995E-001
71.0678522 1.11380844169597E-001 1.15805291449127E-001
71.1678422 1.10961616822447E-001 1.15363237044624E-001
71.2678322 1.10544525753324E-001 1.14923467397818E-001
71.3678299 1.10129525660211E-001 1.14485934328269E-001
71.4678200 1.09716666246109E-001 1.14050689822665E-001
71.5678100 1.09305902259255E-001 1.13617685760910E-001
71.6678002 1.08897220293143E-001 1.13186907603273E-001
71.7677903 1.08490607044718E-001 1.12758340923836E-001
71.8677881 1.08086018525753E-001 1.12331938963013E-001
71.9677783 1.07683503368017E-001 1.11907752578313E-001
72.0677685 1.07283017629238E-001 1.11485735065533E-001
72.1677587 1.06884548410933E-001 1.11065872443719E-001
72.2677489 1.06488082913496E-001 1.10648150840629E-001
72.3677468 1.06093578414471E-001 1.10232524864733E-001
72.4677371 1.05701082501492E-001 1.09819044273013E-001
72.5677275 1.05310552494042E-001 1.09407663724688E-001
72.6677178 1.04921975979248E-001 1.08998369772579E-001
72.7677082 1.04535340638767E-001 1.08591149073374E-001
72.8677062 1.04150604970010E-001 1.08185957553165E-001
72.9676966 1.03767815542830E-001 1.07782843896280E-001
73.0676870 1.03386930892823E-001 1.07381764075229E-001
73.1676774 1.03007939071437E-001 1.06982705152877E-001
73.2676679 1.02630828220523E-001 1.06585654291359E-001
73.3676660 1.02255558013445E-001 1.06190568686180E-001
73.4676565 1.01882174027924E-001 1.05797495976143E-001
73.5676471 1.01510635972000E-001 1.05406393399122E-001
73.6676376 1.01140932341220E-001 1.05017248505503E-001
73.7676282 1.00773051717610E-001 1.04630048940571E-001
73.8676264 1.00406954908475E-001 1.04244753123152E-001
73.9676171 1.00042686524345E-001 1.03861407672917E-001
74.0676077 9.96802074039290E-002 1.03479971047282E-001
74.1675984 9.93195064676474E-002 1.03100431262756E-001
74.2675890 9.89605727186749E-002 1.02722776426601E-001
74.3675874 9.86033680580464E-002 1.02346966136883E-001
74.4675781 9.82479361533705E-002 1.01973046019819E-001
74.5675688 9.78942389340229E-002 1.01600975708531E-001
74.6675596 9.75422657270301E-002 1.01230743665330E-001
74.7675504 9.71920059386245E-002 1.00862338439335E-001
74.8675488 9.68434225250723E-002 1.00495720765678E-001
74.9675396 9.64965582346628E-002 1.00130935302102E-001
75.0675305 9.61513760491444E-002 9.97679428154929E-002
75.1675213 9.58078656847697E-002 9.94067321946473E-002
75.2675122 9.54660169336254E-002 9.90472924114248E-002
75.3675108 9.51257937703383E-002 9.86895852976585E-002
75.4675017 9.47872380468363E-002 9.83336545669160E-002
75.5674926 9.44503137605579E-002 9.79794620797018E-002
75.6674836 9.41150110004512E-002 9.76269971329379E-002
75.7674746 9.37813199280896E-002 9.72762491030467E-002
75.8674732 9.34492055011377E-002 9.69271808799210E-002
75.9674642 9.31187086974905E-002 9.65798352565885E-002
76.0674553 9.27897944951308E-002 9.62341751487330E-002
76.1674463 9.24624533399711E-002 9.58901902439417E-002
76.2674374 9.21366757474948E-002 9.55478703059145E-002
76.3674361 9.18124276245541E-002 9.52071792455970E-002
76.4674273 9.14897490967281E-002 9.48681589584668E-002
76.5674184 9.11686060888586E-002 9.45307733785703E-002
76.6674096 9.08489893888480E-002 9.41950125675515E-002
76.7674007 9.05308898512619E-002 9.38608666599432E-002
76.8673996 9.02142742996901E-002 9.35283005522929E-002
76.9673908 8.98991820285175E-002 9.31973552648882E-002
77.0673820 8.95855798771501E-002 9.28679957148647E-002
77.1673732 8.92734589612216E-002 9.25402123221195E-002
77.2673645 8.89628104602600E-002 9.22139955763701E-002
77.3673634 8.86536020834764E-002 9.18893113257931E-002
77.4673547 8.83458723146039E-002 9.15661997372346E-002
77.5673461 8.80395888766412E-002 9.12446266771140E-002
77.6673374 8.77347431993725E-002 9.09245829085380E-002
77.7673288 8.74313267738383E-002 9.06060592615132E-002
77.8673278 8.71293081650247E-002 9.02890225032814E-002
77.9673192 8.68287250659915E-002 8.99735119683983E-002
78.0673106 8.65295460536199E-002 8.96594944401585E-002
78.1673020 8.62317628589050E-002 8.93469610105558E-002
78.2672935 8.59353672715841E-002 8.90359028357020E-002
78.3672925 8.56403286837816E-002 8.87262875706788E-002
78.4672840 8.53466840173152E-002 8.84181537383240E-002
78.5672755 8.50544026744385E-002 8.81114690077286E-002
78.6672671 8.47634766750254E-002 8.78062247861313E-002
78.7672586 8.44738980952959E-002 8.75024125422395E-002
78.8672578 8.41856371270278E-002 8.72000007890256E-002
78.9672493 8.38987299396951E-002 8.68990272576172E-002
79.0672409 8.36131467335588E-002 8.65994604730892E-002
79.1672325 8.33288798056148E-002 8.63012921449288E-002
79.2672242 8.30459215069207E-002 8.60045140415668E-002
79.3672234 8.27642428025220E-002 8.57090955051320E-002
79.4672151 8.24838791279291E-002 8.54150734945012E-002
79.5672068 8.22048014551363E-002 8.51224173621272E-002
79.6671985 8.19270023470507E-002 8.48311191073594E-002
79.7671902 8.16504744184613E-002 8.45411707860846E-002
79.8671895 8.13751893823429E-002 8.42525425420111E-002
79.9671813 8.11011819581200E-002 8.39652705806914E-002
80.0671730 8.08284238642859E-002 8.36793250544987E-002
80.1671648 8.05569079189647E-002 8.33946982408381E-002
80.2671566 8.02866269900831E-002 8.31113824713566E-002
80.3671560 8.00175535142055E-002 8.28293486648686E-002
80.4671478 7.97497215120587E-002 8.25486322920101E-002
80.5671397 7.94831034243940E-002 8.22692042787142E-002
80.6671315 7.92176923143481E-002 8.19910571691819E-002
80.7671234 7.89534812928764E-002 8.17141835596680E-002
80.8671229 7.86904434967473E-002 8.14385551186717E-002
80.9671148 7.84286122649021E-002 8.11642065998157E-002
81.0671067 7.81679607370562E-002 8.08911096772776E-002
81.1670987 7.79084822116201E-002 8.06192571513147E-002
81.2670906 7.76501700329294E-002 8.03486418721510E-002
81.3670902 7.73929980154791E-002 8.00792362335524E-002
81.4670822 7.71369988328775E-002 7.98110742895427E-002
81.5670742 7.68821463014128E-002 7.95441284382239E-002
81.6670662 7.66284339454721E-002 7.92783917256640E-002
81.7670583 7.63758553335591E-002 7.90138572459048E-002
81.8670579 7.61243849362879E-002 7.87504980945181E-002
81.9670500 7.58740547779358E-002 7.84883476428668E-002
82.0670421 7.56248393298372E-002 7.82273789896095E-002
82.1670342 7.53767323334772E-002 7.79675854168456E-002
82.2670263 7.51297275727298E-002 7.77089602527462E-002
82.3670260 7.48838001535495E-002 7.74514772721418E-002
82.4670182 7.46389814664503E-002 7.71951691802105E-002
82.5670103 7.43952466171099E-002 7.69400097537067E-002
82.6670025 7.41525895556302E-002 7.66859925014260E-002
82.7669947 7.39110042728516E-002 7.64331109764190E-002
82.8669945 7.36704664900832E-002 7.61813396110999E-002
82.9669867 7.34310069792196E-002 7.59307104604888E-002
83.0669790 7.31926014603664E-002 7.56811979578421E-002
83.1669712 7.29552440841392E-002 7.54327958297367E-002
83.2669635 7.27189290403156E-002 7.51854978452707E-002
83.3669634 7.24836326463290E-002 7.49392790735989E-002
83.4669556 7.22493850701884E-002 7.46941709351741E-002
83.5669479 7.20161626272650E-002 7.44501484989888E-002
83.6669403 7.17839596609435E-002 7.42072057008863E-002
83.7669326 7.15527705522636E-002 7.39653365175747E-002
83.8669326 7.13225721962786E-002 7.37245166349030E-002
83.9669249 7.10933941714454E-002 7.34847768539232E-002
84.0669173 7.08652133699576E-002 7.32460928593884E-002
84.1669097 7.06380243205666E-002 7.30084587882737E-002
84.2669021 7.04118215882365E-002 7.27718688168354E-002
84.3669022 7.01865826278270E-002 7.25362992283297E-002
84.4668946 6.99623364421898E-002 7.23017802191635E-002
84.5668870 6.97390604825863E-002 7.20682880706308E-002
84.6668795 6.95167494560548E-002 7.18358171130637E-002
84.7668720 6.92953981044682E-002 7.16043617145621E-002
84.8668721 6.90749844253408E-002 7.13738987372296E-002
84.9668646 6.88555368594896E-002 7.11444577871833E-002
85.0668571 6.86370334001469E-002 7.09160157237611E-002
85.1668496 6.84194689258673E-002 7.06885670632200E-002
85.2668422 6.82028383487215E-002 7.04621063581385E-002
85.3668424 6.79871201923601E-002 7.02366110316017E-002
85.4668349 6.77723423487699E-002 7.00121101134047E-002
85.5668275 6.75584833366876E-002 6.97885810231227E-002
85.6668201 6.73455381997062E-002 6.95660184558313E-002
85.7668127 6.71335020136736E-002 6.93444171415449E-002
85.8668130 6.69223538124644E-002 6.91237550471290E-002
85.9668056 6.67121209520850E-002 6.89040606396473E-002
86.0667983 6.65027824609124E-002 6.86853118817662E-002
86.1667909 6.62943335413796E-002 6.84675036405841E-002
86.2667836 6.60867694269672E-002 6.82506308168146E-002
86.3667839 6.58800696464408E-002 6.80346719045381E-002
86.4667766 6.56742610323326E-002 6.78196548213115E-002
86.5667694 6.54693231073722E-002 6.76055580563787E-002
86.6667621 6.52652512268999E-002 6.73923766423593E-002
86.7667548 6.50620407761469E-002 6.71801056442212E-002
86.8667552 6.48596717639934E-002 6.69687240673027E-002
86.9667480 6.46581705116677E-002 6.67582592925226E-002
87.0667408 6.44575170215178E-002 6.65486903197942E-002
87.1667336 6.42577067961102E-002 6.63400123410360E-002
87.2667264 6.40587353667963E-002 6.61322205793036E-002
87.3667268 6.38605832083254E-002 6.59252945358180E-002
87.4667197 6.36632761424677E-002 6.57192610673841E-002
87.5667125 6.34667946369843E-002 6.55140996692544E-002
87.6667054 6.32711343362287E-002 6.53098056866922E-002
87.7666983 6.30762909122789E-002 6.51063744949375E-002
87.8666988 6.28822452920175E-002 6.49037860762757E-002
87.9666917 6.26890228092879E-002 6.47020667755873E-002
88.0666846 6.24966043835657E-002 6.45011965686889E-002
88.1666775 6.23049857957807E-002 6.43011709484877E-002
88.2666705 6.21141628535719E-002 6.41019854367562E-002
88.3666710 6.19241169227081E-002 6.39036204825607E-002
88.4666640 6.17348728603296E-002 6.37061019307205E-002
88.5666570 6.15464120244144E-002 6.35094102233726E-002
88.6666500 6.13587303274767E-002 6.33135409956085E-002
88.7666429 6.11718237077667E-002 6.31184899103216E-002
88.8666436 6.09856739571599E-002 6.29242378695860E-002
88.9666366 6.08003054670208E-002 6.27308102297075E-002
89.0666296 6.06157000210833E-002 6.25381878854087E-002
89.1666227 6.04318536586620E-002 6.23463666087367E-002
89.2666157 6.02487624438746E-002 6.21553421985208E-002
89.3666164 6.00664085823730E-002 6.19650959965611E-002
89.4666095 5.98848160103840E-002 6.17756528818905E-002
89.5666026 5.97039669250976E-002 6.15869941885698E-002
89.6665957 5.95238574880431E-002 6.13991158205919E-002
89.7665889 5.93444838846591E-002 6.12120137077556E-002
89.8665896 5.91658287224733E-002 6.10256696187735E-002
89.9665828 5.89879154929329E-002 6.08401079663489E-002
90.0665759 5.88107267948124E-002 6.06553105111010E-002
90.1665691 5.86342589074596E-002 6.04712732841678E-002
90.2665622 5.84585081332742E-002 6.02879923415578E-002
90.3665631 5.82834574701724E-002 6.01054498665333E-002
90.4665563 5.81091299749073E-002 5.99236698161220E-002
90.5665495 5.79355086363777E-002 5.97426343651697E-002
90.6665427 5.77625898475339E-002 5.95623396673583E-002
90.7665359 5.75903700235554E-002 5.93827819003431E-002
90.8665368 5.74188325416563E-002 5.92039436500056E-002
90.9665301 5.72480000337162E-002 5.90258484280709E-002
91.0665233 5.70778558676925E-002 5.88484788117094E-002
91.1665166 5.69083965460939E-002 5.86718310727358E-002
91.2665099 5.67396185928697E-002 5.84959015060776E-002
91.3665108 5.65715057538203E-002 5.83206730887190E-002
91.4665041 5.64040802455164E-002 5.81461688971825E-002
91.5664975 5.62373258042867E-002 5.79723718994740E-002
91.6664908 5.60712390383186E-002 5.77992784813107E-002
91.7664842 5.59058165764833E-002 5.76268850506974E-002
91.8664851 5.57410425228216E-002 5.74551749646017E-002
91.9664785 5.55769386879101E-002 5.72841708741790E-002
92.0664719 5.54134891661251E-002 5.71138561271772E-002
92.1664653 5.52506906676097E-002 5.69442272191584E-002
92.2664587 5.50885399224643E-002 5.67752806671809E-002
92.3664597 5.49270213829747E-002 5.66070001974584E-002
92.4664531 5.47661564627962E-002 5.64394080453567E-002
92.5664466 5.46059296043777E-002 5.62724879276525E-002
92.6664400 5.44463376162446E-002 5.61062364458599E-002
92.7664335 5.42873773261827E-002 5.59406502222304E-002
92.8664346 5.41290335250633E-002 5.57757133418521E-002
92.9664281 5.39713272384581E-002 5.56114476336302E-002
93.0664215 5.38142432472492E-002 5.54478371730202E-002
93.1664150 5.36577784549139E-002 5.52848786637538E-002
93.2664086 5.35019297835203E-002 5.51225688295709E-002
93.3664097 5.33466823531896E-002 5.49608921044137E-002
93.4664032 5.31920568100195E-002 5.47998699198129E-002
93.5663968 5.30380382640073E-002 5.46394866999042E-002
93.6663903 5.28846237102883E-002 5.44797392470512E-002
93.7663839 5.27318101619456E-002 5.43206243829269E-002
93.8663851 5.25795830593254E-002 5.41621268806455E-002
93.9663787 5.24279626774383E-002 5.40042677832133E-002
94.0663723 5.22769344463892E-002 5.38470318537832E-002
94.1663659 5.21264954498077E-002 5.36904159899098E-002
94.2663595 5.19766427886537E-002 5.35344171077852E-002
94.3663607 5.18273622147719E-002 5.33790203103378E-002
94.4663544 5.16786736402575E-002 5.32242462606710E-002
94.5663480 5.15305628066125E-002 5.30700800516150E-002
94.6663417 5.13830268829220E-002 5.29165186726114E-002
94.7663353 5.12360630550077E-002 5.27635591310933E-002
94.8663366 5.10896573777735E-002 5.26111868507572E-002
94.9663303 5.09438294083619E-002 5.24594221232025E-002
95.0663240 5.07985651912475E-002 5.23082503619084E-002
95.1663177 5.06538619780506E-002 5.21576686450288E-002
95.2663114 5.05097170365582E-002 5.20076740680905E-002
95.3663128 5.03661167165702E-002 5.18582523668110E-002
95.4663065 5.02230802280351E-002 5.17094234694692E-002
95.5663002 5.00805939102510E-002 5.15611731014622E-002
95.6662940 4.99386550945674E-002 5.14134984266085E-002
95.7662878 4.97972611279525E-002 5.12663966255038E-002
95.8662892 4.96563986472044E-002 5.11198537374281E-002
95.9662829 4.95160865226392E-002 5.09738893353133E-002
96.0662767 4.93763113804935E-002 5.08284894480309E-002
96.1662705 4.92370706291489E-002 5.06836513221345E-002
96.2662643 4.90983616920786E-002 5.05393722203835E-002
96.3662658 4.89601714854369E-002 5.03956384774384E-002
96.4662596 4.88225185472763E-002 5.02524693186537E-002
96.5662535 4.86853897831423E-002 5.01098510682077E-002
96.6662473 4.85487826758554E-002 4.99677810525747E-002
96.7662412 4.84126947228208E-002 4.98262566138847E-002
96.8662427 4.82771131121521E-002 4.96852643742634E-002
96.9662365 4.81420560568218E-002 4.95448232190602E-002
97.0662304 4.80075107342987E-002 4.94049197598573E-002
97.1662243 4.78734746993483E-002 4.92655514003443E-002
97.2662182 4.77399455208342E-002 4.91267155593379E-002
97.3662198 4.76069106516693E-002 4.89883991387694E-002
97.4662137 4.74743879867473E-002 4.88506206913627E-002
97.5662076 4.73423649683110E-002 4.87133671084570E-002
97.6662016 4.72108392206730E-002 4.85766358683560E-002
97.7661955 4.70798083817753E-002 4.84404244639827E-002
97.8661971 4.69492601623976E-002 4.83047200696609E-002
97.9661911 4.68192121461807E-002 4.81695409126821E-002
98.0661851 4.66896520332188E-002 4.80348741567407E-002
98.1661791 4.65605775150643E-002 4.79007173522538E-002
98.2661730 4.64319862964488E-002 4.77670680637691E-002
98.3661747 4.63038663393055E-002 4.76339137308273E-002
98.4661687 4.61762349226767E-002 4.75012722622986E-002
98.5661627 4.60490799978038E-002 4.73691310870677E-002
98.6661568 4.59223993212599E-002 4.72374878252596E-002
98.7661508 4.57961906623629E-002 4.71063401106603E-002
98.8661525 4.56704422276978E-002 4.69756756410799E-002
98.9661465 4.55451709981963E-002 4.68455120138022E-002
99.0661406 4.54203651697539E-002 4.67158369159647E-002
99.1661347 4.52960225618279E-002 4.65866480350869E-002
99.2661288 4.51721410062030E-002 4.64579430718967E-002
99.3661305 4.50487089478171E-002 4.63297099757463E-002
99.4661246 4.49257430758180E-002 4.62019660389965E-002
99.5661187 4.48032318244642E-002 4.60746992003195E-002
99.6661128 4.46811730740414E-002 4.59479072124028E-002
99.7661070 4.45595647167610E-002 4.58215878407078E-002
99.8661087 4.44383954298109E-002 4.56957292796126E-002
99.9661029 4.43176816167239E-002 4.55703485230517E-002
100.0660970 4.41974119440265E-002 4.54454337547250E-002
100.1660912 4.40775843508536E-002 4.53209827903460E-002
100.2660854 4.39581967878786E-002 4.51969934579834E-002
100.3660872 4.38392381586257E-002 4.50734541907293E-002
100.4660814 4.37207245870294E-002 4.49503816904275E-002
100.5660756 4.36026449659769E-002 4.48277643795009E-002
100.6660698 4.34849972915463E-002 4.47056001346276E-002
100.7660640 4.33677795709821E-002 4.45838868444373E-002
100.8660658 4.32509809284123E-002 4.44626131746208E-002
100.9660601 4.31346172140414E-002 4.43417955411083E-002
101.0660543 4.30186775413915E-002 4.42214225989384E-002
101.1660486 4.29031599616489E-002 4.41014922837684E-002
101.2660428 4.27880625368072E-002 4.39820025428196E-002
101.3660447 4.26733746060420E-002 4.38629422684551E-002
101.4660390 4.25591117515511E-002 4.37443275967161E-002
101.5660333 4.24452633019410E-002 4.36261474093377E-002
101.6660275 4.23318273617383E-002 4.35083996990452E-002
101.7660218 4.22188020459313E-002 4.33910824697549E-002
101.8660238 4.21061769033554E-002 4.32741848347585E-002
101.9660181 4.19939672537853E-002 4.31577226560842E-002
102.0660124 4.18821626355298E-002 4.30416850364259E-002
102.1660067 4.17707612047529E-002 4.29260700237371E-002
102.2660011 4.16597611277469E-002 4.28108756768020E-002
102.3660031 4.15491521577825E-002 4.26960913242732E-002
102.4659974 4.14389493576586E-002 4.25817325598973E-002
102.5659918 4.13291424701668E-002 4.24677887017650E-002
102.6659861 4.12197297014674E-002 4.23542578512854E-002
102.7659805 4.11107092675278E-002 4.22411381203512E-002
102.8659825 4.10020711209874E-002 4.21284190475776E-002
102.9659769 4.08938300729829E-002 4.20161159640202E-002
103.0659713 4.07859760657267E-002 4.19042183977740E-002
103.1659657 4.06785073537937E-002 4.17927245019957E-002
103.2659601 4.05714222012568E-002 4.16816324399917E-002
103.3659622 4.04647107552085E-002 4.15709319551051E-002
103.4659566 4.03583875803087E-002 4.14606381211544E-002
103.5659511 4.02524428132795E-002 4.13507406710093E-002
103.6659455 4.01468747555863E-002 4.12412378079287E-002
103.7659400 4.00416817178941E-002 4.11321277449995E-002
103.8659421 3.99368540369797E-002 4.10234004252154E-002
103.9659365 3.98324060360859E-002 4.09150706704793E-002
104.0659310 3.97283280416798E-002 4.08071284133633E-002
104.1659255 3.96246184006474E-002 4.06995719056427E-002
104.2659200 3.95212754687871E-002 4.05923994086108E-002
104.3659221 3.94182897679326E-002 4.04856010599874E-002
104.4659166 3.93156753848472E-002 4.03791914349512E-002
104.5659112 3.92134228311192E-002 4.02731606608564E-002
104.6659057 3.91115304976383E-002 4.01675070364666E-002
104.7659002 3.90099967839294E-002 4.00622288697640E-002
104.8659024 3.89088123923922E-002 3.99573164884164E-002
104.9658969 3.88079911781293E-002 3.98527842259448E-002
105.0658915 3.87075238333628E-002 3.97486223997117E-002
105.1658860 3.86074087916195E-002 3.96448293539951E-002
105.2658806 3.85076444947938E-002 3.95414034420035E-002
105.3658828 3.84082218214925E-002 3.94383351767166E-002
105.4658774 3.83091543998610E-002 3.93356386549417E-002
105.5658720 3.82104330983987E-002 3.92333043794167E-002
105.6658666 3.81120563919515E-002 3.91313307385135E-002
105.7658612 3.80140227634751E-002 3.90297161292568E-002
105.8658634 3.79163232635509E-002 3.89284512454384E-002
105.9658580 3.78189712979582E-002 3.88275499519769E-002
106.0658527 3.77219579072446E-002 3.87270029324897E-002
106.1658473 3.76252816063037E-002 3.86268086180727E-002
106.2658419 3.75289409178897E-002 3.85269654482061E-002
106.3658442 3.74329270604497E-002 3.84274642931268E-002
106.4658389 3.73372532218786E-002 3.83283187905742E-002
106.5658335 3.72419106106659E-002 3.82295198006808E-002
106.6658282 3.71468977805255E-002 3.81310657959448E-002
106.7658229 3.70522132927923E-002 3.80329552569902E-002
106.8658252 3.69578485297884E-002 3.79351792262591E-002
106.9658199 3.68638164659001E-002 3.78377511189084E-002
107.0658146 3.67701084735702E-002 3.77406619673488E-002
107.1658093 3.66767231441494E-002 3.76439102842061E-002
107.2658040 3.65836590763774E-002 3.75474945899825E-002
107.3658063 3.64909078125757E-002 3.74514060952082E-002
107.4658011 3.63984821178937E-002 3.73556579969454E-002
107.5657958 3.63063735248544E-002 3.72602414957689E-002
107.6657905 3.62145806613022E-002 3.71651551432019E-002
107.7657853 3.61231021622466E-002 3.70703974984035E-002
107.8657877 3.60319297262442E-002 3.69759599359948E-002
107.9657824 3.59410759133785E-002 3.68818554393237E-002
108.0657772 3.58505324124894E-002 3.67880753731338E-002
108.1657720 3.57602978868121E-002 3.66946183266592E-002
108.2657667 3.56703710065308E-002 3.66014828965370E-002
108.3657692 3.55807436227789E-002 3.65086606175965E-002
108.4657639 3.54914280946475E-002 3.64161642637487E-002
108.5657587 3.54024162636374E-002 3.63239853600255E-002
108.6657536 3.53137068273095E-002 3.62321225322260E-002
108.7657484 3.52252984899648E-002 3.61405744133278E-002
108.8657508 3.51371832517596E-002 3.60493326945971E-002
108.9657456 3.50493732747701E-002 3.59584099446840E-002
109.0657405 3.49618605496058E-002 3.58677978451393E-002
