0.0053140 6.54657693210397E+000 2.51115186354242E+003
0.0210792 2.51786609142857E+001 2.45778076712775E+003
0.0467942 5.31796405016195E+001 2.37400075789776E+003
0.0817065 8.68874525989452E+001 2.26637935891940E+003
0.1249105 1.22564669388882E+002 2.14221802694521E+003
0.1754417 1.57061022074438E+002 2.00849466543672E+003
0.2323515 1.88136935698501E+002 1.87117640517731E+003
0.2947571 2.14488743986223E+002 1.73492108276243E+003
0.3618673 2.35594044289546E+002 1.60307347403056E+003
0.4329916 2.51492276595251E+002 1.47782938459688E+003
0.5075377 2.62574362536389E+002 1.36046767979653E+003
0.5850032 2.69415487662184E+002 1.25158327133021E+003
0.6649650 2.72657553286739E+002 1.15129008416440E+003
0.7470680 2.72934869199187E+002 1.05938205626872E+003
0.8310139 2.70832297608990E+002 9.75454989625917E+002
0.9165527 2.66865594462316E+002 8.98992906142108E+002
1.0034738 2.61475667510004E+002 8.29428063927919E+002
1.0915995 2.55030915415331E+002 7.66180790813866E+002
1.1807797 2.47833692432225E+002 7.08684461171880E+002
1.2708868 2.40128581928871E+002 6.56401087030252E+002
1.3618115 2.32110905454270E+002 6.08829301918878E+002
1.4534610 2.23934740670418E+002 5.65507826950710E+002
1.5457546 2.15720250626081E+002 5.26016764113062E+002
1.6386236 2.07559797804242E+002 4.89975711865790E+002
1.7320075 1.99523403505535E+002 4.57042338572379E+002
1.8258543 1.91663034122553E+002 4.26909016491214E+002
1.9201186 1.84016306667170E+002 3.99300135762373E+002
2.0147601 1.76609520236355E+002 3.73969275420512E+002
2.1097440 1.69459947441382E+002 3.50695863752070E+002
2.2050388 1.62577927439853E+002 3.29282947292168E+002
2.3006174 1.55968314221513E+002 3.09554285158685E+002
2.3964555 1.49631787257054E+002 2.91352253958426E+002
2.4925310 1.43565896800575E+002 2.74535904028773E+002
2.5888248 1.37765757480298E+002 2.58978822207154E+002
2.6853193 1.32224796440652E+002 2.44567812030448E+002
2.7819988 1.26935154403826E+002 2.31201167549272E+002
2.8788497 1.21888122623708E+002 2.18787502695775E+002
2.9758588 1.17074483636436E+002 2.07244684454443E+002
3.0730149 1.12484667452888E+002 1.96498619125863E+002
3.1703074 1.08109028000912E+002 1.86482579328190E+002
3.2677268 1.03937906267393E+002 1.77136229989143E+002
3.3652646 9.99617811194292E+001 1.68405034624127E+002
3.4629133 9.61713195924327E+001 1.60239574208171E+002
3.5606650 9.25575057570307E+001 1.52595154544506E+002
3.6585133 8.91115727073899E+001 1.45431090000714E+002
3.7564523 8.58251026408275E+001 1.38710433843412E+002
3.8544764 8.26900248136950E+001 1.32399558623991E+002
3.9525810 7.96986099385275E+001 1.26467792027927E+002
4.0507604 7.68435286205905E+001 1.20887228995870E+002
4.1490108 7.41177631289138E+001 1.15632296067246E+002
4.2473280 7.15146588208476E+001 1.10679629142373E+002
4.3457083 6.90279006316655E+001 1.06007832986245E+002
4.4441489 6.66514911990952E+001 1.01597272141333E+002
4.5426454 6.43797835623265E+001 9.74299851911592E+001
4.6411954 6.22074002780283E+001 9.34894078286075E+001
4.7397961 6.01292658278934E+001 8.97603229519458E+001
4.8384450 5.81405814180054E+001 8.62287177799722E+001
4.9371399 5.62368025017938E+001 8.28816594254039E+001
5.0358779 5.44136612674133E+001 7.97072599427821E+001
5.1346571 5.26670990832566E+001 7.66944925184865E+001
5.2334756 5.09932904589229E+001 7.38331766882614E+001
5.3323316 4.93886214863593E+001 7.11138902740447E+001
5.4312238 4.78496708614206E+001 6.85278926124672E+001
5.5301496 4.63732276455803E+001 6.60671146852630E+001
5.6291079 4.49562365120898E+001 6.37240321788213E+001
5.7280973 4.35958171784302E+001 6.14916673479240E+001
5.8271164 4.22892472262045E+001 5.93635327767426E+001
5.9261644 4.10339470639287E+001 5.73335823245805E+001
6.0252392 3.98274949581923E+001 5.53962133656931E+001
6.1243401 3.86675829584267E+001 5.35461759785897E+001
6.2234659 3.75520333605491E+001 5.17785822386766E+001
6.3226158 3.64787853397256E+001 5.00888690746934E+001
6.4217891 3.54458832847465E+001 4.84727658682210E+001
6.5209840 3.44514898783389E+001 4.69263022043006E+001
6.6202001 3.34938505172322E+001 4.54457408807829E+001
6.7194366 3.25713075178881E+001 4.40275900341107E+001
6.8186927 3.16822897638280E+001 4.26685778252297E+001
6.9179682 3.08253036852177E+001 4.13656303637128E+001
7.0172613 2.99989447484307E+001 4.01158816095283E+001
7.1165720 2.92018685327180E+001 3.89166226272724E+001
7.2158999 2.84327994733747E+001 3.77653089049991E+001
7.3152432 2.76905408207487E+001 3.66595694906377E+001
7.4146030 2.69739316059699E+001 3.55971377160004E+001
7.5139770 2.62818960227798E+001 3.45759201275206E+001
7.6133666 2.56133854856954E+001 3.35939063915012E+001
7.7127702 2.49674223942060E+001 3.26492302011836E+001
7.8121865 2.43430765244034E+001 3.17401308250086E+001
7.9116168 2.37394454657557E+001 3.08649216442690E+001
8.0110589 2.31556933014213E+001 3.00220435076481E+001
8.1105143 2.25910021608282E+001 2.92099918409129E+001
8.2099815 2.20446094516111E+001 2.84273680881999E+001
8.3094593 2.15157882897773E+001 2.76728491356998E+001
8.4089492 2.10038311968716E+001 2.69451621649618E+001
8.5084489 2.05080831595141E+001 2.62431299061220E+001
8.6079599 2.00279008068403E+001 2.55656109043418E+001
8.7074812 1.95626842623801E+001 2.49115431312238E+001
8.8070112 1.91118607813497E+001 2.42799192904438E+001
8.9065517 1.86748710478723E+001 2.36697664001231E+001
9.0061006 1.82511975788882E+001 2.30801843239523E+001
9.1056593 1.78403300764925E+001 2.25102962669351E+001
9.2052267 1.74417928197606E+001 2.19592859112370E+001
9.3048016 1.70551308719382E+001 2.14263772012290E+001
9.4043856 1.66798984701817E+001 2.09108175388227E+001
9.5039766 1.63156835502988E+001 2.04119107337199E+001
9.6035763 1.59620781410311E+001 1.99289755686367E+001
9.7031836 1.56187020367655E+001 1.94613775688764E+001
9.8027972 1.52851910827157E+001 1.90085122577364E+001
9.9024188 1.49611872642000E+001 1.85697911613173E+001
10.0020464 1.46463599814858E+001 1.81446701144569E+001
10.1016817 1.43403805934921E+001 1.77326142736383E+001
10.2013235 1.40429429722814E+001 1.73331254249375E+001
10.3009707 1.37537534832746E+001 1.69457279691474E+001
10.4006251 1.34725224671334E+001 1.65699571454874E+001
10.5002846 1.31989827778619E+001 1.62053834594483E+001
10.5999509 1.29328677669335E+001 1.58515829064174E+001
10.6996230 1.26739292098469E+001 1.55081605552450E+001
10.7992996 1.24219286805594E+001 1.51747387095828E+001
10.8989827 1.21766301840474E+001 1.48509469082664E+001
10.9986702 1.19378163784628E+001 1.45364431019160E+001
11.0983637 1.17052694318577E+001 1.42308881306073E+001
11.1980623 1.14787867230632E+001 1.39339661847672E+001
11.2977649 1.12581733719327E+001 1.36453747223573E+001
11.3974732 1.10432358301440E+001 1.33648159092135E+001
11.4971853 1.08337961342714E+001 1.30920150581516E+001
11.5969029 1.06296751767541E+001 1.28266986115224E+001
11.6966250 1.04307065128693E+001 1.25686119719138E+001
11.7963505 1.02367298561822E+001 1.23175108512608E+001
11.8960812 1.00475854731655E+001 1.20731538909050E+001
11.9958151 9.86312675452121E+000 1.18353187855034E+001
12.0955540 9.68320552762749E+000 1.16037831771935E+001
12.1952970 9.50768424461353E+000 1.13783402606438E+001
12.2950428 9.33643028936454E+000 1.11587913112085E+001
12.3947934 9.16931105098474E+000 1.09449392808648E+001
12.4945468 9.00620505253206E+000 1.07366029553117E+001
12.5943047 8.84698899963556E+000 1.05336002851394E+001
12.6940662 8.69154857872809E+000 1.03357620988956E+001
12.7938302 8.53977345075984E+000 1.01429256105237E+001
12.8935986 8.39155290156261E+000 9.95492882957304E+000
12.9933693 8.24678572798230E+000 9.77162304005435E+000
13.0931443 8.10536877093928E+000 9.59285818543301E+000
13.1929224 7.96720651549114E+000 9.41849496611913E+000
13.2927027 7.83220666905861E+000 9.24839916669514E+000
13.3924871 7.70027630491189E+000 9.08243675087970E+000
13.4922734 7.57133067367510E+000 8.92048490217339E+000
13.5920637 7.44528301197506E+000 8.76241915069736E+000
13.6918568 7.32205310544590E+000 8.60812408510547E+000
13.7916517 7.20156336722753E+000 8.45748837101686E+000
13.8914504 7.08373540523978E+000 8.31040042590290E+000
13.9912508 6.96849790075663E+000 8.16675822204963E+000
14.0910548 6.85577751833653E+000 8.02645789927343E+000
14.1908615 6.74550656778242E+000 7.88940328349262E+000
14.2906697 6.63761951301837E+000 7.75550149177900E+000
14.3904813 6.53204990539663E+000 7.62465910156051E+000
14.4902944 6.42873744937436E+000 7.49679088414700E+000
14.5901109 6.32761986744329E+000 7.37180969181541E+000
14.6899298 6.22863977635218E+000 7.24963494443027E+000
14.7897500 6.13174156801369E+000 7.13018873535636E+000
14.8895734 6.03686866044142E+000 7.01339242449769E+000
14.9893980 5.94396985261984E+000 6.89917444415346E+000
15.0892259 5.85299202102878E+000 6.78746128455588E+000
15.1890558 5.76388630827656E+000 6.67818508462002E+000
15.2888878 5.67660450321399E+000 6.57127915943949E+000
15.3887200 5.59110149497665E+000 6.46668098762555E+000
15.4885562 5.50732873036280E+000 6.36432419136726E+000
15.5883943 5.42524394670780E+000 6.26415042502944E+000
15.6882343 5.34480456659201E+000 6.16610127561973E+000
15.7880763 5.26596929851881E+000 6.07012020632268E+000
15.8879183 5.18869955096533E+000 5.97615425973202E+000
15.9877640 5.11295352370859E+000 5.88414686005752E+000
16.0876115 5.03869500807685E+000 5.79404850097349E+000
16.1874608 4.96588742274147E+000 5.70580947764090E+000
16.2873119 4.89449526395045E+000 5.61938163897318E+000
16.3871628 4.82448539104277E+000 5.53471992933164E+000
16.4870172 4.75582167602282E+000 5.45177590879650E+000
16.5868734 4.68847298064427E+000 5.37050738878953E+000
16.6867312 4.62240775665361E+000 5.29087189030776E+000
16.7865905 4.55759536269836E+000 5.21282822760118E+000
16.8864496 4.49400723540999E+000 5.13633790670171E+000
16.9863121 4.43161203219761E+000 5.06135927527099E+000
17.0861762 4.37038287956541E+000 4.98785623299743E+000
17.1860417 4.31029247198112E+000 4.91579232647581E+000
17.2859087 4.25131427032933E+000 4.84513218389704E+000
17.3857753 4.19342357089140E+000 4.77584278641117E+000
17.4856452 4.13659308527490E+000 4.70788817197202E+000
17.5855166 4.08079954166665E+000 4.64123732953090E+000
17.6853893 4.02601922555863E+000 4.57585885405944E+000
17.7852633 3.97222907269797E+000 4.51172224923175E+000
17.8851368 3.91940764676220E+000 4.44879908558180E+000
17.9850136 3.86753110787538E+000 4.38705819350697E+000
18.0848916 3.81657923774380E+000 4.32647283519841E+000
18.1847709 3.76653137310283E+000 4.26701585417871E+000
18.2846515 3.71736740447257E+000 4.20866086072403E+000
18.3845314 3.66906867200755E+000 4.15138328901982E+000
18.4844144 3.62161428042354E+000 4.09515602347093E+000
18.5842986 3.57498660982096E+000 4.03995592960304E+000
18.6841841 3.52916759917072E+000 3.98575944158465E+000
18.7840706 3.48413966077590E+000 3.93254364323064E+000
18.8839565 3.43988650263519E+000 3.88028723484646E+000
18.9838453 3.39638975301664E+000 3.82896654454514E+000
19.0837353 3.35363401097576E+000 3.77856148860828E+000
19.1836263 3.31160344268016E+000 3.72905154811009E+000
19.2835185 3.27028262026603E+000 3.68041675671252E+000
19.3834098 3.22965727806806E+000 3.63263858658170E+000
19.4833041 3.18971121469139E+000 3.58569630279007E+000
19.5831994 3.15043093055580E+000 3.53957241450128E+000
19.6830957 3.11180250453303E+000 3.49424899827285E+000
19.7829930 3.07381236484235E+000 3.44970860245394E+000
19.8828894 3.03644798564378E+000 3.40593506042855E+000
19.9827887 2.99969503840903E+000 3.36291015158963E+000
20.0826889 2.96354165809023E+000 3.32061859693733E+000
20.1825901 2.92797557154356E+000 3.27904469211428E+000
20.2824922 2.89298480720543E+000 3.23817313701375E+000
20.3823934 2.85855833780199E+000 3.19798978362706E+000
20.4822973 2.82468345621170E+000 3.15847857168156E+000
20.5822022 2.79134970691800E+000 3.11962611559310E+000
20.6821079 2.75854624112759E+000 3.08141861495139E+000
20.7820145 2.72626247118659E+000 3.04384261691007E+000
20.8819201 2.69448866451151E+000 3.00688570506740E+000
20.9818284 2.66321352205890E+000 2.97053368179690E+000
21.0817375 2.63242780745309E+000 2.93477478778944E+000
21.1816475 2.60212190666707E+000 2.89959686169320E+000
21.2815583 2.57228643245874E+000 2.86498804196078E+000
21.3814680 2.54291277406279E+000 2.83093740245566E+000
21.4813803 2.51399085891000E+000 2.79743235688150E+000
21.5812935 2.48551250812153E+000 2.76446254723807E+000
21.6812074 2.45746918117899E+000 2.73201722774004E+000
21.7811221 2.42985253506907E+000 2.70008591202060E+000
21.8810357 2.40265493378141E+000 2.66865896051415E+000
21.9809519 2.37586737611123E+000 2.63772518529825E+000
22.0808688 2.34948260299631E+000 2.60727543954602E+000
22.1807864 2.32349300982098E+000 2.57730020379243E+000
22.2807048 2.29789116444146E+000 2.54779018372007E+000
22.3806219 2.27267028010101E+000 2.51873685380840E+000
22.4805416 2.24782229405562E+000 2.49013024341416E+000
22.5804621 2.22334074942710E+000 2.46196225562903E+000
22.6803832 2.19921885971523E+000 2.43422443650530E+000
22.7803050 2.17544998942427E+000 2.40690852806284E+000
22.8802255 2.15202809362599E+000 2.38000697220553E+000
22.9801486 2.12894593381049E+000 2.35351086104244E+000
23.0800723 2.10619775447992E+000 2.32741301036842E+000
23.1799967 2.08377748612526E+000 2.30170589466415E+000
23.2799217 2.06167919177878E+000 2.27638215945212E+000
23.3798454 2.03989747612030E+000 2.25143508905137E+000
23.4797716 2.01842582640903E+000 2.22685670603369E+000
23.5796984 1.99725910189696E+000 2.20264062176474E+000
23.6796259 1.97639186299806E+000 2.17878012190881E+000
23.7795539 1.95581878674360E+000 2.15526864181386E+000
23.8794806 1.93553504803124E+000 2.13210020129887E+000
23.9794098 1.91553477476887E+000 2.10926763978856E+000
24.0793395 1.89581336630226E+000 2.08676526392443E+000
24.1792698 1.87636593779462E+000 2.06458706997364E+000
24.2792007 1.85718770725514E+000 2.04272718553117E+000
24.3791302 1.83827435126945E+000 2.02118027420227E+000
24.4790621 1.81962056460712E+000 1.99993989440079E+000
24.5789946 1.80122222219936E+000 1.97900096191324E+000
24.6789277 1.78307492888081E+000 1.95835809707017E+000
24.7788612 1.76517438039126E+000 1.93800603570885E+000
24.8787934 1.74751669569477E+000 1.91794000632091E+000
24.9787279 1.73009707228998E+000 1.89815420176299E+000
25.0786630 1.71291180481031E+000 1.87864407279008E+000
25.1785986 1.69595693127861E+000 1.85940478912631E+000
25.2785347 1.67922857024313E+000 1.84043162232848E+000
25.3784693 1.66272323158738E+000 1.82172029771031E+000
25.4784064 1.64643655965467E+000 1.80326556932450E+000
25.5783439 1.63036522024899E+000 1.78506335883899E+000
25.6782819 1.61450563543565E+000 1.76710932076731E+000
25.7782204 1.59885429876057E+000 1.74939919960570E+000
25.8781574 1.58340806627053E+000 1.73192915861670E+000
25.9780968 1.56816298033574E+000 1.71469444941969E+000
26.0780366 1.55311603568275E+000 1.69769140913477E+000
26.1779769 1.53826399555480E+000 1.68091612102229E+000
26.2779176 1.52360368677571E+000 1.66436474802957E+000
26.3778568 1.50913227253780E+000 1.64803384031378E+000
26.4777984 1.49484615049124E+000 1.63191909164164E+000
26.5777404 1.48074260742188E+000 1.61601720644462E+000
26.6776829 1.46681871027793E+000 1.60032464799072E+000
26.7776257 1.45307158267220E+000 1.58483795026741E+000
26.8775671 1.43949866085034E+000 1.56955400594328E+000
26.9775108 1.42609666022459E+000 1.55446890254181E+000
27.0774549 1.41286312740335E+000 1.53957966991695E+000
27.1773994 1.39979540020646E+000 1.52488310885298E+000
27.2773442 1.38689086705055E+000 1.51037608302432E+000
27.3772876 1.37414720738071E+000 1.49605578893480E+000
27.4772333 1.36156142136889E+000 1.48191866550853E+000
27.5771793 1.34913128719417E+000 1.46796203148708E+000
27.6771257 1.33685438471721E+000 1.45418298803887E+000
27.7770725 1.32472833906044E+000 1.44057869237099E+000
27.8770178 1.31275104667050E+000 1.42714661104191E+000
27.9769653 1.30091976338567E+000 1.41388349721468E+000
28.0769132 1.28923247414425E+000 1.40078692658090E+000
28.1768615 1.27768697547815E+000 1.38785426817015E+000
28.2768101 1.26628110448066E+000 1.37508294104142E+000
28.3767572 1.25501295156315E+000 1.36247065223734E+000
28.4767065 1.24388000252877E+000 1.35001443648135E+000
28.5766562 1.23288042724090E+000 1.33771209843498E+000
28.6766062 1.22201221653331E+000 1.32556124643995E+000
28.7765565 1.21127339765153E+000 1.31355953358550E+000
28.8765053 1.20066223467419E+000 1.30170488145753E+000
28.9764563 1.19017642061805E+000 1.28999457754038E+000
29.0764077 1.17981429101978E+000 1.27842663090034E+000
29.1763593 1.16957401125188E+000 1.26699886407713E+000
29.2763113 1.15945377942820E+000 1.25570913970567E+000
29.3762617 1.14945201537634E+000 1.24455557111101E+000
29.4762144 1.13956659914713E+000 1.23353567310327E+000
29.5761673 1.12979601494329E+000 1.22264763754222E+000
29.6761206 1.12013858518215E+000 1.21188947902731E+000
29.7760741 1.11059266176967E+000 1.20125924814708E+000
29.8760261 1.10115680443490E+000 1.19075522987866E+000
29.9759803 1.09182906232980E+000 1.18037514384783E+000
30.0759347 1.08260805327122E+000 1.17011734565739E+000
30.1758895 1.07349224120718E+000 1.15998002241241E+000
30.2758445 1.06448011668657E+000 1.14996139357594E+000
30.3757980 1.05557036529844E+000 1.14005989804891E+000
30.4757536 1.04676118932984E+000 1.13027344031132E+000
30.5757095 1.03805132686637E+000 1.12060052288368E+000
30.6756657 1.02943936960359E+000 1.11103948807156E+000
30.7756221 1.02092393326954E+000 1.10158870732130E+000
30.8755770 1.01250381685030E+000 1.09224675778163E+000
30.9755340 1.00417736152729E+000 1.08301171105116E+000
31.0754913 9.95943413802180E-001 1.07388220168022E+000
31.1754469 9.87800835299174E-001 1.06485688299572E+000
31.2754067 9.79747891594932E-001 1.05593374995184E+000
31.3753629 9.71783947335557E-001 1.04711201755177E+000
31.4753231 9.63907166017026E-001 1.03838957213793E+000
31.5752798 9.56116940235797E-001 1.02976566336105E+000
31.6752368 9.48411779652131E-001 1.02123856507282E+000
31.7751978 9.40790226609084E-001 1.01280658964332E+000
31.8751552 9.33251713344868E-001 1.00446903580842E+000
31.9751168 9.25794534370690E-001 9.96223945637149E-001
32.0750747 9.18418146913917E-001 9.88070648773228E-001
32.1750329 9.11121171525762E-001 9.80007551500569E-001
32.2749952 9.03902258752342E-001 9.72033095350632E-001
32.3749539 8.96760901280280E-001 9.64146653778292E-001
32.4749166 8.89695513347239E-001 9.56346410739121E-001
32.5748758 8.82705610003200E-001 9.48631767289822E-001
32.6748352 8.75789912886810E-001 9.41001250086077E-001
32.7747986 8.68947171203163E-001 9.33453418085967E-001
32.8747585 8.62176931750213E-001 9.25987711491454E-001
32.9747223 8.55477718330527E-001 9.18602443728978E-001
33.0746827 8.48849097773888E-001 9.11297079675339E-001
33.1746432 8.42289883997414E-001 9.04070255557318E-001
33.2746078 8.35798916287119E-001 8.96920637247719E-001
33.3745687 8.29375789923242E-001 8.89847724634750E-001
33.4745337 8.23019129111872E-001 8.82849949459057E-001
33.5744951 8.16728547092144E-001 8.75926833688631E-001
33.6744568 8.10502942132039E-001 8.69077113432845E-001
33.7744224 8.04341235876774E-001 8.62299552047254E-001
33.8743844 7.98243067082305E-001 8.55593702843699E-001
33.9743505 7.92207152085861E-001 8.48958105835247E-001
34.0743130 7.86233145756946E-001 8.42392334109621E-001
34.1742756 7.80320023569186E-001 8.35895214953940E-001
34.2742423 7.74466782565704E-001 8.29465600729988E-001
34.3742054 7.68673100519687E-001 8.23103092611115E-001
34.4741725 7.62937778418648E-001 8.16806329830069E-001
34.5741359 7.57260508504598E-001 8.10574931287981E-001
34.6740996 7.51640337007298E-001 8.04407807616442E-001
34.7740673 7.46076330082782E-001 7.98303892553730E-001
34.8740313 7.40568200546335E-001 7.92262830188300E-001
34.9739994 7.35114827260795E-001 7.86283350798806E-001
35.0739638 7.29715936042628E-001 7.80365114378474E-001
35.1739284 7.24370638047823E-001 7.74507107843651E-001
35.2738971 7.19078062862877E-001 7.68708339431185E-001
35.3738621 7.13837954796850E-001 7.62968491740268E-001
35.4738310 7.08649264443520E-001 7.57286378704159E-001
35.5737964 7.03511747802038E-001 7.51661697202183E-001
35.6737620 6.98424575677450E-001 7.46093504063479E-001
35.7737315 6.93386935941877E-001 7.40580875814123E-001
35.8736974 6.88398601227310E-001 7.35123529637572E-001
35.9736673 6.83458588278220E-001 7.29720356428137E-001
36.0736335 6.78566680244178E-001 7.24371086199850E-001
36.1735999 6.73722102795932E-001 7.19074839935131E-001
36.2735704 6.68924097426830E-001 7.13830756835484E-001
36.3735371 6.64172462255219E-001 7.08638585164126E-001
36.4735079 6.59466275101524E-001 7.03497286706064E-001
36.5734750 6.54805343551984E-001 6.98406621260272E-001
36.6734423 6.50188943801556E-001 6.93365768749215E-001
36.7734135 6.45616366730409E-001 6.88373925967346E-001
36.8733811 6.41087433403070E-001 6.83430869126245E-001
36.9733527 6.36601278094805E-001 6.78535625388753E-001
37.0733206 6.32157730397365E-001 6.73687981344353E-001
37.1732887 6.27756113084354E-001 6.68887171130301E-001
37.2732608 6.23395762573758E-001 6.64132444526299E-001
37.3732292 6.19076520599270E-001 6.59423602891245E-001
37.4732015 6.14797573677557E-001 6.54759733752455E-001
37.5731702 6.10558771225750E-001 6.50140647810253E-001
37.6731391 6.06359479005842E-001 6.45565629128048E-001
37.7731119 6.02199075470546E-001 6.41033976287953E-001
37.8730811 5.98077420979656E-001 6.36545513288031E-001
37.9730543 5.93993750444693E-001 6.32099383454919E-001
38.0730237 5.89947931151295E-001 6.27695419199350E-001
38.1729934 5.85939368578863E-001 6.23332950613433E-001
38.2729669 5.81967480022671E-001 6.19011321279636E-001
38.3729369 5.78032142633767E-001 6.14730375587050E-001
38.4729107 5.74132636202625E-001 6.10489308499246E-001
38.5728809 5.70268844125323E-001 6.06287971984936E-001
38.6728513 5.66440208614994E-001 6.02125738618506E-001
38.7728256 5.62646182897140E-001 5.98001993522458E-001
38.8727962 5.58886659264760E-001 5.93916599459903E-001
38.9727708 5.55160959169770E-001 5.89868799231400E-001
39.0727417 5.51468980537854E-001 5.85858462431782E-001
39.1727127 5.47810199591067E-001 5.81885000886681E-001
39.2726877 5.44184102825012E-001 5.77947838105473E-001
39.3726590 5.40590596190846E-001 5.74046853413947E-001
39.4726343 5.37029039854053E-001 5.70181333976353E-001
39.5726059 5.33499344847278E-001 5.66351165278148E-001
39.6725776 5.30001018910233E-001 5.62555795448992E-001
39.7725533 5.26533579376073E-001 5.58794683508384E-001
39.8725252 5.23096944518156E-001 5.55067723716734E-001
39.9725012 5.19690510511621E-001 5.51374244423415E-001
40.0724734 5.16314200214744E-001 5.47714145444075E-001
40.1724458 5.12967550604624E-001 5.44086908520873E-001
40.2724221 5.09650107625047E-001 5.40492025555805E-001
40.3723947 5.06361800667769E-001 5.36929404279303E-001
40.4723712 5.03102059434687E-001 5.33398411313642E-001
40.5723441 4.99870817454792E-001 5.29898959400436E-001
40.6723171 4.96667638853121E-001 5.26430561433509E-001
40.7722940 4.93492096143193E-001 5.22992739794504E-001
40.8722673 4.90344128749636E-001 5.19585414365262E-001
40.9722444 4.87223197618687E-001 5.16207987369707E-001
41.0722179 4.84129245908308E-001 5.12860383210763E-001
41.1721915 4.81061862974829E-001 5.09542143681462E-001
41.2721690 4.78020646029099E-001 5.06252819443338E-001
41.3721428 4.75005543549052E-001 5.02992341341539E-001
41.4721206 4.72016045624905E-001 4.99760144748675E-001
41.5720946 4.69052104103275E-001 4.96556164589146E-001
41.6720688 4.66113331811824E-001 4.93379969491202E-001
41.7720469 4.63199348939104E-001 4.90231136380243E-001
41.8720213 4.60310112131819E-001 4.87109605993400E-001
41.9719996 4.57445138689331E-001 4.84014844597017E-001
42.0719743 4.54604388297595E-001 4.80946796608877E-001
42.1719490 4.51787495637850E-001 4.77905055599132E-001
42.2719276 4.48994102295442E-001 4.74889222907417E-001
42.3719026 4.46224172286586E-001 4.71899248196149E-001
42.4718815 4.43477248335644E-001 4.68934626550265E-001
42.5718566 4.40753297200292E-001 4.65995310952982E-001
42.6718319 4.38051973926822E-001 4.63080918177770E-001
42.7718111 4.35372940042533E-001 4.60191072279760E-001
42.8717866 4.32716166210529E-001 4.57325730973770E-001
42.9717660 4.30081218933331E-001 4.54484416251675E-001
43.0717417 4.27468071346146E-001 4.51667088824013E-001
43.1717175 4.24876397489370E-001 4.48873387069429E-001
43.2716972 4.22305877492123E-001 4.46102956196803E-001
43.3716732 4.19756488010674E-001 4.43355761184668E-001
43.4716531 4.17227817804132E-001 4.40631349168995E-001
43.5716293 4.14719845757107E-001 4.37929687830192E-001
43.6716056 4.12232263640211E-001 4.35250435681561E-001
43.7715858 4.09764768948740E-001 4.32593257648487E-001
43.8715623 4.07317343740422E-001 4.29958125260173E-001
43.9715428 4.04889597623789E-001 4.27344609169467E-001
44.0715195 4.02481514664186E-001 4.24752683341672E-001
44.1714963 4.00092803196175E-001 4.22182025070345E-001
44.2714770 3.97723176940854E-001 4.19632317673408E-001
44.3714539 3.95372622821566E-001 4.17103538585710E-001
44.4714348 3.93040769993686E-001 4.14595280473472E-001
44.5714120 3.90727607188222E-001 4.12107522967126E-001
44.6713893 3.88432858226497E-001 4.09639960891813E-001
44.7713704 3.86156252002009E-001 4.07192294737215E-001
44.8713479 3.83897779818216E-001 4.04764507260016E-001
44.9713293 3.81657089170494E-001 4.02356211749295E-001
45.0713069 3.79434172988746E-001 3.99967392939549E-001
45.1712846 3.77228769585267E-001 3.97597762035231E-001
45.2712662 3.75040622052001E-001 3.95247035571096E-001
45.3712441 3.72869725632463E-001 3.92915201096984E-001
45.4712259 3.70715745042868E-001 3.90601891237624E-001
45.5712040 3.68578676988868E-001 3.88307095323398E-001
45.6711822 3.66458273352352E-001 3.86030539873781E-001
45.7711643 3.64354290522440E-001 3.83771956427795E-001
45.8711426 3.62266727283658E-001 3.81531336849461E-001
45.9711248 3.60195264534321E-001 3.79308331906489E-001
46.0711034 3.58139902372058E-001 3.77102935064662E-001
46.1710820 3.56100405395109E-001 3.74914887174558E-001
46.2710644 3.54076542455029E-001 3.72743933817132E-001
46.3710432 3.52068315515375E-001 3.70590070736451E-001
46.4710259 3.50075420691631E-001 3.68452965737151E-001
46.5710048 3.48097861125232E-001 3.66332616002965E-001
46.6709838 3.46135413339943E-001 3.64228775805161E-001
46.7709667 3.44187857875985E-001 3.62141203876069E-001
46.8709459 3.42255199547472E-001 3.60069899446141E-001
46.9709290 3.40337148789951E-001 3.58014546330315E-001
47.0709083 3.38433711472681E-001 3.55975145051694E-001
47.1708877 3.36544675311372E-001 3.53951462459103E-001
47.2708710 3.34669831817068E-001 3.51943269611394E-001
47.3708506 3.32809188356284E-001 3.49950568868326E-001
47.4708341 3.30962468849893E-001 3.47973059101420E-001
47.5708138 3.29129681608132E-001 3.46010743829697E-001
47.6707936 3.27310624857627E-001 3.44063401698053E-001
47.7707773 3.25505100413739E-001 3.42130815327224E-001
47.8707573 3.23713117924687E-001 3.40212989882271E-001
47.9707411 3.21934414019336E-001 3.38309638404562E-001
48.0707212 3.20168999188443E-001 3.36420767097360E-001
48.1707014 3.18416681536800E-001 3.34546165676680E-001
48.2706855 3.16677272564763E-001 3.32685627615743E-001
48.3706658 3.14950783956419E-001 3.30839160590819E-001
48.4706500 3.13236964324191E-001 3.29006490988004E-001
48.5706305 3.11535826102805E-001 3.27187627411868E-001
48.6706110 3.09847186686868E-001 3.25382369976503E-001
48.7705955 3.08170866685797E-001 3.23590522348916E-001
48.8705762 3.06506879596258E-001 3.21812094449589E-001
48.9705608 3.04854985338567E-001 3.20046825240932E-001
49.0705416 3.03215198076552E-001 3.18294725471932E-001
49.1705225 3.01587343947148E-001 3.16555605029392E-001
49.2705073 2.99971252132837E-001 3.14829277162013E-001
49.3704883 2.98366937740029E-001 3.13115753792029E-001
49.4704733 2.96774171366278E-001 3.11414785741997E-001
49.5704545 2.95192968709314E-001 3.09726385672025E-001
49.6704357 2.93623164138555E-001 3.08050372660120E-001
49.7704208 2.92064594910355E-001 3.06386568967435E-001
49.8704022 2.90517277556586E-001 3.04734988297744E-001
49.9703875 2.88980992762965E-001 3.03095392665770E-001
50.0703690 2.87455757583779E-001 3.01467796430833E-001
50.1703506 2.85941414145790E-001 2.99852027321002E-001
50.2703361 2.84437807313955E-001 2.98247916080090E-001
50.3703178 2.82944954878181E-001 2.96655477993382E-001
50.4703034 2.81462647061708E-001 2.95074485644245E-001
50.5702853 2.79990902114257E-001 2.93504954898721E-001
50.6702672 2.78529569476808E-001 2.91946721630973E-001
50.7702530 2.77078501188968E-001 2.90399624574035E-001
50.8702350 2.75637716146563E-001 2.88863680412983E-001
50.9702209 2.74207013595275E-001 2.87338671717382E-001
51.0702031 2.72786412833869E-001 2.85824615685125E-001
51.1701853 2.71375770203994E-001 2.84321355866781E-001
51.2701714 2.69974944514864E-001 2.82828738524680E-001
51.3701538 2.68583955630027E-001 2.81346781578598E-001
51.4701400 2.67202611335452E-001 2.79875277039831E-001
51.5701225 2.65830931845960E-001 2.78414243279244E-001
51.6701050 2.64468780017642E-001 2.76963531085764E-001
51.7700914 2.63116021051003E-001 2.75522993822016E-001
51.8700741 2.61772675651776E-001 2.74092650492493E-001
51.9700606 2.60438559694574E-001 2.72672302040888E-001
52.0700434 2.59113694189465E-001 2.71261967866704E-001
52.1700263 2.57797948146038E-001 2.69861505588383E-001
52.2700130 2.56491192802494E-001 2.68470775268413E-001
52.3699959 2.55193449592721E-001 2.67089796859754E-001
52.4699827 2.53904542056633E-001 2.65718379761691E-001
52.5699658 2.52624491889834E-001 2.64356544271255E-001
52.6699489 2.51353173917847E-001 2.63004154454552E-001
52.7699359 2.50090465085863E-001 2.61661076699908E-001
52.8699192 2.48836387452379E-001 2.60327331784981E-001
52.9699063 2.47590771825527E-001 2.59002737118000E-001
53.0698897 2.46353640486825E-001 2.57687313774431E-001
53.1698731 2.45124873761844E-001 2.56380931911169E-001
53.2698603 2.43904353993251E-001 2.55083463892767E-001
53.3698439 2.42692103770156E-001 2.53794931209184E-001
53.4698313 2.41487960796211E-001 2.52515158858895E-001
53.5698149 2.40291947848422E-001 2.51244168587656E-001
53.6697986 2.39103950456604E-001 2.49981836309383E-001
53.7697861 2.37923856071046E-001 2.48728040037860E-001
53.8697699 2.36751687726161E-001 2.47482801873285E-001
53.9697576 2.35587289671094E-001 2.46245954011636E-001
54.0697415 2.34430685096293E-001 2.45017518770770E-001
54.1697254 2.33281764458645E-001 2.43797377509269E-001
54.2697133 2.32140420044434E-001 2.42585413584091E-001
54.3696973 2.31006675255989E-001 2.41381649613032E-001
54.4696852 2.29880380559012E-001 2.40185924620931E-001
54.5696694 2.28761559482971E-001 2.38998261408629E-001
54.6696536 2.27650107151952E-001 2.37818546486859E-001
54.7696417 2.26545920433534E-001 2.36646668269124E-001
54.8696260 2.25449023027800E-001 2.35482649806746E-001
54.9696142 2.24359271307690E-001 2.34326336607189E-001
55.0695986 2.23276689074235E-001 2.33177751873422E-001
55.1695831 2.22201175874909E-001 2.32036786994229E-001
55.2695714 2.21132632919616E-001 2.30903335171037E-001
55.3695560 2.20071084142612E-001 2.29777419812441E-001
55.4695444 2.19016391533032E-001 2.28658892583132E-001
55.5695291 2.17968579102361E-001 2.27547777014883E-001
55.6695138 2.16927550592586E-001 2.26443969117517E-001
55.7695023 2.15893211331583E-001 2.25347366628491E-001
55.8694872 2.14865585430201E-001 2.24257993244547E-001
55.9694758 2.13844540219774E-001 2.23175706481597E-001
56.0694607 2.12830099866912E-001 2.22100530133757E-001
56.1694457 2.11822172093135E-001 2.21032364590754E-001
56.2694345 2.10820666133532E-001 2.19971111889726E-001
56.3694196 2.09825606223456E-001 2.18916795952924E-001
56.4694085 2.08836864778315E-001 2.17869279859542E-001
56.5693936 2.07854466069807E-001 2.16828587605842E-001
56.6693788 2.06878321596933E-001 2.15794623735083E-001
56.7693678 2.05908344303903E-001 2.14767294362169E-001
56.8693531 2.04944558503469E-001 2.13746623578154E-001
56.9693423 2.03986841451831E-001 2.12732479754415E-001
57.0693276 2.03035217480551E-001 2.11724887034872E-001
57.1693130 2.02089601676100E-001 2.10723753903663E-001
57.2693023 2.01149910505509E-001 2.09728990344999E-001
57.3692878 2.00216168316395E-001 2.08740620567427E-001
57.4692772 1.99288256976308E-001 2.07758517979112E-001
57.5692628 1.98366200835845E-001 2.06782706822353E-001
57.6692484 1.97449918390172E-001 2.05813099322303E-001
57.7692379 1.96539329453827E-001 2.04849609136521E-001
57.8692236 1.95634458370922E-001 2.03892260544674E-001
57.9692132 1.94735191403851E-001 2.02940931750978E-001
58.0691990 1.93841552885444E-001 2.01995647051586E-001
58.1691849 1.92953464551242E-001 2.01056322224701E-001
58.2691746 1.92070849398234E-001 2.00122874416931E-001
58.3691605 1.91193731732458E-001 1.99195327937189E-001
58.4691503 1.90322002006751E-001 1.98273565558694E-001
58.5691363 1.89455684503027E-001 1.97357611591265E-001
58.6691224 1.88594704038662E-001 1.96447385189288E-001
58.7691123 1.87738986637605E-001 1.95542806814984E-001
58.8690985 1.86888556536719E-001 1.94643900768745E-001
58.9690885 1.86043308186202E-001 1.93750554178538E-001
59.0690747 1.85203265787257E-001 1.92862791331621E-001
59.1690610 1.84368357089671E-001 1.91980534592042E-001
59.2690511 1.83538510997797E-001 1.91103707574333E-001
59.3690374 1.82713751651397E-001 1.90232334536349E-001
59.4690277 1.81893977315537E-001 1.89366306758509E-001
59.5690141 1.81079212083976E-001 1.88505648472903E-001
59.6690006 1.80269386498007E-001 1.87650285096373E-001
59.7689909 1.79464432204180E-001 1.86800143241920E-001
59.8689774 1.78664373220123E-001 1.85955247094268E-001
59.9689678 1.77869111453209E-001 1.85115491895185E-001
60.0689545 1.77078670865804E-001 1.84280901792284E-001
60.1689411 1.76292984657776E-001 1.83451405107356E-001
60.2689316 1.75511987087466E-001 1.82626931306856E-001
60.3689184 1.74735702027979E-001 1.81807504474912E-001
60.4689090 1.73964034865737E-001 1.80993023634014E-001
60.5688958 1.73197009410313E-001 1.80183512821007E-001
60.6688827 1.72434561394669E-001 1.79378903123205E-001
60.7688734 1.71676627565835E-001 1.78579126723760E-001
60.8688603 1.70923231632419E-001 1.77784207581591E-001
60.9688511 1.70174282305354E-001 1.76994048329100E-001
61.0688381 1.69429803222354E-001 1.76208672868825E-001
61.1688251 1.68689732530963E-001 1.75428014922056E-001
61.2688160 1.67954009350637E-001 1.74652009259595E-001
61.3688031 1.67222657207710E-001 1.73880679693150E-001
61.4687941 1.66495587991282E-001 1.73113932303426E-001
61.5687813 1.65772825150260E-001 1.72351790837624E-001
61.6687685 1.65054309134798E-001 1.71594191526831E-001
61.7687596 1.64339981326906E-001 1.70841071607678E-001
61.8687469 1.63629865054887E-001 1.70092454725036E-001
61.9687381 1.62923875247344E-001 1.69348250254927E-001
62.0687254 1.62222035149375E-001 1.68608481770488E-001
62.1687128 1.61524287407886E-001 1.67873087895319E-001
62.2687041 1.60830575563570E-001 1.67142008216811E-001
62.3686916 1.60140922732780E-001 1.66415266195544E-001
62.4686829 1.59455246752176E-001 1.65692774357978E-001
62.5686704 1.58773570649813E-001 1.64974556086544E-001
62.6686580 1.58095839169234E-001 1.64260552286533E-001
62.7686494 1.57421997911564E-001 1.63550704787353E-001
62.8686371 1.56752069768960E-001 1.62845036849834E-001
62.9686286 1.56085975361484E-001 1.62143464013579E-001
63.0686163 1.55423737488529E-001 1.61446009455596E-001
63.1686040 1.54765302895538E-001 1.60752616258094E-001
63.2685918 1.54110644053058E-001 1.60063254610625E-001
63.3685872 1.53459684152970E-001 1.59377842828971E-001
63.4685751 1.52812495464780E-001 1.58696456205029E-001
63.5685630 1.52169001368686E-001 1.58019013269994E-001
63.6685509 1.51529175281815E-001 1.57345485252714E-001
63.7685388 1.50892990851944E-001 1.56675843635180E-001
63.8685344 1.50260373830515E-001 1.56010009500376E-001
63.9685224 1.49631394841767E-001 1.55348056419048E-001
64.0685105 1.49005979811997E-001 1.54689905674291E-001
64.1684986 1.48384103288436E-001 1.54035529734935E-001
64.2684867 1.47765740037524E-001 1.53384901310224E-001
64.3684824 1.47150818263189E-001 1.52737944132701E-001
64.4684706 1.46539406986002E-001 1.52094730095207E-001
64.5684588 1.45931434572189E-001 1.51455183116134E-001
64.6684470 1.45326876643192E-001 1.50819276842120E-001
64.7684353 1.44725709028866E-001 1.50186985148215E-001
64.8684312 1.44127862283903E-001 1.49558234304856E-001
64.9684195 1.43533403865854E-001 1.48933094569283E-001
65.0684079 1.42942264479994E-001 1.48311492384482E-001
65.1683963 1.42354420769229E-001 1.47693402516274E-001
65.2683847 1.41769849574689E-001 1.47078799947571E-001
65.3683808 1.41188483705150E-001 1.46467613380667E-001
65.4683692 1.40610389094842E-001 1.45859911478552E-001
65.5683578 1.40035498692194E-001 1.45255623103664E-001
65.6683463 1.39463790111779E-001 1.44654724085701E-001
65.7683349 1.38895241156769E-001 1.44057190460775E-001
65.8683311 1.38329786798103E-001 1.43462953262289E-001
65.9683197 1.37767491485440E-001 1.42872079599394E-001
66.0683084 1.37208290319170E-001 1.42284500654067E-001
66.1682971 1.36652161838498E-001 1.41700193267691E-001
66.2682858 1.36099084762136E-001 1.41119134477984E-001
66.3682821 1.35548996135747E-001 1.40541257553709E-001
66.4682709 1.35001958962232E-001 1.39966628089633E-001
66.5682597 1.34457910407181E-001 1.39395179492292E-001
66.6682485 1.33916829889989E-001 1.38826889565484E-001
66.7682374 1.33378697000967E-001 1.38261736299812E-001
66.8682339 1.32843450777293E-001 1.37699655108350E-001
66.9682228 1.32311152811989E-001 1.37140710110002E-001
67.0682118 1.31781742253273E-001 1.36584836845536E-001
67.1682007 1.31255199358720E-001 1.36032014034616E-001
67.2681897 1.30731504548696E-001 1.35482220574718E-001
67.3681864 1.30210598772680E-001 1.34935393936612E-001
67.4681754 1.29692542249782E-001 1.34391596800924E-001
67.5681645 1.29177276032218E-001 1.33850766756713E-001
67.6681536 1.28664781176017E-001 1.33312883395528E-001
67.7681428 1.28155038892316E-001 1.32777926478229E-001
67.8681396 1.27647991967451E-001 1.32245835450861E-001
67.9681288 1.27143699281672E-001 1.31716671592426E-001
68.0681180 1.26642103716304E-001 1.31190374458475E-001
68.1681072 1.26143187088246E-001 1.30666924470868E-001
68.2680965 1.25646931362234E-001 1.30146302212736E-001
68.3680934 1.25153281089586E-001 1.29628449026925E-001
68.4680827 1.24662293845852E-001 1.29113424826555E-001
68.5680721 1.24173914270099E-001 1.28601171055781E-001
68.6680615 1.23688124904526E-001 1.28091668927455E-001
68.7680509 1.23204908432292E-001 1.27584899808094E-001
68.8680479 1.22724211101185E-001 1.27080806862607E-001
68.9680374 1.22246089215335E-001 1.26579448673074E-001
69.0680269 1.21770489103519E-001 1.26080768498052E-001
69.1680164 1.21297393999564E-001 1.25584748304189E-001
69.2680059 1.20826787271739E-001 1.25091370204602E-001
69.3680031 1.20358616798978E-001 1.24600579115047E-001
69.4679927 1.19892937646411E-001 1.24112432320513E-001
69.5679823 1.19429697767645E-001 1.23626874823257E-001
69.6679719 1.18968881056239E-001 1.23143889308513E-001
69.7679615 1.18510471534024E-001 1.22663458601178E-001
69.8679589 1.18054418648770E-001 1.22185529299977E-001
69.9679486 1.17600776258172E-001 1.21710157425885E-001
70.0679383 1.17149493878773E-001 1.21237289657446E-001
70.1679281 1.16700556033649E-001 1.20766909365154E-001
70.2679178 1.16253947368292E-001 1.20299000052710E-001
70.3679153 1.15809618839856E-001 1.19833509937086E-001
70.4679051 1.15367623129335E-001 1.19370493807455E-001
70.5678949 1.14927911257137E-001 1.18909899954366E-001
70.6678848 1.14490468347214E-001 1.18451712402000E-001
70.7678747 1.14055279640384E-001 1.17995915301630E-001
70.8678723 1.13622297546423E-001 1.17542458426733E-001
70.9678622 1.13191573599548E-001 1.17091395366051E-001
71.0678522 1.12763060267641E-001 1.16642675960808E-001
71.1678422 1.12336743248369E-001 1.16196284858955E-001
71.2678322 1.11912608351002E-001 1.15752206829745E-001
71.3678299 1.11490609383749E-001 1.15310393144239E-001
71.4678200 1.11070796763167E-001 1.14870896221295E-001
71.5678100 1.10653124350755E-001 1.14433667394275E-001
71.6678002 1.10237578392134E-001 1.13998691906547E-001
71.7677903 1.09824145239541E-001 1.13565955117288E-001
71.8677881 1.09412780047841E-001 1.13135409738900E-001
71.9677783 1.09003532144277E-001 1.12707107050092E-001
72.0677685 1.08596356732508E-001 1.12280999820475E-001
72.1677587 1.08191240581669E-001 1.11857073861949E-001
72.2677489 1.07788170562772E-001 1.11435315097011E-001
72.3677468 1.07387103127871E-001 1.11015677625696E-001
72.4677371 1.06988086542472E-001 1.10598211615500E-001
72.5677275 1.06591077303217E-001 1.10182871218911E-001
72.6677178 1.06196062679555E-001 1.09769642790854E-001
72.7677082 1.05803030038315E-001 1.09358512791913E-001
72.8677062 1.05411937081446E-001 1.08949436658443E-001
72.9676966 1.05022831039553E-001 1.08542463474894E-001
73.0676870 1.04635669655247E-001 1.08137548725633E-001
73.1676774 1.04250440676262E-001 1.07734679284412E-001
73.2676679 1.03867131943440E-001 1.07333842125950E-001
73.3676660 1.03485702363403E-001 1.06934993973890E-001
73.4676565 1.03106198157964E-001 1.06538182857044E-001
73.5676471 1.02728578270739E-001 1.06143365542918E-001
73.6676376 1.02352830906821E-001 1.05750529401116E-001
73.7676282 1.01978944360357E-001 1.05359661897759E-001
73.8676264 1.01606878699384E-001 1.04970720996906E-001
73.9676171 1.01236679162322E-001 1.04583753698398E-001
74.0676077 1.00868305850773E-001 1.04198718006274E-001
74.1675984 1.00501747407311E-001 1.03815601764182E-001
74.2675890 1.00136992559707E-001 1.03434392908056E-001
74.3675874 9.97740024960215E-002 1.03055050597544E-001
74.4675781 9.94128214959866E-002 1.02677620829460E-001
74.5675688 9.90534107780239E-002 1.02302062799810E-001
74.6675596 9.86957594032926E-002 1.01928364805562E-001
74.7675504 9.83398565144822E-002 1.01556515231957E-001
74.8675488 9.79856643800531E-002 1.01186474391351E-001
74.9675396 9.76332263450850E-002 1.00818287302772E-001
75.0675305 9.72825047054085E-002 1.00451914311548E-001
75.1675213 9.69334889228006E-002 1.00087344148283E-001
75.2675122 9.65861685370833E-002 9.97245656280352E-002
75.3675108 9.62405068591799E-002 9.93635401748355E-002
75.4675017 9.58965463228936E-002 9.90043118544780E-002
75.5674926 9.55542502637231E-002 9.86468421208023E-002
75.6674836 9.52136085269763E-002 9.82911201193365E-002
75.7674746 9.48746110326899E-002 9.79371350764285E-002
75.8674732 9.45372220979125E-002 9.75848494885068E-002
75.9674642 9.42014832679081E-002 9.72343064920144E-002
76.0674553 9.38673588816901E-002 9.68854686102313E-002
76.1674463 9.35348391518409E-002 9.65383253858158E-002
76.2674374 9.32039143625154E-002 9.61928664387927E-002
76.3674361 9.28745498020720E-002 9.58490553003746E-002
76.4674273 9.25467861493494E-002 9.55069342008840E-002
76.5674184 9.22205887122334E-002 9.51664666956247E-002
76.6674096 9.18959480551088E-002 9.48276427074613E-002
76.7674007 9.15728548109294E-002 9.44904522333407E-002
76.8673996 9.12512752059951E-002 9.41548598032321E-002
76.9673908 9.09312490742279E-002 9.38209067639331E-002
77.0673820 9.06127426591799E-002 9.34885576669260E-002
77.1673732 9.02957468623094E-002 9.31578027991805E-002
77.2673645 8.99802526507837E-002 9.28286325186235E-002
77.3673634 8.96662271568547E-002 9.25010123194607E-002
77.4673547 8.93537093904460E-002 9.21749826869408E-002
77.5673461 8.90426664989371E-002 9.18505091343759E-002
77.6673374 8.87330897068342E-002 9.15275822975169E-002
77.7673288 8.84249703016279E-002 9.12061928800959E-002
77.8673278 8.81182762908437E-002 9.08863073074700E-002
77.9673192 8.78130458807514E-002 9.05679652247130E-002
78.0673106 8.75092470920217E-002 9.02511330740407E-002
78.1673020 8.72068714588476E-002 8.99358018253959E-002
78.2672935 8.69059105758112E-002 8.96219625138695E-002
78.3672925 8.66063332962819E-002 8.93095824642486E-002
78.4672840 8.63081770426631E-002 8.89987005022202E-002
78.5672755 8.60114106796199E-002 8.86892839673328E-002
78.6672671 8.57160260383012E-002 8.83813241498271E-002
78.7672586 8.54220150077716E-002 8.80748124023942E-002
78.8672578 8.51293472590050E-002 8.77697169188290E-002
78.9672493 8.48380594497824E-002 8.74660757256503E-002
79.0672409 8.45481212606490E-002 8.71638570294573E-002
79.1672325 8.42595248075749E-002 8.68630524275541E-002
79.2672242 8.39722622620879E-002 8.65636535771235E-002
79.3672234 8.36863040856615E-002 8.62656295117842E-002
79.4672151 8.34016861901713E-002 8.59690174785506E-002
79.5672068 8.31183790450532E-002 8.56737865220196E-002
79.6671985 8.28363750395298E-002 8.53799285339465E-002
79.7671902 8.25556666161323E-002 8.50874354635151E-002
79.8671895 8.22762250008091E-002 8.47962771561622E-002
79.9671813 8.19980853777347E-002 8.45064900985227E-002
80.0671730 8.17212189793208E-002 8.42180441453085E-002
80.1671648 8.14456184570086E-002 8.39309314707051E-002
80.2671566 8.11712765134032E-002 8.36451443039901E-002
80.3671560 8.08981651139340E-002 8.33606532755361E-002
80.4671478 8.06263187327805E-002 8.30774941301994E-002
80.5671397 8.03557093404393E-002 8.27956375060404E-002
80.6671315 8.00863298400443E-002 8.25150758482125E-002
80.7671234 7.98181731838470E-002 8.22358016547336E-002
80.8671229 7.95512120527477E-002 8.19577863151015E-002
80.9671148 7.92854802281527E-002 8.16810648504848E-002
81.0671067 7.90209503947292E-002 8.14056086565895E-002
81.1670987 7.87576156972598E-002 8.11314104386055E-002
81.2670906 7.84954693276914E-002 8.08584629524620E-002
81.3670902 7.82344846593238E-002 8.05867383219918E-002
81.4670822 7.79746947975409E-002 8.03162708622731E-002
81.5670742 7.77160731181984E-002 8.00470327019681E-002
81.6670662 7.74586129981406E-002 7.97790167958745E-002
81.7670583 7.72023078595117E-002 7.95122161475019E-002
81.8670579 7.69471317458337E-002 7.92466035912022E-002
81.9670500 7.66931171027631E-002 7.89822127530785E-002
82.0670421 7.64402379752519E-002 7.87190164710289E-002
82.1670342 7.61884879630527E-002 7.84570079395070E-002
82.2670263 7.59378607094371E-002 7.81961803997427E-002
82.3670260 7.56883309068283E-002 7.79365073737215E-002
82.4670182 7.54399303570059E-002 7.76780218152196E-002
82.5670103 7.51926337527755E-002 7.74206972485739E-002
82.6670025 7.49464349080563E-002 7.71645270983943E-002
82.7669947 7.47013276785855E-002 7.69095048342192E-002
82.8669945 7.44572873851826E-002 7.66556046436692E-002
82.9669867 7.42143452011693E-002 7.64028588243878E-002
83.0669790 7.39724764467747E-002 7.61512415652355E-002
83.1669712 7.37316751417331E-002 7.59007465119081E-002
83.2669635 7.34919353459725E-002 7.56513673532659E-002
83.3669634 7.32532329889843E-002 7.54030789214133E-002
83.4669556 7.30155986306322E-002 7.51559128736138E-002
83.5669479 7.27790081989141E-002 7.49098440421791E-002
83.6669403 7.25434559114000E-002 7.46648662852282E-002
83.7669326 7.23089360243005E-002 7.44209735023593E-002
83.8669326 7.20754250568003E-002 7.41781411498186E-002
83.9669249 7.18429529698990E-002 7.39364002598152E-002
84.0669173 7.16114962804490E-002 7.36957262878426E-002
84.1669097 7.13810493962295E-002 7.34561132961677E-002
84.2669021 7.11516067621754E-002 7.32175553869259E-002
84.3669022 7.09231454688981E-002 7.29800286209370E-002
84.4668946 7.06956948927320E-002 7.27435634202639E-002
84.5668870 7.04692321211793E-002 7.25081358440822E-002
84.6668795 7.02437517449365E-002 7.22737401508987E-002
84.7668720 7.00192483904360E-002 7.20403706375494E-002
84.8668721 6.97956997021321E-002 7.18080039505979E-002
84.9668646 6.95731344855083E-002 7.15766699164654E-002
85.0668571 6.93515303811898E-002 7.13463451792447E-002
85.1668496 6.91308821558173E-002 7.11170241861238E-002
85.2668422 6.89111846104100E-002 7.08887014211482E-002
85.3668424 6.86924159263323E-002 7.06613540985023E-002
85.4668349 6.84746043516595E-002 7.04350114630777E-002
85.5668275 6.82577280632608E-002 7.02096507258219E-002
85.6668201 6.80417819970517E-002 6.99852665153769E-002
85.7668127 6.78267611220269E-002 6.97618534958359E-002
85.8668130 6.76126441401523E-002 6.95393894315564E-002
85.9668056 6.73994587551756E-002 6.93179029996315E-002
86.0667983 6.71871836639522E-002 6.90973719604724E-002
86.1667909 6.69758139652903E-002 6.88777911172643E-002
86.2667836 6.67653447898351E-002 6.86591553072981E-002
86.3667839 6.65557553444422E-002 6.84414428283031E-002
86.4667766 6.63470728012612E-002 6.82246818029350E-002
86.5667694 6.61392763614689E-002 6.80088505243204E-002
86.6667621 6.59323612806597E-002 6.77939439635770E-002
86.7667548 6.57263228450750E-002 6.75799571246407E-002
86.8667552 6.55211407513202E-002 6.73668688224297E-002
86.9667480 6.53168416523350E-002 6.71547066381638E-002
87.0667408 6.51134052385220E-002 6.69434493815518E-002
87.1667336 6.49108269164156E-002 6.67330921853187E-002
87.2667264 6.47091021220582E-002 6.65236302137755E-002
87.3667268 6.45082110272121E-002 6.63150427834382E-002
87.4667197 6.43081797776645E-002 6.61073569467434E-002
87.5667125 6.41089885384922E-002 6.59005520144376E-002
87.6667054 6.39106328615724E-002 6.56946232747996E-002
87.7666983 6.37131083271995E-002 6.54895660465144E-002
87.8666988 6.35163955682238E-002 6.52853601326715E-002
87.9666917 6.33205202350156E-002 6.50820320692377E-002
88.0666846 6.31254629532965E-002 6.48795616530169E-002
88.1666775 6.29312194149256E-002 6.46779443220463E-002
88.2666705 6.27377853391346E-002 6.44771755436406E-002
88.3666710 6.25451418062957E-002 6.42772355929804E-002
88.4666640 6.23533139827855E-002 6.40781505015478E-002
88.5666570 6.21622829414404E-002 6.38799005377629E-002
88.6666500 6.19720445089665E-002 6.36824812838726E-002
88.7666429 6.17825945384415E-002 6.34858883503206E-002
88.8666436 6.15939145446740E-002 6.32901024704160E-002
88.9666366 6.14060292211675E-002 6.30951491828218E-002
89.0666296 6.12189200748223E-002 6.29010092136501E-002
89.1666227 6.10325830622711E-002 6.27076782840437E-002
89.2666157 6.08470141655592E-002 6.25151521423063E-002
89.3666164 6.06621953213077E-002 6.23234119664112E-002
89.4666095 6.04781507609730E-002 6.21324828135572E-002
89.5666026 6.02948624129278E-002 6.19423458541207E-002
89.6665957 6.01123263590158E-002 6.17529969430492E-002
89.7665889 5.99305387055741E-002 6.15644319614587E-002
89.8665896 5.97494817988553E-002 6.13766325189998E-002
89.9665828 5.95691794188085E-002 6.11896232024612E-002
90.0665759 5.93896139031276E-002 6.10033856135300E-002
90.1665691 5.92107814543471E-002 6.08179157360803E-002
90.2665622 5.90326782986134E-002 6.06332095792040E-002
90.3665631 5.88552871800537E-002 6.04492491716993E-002
90.4665563 5.86786314373725E-002 6.02660586407062E-002
90.5665495 5.85026938058556E-002 6.00836200067244E-002
90.6665427 5.83274706043946E-002 5.99019293778797E-002
90.7665359 5.81529581746473E-002 5.97209828866042E-002
90.8665368 5.79791396472653E-002 5.95407629687521E-002
90.9665301 5.78060379297014E-002 5.93612933022930E-002
91.0665233 5.76336361435103E-002 5.91825563144775E-002
91.1665166 5.74619307197836E-002 5.90045482332014E-002
91.2665099 5.72909181115687E-002 5.88272653097927E-002
91.3665108 5.71205818250820E-002 5.86506903754917E-002
91.4665041 5.69509443462561E-002 5.84748466692988E-002
91.5664975 5.67819891719800E-002 5.82997170135735E-002
91.6664908 5.66137128415582E-002 5.81252977516843E-002
91.7664842 5.64461119154730E-002 5.79515852495935E-002
91.8664851 5.62791702649218E-002 5.77785627226607E-002
91.9664785 5.61129099637938E-002 5.76062529808513E-002
92.0664719 5.59473148737508E-002 5.74346392303932E-002
92.1664653 5.57823816384849E-002 5.72637179260059E-002
92.2664587 5.56181069221194E-002 5.70934855441990E-002
92.3664597 5.54544749506079E-002 5.69239256735721E-002
92.4664531 5.52915073950263E-002 5.67550607047295E-002
92.5664466 5.51291884716071E-002 5.65868742169128E-002
92.6664400 5.49675149247581E-002 5.64193627722388E-002
92.7664335 5.48064835186026E-002 5.62525229538433E-002
92.8664346 5.46460788239714E-002 5.60863387130587E-002
92.9664281 5.44863221181180E-002 5.59208320305495E-002
93.0664215 5.43271979619867E-002 5.57559868480864E-002
93.1664150 5.41687031971773E-002 5.55917998313903E-002
93.2664086 5.40108346843176E-002 5.54282676664607E-002
93.3664097 5.38535773295690E-002 5.52653746572119E-002
93.4664032 5.36969520251200E-002 5.51031423835453E-002
93.5663968 5.35409436670990E-002 5.49415551396317E-002
93.6663903 5.33855491909148E-002 5.47806096911550E-002
93.7663839 5.32307655503435E-002 5.46203028233680E-002
93.8663851 5.30765779776492E-002 5.44606191829592E-002
93.9663787 5.29230069884872E-002 5.43015799580050E-002
94.0663723 5.27700378049598E-002 5.41431697852883E-002
94.1663659 5.26176674530358E-002 5.39853855269619E-002
94.2663595 5.24658929764168E-002 5.38282240640650E-002
94.3663607 5.23146999245486E-002 5.36716703765825E-002
94.4663544 5.21641084448649E-002 5.35157452694720E-002
94.5663480 5.20141040765374E-002 5.33604337126691E-002
94.6663417 5.18646839329741E-002 5.32057326614404E-002
94.7663353 5.17158451447071E-002 5.30516390892835E-002
94.8663366 5.15675735697366E-002 5.28981383003171E-002
94.9663303 5.14198889953733E-002 5.27452507248625E-002
95.0663240 5.12727772692475E-002 5.25929616568637E-002
95.1663177 5.11262355892084E-002 5.24412681414784E-002
95.2663114 5.09802611696445E-002 5.22901672414669E-002
95.3663128 5.08348401687672E-002 5.21396445762236E-002
95.4663065 5.06899920216554E-002 5.19897202096971E-002
95.5663002 5.05457028760688E-002 5.18403797509985E-002
95.6662940 5.04019700114178E-002 5.16916203320817E-002
95.7662878 5.02587907230890E-002 5.15434391018993E-002
95.8662892 5.01161514614343E-002 5.13958219865560E-002
95.9662829 4.99740713169905E-002 5.12487886916794E-002
96.0662767 4.98325367295896E-002 5.11023251329970E-002
96.1662705 4.96915450574343E-002 5.09564285262862E-002
96.2662643 4.95510936741631E-002 5.08110961037419E-002
96.3662658 4.94111693144592E-002 5.06663140898945E-002
96.4662596 4.92717907318115E-002 5.05221018398962E-002
96.5662535 4.91329446503280E-002 5.03784455678209E-002
96.6662473 4.89946285043426E-002 5.02353425704120E-002
96.7662412 4.88568397431051E-002 5.00927901602727E-002
96.8662427 4.87195653780733E-002 4.99507748523442E-002
96.9662365 4.85828238329923E-002 4.98093156589492E-002
97.0662304 4.84466021087009E-002 4.96683990845070E-002
97.1662243 4.83108977131058E-002 4.95280225039810E-002
97.2662182 4.81757081685293E-002 4.93881833076580E-002
97.3662198 4.80410207558893E-002 4.92488682931361E-002
97.4662137 4.79068535763066E-002 4.91100961373594E-002
97.5662076 4.77731939000478E-002 4.89718536273505E-002
97.6662016 4.76400393061315E-002 4.88341382136534E-002
97.7661955 4.75073873875113E-002 4.86969473616196E-002
97.8661971 4.73752256874842E-002 4.85602681439990E-002
97.9661911 4.72435719914868E-002 4.84241189096201E-002
98.0661851 4.71124138321428E-002 4.82884867206161E-002
98.1661791 4.69817488572160E-002 4.81533691005730E-002
98.2661730 4.68515747279432E-002 4.80187635873891E-002
98.3661747 4.67218792431441E-002 4.78846575217024E-002
98.4661687 4.65926798793371E-002 4.77510689313045E-002
98.5661627 4.64639644246560E-002 4.76179851461860E-002
98.6661568 4.63357305933336E-002 4.74854037605349E-002
98.7661508 4.62079761126301E-002 4.73533223823741E-002
98.8661525 4.60806890302486E-002 4.72217286131971E-002
98.9661465 4.59538865203850E-002 4.70906401666597E-002
99.0661406 4.58275566200531E-002 4.69600446335880E-002
99.1661347 4.57016971077633E-002 4.68299396764237E-002
99.2661288 4.55763057746257E-002 4.67003229709850E-002
99.3661305 4.54513709107954E-002 4.65711823728120E-002
99.4661246 4.53269093945771E-002 4.64425352881516E-002
99.5661187 4.52029095054417E-002 4.63143695618657E-002
99.6661128 4.50793690840691E-002 4.61866829223914E-002
99.7661070 4.49562859833270E-002 4.60594731111009E-002
99.8661087 4.48336487295916E-002 4.59327282309861E-002
99.9661029 4.47114739115483E-002 4.58064653874442E-002
100.0660970 4.45897500449020E-002 4.56806726727872E-002
100.1660912 4.44684750304729E-002 4.55553478792742E-002
100.2660854 4.43476467808721E-002 4.54304888116747E-002
100.3660872 4.42272540526600E-002 4.53060838140448E-002
100.4660814 4.41073131510183E-002 4.51821496973273E-002
100.5660756 4.39878128218562E-002 4.50586747949048E-002
100.6660698 4.38687510241801E-002 4.49356569607666E-002
100.7660640 4.37501257284060E-002 4.48130940610041E-002
100.8660658 4.36319259154274E-002 4.46909746745490E-002
100.9660601 4.35141676128870E-002 4.45693153241256E-002
101.0660543 4.33968397910543E-002 4.44481045780067E-002
101.1660486 4.32799404652408E-002 4.43273403498986E-002
101.2660428 4.31634676617996E-002 4.42070205652157E-002
101.3660447 4.30474105802869E-002 4.40871340317692E-002
101.4660390 4.29317849766236E-002 4.39676969901468E-002
101.5660333 4.28165800397748E-002 4.38486982375216E-002
101.6660275 4.27017938395452E-002 4.37301357453783E-002
101.7660218 4.25874244564267E-002 4.36120074965313E-002
101.8660238 4.24734613031403E-002 4.34943025218592E-002
101.9660181 4.23599198695599E-002 4.33770367857444E-002
102.0660124 4.22467895578539E-002 4.32601993084552E-002
102.1660067 4.21340684905750E-002 4.31437881173887E-002
102.2660011 4.20217548006216E-002 4.30278012509061E-002
102.3660031 4.19098381085487E-002 4.29122279573203E-002
102.4659974 4.17983336437187E-002 4.27970839305935E-002
102.5659918 4.16872310161781E-002 4.26823584084626E-002
102.6659861 4.15765283995460E-002 4.25680494724387E-002
102.7659805 4.14662239774581E-002 4.24541552146457E-002
102.8659825 4.13563075731337E-002 4.23406650953695E-002
102.9659769 4.12467941608243E-002 4.22275945437954E-002
103.0659713 4.11376735532900E-002 4.21149330096728E-002
103.1659657 4.10289439735957E-002 4.20026786268955E-002
103.2659601 4.09206036545060E-002 4.18908295396308E-002
103.3659622 4.08126426168904E-002 4.17793754148423E-002
103.4659566 4.07050755851586E-002 4.16683314224431E-002
103.5659511 4.05978925697742E-002 4.15576872189052E-002
103.6659455 4.04910918416866E-002 4.14474409888361E-002
103.7659400 4.03846716812391E-002 4.13375909267908E-002
103.8659421 4.02786223020871E-002 4.12281269012746E-002
103.9659365 4.01729581839395E-002 4.11190638282992E-002
104.0659310 4.00676695301039E-002 4.10103915659286E-002
104.1659255 3.99627546579083E-002 4.09021083478759E-002
104.2659200 3.98582118937804E-002 4.07942124174877E-002
104.3659221 3.97540316394421E-002 4.06866938398298E-002
104.4659166 3.96502281349183E-002 4.05795672822526E-002
104.5659112 3.95467917716449E-002 4.04728227994348E-002
104.6659057 3.94437209118774E-002 4.03664586726459E-002
104.7659002 3.93410139266870E-002 4.02604731924857E-002
104.8659024 3.92386614012820E-002 4.01548566157476E-002
104.9658969 3.91366773408996E-002 4.00496233662340E-002
105.0658915 3.90350523205275E-002 3.99447636904100E-002
105.1658860 3.89337847459491E-002 3.98402759156074E-002
105.2658806 3.88328730314899E-002 3.97361583781962E-002
105.3658828 3.87323079413996E-002 3.96324015220089E-002
105.4658774 3.86321032509059E-002 3.95290195322889E-002
105.5658720 3.85322497141067E-002 3.94260028426027E-002
105.6658666 3.84327457789636E-002 3.93233498249043E-002
105.7658612 3.83335899017161E-002 3.92210588599041E-002
105.8658634 3.82347730213405E-002 3.91191205739228E-002
105.9658580 3.81363086877194E-002 3.90175489185150E-002
106.0658527 3.80381878297486E-002 3.89163345098012E-002
106.1658473 3.79404089362661E-002 3.88154757629690E-002
106.2658419 3.78429705041329E-002 3.87149711016901E-002
106.3658442 3.77458636428626E-002 3.86148113303574E-002
106.4658389 3.76491016815453E-002 3.85150101715885E-002
106.5658335 3.75526757196885E-002 3.84155584196454E-002
106.6658282 3.74565842857505E-002 3.83164545316091E-002
106.7658229 3.73608259159666E-002 3.82176969727831E-002
106.8658252 3.72653918863199E-002 3.81192767213451E-002
106.9658199 3.71702953095527E-002 3.80212072756147E-002
107.0658146 3.70755274517189E-002 3.79234796037106E-002
107.1658093 3.69810868796850E-002 3.78260922033157E-002
107.2658040 3.68869721678571E-002 3.77290435800819E-002
107.3658063 3.67931747547377E-002 3.76323248818093E-002
107.4658011 3.66997075410601E-002 3.75359493870478E-002
107.5657958 3.66065619554767E-002 3.74399082336133E-002
107.6657905 3.65137366020923E-002 3.73441999585434E-002
107.7657853 3.64212300923227E-002 3.72488231066010E-002
107.8657877 3.63290340233524E-002 3.71537689911668E-002
107.9657824 3.62371610881425E-002 3.70590506754413E-002
108.0657772 3.61456028741088E-002 3.69646594628980E-002
108.1657720 3.60543580214654E-002 3.68705939287265E-002
108.2657667 3.59634251775166E-002 3.67768526556065E-002
108.3657692 3.58727960944016E-002 3.66834271185733E-002
108.4657639 3.57824832614463E-002 3.65903301697943E-002
108.5657587 3.56924784211038E-002 3.64975532744772E-002
108.6657536 3.56027802486080E-002 3.64050950448030E-002
108.7657484 3.55133874260691E-002 3.63129541002146E-002
108.8657508 3.54242918569593E-002 3.62211220735897E-002
108.9657456 3.53355058310092E-002 3.61296116102763E-002
109.0657405 3.52470212420893E-002 3.60384143334055E-002
