0.0053140 3.38397322185384E+001 5.98556269417260E+003
0.0210792 1.27707676400825E+002 5.81186808677258E+003
0.0467942 2.61797458195582E+002 5.54297077730344E+003
0.0817065 4.11548665105258E+002 5.20431871293210E+003
0.1249105 5.55039374302866E+002 4.82311230715097E+003
0.1754417 6.77269237573720E+002 4.42398047329411E+003
0.2323515 7.70881400100983E+002 4.02653252612304E+003
0.2947571 8.34624549559247E+002 3.64468247346423E+003
0.3618673 8.71098144791021E+002 3.28715717902080E+003
0.4329916 8.84759066760305E+002 2.95854787235691E+003
0.5075377 8.80540818652726E+002 2.66046090318976E+003
0.5850032 8.63063683831692E+002 2.39252361714807E+003
0.6649650 8.36275220581921E+002 2.15316568814041E+003
0.7470680 8.03354653405254E+002 1.94017563385646E+003
0.8310139 7.66756527381069E+002 1.75107559308039E+003
0.9165527 7.28313432319502E+002 1.58335502056098E+003
1.0034738 6.89353657050983E+002 1.43460894463561E+003
1.0915995 6.50811682127606E+002 1.30261142497611E+003
1.1807797 6.13322439161146E+002 1.18534698235300E+003
1.2708868 5.77298107028863E+002 1.08101840688218E+003
1.3618115 5.42987866674676E+002 9.88038586629538E+002
1.4534610 5.10523547554277E+002 9.05014874605463E+002
1.5457546 4.79954484630922E+002 8.30731552416599E+002
1.6386236 4.51272476430890E+002 7.64128856772113E+002
1.7320075 4.24431097787068E+002 7.04285508159464E+002
1.8258543 3.99358810351521E+002 6.50400019811208E+002
1.9201186 3.75968961352001E+002 6.01775410832336E+002
2.0147601 3.54166877009399E+002 5.57805454281692E+002
2.1097440 3.33854348025472E+002 5.17961596020396E+002
2.2050388 3.14933395521170E+002 4.81783112865543E+002
2.3006174 2.97308170962143E+002 4.48867187247596E+002
2.3964555 2.80886569508186E+002 4.18861275607108E+002
2.4925310 2.65581219954789E+002 3.91456456749598E+002
2.5888248 2.51309701458573E+002 3.66381085519121E+002
2.6853193 2.37995039174545E+002 3.43396292355503E+002
2.7819988 2.25565469093860E+002 3.22291239956182E+002
2.8788497 2.13954428986290E+002 3.02879623970908E+002
2.9758588 2.03100427177666E+002 2.84996614848719E+002
3.0730149 1.92946597138214E+002 2.68495811539968E+002
3.1703074 1.83440620870312E+002 2.53247232593102E+002
3.2677268 1.74534259041365E+002 2.39135004702534E+002
3.3652646 1.66183152445940E+002 2.26055771894189E+002
3.4629133 1.58346470685111E+002 2.13917084020899E+002
3.5606650 1.50986780727813E+002 2.02636311095128E+002
3.6585133 1.44069559162808E+002 1.92139157046867E+002
3.7564523 1.37563096357065E+002 1.82358904214378E+002
3.8544764 1.31438227288254E+002 1.73235489845573E+002
3.9525810 1.25668091213283E+002 1.64714713171465E+002
4.0507604 1.20228042977363E+002 1.56747736009493E+002
4.1490108 1.15095306961872E+002 1.49290262020913E+002
4.2473280 1.10248922587788E+002 1.42302195179568E+002
4.3457083 1.05669563970242E+002 1.35747152341858E+002
4.4441489 1.01339380938290E+002 1.29592042545254E+002
4.5426454 9.72419536460702E+001 1.23806836438778E+002
4.6411954 9.33620531719162E+001 1.18364084600874E+002
4.7397961 8.96856197986810E+001 1.13238765987592E+002
4.8384450 8.61996457360846E+001 1.08408017663816E+002
4.9371399 8.28920722442250E+001 1.03850900572925E+002
5.0358779 7.97517721298349E+001 9.95482955818398E+001
5.1346571 7.67683825408679E+001 9.54826043740597E+001
5.2334756 7.39323026198509E+001 9.16376869069464E+001
5.3323316 7.12346169437621E+001 8.79987044350529E+001
5.4312238 6.86670285162878E+001 8.45519830640362E+001
5.5301496 6.62218568743430E+001 8.12849706366631E+001
5.6291079 6.38919188191259E+001 7.81860413622135E+001
5.7280973 6.16705360727573E+001 7.52444753769675E+001
5.8271164 5.95514844467666E+001 7.24503635611732E+001
5.9261644 5.75289494107399E+001 6.97945246483356E+001
6.0252392 5.55975321728449E+001 6.72684915815374E+001
6.1243401 5.37521625250526E+001 6.48643781135118E+001
6.2234659 5.19881109787323E+001 6.25748780950972E+001
6.3226158 5.03009542608659E+001 6.03932054274790E+001
6.4217891 4.86865451839965E+001 5.83130417159488E+001
6.5209840 4.71410223427271E+001 5.63285367435730E+001
6.6202001 4.56607448940497E+001 5.44342138252382E+001
6.7194366 4.42423061536438E+001 5.26249779410176E+001
6.8186927 4.28825096100750E+001 5.08960764497913E+001
6.9179682 4.15783479972512E+001 4.92430648292728E+001
7.0172613 4.03270142346495E+001 4.76618136130299E+001
7.1165720 3.91258515362060E+001 4.61484389988030E+001
7.2158999 3.79723615219192E+001 4.46993077212667E+001
7.3152432 3.68642140927089E+001 4.33110442884562E+001
7.4146030 3.57991786384886E+001 4.19804401861856E+001
7.5139770 3.47751936774755E+001 4.07045370099321E+001
7.6133666 3.37902770362774E+001 3.94805105431383E+001
7.7127702 3.28425873546845E+001 3.83057441397120E+001
7.8121865 3.19303859282990E+001 3.71777780509005E+001
7.9116168 3.10520054789985E+001 3.60942681786324E+001
8.0110589 3.02059040072346E+001 3.50530501059259E+001
8.1105143 2.93905919167351E+001 3.40520469199810E+001
8.2099815 2.86046838968992E+001 3.30893310536333E+001
8.3094593 2.78468684570316E+001 3.21630848332825E+001
8.4089492 2.71158828634803E+001 3.12715682149359E+001
8.5084489 2.64105587722465E+001 3.04131729435310E+001
8.6079599 2.57297623858091E+001 2.95863481249763E+001
8.7074812 2.50724384104697E+001 2.87896524569080E+001
8.8070112 2.44375853791502E+001 2.80217229361265E+001
8.9065517 2.38242352422677E+001 2.72812491372157E+001
9.0061006 2.32314922027897E+001 2.65670191441060E+001
9.1056593 2.26584830477068E+001 2.58778586544952E+001
9.2052267 2.21043945666285E+001 2.52126752504194E+001
9.3048016 2.15684533078120E+001 2.45704331771173E+001
9.4043856 2.10499087450433E+001 2.39501325018314E+001
9.5039766 2.05480664796207E+001 2.33508482118958E+001
9.6035763 2.00622466229645E+001 2.27716798150327E+001
9.7031836 1.95918158035550E+001 2.22117890231507E+001
9.8027972 1.91361703720816E+001 2.16703791409408E+001
9.9024188 1.86947223610605E+001 2.11466779414979E+001
10.0020464 1.82669280038052E+001 2.06399710891941E+001
10.1016817 1.78522525649641E+001 2.01495600032684E+001
10.2013235 1.74501978511360E+001 1.96747940827644E+001
10.3009707 1.70602881376969E+001 1.92150536575746E+001
10.4006251 1.66820583412487E+001 1.87697357469268E+001
10.5002846 1.63150786302640E+001 1.83382827595189E+001
10.5999509 1.59589244756983E+001 1.79201469486756E+001
10.6996230 1.56132004094810E+001 1.75148180994698E+001
10.7992996 1.52775281264288E+001 1.71218092761105E+001
10.8989827 1.49515364328496E+001 1.67406448524847E+001
10.9986702 1.46348825814291E+001 1.63708852695715E+001
11.0983637 1.43272265892745E+001 1.60120968100852E+001
11.1980623 1.40282518508691E+001 1.56638754988063E+001
11.2977649 1.37376549981984E+001 1.53258350754100E+001
11.3974732 1.34551372915797E+001 1.49975968410180E+001
11.4971853 1.31804231966794E+001 1.46788111112750E+001
11.5969029 1.29132382221337E+001 1.43691313285732E+001
11.6966250 1.26533268830945E+001 1.40682347886301E+001
11.7963505 1.24004439972782E+001 1.37758124062102E+001
11.8960812 1.21543472590639E+001 1.34915600313058E+001
11.9958151 1.19148134841056E+001 1.32151971211035E+001
12.0955540 1.16816193731380E+001 1.29464444221462E+001
12.1952970 1.14545572335194E+001 1.26850420248469E+001
12.2950428 1.12334274589382E+001 1.24307405894760E+001
12.3947934 1.10180320834010E+001 1.21832938648245E+001
12.4945468 1.08081890443449E+001 1.19424750090777E+001
12.5943047 1.06037153971991E+001 1.17080572348789E+001
12.6940662 1.04044411309135E+001 1.14798296037700E+001
12.7938302 1.02102026316376E+001 1.12575894532206E+001
12.8935986 1.00208370550227E+001 1.10411359088932E+001
12.9933693 9.83619489846325E+000 1.08302842090745E+001
13.0931443 9.65612528209419E+000 1.06248488276319E+001
13.1929224 9.48048813664058E+000 1.04246573480720E+001
13.2927027 9.30914849137142E+000 1.02295438871472E+001
13.3924871 9.14197153500553E+000 1.00393434353797E+001
13.4922734 8.97883373883310E+000 9.85390447869920E+000
13.5920637 8.81960989093532E+000 9.67307420814314E+000
13.6918568 8.66418388797301E+000 9.49671075481305E+000
13.7916517 8.51244371849731E+000 9.32467744702738E+000
13.8914504 8.36427710733597E+000 9.15683784676547E+000
13.9912508 8.21958139156959E+000 8.99306691267447E+000
14.0910548 8.07825205078718E+000 8.83323797835668E+000
14.1908615 7.94019229642668E+000 8.67723358217503E+000
14.2906697 7.80530864547360E+000 8.52494042666799E+000
14.3904813 7.67350706239040E+000 8.37624500392748E+000
14.4902944 7.54470175742570E+000 8.23104350386370E+000
14.5901109 7.41880500025470E+000 8.08923030027114E+000
14.6899298 7.29573566943557E+000 7.95070757093682E+000
14.7897500 7.17541533035041E+000 7.81538085264581E+000
14.8895734 7.05776480386693E+000 7.68315516821599E+000
14.9893980 6.94271202980066E+000 7.55394385101509E+000
15.0892259 6.83018298697925E+000 7.42765832346795E+000
15.1890558 6.72010933990270E+000 7.30421667148410E+000
15.2888878 6.61242393392931E+000 7.18353856972386E+000
15.3887200 6.50706380475069E+000 7.06554864090641E+000
15.4885562 6.40396210036708E+000 6.95016739772137E+000
15.5883943 6.30306005658719E+000 6.83732464112991E+000
15.6882343 6.20429883875330E+000 6.72695031073468E+000
15.7880763 6.10762149969210E+000 6.61897666697910E+000
15.8879183 6.01297469550919E+000 6.51334019462563E+000
15.9877640 5.92030143586814E+000 6.40997350231709E+000
16.0876115 5.82955184947382E+000 6.30881732822026E+000
16.1874608 5.74067586359423E+000 6.20981235907237E+000
16.2873119 5.65362496919324E+000 6.11290119221448E+000
16.3871628 5.56835377386340E+000 6.01803005435300E+000
16.4870172 5.48481347559968E+000 5.92514153375144E+000
16.5868734 5.40296156791220E+000 5.83418537028825E+000
16.6867312 5.32275525106197E+000 5.74511111666635E+000
16.7865905 5.24415302725062E+000 5.65786990694725E+000
16.8864496 5.16711610922670E+000 5.57241601198603E+000
16.9863121 5.09160252842869E+000 5.48870029855142E+000
17.0861762 5.01757590770176E+000 5.40667995452548E+000
17.1860417 4.94499951403282E+000 5.32631188529526E+000
17.2859087 4.87383770356369E+000 5.24755431177427E+000
17.3857753 4.80405720201208E+000 5.17036818111345E+000
17.4856452 4.73562177104458E+000 5.09471126293059E+000
17.5855166 4.66850015846639E+000 5.02054693848445E+000
17.6853893 4.60266071538516E+000 4.94783824133607E+000
17.7852633 4.53807270817043E+000 4.87654930471865E+000
17.8851368 4.47470748477051E+000 4.80664664372490E+000
17.9850136 4.41253363398787E+000 4.73809381196525E+000
18.0848916 4.35152420781852E+000 4.67085936526827E+000
18.1847709 4.29165183691947E+000 4.60491146899523E+000
18.2846515 4.23288992438523E+000 4.54021921196041E+000
18.3845314 4.17521371026851E+000 4.47675377422793E+000
18.4844144 4.11859586747745E+000 4.41448357844532E+000
18.5842986 4.06301307814092E+000 4.35338152329315E+000
18.6841841 4.00844159041477E+000 4.29342009089776E+000
18.7840706 3.95485830702339E+000 4.23457254223901E+000
18.8839565 3.90224175876456E+000 4.17681398290916E+000
18.9838453 3.85056808835428E+000 4.12011695250423E+000
19.0837353 3.79981705186628E+000 4.06445801013758E+000
19.1836263 3.74996796761510E+000 4.00981328464577E+000
19.2835185 3.70100071076541E+000 3.95615956448674E+000
19.3834098 3.65289660528330E+000 3.90347527227902E+000
19.4833041 3.60563475347873E+000 3.85173644330866E+000
19.5831994 3.55919752437315E+000 3.80092273450848E+000
19.6830957 3.51356685190340E+000 3.75101336792402E+000
19.7829930 3.46872514549059E+000 3.70198812645066E+000
19.8828894 3.42465610876093E+000 3.65382824664770E+000
19.9827887 3.38134137798503E+000 3.60651274389636E+000
20.0826889 3.33876555139149E+000 3.56002390698463E+000
20.1825901 3.29691279945427E+000 3.51434359186049E+000
20.2824922 3.25576770009959E+000 3.46945413313757E+000
20.3823934 3.21531599153350E+000 3.42533916353450E+000
20.4822973 3.17554148741777E+000 3.38198024871080E+000
20.5822022 3.13643069444580E+000 3.33936192170764E+000
20.6821079 3.09796970217562E+000 3.29746828957615E+000
20.7820145 3.06014495050783E+000 3.25628386936192E+000
20.8819201 3.02294392310185E+000 3.21579434152970E+000
20.9818284 2.98635231109537E+000 3.17598346217762E+000
21.0817375 2.95035826050800E+000 3.13683768483948E+000
21.1816475 2.91494951309977E+000 3.09834304730949E+000
21.2815583 2.88011411284974E+000 3.06048593976474E+000
21.3814680 2.84584104569952E+000 3.02325379867646E+000
21.4813803 2.81211762702728E+000 2.98663226809664E+000
21.5812935 2.77893341549364E+000 2.95060945054216E+000
21.6812074 2.74627757985245E+000 2.91517304538133E+000
21.7811221 2.71413955037722E+000 2.88031105584574E+000
21.8810357 2.68250961002322E+000 2.84601242918296E+000
21.9809519 2.65137648379811E+000 2.81226444213467E+000
22.0808688 2.62073095138856E+000 2.77905661764390E+000
22.1807864 2.59056341781797E+000 2.74637808963717E+000
22.2807048 2.56086451508837E+000 2.71421825489086E+000
22.3806219 2.53162564928770E+000 2.68256736453049E+000
22.4805416 2.50283677253082E+000 2.65141411176702E+000
22.5804621 2.47448972300180E+000 2.62074924687036E+000
22.6803832 2.44657597991676E+000 2.59056314616541E+000
22.7803050 2.41908722005746E+000 2.56084641403594E+000
22.8802255 2.39201582485637E+000 2.53159043030824E+000
22.9801486 2.36535281777611E+000 2.50278512085798E+000
23.0800723 2.33909095718489E+000 2.47442229957092E+000
23.1799967 2.31322265830378E+000 2.44649342194858E+000
23.2799217 2.28774050879265E+000 2.41899014193854E+000
23.3798454 2.26263773941242E+000 2.39190481924463E+000
23.4797716 2.23790631161835E+000 2.36522845562168E+000
23.5796984 2.21353978588341E+000 2.33895378931229E+000
23.6796259 2.18953139523984E+000 2.31307321588992E+000
23.7795539 2.16587452362678E+000 2.28757930408673E+000
23.8794806 2.14256314334924E+000 2.26246526663804E+000
23.9794098 2.11959003932310E+000 2.23772304699840E+000
24.0793395 2.09694947301309E+000 2.21334618892823E+000
24.1792698 2.07463539386133E+000 2.18932790914187E+000
24.2792007 2.05264188371065E+000 2.16566157585112E+000
24.3791302 2.03096356394511E+000 2.14234114637024E+000
24.4790621 2.00959394427811E+000 2.11935939065661E+000
24.5789946 1.98852790032784E+000 2.09671055626311E+000
24.6789277 1.96776001069632E+000 2.07438857904861E+000
24.7788612 1.94728497043489E+000 2.05238752775858E+000
24.8787934 1.92709797045644E+000 2.03070201128130E+000
24.9787279 1.90719316003167E+000 2.00932552687573E+000
25.0786630 1.88756595414301E+000 1.98825293855337E+000
25.1785986 1.86821148526648E+000 1.96747881358558E+000
25.2785347 1.84912498854029E+000 1.94699783609401E+000
25.3784693 1.83030215577806E+000 1.92680518655291E+000
25.4784064 1.81173770195794E+000 1.90689500384548E+000
25.5783439 1.79342751683953E+000 1.88726269325021E+000
25.6782819 1.77536722163368E+000 1.86790337777326E+000
25.7782204 1.75755252826511E+000 1.84881228341470E+000
25.8781574 1.73997957008545E+000 1.82998509325048E+000
25.9780968 1.72264356362567E+000 1.81141651358182E+000
26.0780366 1.70554081750011E+000 1.79310242603940E+000
26.1779769 1.68866738514647E+000 1.77503844390539E+000
26.2779176 1.67201940033498E+000 1.75722027145107E+000
26.3778568 1.65559338647549E+000 1.73964403470051E+000
26.4777984 1.63938500577436E+000 1.72230494292705E+000
26.5777404 1.62339093715822E+000 1.70519929792316E+000
26.6776829 1.60760761714701E+000 1.68832314647760E+000
26.7776257 1.59203155355112E+000 1.67167261594064E+000
26.8775671 1.57665961508468E+000 1.65524422356654E+000
26.9775108 1.56148786083876E+000 1.63903362548441E+000
27.0774549 1.54651329781333E+000 1.62303749488636E+000
27.1773994 1.53173270276547E+000 1.60725226270867E+000
27.2773442 1.51714291584816E+000 1.59167443136885E+000
27.3772876 1.50274111208041E+000 1.57630086440192E+000
27.4772333 1.48852370473161E+000 1.56112761580553E+000
27.5771793 1.47448799203479E+000 1.54615168775186E+000
27.6771257 1.46063105354285E+000 1.53136985230300E+000
27.7770725 1.44695002529601E+000 1.51677894507632E+000
27.8770178 1.43344235455516E+000 1.50237613672709E+000
27.9769653 1.42010477129938E+000 1.48815783625300E+000
28.0769132 1.40693483279013E+000 1.47412133781708E+000
28.1768615 1.39392988858244E+000 1.46026371702022E+000
28.2768101 1.38108733865952E+000 1.44658210608404E+000
28.3767572 1.36840487270638E+000 1.43307394858797E+000
28.4767065 1.35587950446389E+000 1.41973597092707E+000
28.5766562 1.34350902200798E+000 1.40656572692748E+000
28.6766062 1.33129101610951E+000 1.39356056281462E+000
28.7765565 1.31922312264178E+000 1.38071787535396E+000
28.8765053 1.30730324755650E+000 1.36803535112120E+000
28.9764563 1.29552865931984E+000 1.35551000084969E+000
29.0764077 1.28389735205200E+000 1.34313960971264E+000
29.1763593 1.27240713241716E+000 1.33092176567369E+000
29.2763113 1.26105584749100E+000 1.31885410189289E+000
29.3762617 1.24984159649768E+000 1.30693452169334E+000
29.4762144 1.23876187698487E+000 1.29516029101779E+000
29.5761673 1.22781486732569E+000 1.28352940153154E+000
29.6761206 1.21699856775601E+000 1.27203965753072E+000
29.7760741 1.20631101478319E+000 1.26068890380212E+000
29.8760261 1.19575048064961E+000 1.24947523734584E+000
29.9759803 1.18531466929016E+000 1.23839615359331E+000
30.0759347 1.17500192412204E+000 1.22744982883987E+000
30.1758895 1.16481041923723E+000 1.21663426132326E+000
30.2758445 1.15473836133816E+000 1.20594748561942E+000
30.3757980 1.14478417780996E+000 1.19538777208773E+000
30.4757536 1.13494575885066E+000 1.18495282288977E+000
30.5757095 1.12522159595661E+000 1.17464097968314E+000
30.6756657 1.11561001962833E+000 1.16445041487369E+000
30.7756221 1.10610938973308E+000 1.15437933353402E+000
30.8755770 1.09671827299301E+000 1.14442616145428E+000
30.9755340 1.08743472798962E+000 1.13458878734836E+000
31.0754913 1.07825737928746E+000 1.12486570122186E+000
31.1754469 1.06918487038445E+000 1.11525541439363E+000
31.2754067 1.06021518303246E+000 1.10575573863307E+000
31.3753629 1.05134752546462E+000 1.09636578603378E+000
31.4753231 1.04257977039116E+000 1.08708325566804E+000
31.5752798 1.03391116098168E+000 1.07790729892186E+000
31.6752368 1.02533995959602E+000 1.06883602998479E+000
31.7751978 1.01686446738552E+000 1.05986760554917E+000
31.8751552 1.00848397701393E+000 1.05100123263131E+000
31.9751168 1.00019651805613E+000 1.04223478295671E+000
32.0750747 9.92001414341061E-001 1.03356749854911E+000
32.1750329 9.83897061645726E-001 1.02499764080682E+000
32.2749952 9.75881891242368E-001 1.01652350995663E+000
32.3749539 9.67955271135499E-001 1.00814439761462E+000
32.4749166 9.60115373815062E-001 9.99858332548922E-001
32.5748758 9.52361595116801E-001 9.91664637601188E-001
32.6748352 9.44692452078074E-001 9.83561707750321E-001
32.7747986 9.37106494263577E-001 9.75547973501557E-001
32.8747585 9.29603156979388E-001 9.67622801955798E-001
32.9747223 9.22180743117127E-001 9.59784364946535E-001
33.0746827 9.14838712862447E-001 9.52032057457406E-001
33.1746432 9.07575693626519E-001 9.44364395865983E-001
33.2746078 9.00390342671102E-001 9.36779929103305E-001
33.3745687 8.93282155483537E-001 9.29278091694753E-001
33.4745337 8.86249554113174E-001 9.21857186002427E-001
33.5744951 8.79292056310056E-001 9.14516671475279E-001
33.6744568 8.72408390094052E-001 9.07255174981802E-001
33.7744224 8.65597310917507E-001 9.00071353263022E-001
33.8743844 8.58858368133786E-001 8.92964701130615E-001
33.9743505 8.52190092830103E-001 8.85933640211590E-001
34.0743130 8.45592054299293E-001 8.78977687617955E-001
34.1742756 8.39063072396647E-001 8.72095570926086E-001
34.2742423 8.32601992221984E-001 8.65286045163233E-001
34.3742054 8.26208411385941E-001 8.58548659096983E-001
34.4741725 8.19880960890899E-001 8.51881943482662E-001
34.5741359 8.13619256221729E-001 8.45285467059575E-001
34.6740996 8.07422201174628E-001 8.38758049323506E-001
34.7740673 8.01288722807572E-001 8.32298535030173E-001
34.8740313 7.95218462000705E-001 8.25906521281479E-001
34.9739994 7.89210141435033E-001 8.19580638824209E-001
35.0739638 7.83263418026708E-001 8.13320502662159E-001
35.1739284 7.77377272398267E-001 8.07125016303145E-001
35.2738971 7.71550706634517E-001 8.00993106529611E-001
35.3738621 7.65783400444002E-001 7.94924413779083E-001
35.4738310 7.60074160738675E-001 7.88917660541263E-001
35.5737964 7.54422681624922E-001 7.82972503313449E-001
35.6737620 7.48828014130445E-001 7.77087922489978E-001
35.7737315 7.43289229109628E-001 7.71262919938163E-001
35.8736974 7.37806041140274E-001 7.65497174980748E-001
35.9736673 7.32377334621014E-001 7.59789494392483E-001
36.0736335 7.27002837065898E-001 7.54139571914393E-001
36.1735999 7.21681664104072E-001 7.48546458396883E-001
36.2735704 7.16412949702651E-001 7.43009224525914E-001
36.3735371 7.11196439775120E-001 7.37527584542392E-001
36.4735079 7.06031090090735E-001 7.32100422753173E-001
36.5734750 7.00916658193688E-001 7.26727466353017E-001
36.6734423 6.95852319061568E-001 7.21407830836770E-001
36.7734135 6.90837264653020E-001 7.16140650044577E-001
36.8733811 6.85871269059892E-001 7.10925669595150E-001
36.9733527 6.80953353868012E-001 7.05761845204059E-001
37.0733206 6.76083303632513E-001 7.00648934135908E-001
37.1732887 6.71260347918374E-001 6.95586111270266E-001
37.2732608 6.66483732033187E-001 6.90572568473770E-001
37.3732292 6.61753255422999E-001 6.85608079579846E-001
37.4732015 6.57068000439639E-001 6.80691666152450E-001
37.5731702 6.52427775947426E-001 6.75823112501407E-001
37.6731391 6.47831861777800E-001 6.71001648124226E-001
37.7731119 6.43279552373006E-001 6.66226518265924E-001
37.8730811 6.38770670004492E-001 6.61497522145523E-001
37.9730543 6.34304353191291E-001 6.56813742119478E-001
38.0730237 6.29880432686734E-001 6.52174986836419E-001
38.1729934 6.25498234662129E-001 6.47580536085989E-001
38.2729669 6.21157098863904E-001 6.43029684272577E-001
38.3729369 6.16856868122322E-001 6.38522253467763E-001
38.4729107 6.12596732930772E-001 6.34057382217170E-001
38.5728809 6.08376543761524E-001 6.29634901084066E-001
38.6728513 6.04195669552976E-001 6.25254136219473E-001
38.7728256 6.00053491869752E-001 6.20914427352676E-001
38.8727962 5.95949872067391E-001 6.16615617137571E-001
38.9727708 5.91884048786105E-001 6.12356896112252E-001
39.0727417 5.87855890269430E-001 6.08138114581125E-001
39.1727127 5.83864804967995E-001 6.03958641480262E-001
39.2726877 5.79910213088206E-001 5.99817858374427E-001
39.3726590 5.75991992684762E-001 5.95715626463175E-001
39.4726343 5.72109427046337E-001 5.91651184446244E-001
39.5726059 5.68262400438089E-001 5.87624400418566E-001
39.6725776 5.64450357854054E-001 5.83634682843376E-001
39.7725533 5.60672755244623E-001 5.79681451941582E-001
39.8725252 5.56929485722318E-001 5.75764585629579E-001
39.9725012 5.53219874022971E-001 5.71883367267613E-001
40.0724734 5.49543818860222E-001 5.68037680988950E-001
40.1724458 5.45900799060402E-001 5.64226971812585E-001
40.2724221 5.42290303671152E-001 5.60450695715279E-001
40.3723947 5.38712239386324E-001 5.56708745686619E-001
40.4723712 5.35165969455989E-001 5.53000446543671E-001
40.5723441 5.31651405626649E-001 5.49325696882714E-001
40.6723171 5.28168058078309E-001 5.45683975565193E-001
40.7722940 5.24715446535665E-001 5.42074771674857E-001
40.8722673 5.21293489944595E-001 5.38497991795993E-001
40.9722444 5.17901587379321E-001 5.34952999267552E-001
41.0722179 5.14539662344303E-001 5.31439705731321E-001
41.1721915 5.11207254104602E-001 5.27957621410696E-001
41.2721690 5.07903910846443E-001 5.24506266074408E-001
41.3721428 5.04629562570017E-001 5.21085558570414E-001
41.4721206 5.01383641703564E-001 5.17694898067750E-001
41.5720946 4.98166082360461E-001 5.14334207977182E-001
41.6720688 4.94976450812123E-001 5.11003027613835E-001
41.7720469 4.91814321675927E-001 5.07700905214357E-001
41.8720213 4.88679634926412E-001 5.04427770691166E-001
41.9719996 4.85571854075217E-001 5.01183056571806E-001
42.0719743 4.82490922808250E-001 4.97966696885564E-001
42.1719490 4.79436432496572E-001 4.94778257959241E-001
42.2719276 4.76407982326006E-001 4.91617314465705E-001
42.3719026 4.73405521270953E-001 4.88483806300581E-001
42.4718815 4.70428541837006E-001 4.85377197078072E-001
42.5718566 4.67476996347191E-001 4.82297430408393E-001
42.6718319 4.64550499521409E-001 4.79244097722141E-001
42.7718111 4.61648673403274E-001 4.76216798264589E-001
42.8717866 4.58771475087146E-001 4.73215480938968E-001
42.9717660 4.55918424147836E-001 4.70239638355652E-001
43.0717417 4.53089480700644E-001 4.67289222769318E-001
43.1717175 4.50284281205022E-001 4.64363848962577E-001
43.2716972 4.47502468989741E-001 4.61463139041494E-001
43.3716732 4.44744008474110E-001 4.58587050036037E-001
43.4716531 4.42008444527345E-001 4.55735101627146E-001
43.5716293 4.39295744293493E-001 4.52907253868201E-001
43.6716056 4.36605564490862E-001 4.50103143283701E-001
43.7715858 4.33937568286185E-001 4.47322413267066E-001
43.8715623 4.31291726704967E-001 4.44565028179153E-001
43.9715428 4.28667608272644E-001 4.41830532995925E-001
44.0715195 4.26065186471555E-001 4.39118894805139E-001
44.1714963 4.23484136915141E-001 4.36429770391782E-001
44.2714770 4.20924141275041E-001 4.33762822988759E-001
44.3714539 4.18385176532774E-001 4.31118023568332E-001
44.4714348 4.15866833356434E-001 4.28494940762681E-001
44.5714120 4.13369090941936E-001 4.25893548002807E-001
44.6713893 4.10891642540655E-001 4.23313520969865E-001
44.7713704 4.08434187100036E-001 4.20754541402608E-001
44.8713479 4.05996706969136E-001 4.18216586233892E-001
44.9713293 4.03578813558966E-001 4.15699246238045E-001
45.0713069 4.01180491213473E-001 4.13202500563992E-001
45.1712846 3.98801449661888E-001 4.10726042531359E-001
45.2712662 3.96441403993141E-001 4.08269571155164E-001
45.3712441 3.94100341390935E-001 4.05833068739830E-001
45.4712259 3.91777892713508E-001 4.03416146801668E-001
45.5712040 3.89474046940613E-001 4.01018789641466E-001
45.6711822 3.87188529207880E-001 3.98640707056816E-001
45.7711643 3.84921069697924E-001 3.96281614204281E-001
45.8711426 3.82671659946300E-001 3.93941498226478E-001
45.9711248 3.80439949058015E-001 3.91619990085667E-001
46.0711034 3.78225930184468E-001 3.89317078721813E-001
46.1710820 3.76029342877201E-001 3.87032489338674E-001
46.2710644 3.73849931443757E-001 3.84765952186214E-001
46.3710432 3.71687691333950E-001 3.82517458762036E-001
46.4710259 3.69542288786326E-001 3.80286658273603E-001
46.5710048 3.67413720703161E-001 3.78073543835511E-001
46.6709838 3.65301740135455E-001 3.75877855066899E-001
46.7709667 3.63206104619214E-001 3.73699336342096E-001
46.8709459 3.61126813121728E-001 3.71537983075737E-001
46.9709290 3.59063547981844E-001 3.69393461607027E-001
47.0709083 3.57016309471126E-001 3.67265768804081E-001
47.1708877 3.54984863291344E-001 3.65154657784723E-001
47.2708710 3.52968979376692E-001 3.63059886150955E-001
47.3708506 3.50968659852014E-001 3.60981452837339E-001
47.4708341 3.48983602196648E-001 3.58919040281408E-001
47.5708138 3.47013809705262E-001 3.56872648722899E-001
47.6707936 3.45059059943802E-001 3.54842043929445E-001
47.7707773 3.43119134475020E-001 3.52826995900250E-001
47.8707573 3.41194038254728E-001 3.50827506729610E-001
47.9707411 3.39283483010404E-001 3.48843273993429E-001
48.0707212 3.37387474745660E-001 3.46874300956629E-001
48.1707014 3.35505802160964E-001 3.44920365249889E-001
48.2706855 3.33638257733622E-001 3.42981248499836E-001
48.3706658 3.31784848953988E-001 3.41056955633674E-001
48.4706500 3.29945300967364E-001 3.39147198473216E-001
48.5706305 3.28119622201129E-001 3.37251982994182E-001
48.6706110 3.26307611812886E-001 3.35371097960516E-001
48.7705955 3.24509072531562E-001 3.33504335912145E-001
48.8705762 3.22724014112927E-001 3.31651704312537E-001
48.9705608 3.20952174346898E-001 3.29812928399027E-001
49.0705416 3.19193563825684E-001 3.27988016572749E-001
49.1705225 3.17447991534662E-001 3.26176768053430E-001
49.2705073 3.15715269838367E-001 3.24378985631262E-001
49.3704883 3.13995410513601E-001 3.22594679036676E-001
49.4704733 3.12288163274292E-001 3.20823586149258E-001
49.5704545 3.10593540642322E-001 3.19065717536448E-001
49.6704357 3.08911360845641E-001 3.17320882244315E-001
49.7704208 3.07241445311541E-001 3.15588892697236E-001
49.8704022 3.05583807615889E-001 3.13869760648053E-001
49.9703875 3.03938208724529E-001 3.12163235897968E-001
50.0703690 3.02304662875428E-001 3.10469330945416E-001
50.1703506 3.00682996994545E-001 3.08787864077552E-001
50.2703361 2.99073041038805E-001 3.07118656780030E-001
50.3703178 2.97474810181511E-001 3.05461722605996E-001
50.4703034 2.95888076013102E-001 3.03816822606160E-001
50.5702853 2.94312854293594E-001 3.02183970996225E-001
50.6702672 2.92748980139839E-001 3.00562994759831E-001
50.7702530 2.91196291541866E-001 2.98953723910745E-001
50.8702350 2.89654805087240E-001 2.97356173600667E-001
50.9702209 2.88124302405025E-001 2.95770115502486E-001
51.0702031 2.86604800601015E-001 2.94195565355030E-001
51.1701853 2.85096142510348E-001 2.92632358331273E-001
51.2701714 2.83598173693373E-001 2.91080332476547E-001
51.3701538 2.82110911985507E-001 2.89539504357821E-001
51.4701400 2.80634148506696E-001 2.88009655684207E-001
51.5701225 2.79167901548362E-001 2.86490803541276E-001
51.6701050 2.77712021223174E-001 2.84982790818723E-001
51.7700914 2.76266360230157E-001 2.83485463130645E-001
51.8700741 2.74830937501394E-001 2.81998838292777E-001
51.9700606 2.73405553135336E-001 2.80522707502728E-001
52.0700434 2.71990226463544E-001 2.79057089032576E-001
52.1700263 2.70584814464867E-001 2.77601833047974E-001
52.2700130 2.69189176574123E-001 2.76156792300143E-001
52.3699959 2.67803332682712E-001 2.74721985702308E-001
52.4699827 2.66427091387964E-001 2.73297213428232E-001
52.5699658 2.65060472929410E-001 2.71882494790929E-001
52.6699489 2.63703340767907E-001 2.70477686820663E-001
52.7699359 2.62355560697763E-001 2.69082649002902E-001
52.8699192 2.61017153444932E-001 2.67697401210938E-001
52.9699063 2.59687935656346E-001 2.66321752115102E-001
53.0698897 2.58367928359449E-001 2.64955721937099E-001
53.1698731 2.57057001138076E-001 2.63599174187650E-001
53.2698603 2.55755025794306E-001 2.62251974710174E-001
53.3698439 2.54462023775334E-001 2.60914144213208E-001
53.4698313 2.53177819356558E-001 2.59585499414408E-001
53.5698149 2.51902434244310E-001 2.58266061324058E-001
53.6697986 2.50635743809631E-001 2.56955699574319E-001
53.7697861 2.49377625533415E-001 2.55654286014863E-001
53.8697699 2.48128101481207E-001 2.54361842076101E-001
53.9697576 2.46887003161853E-001 2.53078192101923E-001
54.0697415 2.45654352861582E-001 2.51803357782115E-001
54.1697254 2.44430031424426E-001 2.50537214534526E-001
54.2697133 2.43213921702219E-001 2.49279639886152E-001
54.3696973 2.42006046285450E-001 2.48030655886329E-001
54.4696852 2.40806243545656E-001 2.46790094110221E-001
54.5696694 2.39614536259116E-001 2.45557976828070E-001
54.6696536 2.38430810448607E-001 2.44334184929228E-001
54.7696417 2.37254954048576E-001 2.43118601310163E-001
54.8696260 2.36086990089698E-001 2.41911248545693E-001
54.9696142 2.34926763457987E-001 2.40711965071543E-001
55.0695986 2.33774297338250E-001 2.39520773648525E-001
55.1695831 2.32629482656296E-001 2.38337560343280E-001
55.2695714 2.31492212158992E-001 2.37162213133447E-001
55.3695560 2.30362509240315E-001 2.35994755034529E-001
55.4695444 2.29240224973512E-001 2.34835030994653E-001
55.5695291 2.28125382877983E-001 2.33683064183641E-001
55.6695138 2.27017878524064E-001 2.32538745569741E-001
55.7695023 2.25917609217678E-001 2.31401967941605E-001
55.8694872 2.24824598646397E-001 2.30272754678498E-001
55.9694758 2.23738703762978E-001 2.29150956913763E-001
56.0694607 2.22659948354402E-001 2.28036598152265E-001
56.1694457 2.21588232392997E-001 2.26929574005384E-001
56.2694345 2.20523457506020E-001 2.25829781819456E-001
56.3694196 2.19465647611480E-001 2.24737245267773E-001
56.4694085 2.18414665252099E-001 2.23651821361225E-001
56.5693936 2.17370534421730E-001 2.22573533872676E-001
56.6693788 2.16333159267016E-001 2.21502282814142E-001
56.7693678 2.15302445513369E-001 2.20437969851957E-001
56.8693531 2.14278417252042E-001 2.19380618890251E-001
56.9693423 2.13260942343119E-001 2.18330092527974E-001
57.0693276 2.12250044932375E-001 2.17286414745255E-001
57.1693130 2.11245633126905E-001 2.16249489727104E-001
57.2693023 2.10247616540620E-001 2.15219223236709E-001
57.3692878 2.09256019386272E-001 2.14195639351821E-001
57.4692772 2.08270714584509E-001 2.13178605986906E-001
57.5692628 2.07291726383323E-001 2.12168147274382E-001
57.6692484 2.06318966649264E-001 2.11164171358430E-001
57.7692379 2.05352348687672E-001 2.10166587889468E-001
57.8692236 2.04391896786026E-001 2.09175421067106E-001
57.9692132 2.03437488683483E-001 2.08190543864581E-001
58.0691990 2.02489148685344E-001 2.07211980516877E-001
58.1691849 2.01546792228588E-001 2.06239642926381E-001
58.2691746 2.00610336124651E-001 2.05273444433716E-001
58.3691605 1.99679804693495E-001 2.04313409313553E-001
58.4691503 1.98755080264509E-001 2.03359415355904E-001
58.5691363 1.97836187159762E-001 2.02411486853391E-001
58.6691224 1.96923044208805E-001 2.01469539277620E-001
58.7691123 1.96015571554763E-001 2.00533489474122E-001
58.8690985 1.95113793511981E-001 1.99603361750366E-001
58.9690885 1.94217596784673E-001 1.98679038484920E-001
59.0690747 1.93327005675125E-001 1.97760543987484E-001
59.1690610 1.92441942238013E-001 1.96847797121066E-001
59.2690511 1.91562329783946E-001 1.95940718061732E-001
59.3690374 1.90688192587328E-001 1.95039331111638E-001
59.4690277 1.89819421523821E-001 1.94143523022549E-001
59.5690141 1.88956040843024E-001 1.93253318084681E-001
59.6690006 1.88097975667011E-001 1.92368638385033E-001
59.7689909 1.87245152319178E-001 1.91489407266037E-001
59.8689774 1.86397595003117E-001 1.90615648990199E-001
59.9689678 1.85555198573822E-001 1.89747254479158E-001
60.0689545 1.84717987198630E-001 1.88884247970728E-001
60.1689411 1.83885888918349E-001 1.88026554618207E-001
60.2689316 1.83058832923360E-001 1.87174100775735E-001
60.3689184 1.82236843318723E-001 1.86326910635281E-001
60.4689090 1.81419818757183E-001 1.85484879096297E-001
60.5688958 1.80607783297277E-001 1.84648030314606E-001
60.6688827 1.79800667758367E-001 1.83816292361179E-001
60.7688734 1.78998404060313E-001 1.82989594456096E-001
60.8688603 1.78201016184799E-001 1.82167960693057E-001
60.9688511 1.77408406410619E-001 1.81351289767799E-001
61.0688381 1.76620598663744E-001 1.80539605727604E-001
61.1688251 1.75837526409832E-001 1.79732839420971E-001
61.2688160 1.75059124168482E-001 1.78930922796450E-001
61.3688031 1.74285415775784E-001 1.78133879824617E-001
61.4687941 1.73516306974131E-001 1.77341612825842E-001
61.5687813 1.72751821535697E-001 1.76554145715090E-001
61.6687685 1.71991895447589E-001 1.75771411986165E-001
61.7687596 1.71236465706668E-001 1.74993346186379E-001
61.8687469 1.70485555983609E-001 1.74219972140961E-001
61.9687381 1.69739075330635E-001 1.73451195632508E-001
62.0687254 1.68997047347204E-001 1.72687040422430E-001
62.1687128 1.68259410423963E-001 1.71927442525022E-001
62.2687041 1.67526103919352E-001 1.71172338963917E-001
62.3686916 1.66797151321007E-001 1.70421753399164E-001
62.4686829 1.66072464845348E-001 1.69675594921868E-001
62.5686704 1.65352067902312E-001 1.68933887120953E-001
62.6686580 1.64635901174675E-001 1.68196568413333E-001
62.7686494 1.63923906273140E-001 1.67463578183310E-001
62.8686371 1.63216106486675E-001 1.66734939908119E-001
62.9686286 1.62512417057914E-001 1.66010565841789E-001
63.0686163 1.61812861192396E-001 1.65290479383947E-001
63.1686040 1.61117381759699E-001 1.64574621242743E-001
63.2685918 1.60425948819109E-001 1.63862960122335E-001
63.3685872 1.59738480401120E-001 1.63155411185968E-001
63.4685751 1.59055051983771E-001 1.62452051648456E-001
63.5685630 1.58375581814431E-001 1.61752796906385E-001
63.6685509 1.57700040996856E-001 1.61057616763975E-001
63.7685388 1.57028400889204E-001 1.60366481293337E-001
63.8685344 1.56360582301011E-001 1.59679308560184E-001
63.9685224 1.55696658984434E-001 1.58996174010068E-001
64.0685105 1.55036551950487E-001 1.58316995925524E-001
64.1684986 1.54380233549049E-001 1.57641745422746E-001
64.2684867 1.53727676371598E-001 1.56970393872241E-001
64.3684824 1.53078803888484E-001 1.56302862117612E-001
64.4684706 1.52433688169343E-001 1.55639223879416E-001
64.5684588 1.51792252871647E-001 1.54979400202684E-001
64.6684470 1.51154471528880E-001 1.54323363449270E-001
64.7684353 1.50520317904059E-001 1.53671086222542E-001
64.8684312 1.49889718016129E-001 1.53022492025812E-001
64.9684195 1.49262742294616E-001 1.52377652897964E-001
65.0684079 1.48639316932204E-001 1.51736492529383E-001
65.1683963 1.48019416587033E-001 1.51098984465085E-001
65.2683847 1.47403016135401E-001 1.50465102479532E-001
65.3683808 1.46790044038284E-001 1.49834772623563E-001
65.4683692 1.46180569126564E-001 1.49208065296777E-001
65.5683578 1.45574520022472E-001 1.48584906723705E-001
65.6683463 1.44971872453206E-001 1.47965271573590E-001
65.7683349 1.44372602353375E-001 1.47349134733746E-001
65.8683311 1.43776640524755E-001 1.46736424696018E-001
65.9683197 1.43184054240097E-001 1.46127210262154E-001
66.0683084 1.42594774450784E-001 1.45521420085208E-001
66.1682971 1.42008777900592E-001 1.44919029903064E-001
66.2682858 1.41426041530574E-001 1.44320015660941E-001
66.3682821 1.40846498387084E-001 1.43724308190486E-001
66.4682709 1.40270214224310E-001 1.43131974736092E-001
66.5682597 1.39697122227349E-001 1.42542946278971E-001
66.6682485 1.39127200107013E-001 1.41957199573189E-001
66.7682374 1.38560425761819E-001 1.41374711570012E-001
66.8682339 1.37996734391213E-001 1.40795415344711E-001
66.9682228 1.37436190269445E-001 1.40219376623859E-001
67.0682118 1.36878728724561E-001 1.39646528621428E-001
67.1682007 1.36324328387619E-001 1.39076849058139E-001
67.2681897 1.35772968068333E-001 1.38510315842339E-001
67.3681864 1.35224585032216E-001 1.37946864201470E-001
67.4681754 1.34679242111268E-001 1.37386558382890E-001
67.5681645 1.34136876690133E-001 1.36829333742598E-001
67.6681536 1.33597468275897E-001 1.36275168921191E-001
67.7681428 1.33060996545756E-001 1.35724042737852E-001
67.8681396 1.32527400748473E-001 1.35175892485196E-001
67.9681288 1.31996742310553E-001 1.34630780969031E-001
68.0681180 1.31468960591055E-001 1.34088645601068E-001
68.1681072 1.30944035931296E-001 1.33549465897577E-001
68.2680965 1.30421948834623E-001 1.33013221544871E-001
68.3680934 1.29902640454203E-001 1.32479851817957E-001
68.4680827 1.29386170846896E-001 1.31949418117827E-001
68.5680721 1.28872481267912E-001 1.31421859829748E-001
68.6680615 1.28361552853276E-001 1.30897157303883E-001
68.7680509 1.27853366893398E-001 1.30375291052357E-001
68.8680479 1.27347866370761E-001 1.29856202253754E-001
68.9680374 1.26845110007514E-001 1.29339950940076E-001
69.0680269 1.26345040880476E-001 1.28826478391918E-001
69.1680164 1.25847640882988E-001 1.28315765753822E-001
69.2680059 1.25352892055540E-001 1.27807794324651E-001
69.3680031 1.24860739138386E-001 1.27302507111506E-001
69.4679927 1.24371239553010E-001 1.26799962812316E-001
69.5679823 1.23884338126807E-001 1.26300104528489E-001
69.6679719 1.23400017475043E-001 1.25802914161566E-001
69.7679615 1.22918260353286E-001 1.25308373760180E-001
69.8679589 1.22439013191366E-001 1.24816428088431E-001
69.9679486 1.21962332143277E-001 1.24327134544204E-001
70.0679383 1.21488163719268E-001 1.23840437978711E-001
70.1679281 1.21016491223023E-001 1.23356321015117E-001
70.2679178 1.20547298092049E-001 1.22874766416833E-001
70.3679153 1.20080532380729E-001 1.22395720636792E-001
70.4679051 1.19616249007871E-001 1.21919239805988E-001
70.5678949 1.19154396101999E-001 1.21445270457743E-001
70.6678848 1.18694957623485E-001 1.20973795903354E-001
70.7678747 1.18237917660377E-001 1.20504799587881E-001
70.8678723 1.17783225829589E-001 1.20038229588092E-001
70.9678622 1.17330935846206E-001 1.19574140800378E-001
71.0678522 1.16880997395415E-001 1.19112481375620E-001
71.1678422 1.16433395064207E-001 1.18653235281523E-001
71.2678322 1.15988113561426E-001 1.18196386613411E-001
71.3678299 1.15545104007331E-001 1.17741885009893E-001
71.4678200 1.15104418943916E-001 1.17289784164199E-001
71.5678100 1.14666009554232E-001 1.16840033783184E-001
71.6678002 1.14229861023388E-001 1.16392618460903E-001
71.7677903 1.13795958652827E-001 1.15947522913211E-001
71.8677881 1.13364255009655E-001 1.15504698281393E-001
71.9677783 1.12934801492598E-001 1.15064197086137E-001
72.0677685 1.12507550726430E-001 1.14625970531495E-001
72.1677587 1.12082488467358E-001 1.14190003809383E-001
72.2677489 1.11659600582684E-001 1.13756282227999E-001
72.3677468 1.11238841032410E-001 1.13324758374831E-001
72.4677371 1.10820260101018E-001 1.12895483627829E-001
72.5677275 1.10403811801391E-001 1.12468410632127E-001
72.6677178 1.09989482435199E-001 1.12043525150490E-001
72.7677082 1.09577258410245E-001 1.11620813056731E-001
72.8677062 1.09167095027884E-001 1.11200228330611E-001
72.9676966 1.08759041486602E-001 1.10781821236352E-001
73.0676870 1.08353053136170E-001 1.10365545806579E-001
73.1676774 1.07949116799399E-001 1.09951388349281E-001
73.2676679 1.07547219400519E-001 1.09539335278532E-001
73.3676660 1.07147317532993E-001 1.09129341914850E-001
73.4676565 1.06749459336799E-001 1.08721457436963E-001
73.5676471 1.06353601449634E-001 1.08315637213781E-001
73.6676376 1.05959731192368E-001 1.07911868074208E-001
73.7676282 1.05567835982810E-001 1.07510136948519E-001
73.8676264 1.05177873659450E-001 1.07110400448759E-001
73.9676171 1.04789891330503E-001 1.06712706695634E-001
74.0676077 1.04403846874789E-001 1.06317012345407E-001
74.1675984 1.04019728089312E-001 1.05923304724815E-001
74.2675890 1.03637522863767E-001 1.05531571257498E-001
74.3675874 1.03257190236649E-001 1.05141769799968E-001
74.4675781 1.02878776310430E-001 1.04753947441640E-001
74.5675688 1.02502240160290E-001 1.04368062079341E-001
74.6675596 1.02127570038544E-001 1.03984101515734E-001
74.7675504 1.01754754286163E-001 1.03602053646132E-001
74.8675488 1.01383753098581E-001 1.03221877526515E-001
74.9675396 1.01014611597844E-001 1.02843619241013E-001
75.0675305 1.00647290012659E-001 1.02467237882274E-001
75.1675213 1.00281777030873E-001 1.02092721708070E-001
75.2675122 9.99180614251493E-002 1.01720059064790E-001
75.3675108 9.95561045066471E-002 1.01349210164829E-001
75.4675017 9.91959504416113E-002 1.00980220112337E-001
75.5674926 9.88375605712933E-002 1.00613049152972E-001
75.6674836 9.84809240002638E-002 1.00247685979840E-001
75.7674746 9.81260299142630E-002 9.98841193708281E-002
75.8674732 9.77728407007298E-002 9.95223106535570E-002
75.9674642 9.74213995940607E-002 9.91623039768075E-002
76.0674553 9.70716690088119E-002 9.88040606982780E-002
76.1674463 9.67236384483999E-002 9.84475699276131E-002
76.2674374 9.63772974939413E-002 9.80928208555901E-002
76.3674361 9.60326095713814E-002 9.77397758856232E-002
76.4674273 9.56896170065676E-002 9.73884782350654E-002
76.5674184 9.53482832497846E-002 9.70388903344358E-002
76.6674096 9.50085981862895E-002 9.66910016920441E-002
76.7674007 9.46705517757389E-002 9.63448018938654E-002
76.8673996 9.43341084464050E-002 9.60002543813511E-002
76.9673908 9.39993096382476E-002 9.56574014637140E-002
77.0673820 9.36661198012835E-002 9.53162066067336E-002
77.1673732 9.33345291864317E-002 9.49766597003871E-002
77.2673645 9.30045281158697E-002 9.46387507090174E-002
77.3673634 9.26760819855313E-002 9.43024440759499E-002
77.4673547 9.23492313715297E-002 9.39677812249072E-002
77.5673461 9.20239416891206E-002 9.36347266209486E-002
77.6673374 9.17002035394869E-002 9.33032705195466E-002
77.7673288 9.13780075920810E-002 9.29734032473999E-002
77.8673278 9.10573201772734E-002 9.26450902150576E-002
77.9673192 9.07381810287682E-002 9.23183719827819E-002
78.0673106 9.04205564939964E-002 9.19932139804345E-002
78.1673020 9.01044375097463E-002 9.16696068135915E-002
78.2672935 8.97898150782291E-002 9.13475411560673E-002
78.3672925 8.94766564323995E-002 9.10269833524254E-002
78.4672840 8.91650004844015E-002 9.07079731208941E-002
78.5672755 8.88548144821392E-002 9.03904768230884E-002
78.6672671 8.85460896840467E-002 9.00744854000357E-002
78.7672586 8.82388174112700E-002 8.97599898581566E-002
78.8672578 8.79329657688000E-002 8.94469574441896E-002
78.9672493 8.76285728674988E-002 8.91354270551688E-002
79.0672409 8.73256068253366E-002 8.88253659527740E-002
79.1672325 8.70240592090962E-002 8.85167653995305E-002
79.2672242 8.67239216456885E-002 8.82096167206467E-002
79.3672234 8.64251630828364E-002 8.79038880345026E-002
79.4672151 8.61278208498416E-002 8.75996174372051E-002
79.5672068 8.58318639055686E-002 8.72967730601063E-002
79.6671985 8.55372841124771E-002 8.69953464739374E-002
79.7671902 8.52440733906940E-002 8.66953293095307E-002
79.8671895 8.49522015025534E-002 8.63966905276162E-002
79.9671813 8.46617050149787E-002 8.60994674430863E-002
80.0671730 8.43725536997313E-002 8.58036290278056E-002
80.1671648 8.40847397028712E-002 8.55091671480460E-002
80.2671566 8.37982552257784E-002 8.52160737277194E-002
80.3671560 8.35130708184071E-002 8.49243185417984E-002
80.4671478 8.32292223039572E-002 8.46339381431324E-002
80.5671397 8.29466802402126E-002 8.43449023161154E-002
80.6671315 8.26654370453180E-002 8.40572032104874E-002
80.7671234 8.23854851904999E-002 8.37708330312824E-002
80.8671229 8.21067959874176E-002 8.34857623407367E-002
80.9671148 8.18294045336923E-002 8.32020269483031E-002
81.0671067 8.15532821473232E-002 8.29195974240417E-002
81.1670987 8.12784215075577E-002 8.26384661896503E-002
81.2670906 8.10048153445903E-002 8.23586257198844E-002
81.3670902 8.07324357068957E-002 8.20800473383398E-002
81.4670822 8.04613169841644E-002 8.18027661292086E-002
81.5670742 8.01914312298234E-002 8.15267534224218E-002
81.6670662 7.99227713737461E-002 8.12520019006582E-002
81.7670583 7.96553303947163E-002 8.09785042975202E-002
81.8670579 7.93890810541129E-002 8.07062326730852E-002
81.9670500 7.91240570508620E-002 8.04352214039245E-002
82.0670421 7.88602311500026E-002 8.01654425550632E-002
82.1670342 7.85975965220370E-002 7.98968890596893E-002
82.2670263 7.83361463844333E-002 7.96295538998775E-002
82.3670260 7.80758541884982E-002 7.93634098482876E-002
82.4670182 7.78167529590898E-002 7.90984905910265E-002
82.5670103 7.75588161499726E-002 7.88347689044101E-002
82.6670025 7.73020371627342E-002 7.85722379621418E-002
82.7669947 7.70464094440724E-002 7.83108909848688E-002
82.8669945 7.67919071131366E-002 7.80507014348663E-002
82.9669867 7.65385625369587E-002 7.77917023244668E-002
83.0669790 7.62863498360262E-002 7.75338671183993E-002
83.1669712 7.60352626339017E-002 7.72771892213444E-002
83.2669635 7.57852945974847E-002 7.70216620830712E-002
83.3669634 7.55364204925330E-002 7.67672598333953E-002
83.4669556 7.52886720440510E-002 7.65140148271081E-002
83.5669479 7.50420240180946E-002 7.62619011953605E-002
83.6669403 7.47964702514987E-002 7.60109125647030E-002
83.7669326 7.45520046227427E-002 7.57610426050029E-002
83.8669326 7.43086025237715E-002 7.55122660923922E-002
83.9669249 7.40662950529315E-002 7.52646147399123E-002
84.0669173 7.38250576014991E-002 7.50180633239903E-002
84.1669097 7.35848842112694E-002 7.47726056843489E-002
84.2669021 7.33457689640637E-002 7.45282357023352E-002
84.3669022 7.31076878583698E-002 7.42849287799854E-002
84.4668946 7.28706713808278E-002 7.40427160039531E-002
84.5668870 7.26346955283596E-002 7.38015727756038E-002
84.6668795 7.23997545397766E-002 7.35614931395230E-002
84.7668720 7.21658426923710E-002 7.33224711803041E-002
84.8668721 7.19329365722710E-002 7.30844829062523E-002
84.9668646 7.17010660689569E-002 7.28475587925779E-002
85.0668571 7.14702077661589E-002 7.26116748460185E-002
85.1668496 7.12403560921124E-002 7.23768253080830E-002
85.2668422 7.10115055120560E-002 7.21430044587427E-002
85.3668424 7.07836331815657E-002 7.19101888936782E-002
85.4668349 7.05567684071156E-002 7.16784084911967E-002
85.5668275 7.03308883411115E-002 7.14476398445789E-002
85.6668201 7.01059875939547E-002 7.12178773846681E-002
85.7668127 6.98820608116361E-002 7.09891155792930E-002
85.8668130 6.96590857016656E-002 7.07613315933254E-002
85.9668056 6.94370910012812E-002 7.05345547223154E-002
86.0667983 6.92160544141079E-002 7.03087621279636E-002
86.1667909 6.89959707257711E-002 7.00839484231924E-002
86.2667836 6.87768347561342E-002 6.98601082564971E-002
86.3667839 6.85586247477759E-002 6.96372193444349E-002
86.4667766 6.83413688820976E-002 6.94153104135629E-002
86.5667694 6.81250453971320E-002 6.91943591765526E-002
86.6667621 6.79096492470885E-002 6.89743604214673E-002
86.7667548 6.76951754191221E-002 6.87553089705922E-002
86.8667552 6.74816026746360E-002 6.85371830753126E-002
86.9667480 6.72689586522343E-002 6.83200109065856E-002
87.0667408 6.70572221081630E-002 6.81037707112502E-002
87.1667336 6.68463881588632E-002 6.78884574458735E-002
87.2667264 6.66364519524837E-002 6.76740660999524E-002
87.3667268 6.64273927536032E-002 6.74605754434639E-002
87.4667197 6.62192376707168E-002 6.72480131047984E-002
87.5667125 6.60119659626817E-002 6.70363578487753E-002
87.6667054 6.58055729020906E-002 6.68256047941161E-002
87.7666983 6.56000537920595E-002 6.66157490912349E-002
87.8666988 6.53953883852615E-002 6.64067700130584E-002
87.9666917 6.51916032724321E-002 6.61986946580925E-002
88.0666846 6.49886782000031E-002 6.59915022935424E-002
88.1666775 6.47866085908986E-002 6.57851881942065E-002
88.2666705 6.45853898974322E-002 6.55797476653924E-002
88.3666710 6.43850023458360E-002 6.53751604679023E-002
88.4666640 6.41854720211048E-002 6.51714531827017E-002
88.5666570 6.39867791427503E-002 6.49686055643513E-002
88.6666500 6.37889192784558E-002 6.47666130379097E-002
88.7666429 6.35918880242079E-002 6.45654710578108E-002
88.8666436 6.33956660657836E-002 6.43651598582037E-002
88.9666366 6.32002789941357E-002 6.41657055145261E-002
89.0666296 6.30057074878808E-002 6.39670882542075E-002
89.1666227 6.28119472541241E-002 6.37693036469961E-002
89.2666157 6.26189940272343E-002 6.35723472909303E-002
89.3666164 6.24268289390194E-002 6.33761998794986E-002
89.4666095 6.22354770977775E-002 6.31808869943047E-002
89.5666026 6.20449196277528E-002 6.29863893216775E-002
89.6665957 6.18551523703599E-002 6.27927025707207E-002
89.7665889 6.16661711932805E-002 6.25998224777884E-002
89.8665896 6.14779576613188E-002 6.24077301822012E-002
89.9665828 6.12905364112041E-002 6.22164507831106E-002
90.0665759 6.11038889998072E-002 6.20259654122740E-002
90.1665691 6.09180113979534E-002 6.18362699130403E-002
90.2665622 6.07328996017804E-002 6.16473601550129E-002
90.3665631 6.05485355965136E-002 6.14592177103157E-002
90.4665563 6.03649435581050E-002 6.12718672067285E-002
90.5665495 6.01821054635090E-002 6.10852902084425E-002
90.6665427 6.00000174082669E-002 6.08994826881555E-002
90.7665359 5.98186755123167E-002 6.07144406438654E-002
90.8665368 5.96380621691705E-002 6.05301460679300E-002
90.9665301 5.94582011045102E-002 6.03466231275443E-002
91.0665233 5.92790747032689E-002 6.01638538067961E-002
91.1665166 5.91006791812032E-002 5.99818342030395E-002
91.2665099 5.89230107775888E-002 5.98005604380134E-002
91.3665108 5.87460522825123E-002 5.96200149121809E-002
91.4665041 5.85698269816157E-002 5.94402213426542E-002
91.5664975 5.83943176561269E-002 5.92611621213188E-002
91.6664908 5.82195206377026E-002 5.90828334656863E-002
91.7664842 5.80454322806768E-002 5.89052316167764E-002
91.8664851 5.78720357604033E-002 5.87283393714502E-002
91.9664785 5.76993539324466E-002 5.85521800069633E-002
92.0664719 5.75273699630487E-002 5.83767363113200E-002
92.1664653 5.73560802956276E-002 5.82020046178764E-002
92.2664587 5.71854813954713E-002 5.80279812826551E-002
92.3664597 5.70155568122833E-002 5.78546494876144E-002
92.4664531 5.68463289812513E-002 5.76820320801101E-002
92.5664466 5.66777814427383E-002 5.75101122329902E-002
92.6664400 5.65099107479532E-002 5.73388863913184E-002
92.7664335 5.63427134692012E-002 5.71683510220184E-002
92.8664346 5.61761735199908E-002 5.69984896812324E-002
92.9664281 5.60103129245804E-002 5.68293247961131E-002
93.0664215 5.58451155869326E-002 5.66608399134642E-002
93.1664150 5.56805781622384E-002 5.64930315860888E-002
93.2664086 5.55166973260420E-002 5.63258963878763E-002
93.3664097 5.53534573454705E-002 5.61594182386129E-002
93.4664032 5.51908798430554E-002 5.59936191546923E-002
93.5663968 5.50289490761937E-002 5.58284830463564E-002
93.6663903 5.48676618004034E-002 5.56640065703410E-002
93.7663839 5.47070147908416E-002 5.55001864037248E-002
93.8663851 5.45469926584124E-002 5.53370068197570E-002
93.9663787 5.43876166328829E-002 5.51744894332694E-002
94.0663723 5.42288713152632E-002 5.50126185077828E-002
94.1663659 5.40707535578886E-002 5.48513908003116E-002
94.2663595 5.39132602320495E-002 5.46908030874998E-002
94.3663607 5.37563762829152E-002 5.45308399862222E-002
94.4663544 5.36001225562194E-002 5.43715227187075E-002
94.5663480 5.34444839870923E-002 5.42128358919382E-002
94.6663417 5.32894575213185E-002 5.40547763597000E-002
94.7663353 5.31350401229793E-002 5.38973409947238E-002
94.8663366 5.29812170623158E-002 5.37405147480028E-002
94.9663303 5.28280088095333E-002 5.35843184578893E-002
95.0663240 5.26754006247069E-002 5.34287370653400E-002
95.1663177 5.25233895438345E-002 5.32737675175440E-002
95.2663114 5.23719726205796E-002 5.31194067799792E-002
95.3663128 5.22211354413665E-002 5.29656401285680E-002
95.4663065 5.20708981091588E-002 5.28124880262879E-002
95.5663002 5.19212462001042E-002 5.26599357388974E-002
95.6662940 5.17721768373069E-002 5.25079803037564E-002
95.7662878 5.16236871609299E-002 5.23566187758815E-002
95.8662892 5.14757630649856E-002 5.22058367472401E-002
95.9662829 5.13284242932698E-002 5.20556543137177E-002
96.0662767 5.11816567294235E-002 5.19060570570071E-002
96.1662705 5.10354575806714E-002 5.17570421015325E-002
96.2662643 5.08898240707150E-002 5.16086065887689E-002
96.3662658 5.07447423928418E-002 5.14607364181372E-002
96.4662596 5.06002319395467E-002 5.13134513265010E-002
96.5662535 5.04562788936655E-002 5.11667372029123E-002
96.6662473 5.03128805436757E-002 5.10205912558756E-002
96.7662412 5.01700341939706E-002 5.08750107103640E-002
96.8662427 5.00277263290714E-002 5.07299817649432E-002
96.9662365 4.98859759978391E-002 5.05855238053186E-002
97.0662304 4.97447696742758E-002 5.04416230196062E-002
97.1662243 4.96041047253546E-002 5.02982766975244E-002
97.2662182 4.94639785334259E-002 5.01554821446996E-002
97.3662198 4.93243778664639E-002 5.00132258508045E-002
97.4662137 4.91853214371667E-002 4.98715268580493E-002
97.5662076 4.90467960029352E-002 4.97303716455899E-002
97.6662016 4.89087990065878E-002 4.95897575816028E-002
97.7661955 4.87713279058024E-002 4.94496820496339E-002
97.8661971 4.86343697444767E-002 4.93101318226857E-002
97.9661911 4.84979429064283E-002 4.91711256069415E-002
98.0661851 4.83620344249386E-002 4.90326501648329E-002
98.1661791 4.82266418161232E-002 4.88947029403451E-002
98.2661730 4.80917626104599E-002 4.87572813923158E-002
98.3661747 4.79573841204812E-002 4.86203725695510E-002
98.4661687 4.78235244082223E-002 4.84839948494862E-002
98.5661627 4.76901707755682E-002 4.83481352703138E-002
98.6661568 4.75573208094816E-002 4.82127913492813E-002
98.7661508 4.74249721108085E-002 4.80779606179913E-002
98.8661525 4.72931122536605E-002 4.79436303937684E-002
98.9661465 4.71617589852100E-002 4.78098187323950E-002
99.0661406 4.70308998689002E-002 4.76765129405510E-002
99.1661347 4.69005325601837E-002 4.75437106062969E-002
99.2661288 4.67706547279360E-002 4.74114093315698E-002
99.3661305 4.66412542010166E-002 4.72795966951609E-002
99.4661246 4.65123484184800E-002 4.71482904381156E-002
99.5661187 4.63839251985056E-002 4.70174781285591E-002
99.6661128 4.62559822627686E-002 4.68871574230092E-002
99.7661070 4.61285173459241E-002 4.67573259914001E-002
99.8661087 4.60015185249631E-002 4.66279716671608E-002
99.9661029 4.58750029373986E-002 4.64991118833422E-002
100.0660970 4.57489586495391E-002 4.63707344626960E-002
100.1660912 4.56233834471006E-002 4.62428371279308E-002
100.2660854 4.54982751283527E-002 4.61154176147290E-002
100.3660872 4.53736220120092E-002 4.59884640045443E-002
100.4660814 4.52494409404544E-002 4.58619934290068E-002
100.5660756 4.51257202217251E-002 4.57359939588902E-002
100.6660698 4.50024577034787E-002 4.56104633809135E-002
100.7660640 4.48796512455156E-002 4.54853994943433E-002
100.8660658 4.47572894020635E-002 4.53607906222522E-002
100.9660601 4.46353887266309E-002 4.52366536012591E-002
101.0660543 4.45139377627821E-002 4.51129767437625E-002
101.1660486 4.43929344180946E-002 4.49897578983930E-002
101.2660428 4.42723766118937E-002 4.48669949259185E-002
101.3660447 4.41522531279054E-002 4.47446763848250E-002
101.4660390 4.40325802368598E-002 4.46228188229701E-002
101.5660333 4.39133467118401E-002 4.45014107881790E-002
101.6660275 4.37945505183979E-002 4.43804501889739E-002
101.7660218 4.36761896334524E-002 4.42599349456192E-002
101.8660238 4.35582530643974E-002 4.41398538460010E-002
101.9660181 4.34407568051318E-002 4.40202231553107E-002
102.0660124 4.33236898524338E-002 4.39010316507942E-002
102.1660067 4.32070502279556E-002 4.37822772989201E-002
102.2660011 4.30908359643505E-002 4.36639580775196E-002
102.3660031 4.29750362870287E-002 4.35460629980508E-002
102.4659974 4.28596669188584E-002 4.34286080489835E-002
102.5659918 4.27447170746678E-002 4.33115822311632E-002
102.6659861 4.26301848304050E-002 4.31949835671327E-002
102.7659805 4.25160682726662E-002 4.30788100904301E-002
102.8659825 4.24023568393994E-002 4.29630510304378E-002
102.9659769 4.22890659881000E-002 4.28477221047015E-002
103.0659713 4.21761851461731E-002 4.27328125320240E-002
103.1659657 4.20637124421243E-002 4.26183203892179E-002
103.2659601 4.19516460147674E-002 4.25042437637388E-002
103.3659622 4.18399755092757E-002 4.23905720974167E-002
103.4659566 4.17287161232913E-002 4.22773208425286E-002
103.5659511 4.16178574914892E-002 4.21644794303642E-002
103.6659455 4.15073977932575E-002 4.20520459902687E-002
103.7659400 4.13973352179654E-002 4.19400186618903E-002
103.8659421 4.12876596128595E-002 4.18283870941966E-002
103.9659365 4.11783859211131E-002 4.17171664797131E-002
104.0659310 4.10695039795243E-002 4.16063464569118E-002
104.1659255 4.09610120167501E-002 4.14959252059963E-002
104.2659200 4.08529082711124E-002 4.13859009171459E-002
104.3659221 4.07451827869344E-002 4.12762634413162E-002
104.4659166 4.06378502581746E-002 4.11670277166638E-002
104.5659112 4.05309007187613E-002 4.10581835836982E-002
104.6659057 4.04243324450647E-002 4.09497292718682E-002
104.7659002 4.03181437228160E-002 4.08416630202832E-002
104.8659024 4.02123247885669E-002 4.07339748768918E-002
104.9658969 4.01068900921872E-002 4.06266795307332E-002
105.0658915 4.00018298598923E-002 4.05197670193641E-002
105.1658860 3.98971424142660E-002 4.04132356199240E-002
105.2658806 3.97928260869602E-002 4.03070836189087E-002
105.3658828 3.96888713020517E-002 4.02013012564148E-002
105.4658774 3.95852922703242E-002 4.00959029774879E-002
105.5658720 3.94820794055799E-002 3.99908790118906E-002
105.6658666 3.93792310751713E-002 3.98862276829545E-002
105.7658612 3.92767456552354E-002 3.97819473230742E-002
105.8658634 3.91746137528098E-002 3.96780283597925E-002
105.9658580 3.90728493444737E-002 3.95744849991618E-002
106.0658527 3.89714430270560E-002 3.94713076584533E-002
106.1658473 3.88703932112831E-002 3.93684947057455E-002
106.2658419 3.87696983163935E-002 3.92660445178973E-002
106.3658442 3.86693491279555E-002 3.91639477053357E-002
106.4658389 3.85693593931086E-002 3.90622182399995E-002
106.5658335 3.84697198872811E-002 3.89608467221098E-002
106.6658282 3.83704290632294E-002 3.88598315630985E-002
106.7658229 3.82714853819584E-002 3.87591711829058E-002
106.8658252 3.81728798032665E-002 3.86588563704144E-002
106.9658199 3.80746258495047E-002 3.85589008682127E-002
107.0658146 3.79767144704028E-002 3.84592954550462E-002
107.1658093 3.78791441594503E-002 3.83600385843570E-002
107.2658040 3.77819134181313E-002 3.82611287178321E-002
107.3658063 3.76850133762989E-002 3.81625568185117E-002
107.4658011 3.75884573360551E-002 3.80643364042821E-002
107.5657958 3.74922364172593E-002 3.79664584281182E-002
107.6657905 3.73963491528824E-002 3.78689213841757E-002
107.7657853 3.73007940836454E-002 3.77717237746015E-002
107.8657877 3.72055625054023E-002 3.76748567324201E-002
107.9657824 3.71106675044376E-002 3.75783335553534E-002
108.0657772 3.70161003666884E-002 3.74821453664351E-002
108.1657720 3.69218596634002E-002 3.73862906992840E-002
108.2657667 3.68279439733320E-002 3.72907680952653E-002
108.3657692 3.67343447544009E-002 3.71955688533351E-002
108.4657639 3.66410748814012E-002 3.71007060554814E-002
108.5657587 3.65481258024127E-002 3.70061709907464E-002
108.6657536 3.64554961257898E-002 3.69119622310053E-002
108.7657484 3.63631844671727E-002 3.68180783556434E-002
108.8657508 3.62711824427175E-002 3.67245108256131E-002
108.9657456 3.61795027199528E-002 3.66312725114930E-002
109.0657405 3.60881369052785E-002 3.65383548644009E-002
