0.0053140 1.01576816422863E+001 3.18778596669423E+003
0.0210792 3.89029962762959E+001 3.11394817983816E+003
0.0467942 8.16191605233476E+001 2.99844017287859E+003
0.0817065 1.32194692025234E+002 2.85079098009676E+003
0.1249105 1.84569034196829E+002 2.68149208287615E+003
0.1754417 2.33847835130728E+002 2.50043846249828E+003
0.2323515 2.76777160267773E+002 2.31594729318382E+003
0.2947571 3.11690844265586E+002 2.13436691647156E+003
0.3618673 3.38171598701344E+002 1.96012003179632E+003
0.4329916 3.56637550626427E+002 1.79598292008223E+003
0.5075377 3.67977040990416E+002 1.64344929400164E+003
0.5850032 3.73278222725128E+002 1.50308189786720E+003
0.6649650 3.73653138744405E+002 1.37480983742934E+003
0.7470680 3.70137040901224E+002 1.25815826857897E+003
0.8310139 3.63640120630644E+002 1.15241745022421E+003
0.9165527 3.54932264916229E+002 1.05675917704364E+003
1.0034738 3.44646670675373E+002 9.70314991788917E+002
1.0915995 3.33292970182270E+002 8.92225979943769E+002
1.1807797 3.21274029878787E+002 8.21672267309542E+002
1.2708868 3.08903358968048E+002 7.57889969056939E+002
1.3618115 2.96421182348484E+002 7.00178395387550E+002
1.4534610 2.84008540214549E+002 6.47901690150172E+002
1.5457546 2.71799465187343E+002 6.00487952306917E+002
1.6386236 2.59890715225724E+002 5.57424742320689E+002
1.7320075 2.48350115499012E+002 5.18255402507656E+002
1.8258543 2.37222886294221E+002 4.82573318295920E+002
1.9201186 2.26536939670969E+002 4.50017247691597E+002
2.0147601 2.16307075218946E+002 4.20266703113312E+002
2.1097440 2.06538051105734E+002 3.93036937082715E+002
2.2050388 1.97227322521799E+002 3.68075408845613E+002
2.3006174 1.88366859116682E+002 3.45157611019425E+002
2.3964555 1.79944759017367E+002 3.24083975409054E+002
2.4925310 1.71946493298546E+002 3.04677061403015E+002
2.5888248 1.64355681455945E+002 2.86778615253179E+002
2.6853193 1.57154941546207E+002 2.70247652420118E+002
2.7819988 1.50326289358080E+002 2.54958137118530E+002
2.8788497 1.43851592993644E+002 2.40797357151445E+002
2.9758588 1.37712908713987E+002 2.27664462470652E+002
3.0730149 1.31892588611887E+002 2.15468876482786E+002
3.1703074 1.26373549896730E+002 2.04129356392681E+002
3.2677268 1.21139280263337E+002 1.93572739141957E+002
3.3652646 1.16173962035553E+002 1.83733142684925E+002
3.4629133 1.11462476143419E+002 1.74551088040215E+002
3.5606650 1.06990509842967E+002 1.65972963092413E+002
3.6585133 1.02744425352274E+002 1.57950137012943E+002
3.7564523 9.87113425458578E+001 1.50438589058425E+002
3.8544764 9.48790991676982E+001 1.43398378824354E+002
3.9525810 9.12362112134304E+001 1.36793187844705E+002
4.0507604 8.77719147764729E+001 1.30590065058079E+002
4.1490108 8.44760325935496E+001 1.24758902943317E+002
4.2473280 8.13390135936207E+001 1.19272268209870E+002
4.3457083 7.83518836871022E+001 1.14105105414859E+002
4.4441489 7.55062011298707E+001 1.09234479782368E+002
4.5426454 7.27940791993645E+001 1.04639459772919E+002
4.6411954 7.02080747182337E+001 1.00300791631156E+002
4.7397961 6.77412138807224E+001 9.62008272974567E+001
4.8384450 6.53869504682372E+001 9.23233518475961E+001
4.9371399 6.31391287835468E+001 8.86534334082087E+001
5.0358779 6.09920007664730E+001 8.51773728977892E+001
5.1346571 5.89401378410727E+001 8.18824920974270E+001
5.2334756 5.69784517363809E+001 7.87571083813057E+001
5.3323316 5.51021623223688E+001 7.57904302008268E+001
5.4312238 5.33067693300677E+001 7.29724660353157E+001
5.5301496 5.15880675460770E+001 7.02940071187287E+001
5.6291079 4.99420780039741E+001 6.77464833951440E+001
5.7280973 4.83650662488746E+001 6.53219605247522E+001
5.8271164 4.68535183171123E+001 6.30130741481816E+001
5.9261644 4.54041197094747E+001 6.08129725689699E+001
6.0252392 4.40137694307420E+001 5.87153154895091E+001
6.1243401 4.26795261305569E+001 5.67141723285155E+001
6.2234659 4.13986244498855E+001 5.48040294078745E+001
6.3226158 4.01684571699830E+001 5.29797471191935E+001
6.4217891 3.89865596251324E+001 5.12365225638298E+001
6.5209840 3.78506226332127E+001 4.95698957529110E+001
6.6202001 3.67584499534094E+001 4.79756754280753E+001
6.7194366 3.57079728937111E+001 4.64499504326208E+001
6.8186927 3.46972369613526E+001 4.49890608688689E+001
6.9179682 3.37243902240169E+001 4.35895729438422E+001
7.0172613 3.27876950734774E+001 4.22482883026992E+001
7.1165720 3.18854942386263E+001 4.09621883602090E+001
7.2158999 3.10162196893094E+001 3.97284411368365E+001
7.3152432 3.01784028831798E+001 3.85444100512107E+001
7.4146030 2.93706252815384E+001 3.74075788428810E+001
7.5139770 2.85915732680206E+001 3.63156245816373E+001
7.6133666 2.78399720878898E+001 3.52663205362648E+001
7.7127702 2.71146344590741E+001 3.42576006600879E+001
7.8121865 2.64144333352313E+001 3.32875178505458E+001
7.9116168 2.57382794283194E+001 3.23542098526830E+001
8.0110589 2.50851640395290E+001 3.14559556748392E+001
8.1105143 2.44541043004893E+001 3.05910973962733E+001
8.2099815 2.38441843994934E+001 2.97580945804724E+001
8.3094593 2.32545332463429E+001 2.89554912851851E+001
8.4089492 2.26843059415523E+001 2.81818889786410E+001
8.5084489 2.21327202714707E+001 2.74359943396493E+001
8.6079599 2.15990109113407E+001 2.67165554533462E+001
8.7074812 2.10824645784063E+001 2.60224078825879E+001
8.8070112 2.05824015275409E+001 2.53524481629293E+001
8.9065517 2.00981601166543E+001 2.47056119278919E+001
9.0061006 1.96291280628897E+001 2.40809145548502E+001
9.1056593 1.91747038255376E+001 2.34773984842679E+001
9.2052267 1.87343267365805E+001 2.28941723920385E+001
9.3048016 1.83074615249795E+001 2.23303895899107E+001
9.4043856 1.78935853400760E+001 2.17852301028452E+001
9.5039766 1.74922146532877E+001 2.12579353767614E+001
9.6035763 1.71028724494652E+001 2.07477643295420E+001
9.7031836 1.67251141814251E+001 2.02540268102629E+001
9.8027972 1.63585147153430E+001 1.97760657777709E+001
9.9024188 1.60026573275877E+001 1.93132424327117E+001
10.0020464 1.56571569687600E+001 1.88649659877683E+001
10.1016817 1.53216321968981E+001 1.84306566654861E+001
10.2013235 1.49957276418243E+001 1.80097744128979E+001
10.3009707 1.46791029061294E+001 1.76018040366467E+001
10.4006251 1.43714231631291E+001 1.72062427348918E+001
10.5002846 1.40723793670702E+001 1.68226257494637E+001
10.5999509 1.37816640901984E+001 1.64504949564154E+001
10.6996230 1.34989910553513E+001 1.60894236254617E+001
10.7992996 1.32240856317958E+001 1.57390039014795E+001
10.8989827 1.29566767448949E+001 1.53988362491399E+001
10.9986702 1.26965145102181E+001 1.50685516573171E+001
11.0983637 1.24433493097274E+001 1.47477847800756E+001
11.1980623 1.21969488495763E+001 1.44361953848650E+001
11.2977649 1.19570899682122E+001 1.41334577195635E+001
11.3974732 1.17235516302772E+001 1.38392515010436E+001
11.4971853 1.14961303773772E+001 1.35532812208676E+001
11.5969029 1.12746221112901E+001 1.32752530239457E+001
11.6966250 1.10588370527205E+001 1.30048933720127E+001
11.7963505 1.08485926380340E+001 1.27419399428711E+001
11.8960812 1.06437074167168E+001 1.24861338793139E+001
11.9958151 1.04440146432042E+001 1.22372366469468E+001
12.0955540 1.02493463375824E+001 1.19950100093089E+001
12.1952970 1.00595464557693E+001 1.17592323386012E+001
12.2950428 9.87446469619731E+000 1.15296907725001E+001
12.3947934 9.69395115593409E+000 1.13061745023230E+001
12.4945468 9.51786833274982E+000 1.10884895544457E+001
12.5943047 9.34607711384447E+000 1.08764413506830E+001
12.6940662 9.17844841520689E+000 1.06698490220608E+001
12.7938302 9.01485775420462E+000 1.04685386071245E+001
12.8935986 8.85518054710149E+000 1.02723372047593E+001
12.9933693 8.69930274574719E+000 1.00810859864708E+001
13.0931443 8.54710846790882E+000 9.89462493056717E+000
13.1929224 8.39849032079123E+000 9.71280543327963E+000
13.2927027 8.25334462245168E+000 9.53548437666327E+000
13.3924871 8.11156724502066E+000 9.36251900666046E+000
13.4922734 7.97306307389234E+000 9.19377843146510E+000
13.5920637 7.83773504330363E+000 9.02913019544815E+000
13.6918568 7.70549332414458E+000 8.86845143214722E+000
13.7916517 7.57625109829352E+000 8.71162366362297E+000
13.8914504 7.44992086884334E+000 8.55852829129893E+000
13.9912508 7.32642289979625E+000 8.40905679331396E+000
14.0910548 7.20567546059935E+000 8.26309886481089E+000
14.1908615 7.08760302983955E+000 8.12055231686300E+000
14.2906697 6.97213254337787E+000 7.98131849526317E+000
14.3904813 6.85919010639597E+000 7.84529829257056E+000
14.4902944 6.74870854704077E+000 7.71240122282347E+000
14.5901109 6.64061870592597E+000 7.58253490283003E+000
14.6899298 6.53485678383924E+000 7.45561386809841E+000
14.7897500 6.43136099796525E+000 7.33155551945085E+000
14.8895734 6.33006864140022E+000 7.21027658109346E+000
14.9893980 6.23092286391723E+000 7.09170120277261E+000
15.0892259 6.13386486866210E+000 6.97575159503770E+000
15.1890558 6.03884051261708E+000 6.86235590620495E+000
15.2888878 5.94579643794303E+000 6.75144357519271E+000
15.3887200 5.85468268355383E+000 6.64294842738847E+000
15.4885562 5.76544570926345E+000 6.53680035289983E+000
15.5883943 5.67803876295420E+000 6.43293763477072E+000
15.6882343 5.59241483711545E+000 6.33129854417160E+000
15.7880763 5.50852837099360E+000 6.23182335363265E+000
15.8879183 5.42633675066446E+000 6.13445609889893E+000
15.9877640 5.34579402097815E+000 6.03913711828368E+000
16.0876115 5.26686024291947E+000 5.94581412480572E+000
16.1874608 5.18949514573761E+000 5.85443467235826E+000
16.2873119 5.11365966676881E+000 5.76494796929775E+000
16.3871628 5.03931731329311E+000 5.67730647201870E+000
16.4870172 4.96642847866162E+000 5.59145917537504E+000
16.5868734 4.89495891031000E+000 5.50736158541490E+000
16.6867312 4.82487397283583E+000 5.42496894516529E+000
16.7865905 4.75614004421111E+000 5.34423787240591E+000
16.8864496 4.68872575476933E+000 5.26512780420975E+000
16.9863121 4.62259683590695E+000 5.18759494503934E+000
17.0861762 4.55772380237298E+000 5.11160127386772E+000
17.1860417 4.49407675380742E+000 5.03710843504969E+000
17.2859087 4.43162664357473E+000 4.96407922085727E+000
17.3857753 4.37034640827708E+000 4.89247888374074E+000
17.4856452 4.31020628745103E+000 4.82226966245308E+000
17.5855166 4.25118080959414E+000 4.75341893825707E+000
17.6853893 4.19324406983267E+000 4.68589371026420E+000
17.7852633 4.13637088548819E+000 4.61966194054340E+000
17.8851368 4.08053782783494E+000 4.55469374871222E+000
17.9850136 4.02571895962913E+000 4.49095644786172E+000
18.0848916 3.97189220237450E+000 4.42842194855884E+000
18.1847709 3.91903503631089E+000 4.36706174959303E+000
18.2846515 3.86712555501547E+000 4.30684816111465E+000
18.3845314 3.81614340967625E+000 4.24775539431930E+000
18.4844144 3.76606591838702E+000 4.18975504848150E+000
18.5842986 3.71687388201614E+000 4.13282284800895E+000
18.6841841 3.66854765989378E+000 4.07693408919147E+000
18.7840706 3.62106813419837E+000 4.02206475481588E+000
18.8839565 3.57441757577051E+000 3.96819251011592E+000
18.9838453 3.52857608511437E+000 3.91529259022501E+000
19.0837353 3.48352691560842E+000 3.86334394417691E+000
19.1836263 3.43925288435362E+000 3.81232508635436E+000
19.2835185 3.39573725576463E+000 3.76221511430932E+000
19.3834098 3.35296453686909E+000 3.71299462077846E+000
19.4833041 3.31091721506400E+000 3.66464193761243E+000
19.5831994 3.26958064004199E+000 3.61713875098239E+000
19.6830957 3.22893973443579E+000 3.57046631305848E+000
19.7829930 3.18897980488755E+000 3.52460637329159E+000
19.8828894 3.14968727384392E+000 3.47954201510895E+000
19.9827887 3.11104668347503E+000 3.43525421809102E+000
20.0826889 3.07304518137959E+000 3.39172700044294E+000
20.1825901 3.03566950007577E+000 3.34894395221920E+000
20.2824922 2.99890670283323E+000 3.30688908905780E+000
20.3823934 2.96274485816295E+000 3.26554762114521E+000
20.4822973 2.92717028304058E+000 3.22490280027002E+000
20.5822022 2.89217167202952E+000 3.18494063861435E+000
20.6821079 2.85773731844968E+000 3.14564672976098E+000
20.7820145 2.82385580140162E+000 3.10700703278173E+000
20.8819201 2.79051660844440E+000 3.06900858017149E+000
20.9818284 2.75770759447498E+000 3.03163658055579E+000
21.0817375 2.72541878923096E+000 2.99487875685349E+000
21.1816475 2.69363983621933E+000 2.95872242550323E+000
21.2815583 2.66236062662039E+000 2.92315521786694E+000
21.3814680 2.63157187503172E+000 2.88816573306072E+000
21.4813803 2.60126277312398E+000 2.85374087064742E+000
21.5812935 2.57142450643948E+000 2.81986982605945E+000
21.6812074 2.54204788996621E+000 2.78654140208033E+000
21.7811221 2.51312395396473E+000 2.75374467371032E+000
21.8810357 2.48464447711883E+000 2.72146959114986E+000
21.9809519 2.45659981648404E+000 2.68970451986456E+000
22.0808688 2.42898216098852E+000 2.65843992670332E+000
22.1807864 2.40178334496336E+000 2.62766590076558E+000
22.2807048 2.37499539037367E+000 2.59737276716985E+000
22.3806219 2.34861100124644E+000 2.56755164485923E+000
22.4805416 2.32262155350723E+000 2.53819217406347E+000
22.5804621 2.29702010953704E+000 2.50928592269386E+000
22.6803832 2.27179939307478E+000 2.48082409639684E+000
22.7803050 2.24695229184335E+000 2.45279810605206E+000
22.8802255 2.22247231671247E+000 2.42520008455731E+000
22.9801486 2.19835173682911E+000 2.39802078399510E+000
23.0800723 2.17458437692124E+000 2.37125272854140E+000
23.1799967 2.15116373882035E+000 2.34488809581741E+000
23.2799217 2.12808346804383E+000 2.31891924240840E+000
23.3798454 2.10533778078792E+000 2.29333918333666E+000
23.4797716 2.08291973133776E+000 2.26813964322247E+000
23.5796984 2.06082381147964E+000 2.24331397903304E+000
23.6796259 2.03904420549097E+000 2.21885521685083E+000
23.7795539 2.01757522386321E+000 2.19475653923646E+000
23.8794806 1.99641170090096E+000 2.17101173070489E+000
23.9794098 1.97554738278022E+000 2.14761336889672E+000
24.0793395 1.95497734638932E+000 2.12455553795372E+000
24.1792698 1.93469637603286E+000 2.10183200656938E+000
24.2792007 1.91469936714851E+000 2.07943668060951E+000
24.3791302 1.89498169700600E+000 2.05736401756049E+000
24.4790621 1.87553772299636E+000 2.03560734523460E+000
24.5789946 1.85636303642668E+000 2.01416138433621E+000
24.6789277 1.83745295041298E+000 1.99302055518583E+000
24.7788612 1.81880287615188E+000 1.97217939865249E+000
24.8787934 1.80040866896430E+000 1.95163296223771E+000
24.9787279 1.78226522746600E+000 1.93137523515907E+000
25.0786630 1.76436859626057E+000 1.91140149672136E+000
25.1785986 1.74671455557624E+000 1.89170674044168E+000
25.2785347 1.72929897239570E+000 1.87228606603095E+000
25.3784693 1.71211812386852E+000 1.85313503950833E+000
25.4784064 1.69516738895481E+000 1.83424823466588E+000
25.5783439 1.67844321256510E+000 1.81562142214532E+000
25.6782819 1.66194178844851E+000 1.79725010086414E+000
25.7782204 1.64565938725581E+000 1.77912986350492E+000
25.8781574 1.62959265914850E+000 1.76125673281636E+000
25.9780968 1.61373741034002E+000 1.74362580048245E+000
26.0780366 1.59809043999555E+000 1.72623327029436E+000
26.1779769 1.58264830872097E+000 1.70907508780997E+000
26.2779176 1.56740764543194E+000 1.69214728156293E+000
26.3778568 1.55236543081328E+000 1.67544627749539E+000
26.4777984 1.53751785191931E+000 1.65896762715519E+000
26.5777404 1.52286202205150E+000 1.64270791701799E+000
26.6776829 1.50839482794300E+000 1.62666348822278E+000
26.7776257 1.49411321712694E+000 1.61083075549467E+000
26.8775671 1.48001446374443E+000 1.59520650146682E+000
26.9775108 1.46609509502012E+000 1.57978668692511E+000
27.0774549 1.45235250336236E+000 1.56456823715403E+000
27.1773994 1.43878386599988E+000 1.54954784439593E+000
27.2773442 1.42538641438248E+000 1.53472226628791E+000
27.3772876 1.41215768369748E+000 1.52008860166351E+000
27.4772333 1.39909450561884E+000 1.50564317626985E+000
27.5771793 1.38619452100783E+000 1.49138321596264E+000
27.6771257 1.37345516634716E+000 1.47730572525022E+000
27.7770725 1.36087392656460E+000 1.46340776687287E+000
27.8770178 1.34844856949373E+000 1.44968672052623E+000
27.9769653 1.33617619981410E+000 1.43613923810233E+000
28.0769132 1.32405467995725E+000 1.42276281262733E+000
28.1768615 1.31208167820828E+000 1.40955472688483E+000
28.2768101 1.30025490621542E+000 1.39651231561281E+000
28.3767572 1.28857233952021E+000 1.38363320845787E+000
28.4767065 1.27703132806942E+000 1.37091434934928E+000
28.5766562 1.26562993224057E+000 1.35835346924305E+000
28.6766062 1.25436602794926E+000 1.34594809938256E+000
28.7765565 1.24323752999391E+000 1.33369581745187E+000
28.8765053 1.23224259968068E+000 1.32159447595103E+000
28.9764563 1.22137880770279E+000 1.30964128080961E+000
29.0764077 1.21064439158117E+000 1.29783417525972E+000
29.1763593 1.20003741353477E+000 1.28617091279504E+000
29.2763113 1.18955597070762E+000 1.27464928849669E+000
29.3762617 1.17919839082441E+000 1.26326735391383E+000
29.4762144 1.16896244360456E+000 1.25202255046709E+000
29.5761673 1.15884652535872E+000 1.24091301111121E+000
29.6761206 1.14884886575511E+000 1.22993668850217E+000
29.7760741 1.13896772588415E+000 1.21909157260291E+000
29.8760261 1.12920158280017E+000 1.20837589305754E+000
29.9759803 1.11954838597141E+000 1.19778730333317E+000
30.0759347 1.11000667427466E+000 1.18732410623934E+000
30.1758895 1.10057482812789E+000 1.17698443321497E+000
30.2758445 1.09125125626511E+000 1.16676644922303E+000
30.3757980 1.08203456994734E+000 1.15666854352112E+000
30.4757536 1.07292288124976E+000 1.14668856084660E+000
30.5757095 1.06391485724840E+000 1.13682495632775E+000
30.6756657 1.05500901429245E+000 1.12707602216259E+000
30.7756221 1.04620389428783E+000 1.11744008072368E+000
30.8755770 1.03749822929501E+000 1.10791566455030E+000
30.9755340 1.02889027872501E+000 1.09850079120240E+000
31.0754913 1.02037882510778E+000 1.08919405261989E+000
31.1754469 1.01196266718001E+000 1.07999406026113E+000
31.2754067 1.00363998826285E+000 1.07089875489934E+000
31.3753629 9.95410108196859E-001 1.06190732131294E+000
31.4753231 9.87271106096752E-001 1.05301759041069E+000
31.5752798 9.79222331742426E-001 1.04422878297746E+000
31.6752368 9.71262223138644E-001 1.03553912564669E+000
31.7751978 9.63389252732392E-001 1.02694688474410E+000
31.8751552 9.55602812751683E-001 1.01845133205523E+000
31.9751168 9.47901120754100E-001 1.01005045919521E+000
32.0750747 9.40283595716844E-001 1.00174357005755E+000
32.1750329 9.32748793001461E-001 9.93529028052374E-001
32.2749952 9.25295299550324E-001 9.85405232893086E-001
32.3749539 9.17922572284995E-001 9.77371533977249E-001
32.4749166 9.10628955159847E-001 9.69426069268530E-001
32.5748758 9.03413929019466E-001 9.61568216827769E-001
32.6748352 8.96276156109367E-001 9.53796464322988E-001
32.7747986 8.89214327673398E-001 9.46109332675741E-001
32.8747585 8.82227958507847E-001 9.38506240590511E-001
32.9747223 8.75315508132128E-001 9.30985459506729E-001
33.0746827 8.68476512758369E-001 9.23546433743882E-001
33.1746432 8.61709732115505E-001 9.16187764023125E-001
33.2746078 8.55013952596256E-001 9.08908081569951E-001
33.3745687 8.48388740820049E-001 9.01706867043358E-001
33.4745337 8.41832662115808E-001 8.94582513797637E-001
33.5744951 8.35345302291631E-001 8.87534525405474E-001
33.6744568 8.28925510108428E-001 8.80561605595681E-001
33.7744224 8.22572158877180E-001 8.73662486119073E-001
33.8743844 8.16284861662695E-001 8.66836703070975E-001
33.9743505 8.10062280803325E-001 8.60082761320580E-001
34.0743130 8.03904046571559E-001 8.53400217479744E-001
34.1742756 7.97809089150414E-001 8.46787869264201E-001
34.2742423 7.91776361356291E-001 8.40244540166699E-001
34.3742054 7.85805517914309E-001 8.33769815932376E-001
34.4741725 7.79895310221902E-001 8.27362303574660E-001
34.5741359 7.74045408447663E-001 8.21021607225146E-001
34.6740996 7.68254817334343E-001 8.14746610473164E-001
34.7740673 7.62522562517469E-001 8.08536220651553E-001
34.8740313 7.56848336119524E-001 8.02390068011520E-001
34.9739994 7.51230971403687E-001 7.96306853254267E-001
35.0739638 7.45670174362876E-001 7.90286223122285E-001
35.1739284 7.40165018102238E-001 7.84327139770095E-001
35.2738971 7.34714595036713E-001 7.78428587250988E-001
35.3738621 7.29318630883846E-001 7.72590235744072E-001
35.4738310 7.23976034254698E-001 7.66810871995230E-001
35.5737964 7.18686543333049E-001 7.61090180986588E-001
35.6737620 7.13449293981725E-001 7.55427196844681E-001
35.7737315 7.08263439931687E-001 7.49820973918840E-001
35.8736974 7.03128737100230E-001 7.44271218236294E-001
35.9736673 6.98044163532148E-001 7.38776795669417E-001
36.0736335 6.93009486356092E-001 7.33337425542718E-001
36.1735999 6.88023899116774E-001 7.27952207998141E-001
36.2735704 6.83086611912292E-001 7.22620261875583E-001
36.3735371 6.78197407824467E-001 7.17341325410473E-001
36.4735079 6.73355328958087E-001 7.12114337330575E-001
36.5734750 6.68560168483677E-001 7.06939047824103E-001
36.6734423 6.63811173024844E-001 7.01814617659280E-001
36.7734135 6.59107604557974E-001 6.96740224913020E-001
36.8733811 6.54449270613197E-001 6.91715636777750E-001
36.9733527 6.49835272466035E-001 6.86739859144107E-001
37.0733206 6.45265426729933E-001 6.81812669955459E-001
37.1732887 6.40739028927662E-001 6.76933285723878E-001
37.2732608 6.36255388836970E-001 6.72100939002634E-001
37.3732292 6.31814336003077E-001 6.67315423034001E-001
37.4732015 6.27415026417966E-001 6.62575805697075E-001
37.5731702 6.23057297808904E-001 6.57881889909596E-001
37.6731391 6.18740490797551E-001 6.53232943498130E-001
37.7731119 6.14463959255484E-001 6.48628249172536E-001
37.8730811 6.10227552561162E-001 6.44067623622665E-001
37.9730543 6.06030477359868E-001 6.39550192006339E-001
38.0730237 6.01872590403394E-001 6.35075779725493E-001
38.1729934 5.97753273952709E-001 6.30643701897610E-001
38.2729669 5.93671922597393E-001 6.26253287464301E-001
38.3729369 5.89628403590839E-001 6.21904374231273E-001
38.4729107 5.85621970520628E-001 6.17596140342702E-001
38.5728809 5.81652497287162E-001 6.13328431452559E-001
38.6728513 5.77719404637411E-001 6.09100606309584E-001
38.7728256 5.73822124801437E-001 6.04912036516586E-001
38.8727962 5.69960541148299E-001 6.00762578903784E-001
38.9727708 5.66133950814400E-001 5.96651460684754E-001
39.0727417 5.62342243162907E-001 5.92578545762692E-001
39.1727127 5.58584874549233E-001 5.88543233184794E-001
39.2726877 5.54861312034983E-001 5.84544933962769E-001
39.3726590 5.51171453523062E-001 5.80583522073853E-001
39.4726343 5.47514636591886E-001 5.76658270222209E-001
39.5726059 5.43890764551068E-001 5.72769058761585E-001
39.6725776 5.40299326735461E-001 5.68915323998787E-001
39.7725533 5.36739822471459E-001 5.65096513388433E-001
39.8725252 5.33212162772332E-001 5.61312516367728E-001
39.9725012 5.29715722810884E-001 5.57562647857622E-001
40.0724734 5.26250418478184E-001 5.53846803045633E-001
40.1724458 5.22815769683892E-001 5.50164452724066E-001
40.2724221 5.19411305671073E-001 5.46515078082357E-001
40.3723947 5.16036949281353E-001 5.42898582500460E-001
40.4723712 5.12692110668888E-001 5.39314320117784E-001
40.5723441 5.09376717076504E-001 5.35762199501101E-001
40.6723171 5.06090316786786E-001 5.32241723392840E-001
40.7722940 5.02832466808988E-001 5.28752404241776E-001
40.8722673 4.99603100657604E-001 5.25294158004980E-001
40.9722444 4.96401661067741E-001 5.21866375291145E-001
41.0722179 4.93228085525306E-001 5.18468976736681E-001
41.1721915 4.90081948667409E-001 5.15101494714333E-001
41.2721690 4.86962833297871E-001 5.11763470666806E-001
41.3721428 4.83870682561848E-001 5.08454831898147E-001
41.4721206 4.80804969567936E-001 5.05175002962742E-001
41.5720946 4.77765641044855E-001 5.01923915386590E-001
41.6720688 4.74752296132055E-001 4.98701129047822E-001
41.7720469 4.71764541618380E-001 4.95506212307629E-001
41.8720213 4.68802329338948E-001 4.92339102708079E-001
41.9719996 4.65865160743691E-001 4.89199256430214E-001
42.0719743 4.62952990901051E-001 4.86086614825517E-001
42.1719490 4.60065441751400E-001 4.83000763328973E-001
42.2719276 4.57202142406093E-001 4.79941295316808E-001
42.3719026 4.54363052540570E-001 4.76908157568680E-001
42.4718815 4.51547700073397E-001 4.73900835758930E-001
42.5718566 4.48756047596861E-001 4.70919280104292E-001
42.6718319 4.45987738287738E-001 4.67963099807948E-001
42.7718111 4.43242422050920E-001 4.65031911513587E-001
42.8717866 4.40520065634297E-001 4.62125670335327E-001
42.9717660 4.37820221697564E-001 4.59243889476197E-001
43.0717417 4.35142859619312E-001 4.56386527151096E-001
43.1717175 4.32487642372658E-001 4.53553214687803E-001
43.2716972 4.29854239248480E-001 4.50743590391368E-001
43.3716732 4.27242623372721E-001 4.47957616894527E-001
43.4716531 4.24652370551074E-001 4.45194833117939E-001
43.5716293 4.22083456281319E-001 4.42455204491196E-001
43.6716056 4.19535562006123E-001 4.39738382954827E-001
43.7715858 4.17008375105309E-001 4.37044026997679E-001
43.8715623 4.14501874454578E-001 4.34372106033655E-001
43.9715428 4.12015657531303E-001 4.31722183029868E-001
44.0715195 4.09549705348703E-001 4.29094229922240E-001
44.1714963 4.07103716595390E-001 4.26487917872033E-001
44.2714770 4.04677395543815E-001 4.23902924191227E-001
44.3714539 4.02270726250634E-001 4.21339224407917E-001
44.4714348 3.99883326500960E-001 4.18796403992049E-001
44.5714120 3.97515182276767E-001 4.16274440745067E-001
44.6713893 3.95166008383131E-001 4.13773023766028E-001
44.7713704 3.92835524880668E-001 4.11291847935830E-001
44.8713479 3.90523720491801E-001 4.08830894293185E-001
44.9713293 3.88230232046396E-001 4.06389769383713E-001
45.0713069 3.85955049999932E-001 4.03968456294363E-001
45.1712846 3.83697904230388E-001 4.01566660878465E-001
45.2712662 3.81458529565968E-001 3.99184094428648E-001
45.3712441 3.79236918928022E-001 3.96820742947758E-001
45.4712259 3.77032727020595E-001 3.94476232736363E-001
45.5712040 3.74845948323820E-001 3.92150551641660E-001
45.6711822 3.72676326823545E-001 3.89843421178434E-001
45.7711643 3.70523611171655E-001 3.87554567982382E-001
45.8711426 3.68387798065215E-001 3.85283982525465E-001
45.9711248 3.66268558996576E-001 3.83031309639841E-001
46.0711034 3.64165892063552E-001 3.80796541457065E-001
46.1710820 3.62079554466661E-001 3.78579414143387E-001
46.2710644 3.60009307807718E-001 3.76379668689789E-001
46.3710432 3.57955152175684E-001 3.74197299588717E-001
46.4710259 3.55916774843047E-001 3.72031969069750E-001
46.5710048 3.53894177156156E-001 3.69883673117444E-001
46.6709838 3.51887128702789E-001 3.67752161615253E-001
46.7709667 3.49895403225177E-001 3.65637188995590E-001
46.8709459 3.47919003855970E-001 3.63538753364652E-001
46.9709290 3.45957632710966E-001 3.61456533297016E-001
47.0709083 3.44011294050115E-001 3.59390528239100E-001
47.1708877 3.42079769081321E-001 3.57340500926588E-001
47.2708710 3.40162842936622E-001 3.55306218387146E-001
47.3708506 3.38260521476347E-001 3.53287681971820E-001
47.4708341 3.36372520788356E-001 3.51284585622782E-001
47.5708138 3.34498847742197E-001 3.49296931893504E-001
47.6707936 3.32639294454092E-001 3.47324495570400E-001
47.7707773 3.30793656749302E-001 3.45367055492202E-001
47.8707573 3.28961942928979E-001 3.43424615920105E-001
47.9707411 3.27143882242112E-001 3.41496885255375E-001
48.0707212 3.25339483891862E-001 3.39583868836586E-001
48.1707014 3.23548550241741E-001 3.37685352757575E-001
48.2706855 3.21770887163284E-001 3.35801126940795E-001
48.3706658 3.20006505137999E-001 3.33931198253827E-001
48.4706500 3.18255145820620E-001 3.32075288711884E-001
48.5706305 3.16516820497301E-001 3.30233406146415E-001
48.6706110 3.14791341164506E-001 3.28405347268769E-001
48.7705955 3.13078523138705E-001 3.26590912409953E-001
48.8705762 3.11378378845209E-001 3.24790110768177E-001
48.9705608 3.09690661640309E-001 3.23002677185742E-001
49.0705416 3.08015384665531E-001 3.21228621721663E-001
49.1705225 3.06352368978882E-001 3.19467751063942E-001
49.2705073 3.04701438782405E-001 3.17719875324902E-001
49.3704883 3.03062608230345E-001 3.15985005782981E-001
49.4704733 3.01435641723580E-001 3.14262889374417E-001
49.5704545 2.99820554052239E-001 3.12553538144854E-001
49.6704357 2.98217174804004E-001 3.10856768163189E-001
49.7704208 2.96625336545767E-001 3.09172398739887E-001
49.8704022 2.95045054965515E-001 3.07500443006208E-001
49.9703875 2.93476104895333E-001 3.05840659308663E-001
50.0703690 2.91918502586109E-001 3.04193061460703E-001
50.1703506 2.90372085659765E-001 3.02557474357849E-001
50.2703361 2.88836694562928E-001 3.00933725966093E-001
50.3703178 2.87312346339994E-001 2.99321831062953E-001
50.4703034 2.85798825681151E-001 2.97721558767226E-001
50.5702853 2.84296150127391E-001 2.96132924461394E-001
50.6702672 2.82804164873028E-001 2.94555761351545E-001
50.7702530 2.81322717792161E-001 2.92989905553936E-001
50.8702350 2.79851827124481E-001 2.91435373304696E-001
50.9702209 2.78391286882424E-001 2.89891943899095E-001
51.0702031 2.76941115742035E-001 2.88359634108069E-001
51.1701853 2.75501166039185E-001 2.86838284967434E-001
51.2701714 2.74071292653502E-001 2.85327740272883E-001
51.3701538 2.72651514873591E-001 2.83828017548687E-001
51.4701400 2.71241635532758E-001 2.82338905709749E-001
51.5701225 2.69841674301234E-001 2.80860422751408E-001
51.6701050 2.68451490254252E-001 2.79392417090865E-001
51.7700914 2.67070944883037E-001 2.77934739764185E-001
51.8700741 2.65700058392133E-001 2.76487409428902E-001
51.9700606 2.64338641966255E-001 2.75050224098782E-001
52.0700434 2.62986716141858E-001 2.73623202844522E-001
52.1700263 2.61644146357822E-001 2.72206201046358E-001
52.2700130 2.60310800348930E-001 2.70799076570995E-001
52.3699959 2.58986699114875E-001 2.69401849068538E-001
52.4699827 2.57671661751920E-001 2.68014325164211E-001
52.5699658 2.56365709546516E-001 2.66636524868677E-001
52.6699489 2.55068713949966E-001 2.65268310134569E-001
52.7699359 2.53780548596538E-001 2.63909545276611E-001
52.8699192 2.52501235171373E-001 2.62560250809667E-001
52.9699063 2.51230600269872E-001 2.61220241513943E-001
53.0698897 2.49968665822932E-001 2.59889538217085E-001
53.1698731 2.48715308965740E-001 2.58568009079115E-001
53.2698603 2.47470408910158E-001 2.57255524505213E-001
53.3698439 2.46233987927171E-001 2.55952105758923E-001
53.4698313 2.45005879724394E-001 2.54657575347628E-001
53.5698149 2.43786106781345E-001 2.53371954804262E-001
53.6697986 2.42574551609565E-001 2.52095118154942E-001
53.7697861 2.41371098697183E-001 2.50826941560945E-001
53.8697699 2.40175770810612E-001 2.49567446929081E-001
53.9697576 2.38988408406435E-001 2.48316464092707E-001
54.0697415 2.37809034425825E-001 2.47074015188633E-001
54.1697254 2.36637536468630E-001 2.45839979789738E-001
54.2697133 2.35473804016979E-001 2.44614239500517E-001
54.3696973 2.34317860250681E-001 2.43396816775354E-001
54.4696852 2.33169552034047E-001 2.42187548397079E-001
54.5696694 2.32028902691007E-001 2.40986457014320E-001
54.6696536 2.30895804639751E-001 2.39793427447740E-001
54.7696417 2.29770152091832E-001 2.38608346452090E-001
54.8696260 2.28651968566050E-001 2.37431236942480E-001
54.9696142 2.27541107013690E-001 2.36261942297669E-001
55.0695986 2.26437591069896E-001 2.35100485594572E-001
55.1695831 2.25341317718015E-001 2.33946756621533E-001
55.2695714 2.24252185650882E-001 2.32800647009068E-001
55.3695560 2.23170218658841E-001 2.31662180054227E-001
55.4695444 2.22095275478458E-001 2.30531205399503E-001
55.5695291 2.21027379991254E-001 2.29407746474330E-001
55.6695138 2.19966433508152E-001 2.28291697772151E-001
55.7695023 2.18912338970383E-001 2.27182955541902E-001
55.8694872 2.17865120378742E-001 2.26081543391135E-001
55.9694758 2.16824641971143E-001 2.24987316913741E-001
56.0694607 2.15790927816763E-001 2.23900299822994E-001
56.1694457 2.14763883331018E-001 2.22820391071123E-001
56.2694345 2.13743415484855E-001 2.21747491284059E-001
56.3694196 2.12729548434202E-001 2.20681624315122E-001
56.4694085 2.11722151650951E-001 2.19622651415765E-001
56.5693936 2.10721249338797E-001 2.18570596520871E-001
56.6693788 2.09726750808056E-001 2.17525362810267E-001
56.7693678 2.08738566853918E-001 2.16486855060264E-001
56.8693531 2.07756721737414E-001 2.15455097311313E-001
56.9693423 2.06781089912489E-001 2.14429956195837E-001
57.0693276 2.05811695669302E-001 2.13411455813989E-001
57.1693130 2.04848452016047E-001 2.12399503356067E-001
57.2693023 2.03891273378977E-001 2.11394007535907E-001
57.3692878 2.02940184079018E-001 2.10394992528039E-001
57.4692772 2.01995063314660E-001 2.09402330085330E-001
57.5692628 2.01055935419124E-001 2.08416044422235E-001
57.6692484 2.00122716913157E-001 2.07436046535487E-001
57.7692379 1.99195325672363E-001 2.06462248876411E-001
57.8692236 1.98273786036743E-001 2.05494675705640E-001
57.9692132 1.97357981725302E-001 2.04533203650960E-001
58.0691990 1.96447937075155E-001 2.03577856995066E-001
58.1691849 1.95543571945190E-001 2.02628550349274E-001
58.2691746 1.94644807489333E-001 2.01685199714295E-001
58.3691605 1.93751668029861E-001 2.00747829393532E-001
58.4691503 1.92864041594845E-001 1.99816320658173E-001
58.5691363 1.91981952490004E-001 1.98890697817554E-001
58.6691224 1.91105323748131E-001 1.97970878917088E-001
58.7691123 1.90234079640409E-001 1.97056783329890E-001
58.8690985 1.89368244438259E-001 1.96148435363032E-001
58.9690885 1.88507710279147E-001 1.95245720712669E-001
59.0690747 1.87652501405633E-001 1.94348663677273E-001
59.1690610 1.86802543869684E-001 1.93457185566448E-001
59.2690511 1.85957764907980E-001 1.92571208959105E-001
59.3690374 1.85118188711299E-001 1.91690758130754E-001
59.4690277 1.84283711337846E-001 1.90815722996313E-001
59.5690141 1.83454356938495E-001 1.89946127809604E-001
59.6690006 1.82630054438520E-001 1.89081896984410E-001
59.7689909 1.81810733897031E-001 1.88222956148501E-001
59.8689774 1.80996419397432E-001 1.87369329514123E-001
59.9689678 1.80187010740331E-001 1.86520911020196E-001
60.0689545 1.79382531959332E-001 1.85677724845515E-001
60.1689411 1.78582914715445E-001 1.84839698357246E-001
60.2689316 1.77788091755262E-001 1.84006760084124E-001
60.3689184 1.76998087030874E-001 1.83178934146648E-001
60.4689090 1.76212803916621E-001 1.82356118323692E-001
60.5688958 1.75432266305945E-001 1.81538336691752E-001
60.6688827 1.74656408465770E-001 1.80725519429202E-001
60.7688734 1.73885165702822E-001 1.79917597826283E-001
60.8688603 1.73118561816487E-001 1.79114595886217E-001
60.9688511 1.72356503595229E-001 1.78316415053805E-001
61.0688381 1.71599014771891E-001 1.77523079278815E-001
61.1688251 1.70846032096749E-001 1.76734521416710E-001
61.2688160 1.70097493316415E-001 1.75950675387670E-001
61.3688031 1.69353422058506E-001 1.75171565054788E-001
61.4687941 1.68613728374503E-001 1.74397095364177E-001
61.5687813 1.67878435818457E-001 1.73627290117035E-001
61.6687685 1.67147483508222E-001 1.72862084719322E-001
61.7687596 1.66420811516705E-001 1.72101415596980E-001
61.8687469 1.65698443282813E-001 1.71345306452572E-001
61.9687381 1.64980291977913E-001 1.70593665577720E-001
62.0687254 1.64266380961126E-001 1.69846516605575E-001
62.1687128 1.63556651608463E-001 1.69103797373062E-001
62.2687041 1.62851046211769E-001 1.68365446694600E-001
62.3686916 1.62149588006243E-001 1.67631488094073E-001
62.4686829 1.61452193147497E-001 1.66901833061075E-001
62.5686704 1.60758884785448E-001 1.66176505043396E-001
62.6686580 1.60069606450813E-001 1.65455444195986E-001
62.7686494 1.59384302552855E-001 1.64738591610937E-001
62.8686371 1.58702996109834E-001 1.64025970617342E-001
62.9686286 1.58025606133008E-001 1.63317495762993E-001
63.0686163 1.57352155550528E-001 1.62613190294978E-001
63.1686040 1.56682589949947E-001 1.61912996579520E-001
63.2685918 1.56016881083862E-001 1.61216884359144E-001
63.3685872 1.55354950599688E-001 1.60524770997866E-001
63.4685751 1.54696871737491E-001 1.59836732372270E-001
63.5685630 1.54042566341414E-001 1.59152686067144E-001
63.6685509 1.53392007139649E-001 1.58472602882542E-001
63.7685388 1.52745167098079E-001 1.57796453876092E-001
63.8685344 1.52101970489015E-001 1.57124159219710E-001
63.9685224 1.51462488882816E-001 1.56455793054178E-001
64.0685105 1.50826646734491E-001 1.55791275756521E-001
64.1684986 1.50194417936732E-001 1.55130579388383E-001
64.2684867 1.49565776608082E-001 1.54473676255996E-001
64.3684824 1.48940649535370E-001 1.53820489219458E-001
64.4684706 1.48319106661391E-001 1.53171090727308E-001
64.5684588 1.47701074942583E-001 1.52525403830150E-001
64.6684470 1.47086529378294E-001 1.51883401787805E-001
64.7684353 1.46475445182549E-001 1.51245058092441E-001
64.8684312 1.45867751551862E-001 1.50610298178714E-001
64.9684195 1.45263516842655E-001 1.49979192845541E-001
65.0684079 1.44662670408845E-001 1.49351667704469E-001
65.1683963 1.44065188301856E-001 1.48727697153712E-001
65.2683847 1.43471046777248E-001 1.48107255812284E-001
65.3683808 1.42880177341613E-001 1.47490271581521E-001
65.4683692 1.42292646805239E-001 1.46876813652384E-001
65.5683578 1.41708386820733E-001 1.46266810090403E-001
65.6683463 1.41127374440084E-001 1.45660236375792E-001
65.7683349 1.40549586909461E-001 1.45057068198678E-001
65.8683311 1.39974957950851E-001 1.44457235824597E-001
65.9683197 1.39403552867698E-001 1.43860806877278E-001
66.0683084 1.38835305517381E-001 1.43267711774607E-001
66.1682971 1.38270193903806E-001 1.42677927025590E-001
66.2682858 1.37708196215667E-001 1.42091429338868E-001
66.3682821 1.37149248300302E-001 1.41508151246790E-001
66.4682709 1.36593413992661E-001 1.40928158845629E-001
66.5682597 1.36040629265559E-001 1.40351384809033E-001
66.6682485 1.35490873028875E-001 1.39777806624569E-001
66.7682374 1.34944124368391E-001 1.39207401969736E-001
66.8682339 1.34400321171133E-001 1.38640105551106E-001
66.9682228 1.33859525840976E-001 1.38075981976327E-001
67.0682118 1.33321676381161E-001 1.37514966082957E-001
67.1682007 1.32786752564118E-001 1.36957036289689E-001
67.2681897 1.32254734329782E-001 1.36402171195977E-001
67.3681864 1.31725561523334E-001 1.35850307594553E-001
67.4681754 1.31199295154059E-001 1.35301508642333E-001
67.5681645 1.30675875174713E-001 1.34755711253408E-001
67.6681536 1.30155282179217E-001 1.34212894732776E-001
67.7681428 1.29637496921064E-001 1.33673038557535E-001
67.8681396 1.29122461125959E-001 1.33136081522775E-001
67.9681288 1.28610234444173E-001 1.32602085371648E-001
68.0681180 1.28100758700915E-001 1.32070989011621E-001
68.1681072 1.27594015272772E-001 1.31542772591636E-001
68.2680965 1.27089985688392E-001 1.31017416424541E-001
68.3680934 1.26588613480060E-001 1.30494861228021E-001
68.4680827 1.26089956973704E-001 1.29975167367510E-001
68.5680721 1.25593959793575E-001 1.29458275664677E-001
68.6680615 1.25100604062187E-001 1.28944167072350E-001
68.7680509 1.24609872047007E-001 1.28432822699520E-001
68.8680479 1.24121709016436E-001 1.27924185110498E-001
68.9680374 1.23636172005843E-001 1.27418313328142E-001
69.0680269 1.23153206368556E-001 1.26915150012916E-001
69.1680164 1.22672794938241E-001 1.26414676883643E-001
69.2680059 1.22194920686787E-001 1.25916875807979E-001
69.3680031 1.21719530551539E-001 1.25421691124496E-001
69.4679927 1.21246680310222E-001 1.24929180547720E-001
69.5679823 1.20776316978530E-001 1.24439288505056E-001
69.6679719 1.20308424068353E-001 1.23951997445467E-001
69.7679615 1.19842985223432E-001 1.23467289959810E-001
69.8679589 1.19379948985996E-001 1.22985112091945E-001
69.9679486 1.18919369908179E-001 1.22505520281430E-001
70.0679383 1.18461196604420E-001 1.22028460654125E-001
70.1679281 1.18005413233640E-001 1.21553916355186E-001
70.2679178 1.17552004080571E-001 1.21081870665093E-001
70.3679153 1.17100919231220E-001 1.20612271267235E-001
70.4679051 1.16652212043342E-001 1.20145173358703E-001
70.5678949 1.16205832669411E-001 1.19680524698503E-001
70.6678848 1.15761765885823E-001 1.19218309095836E-001
70.7678747 1.15319996589060E-001 1.18758510489003E-001
70.8678723 1.14880476350583E-001 1.18301078138202E-001
70.9678622 1.14443257364155E-001 1.17846066029710E-001
71.0678522 1.14008291262343E-001 1.17393423493376E-001
71.1678422 1.13575563410998E-001 1.16943134971990E-001
71.2678322 1.13145059290626E-001 1.16495185031543E-001
71.3678299 1.12716731902464E-001 1.16049524449199E-001
71.4678200 1.12290632305866E-001 1.15606206031236E-001
71.5678100 1.11866713558161E-001 1.15165180618897E-001
71.6678002 1.11444961588082E-001 1.14726433259694E-001
71.7677903 1.11025362433872E-001 1.14289949118750E-001
71.8677881 1.10607870473364E-001 1.13855680433072E-001
71.9677783 1.10192535660293E-001 1.13423678858945E-001
72.0677685 1.09779312423903E-001 1.12993896692248E-001
72.1677587 1.09368187230603E-001 1.12566319557848E-001
72.2677489 1.08959146651427E-001 1.12140933192922E-001
72.3677468 1.08552146390000E-001 1.11717691239778E-001
72.4677371 1.08147235322455E-001 1.11296644233910E-001
72.5677275 1.07744369199456E-001 1.10877745871636E-001
72.6677178 1.07343535001167E-001 1.10460982329219E-001
72.7677082 1.06944719807737E-001 1.10046339890207E-001
72.8677062 1.06547880600031E-001 1.09633773550110E-001
72.9676966 1.06153065203844E-001 1.09223332752056E-001
73.0676870 1.05760230642988E-001 1.08814972541020E-001
73.1676774 1.05369364388674E-001 1.08408679620039E-001
73.2676679 1.04980454007695E-001 1.08004440794655E-001
73.3676660 1.04593457711734E-001 1.07602212363807E-001
73.4676565 1.04208422302771E-001 1.07202042705909E-001
73.5676471 1.03825306031617E-001 1.06803888165116E-001
73.6676376 1.03444096838962E-001 1.06407735947859E-001
73.7676282 1.03064782756901E-001 1.06013573358550E-001
73.8676264 1.02687323183536E-001 1.05621357951966E-001
73.9676171 1.02311763922842E-001 1.05231137068726E-001
74.0676077 1.01938064408482E-001 1.04842868304856E-001
74.1675984 1.01566213030141E-001 1.04456539347993E-001
74.2675890 1.01196198264935E-001 1.04072137979451E-001
74.3675874 1.00827980654915E-001 1.03689622964351E-001
74.4675781 1.00461605031154E-001 1.03309040631698E-001
74.5675688 1.00097031967928E-001 1.02930349784153E-001
74.6675596 9.97342502844516E-002 1.02553538569482E-001
74.7675504 9.93732488835895E-002 1.02178595225038E-001
74.8675488 9.90139894106944E-002 1.01805479682766E-001
74.9675396 9.86565157483569E-002 1.01434237285531E-001
75.0675305 9.83007895710408E-002 1.01064827999356E-001
75.1675213 9.79468001089802E-002 1.00697240412106E-001
75.2675122 9.75945366724725E-002 1.00331463197355E-001
75.3675108 9.72439619712577E-002 9.99674574122291E-002
75.4675017 9.68951189631992E-002 9.96052674382362E-002
75.5674926 9.65479703842390E-002 9.92448543633448E-002
75.6674836 9.62025058580355E-002 9.88862071964914E-002
75.7674746 9.58587150848959E-002 9.85293150286253E-002
75.8674732 9.55165618016835E-002 9.81741400022033E-002
75.9674642 9.51760880646396E-002 9.78207255614775E-002
76.0674553 9.48372576341113E-002 9.74690338767211E-002
76.1674463 9.45000605104436E-002 9.71190543598466E-002
76.2674374 9.41644867673805E-002 9.67707765012671E-002
76.3674361 9.38305011332114E-002 9.64241634906082E-002
76.4674273 9.34981447850282E-002 9.60792578583138E-002
76.5674184 9.31673824720665E-002 9.57360228190020E-002
76.6674096 9.28382045554298E-002 9.53944481703518E-002
76.7674007 9.25106014665291E-002 9.50545237852036E-002
76.8673996 9.21845388908742E-002 9.47162138638039E-002
76.9673908 9.18600571482642E-002 9.43795600455939E-002
77.0673820 9.15371219427850E-002 9.40445265531750E-002
77.1673732 9.12157239811394E-002 9.37111035536220E-002
77.2673645 9.08958540373943E-002 9.33792812859939E-002
77.3673634 9.05774787214921E-002 9.30490249261428E-002
77.4673547 9.02606375171965E-002 9.27203752446881E-002
77.5673461 8.99452970508140E-002 9.23932974373744E-002
77.6673374 8.96314483602130E-002 9.20677820250932E-002
77.7673288 8.93190825478231E-002 9.17438195976958E-002
77.8673278 8.90081671165818E-002 9.14213762730834E-002
77.9673192 8.86987407348922E-002 9.11004919746267E-002
78.0673106 8.83907709199910E-002 9.07811328378198E-002
78.1673020 8.80842490271658E-002 9.04632897225411E-002
78.2672935 8.77791664735955E-002 9.01469535547485E-002
78.3672925 8.74754916250599E-002 8.98320913622227E-002
78.4672840 8.71732623547101E-002 8.95187422420681E-002
78.5672755 8.68724470406985E-002 8.92068732375118E-002
78.6672671 8.65730373426357E-002 8.88964755332969E-002
78.7672586 8.62750249794796E-002 8.85875403775038E-002
78.8672578 8.59783791509245E-002 8.82800356769436E-002
78.9672493 8.56831369544257E-002 8.79739997228613E-002
79.0672409 8.53892676002527E-002 8.76694004355114E-002
79.1672325 8.50967630398591E-002 8.73662293110509E-002
79.2672242 8.48056152816205E-002 8.70644779063609E-002
79.3672234 8.45157943313843E-002 8.67641149776918E-002
79.4672151 8.42273365299301E-002 8.64651780302769E-002
79.5672068 8.39402118920045E-002 8.61676358319408E-002
79.6671985 8.36544126490069E-002 8.58714801774380E-002
79.7671902 8.33699310869469E-002 8.55767029197572E-002
79.8671895 8.30867379911748E-002 8.52832736361951E-002
79.9671813 8.28048689642943E-002 8.49912290652759E-002
80.0671730 8.25242947989922E-002 8.47005387941275E-002
80.1671648 8.22450079952700E-002 8.44111949038868E-002
80.2671566 8.19670011055341E-002 8.41231895315512E-002
80.3671560 8.16902456690479E-002 8.38364930482121E-002
80.4671478 8.14147765682316E-002 8.35511414444594E-002
80.5671397 8.11405653482292E-002 8.32671050995902E-002
80.6671315 8.08676047668238E-002 8.29843763694783E-002
80.7671234 8.05958876321002E-002 8.27029476635948E-002
80.8671229 8.03253862126559E-002 8.24227901206627E-002
80.9671148 8.00561346882279E-002 8.21439390015971E-002
81.0671067 7.97881053319378E-002 8.18663654518118E-002
81.1670987 7.95212911490275E-002 8.15900620908120E-002
81.2670906 7.92556851930332E-002 8.13150215895412E-002
81.3670902 7.89912604382715E-002 8.10412158292282E-002
81.4670822 7.87280503788186E-002 8.07686793588739E-002
81.5670742 7.84660279922523E-002 8.04973840649863E-002
81.6670662 7.82051865214213E-002 8.02273228201082E-002
81.7670583 7.79455192555529E-002 7.99584885461612E-002
81.8670579 7.76869998519880E-002 7.96908538427433E-002
81.9670500 7.74296611356997E-002 7.94244525642163E-002
82.0670421 7.71734767661150E-002 7.91592573141433E-002
82.1670342 7.69184402142849E-002 7.88952612079961E-002
82.2670263 7.66645449958092E-002 7.86324574086597E-002
82.3670260 7.64117654292380E-002 7.83708192109103E-002
82.4670182 7.61601336865466E-002 7.81103797912729E-002
82.5670103 7.59096240872776E-002 7.78511124472648E-002
82.6670025 7.56602303217039E-002 7.75930105276390E-002
82.7669947 7.54119461229001E-002 7.73360674266850E-002
82.8669945 7.51647464496480E-002 7.70802571120667E-002
82.9669867 7.49186628365927E-002 7.68256120988167E-002
83.0669790 7.46736702424925E-002 7.65721063562014E-002
83.1669712 7.44297625682647E-002 7.63197334570437E-002
83.2669635 7.41869337559595E-002 7.60684870179112E-002
83.3669634 7.39451593844148E-002 7.58183416579253E-002
83.4669556 7.37044703661869E-002 7.55693292465255E-002
83.5669479 7.34648422791463E-002 7.53214244033774E-002
83.6669403 7.32262692266599E-002 7.50746209165768E-002
83.7669326 7.29887453516332E-002 7.48289126162536E-002
83.8669326 7.27522468335499E-002 7.45842747523788E-002
83.9669249 7.25168039777054E-002 7.43407385642650E-002
84.0669173 7.22823929617401E-002 7.40982793014434E-002
84.1669097 7.20490080836395E-002 7.38568909588809E-002
84.2669021 7.18166436794033E-002 7.36165675719426E-002
84.3669022 7.15852765104833E-002 7.33772850016262E-002
84.4668946 7.13549362893396E-002 7.31390738721639E-002
84.5668870 7.11255997747680E-002 7.29019100431998E-002
84.6668795 7.08972614518866E-002 7.26657877085427E-002
84.7668720 7.06699158423708E-002 7.24307011008370E-002
84.8668721 7.04435402716617E-002 7.21966266730343E-002
84.9668646 7.02181638734201E-002 7.19635944489244E-002
85.0668571 6.99937639696782E-002 7.17315808792577E-002
85.1668496 6.97703352255293E-002 7.15005803490113E-002
85.2668422 6.95478723412306E-002 7.12705872805044E-002
85.3668424 6.93263531889034E-002 7.10415787002870E-002
85.4668349 6.91058063370658E-002 7.08135840459484E-002
85.5668275 6.88862096537329E-002 7.05865803410511E-002
85.6668201 6.86675579771281E-002 7.03605621544051E-002
85.7668127 6.84498461793054E-002 7.01355240907342E-002
85.8668130 6.82330526623973E-002 6.99114437325166E-002
85.9668056 6.80172054430681E-002 6.96883499449985E-002
86.0667983 6.78022829186989E-002 6.94662203069426E-002
86.1667909 6.75882800940948E-002 6.92450495639767E-002
86.2667836 6.73751920066161E-002 6.90248324962770E-002
86.3667839 6.71629975723493E-002 6.88055472252359E-002
86.4667766 6.69517242690368E-002 6.85872220572396E-002
86.5667694 6.67413510074181E-002 6.83698351092915E-002
86.6667621 6.65318729526140E-002 6.81533812971277E-002
86.7667548 6.63232853010798E-002 6.79378555697264E-002
86.8667552 6.61155674673861E-002 6.77232365710080E-002
86.9667480 6.59087464029377E-002 6.75095520616190E-002
87.0667408 6.57028015164080E-002 6.72967806804677E-002
87.1667336 6.54977281272366E-002 6.70849175069797E-002
87.2667264 6.52935215850290E-002 6.68739576525723E-002
87.3667268 6.50901617879303E-002 6.66638802679077E-002
87.4667197 6.48876751732559E-002 6.64547125806610E-002
87.5667125 6.46860416327473E-002 6.62464337359072E-002
87.6667054 6.44852566344212E-002 6.60390389706185E-002
87.7666983 6.42853156753419E-002 6.58325235525618E-002
87.8666988 6.40861991228574E-002 6.56268671239302E-002
87.9666917 6.38879329121146E-002 6.54220963918533E-002
88.0666846 6.36904974035916E-002 6.52181909924063E-002
88.1666775 6.34938882083850E-002 6.50151463142278E-002
88.2666705 6.32981009655673E-002 6.48129577756060E-002
88.3666710 6.31031164978331E-002 6.46116054956039E-002
88.4666640 6.29089602497633E-002 6.44111156728991E-002
88.5666570 6.27156130367548E-002 6.42114684199484E-002
88.6666500 6.25230706077176E-002 6.40126592714272E-002
88.7666429 6.23313287385126E-002 6.38146837905640E-002
88.8666436 6.21403686938170E-002 6.36175225591580E-002
88.9666366 6.19502154389412E-002 6.34212012792058E-002
89.0666296 6.17608502308727E-002 6.32257005254519E-002
89.1666227 6.15722689512911E-002 6.30310159732173E-002
89.2666157 6.13844675078430E-002 6.28371433253251E-002
89.3666164 6.11974275942987E-002 6.26440636126829E-002
89.4666095 6.10111737076932E-002 6.24518020520641E-002
89.5666026 6.08256875337476E-002 6.22603396669091E-002
89.6665957 6.06409650820771E-002 6.20696722680202E-002
89.7665889 6.04570023873211E-002 6.18797956926953E-002
89.8665896 6.02737815599062E-002 6.16906914078056E-002
89.9665828 6.00913266392963E-002 6.15023841560553E-002
90.0665759 5.99096197275408E-002 6.13148553964704E-002
90.1665691 5.97286569575570E-002 6.11281010703870E-002
90.2665622 5.95484344863832E-002 6.09421171446716E-002
90.3665631 5.93689348290996E-002 6.07568855094786E-002
90.4665563 5.91901815780220E-002 6.05724304443011E-002
90.5665495 5.90121572395548E-002 6.03887338311033E-002
90.6665427 5.88348580654759E-002 6.02057917370127E-002
90.7665359 5.86582803308176E-002 6.00236002537628E-002
90.8665368 5.84824069437290E-002 5.98421416825556E-002
90.9665301 5.83072610595256E-002 5.96614398502447E-002
91.0665233 5.81328255774094E-002 5.94814770495272E-002
91.1665166 5.79590968637594E-002 5.93022494687765E-002
91.2665099 5.77860713073783E-002 5.91237533200862E-002
91.3665108 5.76137321982992E-002 5.89459713038971E-002
91.4665041 5.74421022647189E-002 5.87689268047160E-002
91.5664975 5.72711647874782E-002 5.85926025141925E-002
91.6664908 5.71009162434719E-002 5.84169947375884E-002
91.7664842 5.69313531312217E-002 5.82420998030354E-002
91.8664851 5.67624591118436E-002 5.80679007988132E-002
91.9664785 5.65942564960393E-002 5.78944206771049E-002
92.0664719 5.64267289355117E-002 5.77216425171396E-002
92.1664653 5.62598730137521E-002 5.75495627368878E-002
92.2664587 5.60936853351146E-002 5.73781777763751E-002
92.3664597 5.59281499213657E-002 5.72074711007134E-002
92.4664531 5.57632886750845E-002 5.70374652395215E-002
92.5664466 5.55990856084260E-002 5.68681436486265E-002
92.6664400 5.54355374077175E-002 5.66995028546988E-002
92.7664335 5.52726407794160E-002 5.65315394056820E-002
92.8664346 5.51103800958603E-002 5.63642371328902E-002
92.9664281 5.49487768606349E-002 5.61976181528833E-002
93.0664215 5.47878154362898E-002 5.60316662874795E-002
93.1664150 5.46274926083795E-002 5.58663781682030E-002
93.2664086 5.44678051818838E-002 5.57017504471009E-002
93.3664097 5.43087378699750E-002 5.55377673114212E-002
93.4664032 5.41503117861354E-002 5.53744504739225E-002
93.5663968 5.39925116335910E-002 5.52117841121677E-002
93.6663903 5.38353342936588E-002 5.50497649588440E-002
93.7663839 5.36787766664048E-002 5.48883897664414E-002
93.8663851 5.35228237964231E-002 5.47276430682211E-002
93.9663787 5.33674964157553E-002 5.45675461821571E-002
94.0663723 5.32127795589097E-002 5.44080836316569E-002
94.1663659 5.30586701996396E-002 5.42492522470282E-002
94.2663595 5.29051653297973E-002 5.40910488776898E-002
94.3663607 5.27522503163003E-002 5.39334583933294E-002
94.4663544 5.25999455181878E-002 5.37765017259195E-002
94.5663480 5.24482362921697E-002 5.36201637351445E-002
94.6663417 5.22971197012405E-002 5.34644413455316E-002
94.7663353 5.21465928258698E-002 5.33093315000548E-002
94.8663366 5.19966413465019E-002 5.31548193955619E-002
94.9663303 5.18472852573947E-002 5.30009255865802E-002
95.0663240 5.16985102286794E-002 5.28476352598231E-002
95.1663177 5.15503134095226E-002 5.26949454307707E-002
95.2663114 5.14026919659673E-002 5.25428531327131E-002
95.3663128 5.12556318834773E-002 5.23913438806997E-002
95.4663065 5.11091527995398E-002 5.22404378601489E-002
95.5663002 5.09632406892158E-002 5.20901205758613E-002
95.6662940 5.08178927848954E-002 5.19403891311337E-002
95.7662878 5.06731063352699E-002 5.17912406464602E-002
95.8662892 5.05288676225948E-002 5.16426609464301E-002
95.9662829 5.03851959353922E-002 5.14946698554743E-002
96.0662767 5.02420775454384E-002 5.13472531878348E-002
96.1662705 5.00995097655143E-002 5.12004081316113E-002
96.2662643 4.99574899241486E-002 5.10541318915130E-002
96.3662658 4.98160045924278E-002 5.09084105932917E-002
96.4662596 4.96750727175159E-002 5.07632637083045E-002
96.5662535 4.95346808599579E-002 5.06186773518722E-002
96.6662473 4.93948264102019E-002 5.04746487940024E-002
96.7662412 4.92555067739121E-002 5.03311753207466E-002
96.8662427 4.91167088033041E-002 5.01882433509155E-002
96.9662365 4.89784511115972E-002 5.00458720105050E-002
97.0662304 4.88407205404146E-002 4.99040477078240E-002
97.1662243 4.87035145552542E-002 4.97627677920057E-002
97.2662182 4.85668306363180E-002 4.96220296276837E-002
97.3662198 4.84306559094962E-002 4.94818199188870E-002
97.4662137 4.82950086612893E-002 4.93421574537655E-002
97.5662076 4.81598760069562E-002 4.92030289257897E-002
97.6662016 4.80252554845269E-002 4.90644317605433E-002
97.7661955 4.78911446462439E-002 4.89263633985881E-002
97.8661971 4.77575308844561E-002 4.87888108215847E-002
97.9661911 4.76244321659887E-002 4.86517924871621E-002
98.0661851 4.74918358725313E-002 4.85152953663769E-002
98.1661791 4.73597396122251E-002 4.83793169586922E-002
98.2661730 4.72281410069510E-002 4.82438547780464E-002
98.3661747 4.70970277085309E-002 4.81088960763887E-002
98.4661687 4.69664173709804E-002 4.79744589879666E-002
98.5661627 4.68362976354443E-002 4.78405307540911E-002
98.6661568 4.67066661778462E-002 4.77071089456314E-002
98.7661508 4.65775206873946E-002 4.75741911474496E-002
98.8661525 4.64488490686199E-002 4.74417648746743E-002
98.9661465 4.63206686694217E-002 4.73098479451314E-002
99.0661406 4.61929673836447E-002 4.71784278632880E-002
99.1661347 4.60657429527548E-002 4.70475022690415E-002
99.2661288 4.59389931310645E-002 4.69170688158170E-002
99.3661305 4.58127060692612E-002 4.67871152750402E-002
99.4661246 4.56868988156549E-002 4.66576591549000E-002
99.5661187 4.55615595102472E-002 4.65286882161465E-002
99.6661128 4.54366859578903E-002 4.64002001654171E-002
99.7661070 4.53122759758615E-002 4.62721927224303E-002
99.8661087 4.51883179546588E-002 4.61446539082428E-002
99.9661029 4.50648286493660E-002 4.60176009280216E-002
100.0660970 4.49417964398035E-002 4.58910217921433E-002
100.1660912 4.48192191921346E-002 4.57649142717842E-002
100.2660854 4.46970947845424E-002 4.56392761507712E-002
100.3660872 4.45754118411864E-002 4.55140956933366E-002
100.4660814 4.44541868301300E-002 4.53893898080745E-002
100.5660756 4.43334083648711E-002 4.52651467485408E-002
100.6660698 4.42130743708866E-002 4.51413643483319E-002
100.7660640 4.40931827852831E-002 4.50180404532811E-002
100.8660658 4.39737224599234E-002 4.48951635645417E-002
100.9660601 4.38547095819020E-002 4.47727503004241E-002
101.0660543 4.37361329924429E-002 4.46507891514168E-002
101.1660486 4.36179906744140E-002 4.45292780114976E-002
101.2660428 4.35002806219360E-002 4.44082147864819E-002
101.3660447 4.33829919088010E-002 4.42875882083846E-002
101.4660390 4.32661404470362E-002 4.41674146113649E-002
101.5660333 4.31497152998242E-002 4.40476827167917E-002
101.6660275 4.30337145055709E-002 4.39283904770604E-002
101.7660218 4.29181361135741E-002 4.38095358560211E-002
101.8660238 4.28029694139565E-002 4.36911078106771E-002
101.9660181 4.26882300494356E-002 4.35731223970176E-002
102.0660124 4.25739072995603E-002 4.34555685614259E-002
102.1660067 4.24599992564915E-002 4.33384443128252E-002
102.2660011 4.23465040229327E-002 4.32217476712237E-002
102.3660031 4.22334110999109E-002 4.31054678129213E-002
102.4659974 4.21207358664489E-002 4.29896205215706E-002
102.5659918 4.20084678130408E-002 4.28741949628837E-002
102.6659861 4.18966050838840E-002 4.27591892004910E-002
102.7659805 4.17851458333820E-002 4.26446013087520E-002
102.8659825 4.16740797682036E-002 4.25304206777451E-002
102.9659769 4.15634220091551E-002 4.24166628244768E-002
103.0659713 4.14531622524185E-002 4.23033171284751E-002
103.1659657 4.13432986925718E-002 4.21903817063247E-002
103.2659601 4.12338295340754E-002 4.20778546849955E-002
103.3659622 4.11247446841355E-002 4.19657256629944E-002
103.4659566 4.10160590106872E-002 4.18540098962321E-002
103.5659511 4.09077624105010E-002 4.17426969727084E-002
103.6659455 4.07998531269398E-002 4.16317850602720E-002
103.7659400 4.06923294129373E-002 4.15212723368270E-002
103.8659421 4.05851813712865E-002 4.14111486041203E-002
103.9659365 4.04784236222656E-002 4.13014288623816E-002
104.0659310 4.03720462582877E-002 4.11921029028993E-002
104.1659255 4.02660475699629E-002 4.10831689431584E-002
104.2659200 4.01604258571708E-002 4.09746252103812E-002
104.3659221 4.00551714134889E-002 4.08664617045220E-002
104.4659166 3.99502986166268E-002 4.07586931754134E-002
104.5659112 3.98457977498410E-002 4.06513096126042E-002
104.6659057 3.97416671495062E-002 4.05443092816470E-002
104.7659002 3.96379051609769E-002 4.04376904575250E-002
104.8659024 3.95345022639538E-002 4.03314433335182E-002
104.9658969 3.94314725985438E-002 4.02255824142171E-002
105.0658915 3.93288066341904E-002 4.01200978825535E-002
105.1658860 3.92265027516034E-002 4.00149880506356E-002
105.2658806 3.91245593401926E-002 3.99102512397058E-002
105.3658828 3.90229670612597E-002 3.98058778316339E-002
105.4658774 3.89217398221548E-002 3.97018820907985E-002
105.5658720 3.88208682739888E-002 3.95982543887820E-002
105.6658666 3.87203508404285E-002 3.94949930827902E-002
105.7658612 3.86201859535702E-002 3.93920965388776E-002
105.8658634 3.85203644519267E-002 3.92895553229073E-002
105.9658580 3.84209000148213E-002 3.91873834639556E-002
106.0658527 3.83217834706455E-002 3.90855715176627E-002
106.1658473 3.82230132846932E-002 3.89841178849262E-002
106.2658419 3.81245879304279E-002 3.88830209752172E-002
106.3658442 3.80264984193113E-002 3.87822715339314E-002
106.4658389 3.79287582072568E-002 3.86818833596337E-002
106.5658335 3.78313582956779E-002 3.85818471875652E-002
106.6658282 3.77342971902130E-002 3.84821614609592E-002
106.7658229 3.76375734044190E-002 3.83828246313574E-002
106.8658252 3.75411781185693E-002 3.82838276193584E-002
106.9658199 3.74451245696740E-002 3.81851839976919E-002
107.0658146 3.73494039280334E-002 3.80868846768731E-002
107.1658093 3.72540147383930E-002 3.79889281411632E-002
107.2658040 3.71589555531747E-002 3.78913128828761E-002
107.3658063 3.70642177174450E-002 3.77940299936096E-002
107.4658011 3.69698142537109E-002 3.76970928248231E-002
107.5657958 3.68757364971438E-002 3.76004924581049E-002
107.6657905 3.67819830304021E-002 3.75042274174826E-002
107.7657853 3.66885524435869E-002 3.74082962347897E-002
107.8657877 3.65954362426558E-002 3.73126901685411E-002
107.9657824 3.65026472399079E-002 3.72174223533826E-002
108.0657772 3.64101769314856E-002 3.71224840378960E-002
108.1657720 3.63180239368076E-002 3.70278737846582E-002
108.2657667 3.62261868825102E-002 3.69335901638133E-002
108.3657692 3.61346574316510E-002 3.68396245968299E-002
108.4657639 3.60434481905157E-002 3.67459900058901E-002
108.5657587 3.59525508124289E-002 3.66526778026082E-002
108.6657536 3.58619639524575E-002 3.65596865869351E-002
108.7657484 3.57716862726676E-002 3.64670149661594E-002
108.8657508 3.56817095895346E-002 3.63746545208529E-002
108.9657456 3.55920463074263E-002 3.62826179649822E-002
109.0657405 3.55026882331689E-002 3.61908968693455E-002
