0.0053140 5.15809842553618E+000 2.20308893813258E+003
0.0210792 1.98798644267176E+001 2.15842518189785E+003
0.0467942 4.21276100290242E+001 2.08818881929311E+003
0.0817065 6.91298884460782E+001 1.99773587938717E+003
0.1249105 9.80183065559827E+001 1.89305050741935E+003
0.1754417 1.26324894079158E+002 1.77989022916067E+003
0.2323515 1.52239917335187E+002 1.66322169503122E+003
0.2947571 1.74651707245908E+002 1.54696561957762E+003
0.3618673 1.93048717151603E+002 1.43397978535222E+003
0.4329916 2.07365911973658E+002 1.32618068195864E+003
0.5075377 2.17830670490256E+002 1.22472431710327E+003
0.5850032 2.24835791907667E+002 1.13019166244940E+003
0.6649650 2.28846865662331E+002 1.04275277430280E+003
0.7470680 2.30341103381775E+002 9.62298768820994E+002
0.8310139 2.29770699664738E+002 8.88543139695486E+002
0.9165527 2.27543653345383E+002 8.21094583335039E+002
1.0034738 2.24015991440874E+002 7.59508457929818E+002
1.0915995 2.19490988455127E+002 7.03321609871690E+002
1.1807797 2.14222271577170E+002 6.52074765092345E+002
1.2708868 2.08418899905381E+002 6.05326991066966E+002
1.3618115 2.02251086078057E+002 5.62663583911068E+002
1.4534610 1.95855873996910E+002 5.23699984866397E+002
1.5457546 1.89342528208593E+002 4.88083744609868E+002
1.6386236 1.82797149072167E+002 4.55493580091809E+002
1.7320075 1.76286896902448E+002 4.25638770472837E+002
1.8258543 1.69863372238897E+002 3.98256721769244E+002
1.9201186 1.63565592190154E+002 3.73111064225851E+002
2.0147601 1.57422468225477E+002 3.49989546796796E+002
2.1097440 1.51454709033551E+002 3.28701395893168E+002
2.2050388 1.45676583063162E+002 3.09075623343870E+002
2.3006174 1.40097160897957E+002 2.90958664108862E+002
2.3964555 1.34721451887147E+002 2.74212707838832E+002
2.4925310 1.29551325222586E+002 2.58714130225433E+002
2.5888248 1.24586136271712E+002 2.44351710742420E+002
2.6853193 1.19823401136768E+002 2.31025573473088E+002
2.7819988 1.15259175296596E+002 2.18645727999043E+002
2.8788497 1.10888461891645E+002 2.07131101381808E+002
2.9758588 1.06705536757292E+002 1.96408648751267E+002
3.0730149 1.02704111907141E+002 1.86412311615890E+002
3.1703074 9.88776016676684E+001 1.77082464942667E+002
3.2677268 9.52192014604146E+001 1.68365073305771E+002
3.3652646 9.17220410351415E+001 1.60211191133773E+002
3.4629133 8.83792480084734E+001 1.52576373470830E+002
3.5606650 8.51840790114150E+001 1.45420349315513E+002
3.6585133 8.21298755725779E+001 1.38706386307880E+002
3.7564523 7.92101667026524E+001 1.32401067899058E+002
3.8544764 7.64186800607645E+001 1.26473926089513E+002
3.9525810 7.37493484923414E+001 1.20897122217193E+002
4.0507604 7.11963726163266E+001 1.15645290236457E+002
4.1490108 6.87541514574082E+001 1.10695144223050E+002
4.2473280 6.64173367199085E+001 1.06025378147729E+002
4.3457083 6.41808193637594E+001 1.01616452476660E+002
4.4441489 6.20397167340515E+001 9.74504084544746E+001
4.5426454 5.99894081906492E+001 9.35107973534300E+001
4.6411954 5.80254677474086E+001 8.97824277534638E+001
4.7397961 5.61436982026671E+001 8.62513260899742E+001
4.8384450 5.43401128790035E+001 8.29046083987351E+001
4.9371399 5.26109192765440E+001 7.97303685589781E+001
5.0358779 5.09525431721644E+001 7.67176506214868E+001
5.1346571 4.93615705464461E+001 7.38562792681522E+001
5.2334756 4.78347722902379E+001 7.11368499719919E+001
5.3323316 4.63690872831353E+001 6.85506491622106E+001
5.4312238 4.49616074909693E+001 6.60895846013707E+001
5.5301496 4.36095964334565E+001 6.37461790344276E+001
5.6291079 4.23104411008474E+001 6.15134520550994E+001
5.7280973 4.10616715153349E+001 5.93849242351714E+001
5.8271164 3.98609466425807E+001 5.73545656949349E+001
5.9261644 3.87060420644432E+001 5.54167512368846E+001
6.0252392 3.75948651789320E+001 5.35662642323130E+001
6.1243401 3.65254158822328E+001 5.17982114794212E+001
6.2234659 3.54958028250663E+001 5.01080334458001E+001
6.3226158 3.45042321263483E+001 4.84914700386877E+001
6.4217891 3.35489975281936E+001 4.69445307453827E+001
6.5209840 3.26284933547628E+001 4.54635030887203E+001
6.6202001 3.17411823848034E+001 4.40448894258359E+001
6.7194366 3.08856096909849E+001 4.26854193775288E+001
6.8186927 3.00603937089107E+001 4.13820263392703E+001
6.9179682 2.92642184587210E+001 4.01318269979414E+001
7.0172613 2.84958447720660E+001 3.89321314647209E+001
7.1165720 2.77540839207578E+001 3.77803951489346E+001
7.2158999 2.70378061823619E+001 3.66742262792169E+001
7.3152432 2.63459505578476E+001 3.56113951697561E+001
7.4146030 2.56774850588512E+001 3.45897680714350E+001
7.5139770 2.50314530971939E+001 3.36073738209714E+001
7.6133666 2.44069197653467E+001 3.26623175636470E+001
7.7127702 2.38030129806611E+001 3.17528396595207E+001
7.8121865 2.32189017404571E+001 3.08772790021628E+001
7.9116168 2.26537780573877E+001 3.00340429750224E+001
8.0110589 2.21068933927933E+001 2.92216590940955E+001
8.1105143 2.15775135196770E+001 2.84387050101025E+001
8.2099815 2.10649535955672E+001 2.76838582907172E+001
8.3094593 2.05685600276568E+001 2.69558671520992E+001
8.4089492 2.00876953279881E+001 2.62535263625032E+001
8.5084489 1.96217693125446E+001 2.55757210728027E+001
8.6079599 1.91702009069303E+001 2.49213693142341E+001
8.7074812 1.87324482120767E+001 2.42894642370871E+001
8.8070112 1.83079932628063E+001 2.36790504029882E+001
8.9065517 1.78963292334365E+001 2.30892041619348E+001
9.0061006 1.74969872953847E+001 2.25190710022015E+001
9.1056593 1.71095040800608E+001 2.19678177944398E+001
9.2052267 1.67334475865847E+001 2.14346687907036E+001
9.3048016 1.63684042768467E+001 2.09188861677027E+001
9.4043856 1.60139681875563E+001 2.04197538349397E+001
9.5039766 1.56697641643205E+001 1.99366094028091E+001
9.6035763 1.53354199683580E+001 1.94688041366447E+001
9.7031836 1.50105887103812E+001 1.90157337823439E+001
9.8027972 1.46949378473521E+001 1.85768224139797E+001
9.9024188 1.43881398531941E+001 1.81515089191212E+001
10.0020464 1.40898924115189E+001 1.77392744857818E+001
10.1016817 1.37998943618327E+001 1.73396087319695E+001
10.2013235 1.35178652150258E+001 1.69520362269762E+001
10.3009707 1.32435357101309E+001 1.65761029457296E+001
10.4006251 1.29766397694372E+001 1.62113648748494E+001
10.5002846 1.27169321251576E+001 1.58574117550294E+001
10.5999509 1.24641674620812E+001 1.55138382121723E+001
10.6996230 1.22181174685595E+001 1.51802666826140E+001
10.7992996 1.19785626827232E+001 1.48563359510109E+001
10.8989827 1.17452855140626E+001 1.45416914589168E+001
10.9986702 1.15180856943795E+001 1.42360059052869E+001
11.0983637 1.12967620990005E+001 1.39389544688277E+001
11.1980623 1.10811277063269E+001 1.36502347154563E+001
11.2977649 1.08710025176209E+001 1.33695568211038E+001
11.3974732 1.06662074704935E+001 1.30966352633388E+001
11.4971853 1.04665780364604E+001 1.28312067741686E+001
11.5969029 1.02719483006280E+001 1.25730089389821E+001
11.6966250 1.00821641380925E+001 1.23217975598615E+001
11.7963505 9.89707703367388E+000 1.20773382552702E+001
11.8960812 9.71653874638789E+000 1.18393992870949E+001
11.9958151 9.54041332110835E+000 1.16077672722139E+001
12.0955540 9.36856308360021E+000 1.13822285908892E+001
12.1952970 9.20086028981438E+000 1.11625845952733E+001
12.2950428 9.03718170487725E+000 1.09486443448961E+001
12.3947934 8.87740390390414E+000 1.07402183746567E+001
12.4945468 8.72141392084722E+000 1.05371325007389E+001
12.5943047 8.56909687675467E+000 1.03392115838672E+001
12.6940662 8.42034631565181E+000 1.01462929044083E+001
12.7938302 8.27505942794372E+000 9.95821984278035E+000
12.8935986 8.13313289362183E+000 9.77483643385953E+000
12.9933693 7.99447235519222E+000 9.59599954543433E+000
13.0931443 7.85898144573958E+000 9.42156462865450E+000
13.1929224 7.72657099056190E+000 9.25139752620822E+000
13.2927027 7.59715478059379E+000 9.08536894493792E+000
13.3924871 7.47064588048132E+000 8.92334967255234E+000
13.4922734 7.34696508286579E+000 8.76522136021547E+000
13.5920637 7.22603114197568E+000 8.61086396035855E+000
13.6918568 7.10776899190541E+000 8.46016618986490E+000
13.7916517 6.99210599196635E+000 8.31302067154406E+000
13.8914504 6.87896863523755E+000 8.16931971250752E+000
13.9912508 6.76829011712189E+000 8.02896488453652E+000
14.0910548 6.66000161185947E+000 7.89185590289178E+000
14.1908615 6.55403963507286E+000 7.75789993016589E+000
14.2906697 6.45034269603703E+000 7.62700728611819E+000
14.3904813 6.34884835289154E+000 7.49908770538710E+000
14.4902944 6.24950000826461E+000 7.37405887824736E+000
14.5901109 6.15223909188601E+000 7.25183656656847E+000
14.6899298 6.05701167578700E+000 7.13234290433746E+000
14.7897500 5.96376547905666E+000 7.01550259332113E+000
14.8895734 5.87244722448144E+000 6.90123957223097E+000
14.9893980 5.78300875733771E+000 6.78948465500275E+000
15.0892259 5.69540001840120E+000 6.68016671414326E+000
15.1890558 5.60957500422032E+000 6.57322010957410E+000
15.2888878 5.52548828476889E+000 6.46858031472512E+000
15.3887200 5.44309736990936E+000 6.36618684237161E+000
15.4885562 5.36235640686195E+000 6.26597539533704E+000
15.5883943 5.28322556104117E+000 6.16788950627074E+000
15.6882343 5.20566465358140E+000 6.07187261071538E+000
15.7880763 5.12963470555173E+000 5.97786995111897E+000
15.8879183 5.05509930402484E+000 5.88583024677220E+000
15.9877640 4.98201890401111E+000 5.79569864479682E+000
16.0876115 4.91035931904283E+000 5.70742719028021E+000
16.1874608 4.84008596993953E+000 5.62096770877330E+000
16.2873119 4.77116528513286E+000 5.53627352375931E+000
16.3871628 4.70356594355659E+000 5.45330096886737E+000
16.4870172 4.63725370962675E+000 5.37200303837903E+000
16.5868734 4.57219913705157E+000 5.29233883168914E+000
16.6867312 4.50837235653755E+000 5.21426714324386E+000
16.7865905 4.44574434846811E+000 5.13774801550079E+000
16.8864496 4.38428807603674E+000 5.06274411129515E+000
16.9863121 4.32397379181053E+000 4.98921497811390E+000
17.0861762 4.26477604414894E+000 4.91712559008645E+000
17.1860417 4.20666894163470E+000 4.84644055856647E+000
17.2859087 4.14962731223109E+000 4.77712553963458E+000
17.3857753 4.09362773839847E+000 4.70914848219230E+000
17.4856452 4.03864428214465E+000 4.64247443269601E+000
17.5855166 3.98465487152380E+000 4.57707328052066E+000
17.6853893 3.93163698804921E+000 4.51291451498261E+000
17.7852633 3.87956872464386E+000 4.44996850389759E+000
17.8851368 3.82842973303213E+000 4.38820763099686E+000
17.9850136 3.77819732124086E+000 4.32760157817947E+000
18.0848916 3.72885228754497E+000 4.26812436551542E+000
18.1847709 3.68037498427024E+000 4.20974959100125E+000
18.2846515 3.63274628530127E+000 4.15245159452209E+000
18.3845314 3.58594845479048E+000 4.09620649647853E+000
18.4844144 3.53996157705726E+000 4.04098790329549E+000
18.5842986 3.49476889674377E+000 3.98677332104213E+000
18.6841841 3.45035321847643E+000 3.93353982300034E+000
18.7840706 3.40669779336403E+000 3.88126511153151E+000
18.8839565 3.36378711698567E+000 3.82992846833197E+000
18.9838453 3.32160365672657E+000 3.77950683623970E+000
19.0837353 3.28013274955735E+000 3.72998067504590E+000
19.1836263 3.23935930217939E+000 3.68133000935184E+000
19.2835185 3.19926860479992E+000 3.63353539925824E+000
19.3834098 3.15984706542438E+000 3.58657881139819E+000
19.4833041 3.12107920401598E+000 3.54044003625459E+000
19.5831994 3.08295215301076E+000 3.49510204589994E+000
19.6830957 3.04545262697589E+000 3.45054738086723E+000
19.7829930 3.00856767095951E+000 3.40675903922212E+000
19.8828894 2.97228533730056E+000 3.36372127642460E+000
19.9827887 2.93659191972638E+000 3.32141632260854E+000
20.0826889 2.90147609629700E+000 3.27982929444913E+000
20.1825901 2.86692614138018E+000 3.23894488507864E+000
20.2824922 2.83293061501791E+000 3.19874817993317E+000
20.3823934 2.79947898776021E+000 3.15922539254424E+000
20.4822973 2.76655909102083E+000 3.12036085069555E+000
20.5822022 2.73416093746945E+000 3.08214150816780E+000
20.6821079 2.70227415137365E+000 3.04455390625062E+000
20.7820145 2.67088860468190E+000 3.00758492374872E+000
20.8819201 2.63999499477162E+000 2.97122245497954E+000
20.9818284 2.60958249014975E+000 2.93545263754114E+000
21.0817375 2.57964225926647E+000 2.90026400414601E+000
21.1816475 2.55016509807555E+000 2.86564468814748E+000
21.2815583 2.52114201788842E+000 2.83158311421927E+000
21.3814680 2.49256478038853E+000 2.79806862411847E+000
21.4813803 2.46442372015872E+000 2.76508892207672E+000
21.5812935 2.43671100937968E+000 2.73263390216419E+000
21.6812074 2.40941846388498E+000 2.70069307356852E+000
21.7811221 2.38253808727850E+000 2.66925619770732E+000
21.8810357 2.35606256709600E+000 2.63831386669075E+000
21.9809519 2.32998325772063E+000 2.60785514517298E+000
22.0808688 2.30429320537499E+000 2.57787110456496E+000
22.1807864 2.27898511605228E+000 2.54835244666408E+000
22.2807048 2.25405185989800E+000 2.51929009230347E+000
22.3806219 2.22948693198639E+000 2.49067571690317E+000
22.4805416 2.20528258099654E+000 2.46249957006010E+000
22.5804621 2.18143261624142E+000 2.43475374435575E+000
22.6803832 2.15793052268966E+000 2.40742997840638E+000
22.7803050 2.13476992918245E+000 2.38052020158227E+000
22.8802255 2.11194503692909E+000 2.35401703055924E+000
22.9801486 2.08944888089745E+000 2.32791175004216E+000
23.0800723 2.06727593829191E+000 2.30219734080859E+000
23.1799967 2.04542037748079E+000 2.27686644539238E+000
23.2799217 2.02387649324176E+000 2.25191187290767E+000
23.3798454 2.00263910576076E+000 2.22732706009414E+000
23.4797716 1.98170194307527E+000 2.20310419841036E+000
23.5796984 1.96106006836822E+000 2.17923704324780E+000
23.6796259 1.94070825101727E+000 2.15571902732420E+000
23.7795539 1.92064137173013E+000 2.13254372921145E+000
23.8794806 1.90085479454855E+000 2.10970530200028E+000
23.9794098 1.88134285989824E+000 2.08719673360542E+000
24.0793395 1.86210114626850E+000 2.06501245671946E+000
24.1792698 1.84312495282901E+000 2.04314659661749E+000
24.2792007 1.82440967702412E+000 2.02159340660578E+000
24.3791302 1.80595116183363E+000 2.00034766710788E+000
24.4790621 1.78774429005291E+000 1.97940306742838E+000
24.5789946 1.76978509434381E+000 1.95875463394348E+000
24.6789277 1.75206934194708E+000 1.93839710043997E+000
24.7788612 1.73459288704576E+000 1.91832531336548E+000
24.8787934 1.71735199531354E+000 1.89853460385279E+000
24.9787279 1.70034203099174E+000 1.87901928042024E+000
25.0786630 1.68355942789854E+000 1.85977489107621E+000
25.1785986 1.66700036771905E+000 1.84079670556134E+000
25.2785347 1.65066110921967E+000 1.82208009298550E+000
25.3784693 1.63453829191793E+000 1.80362086905464E+000
25.4784064 1.61862770835720E+000 1.78541389026891E+000
25.5783439 1.60292614742328E+000 1.76745516401553E+000
25.6782819 1.58743015853765E+000 1.74974043317891E+000
25.7782204 1.57213635960181E+000 1.73226552848814E+000
25.8781574 1.55704172144781E+000 1.71502669298742E+000
25.9780968 1.54214241845053E+000 1.69801926924702E+000
26.0780366 1.52743555440249E+000 1.68123967010528E+000
26.1779769 1.51291800568340E+000 1.66468405707630E+000
26.2779176 1.49858670963302E+000 1.64834866950088E+000
26.3778568 1.48443893128602E+000 1.63223012810335E+000
26.4777984 1.47047118611767E+000 1.61632420757354E+000
26.5777404 1.45668085775220E+000 1.60062767936791E+000
26.6776829 1.44306511384479E+000 1.58513707619706E+000
26.7776257 1.42962117642139E+000 1.56984899986858E+000
26.8775671 1.41634657226243E+000 1.55476040559666E+000
26.9775108 1.40323812216163E+000 1.53986745305964E+000
27.0774549 1.39029345887416E+000 1.52516723156181E+000
27.1773994 1.37751001003750E+000 1.51065660363792E+000
27.2773442 1.36488525187362E+000 1.49633249329442E+000
27.3772876 1.35241694446176E+000 1.48219215258133E+000
27.4772333 1.34010218241039E+000 1.46823208489228E+000
27.5771793 1.32793882067641E+000 1.45444966180405E+000
27.6771257 1.31592451937717E+000 1.44084203950471E+000
27.7770725 1.30405698212274E+000 1.42740642897803E+000
27.8770178 1.29233417730658E+000 1.41414034620741E+000
27.9769653 1.28075344555566E+000 1.40104060207367E+000
28.0769132 1.26931284035881E+000 1.38810481931355E+000
28.1768615 1.25801023009229E+000 1.37533041607336E+000
28.2768101 1.24684352213516E+000 1.36271485943732E+000
28.3767572 1.23581087120717E+000 1.35025590050785E+000
28.4767065 1.22490983937771E+000 1.33795062578146E+000
28.5766562 1.21413865782126E+000 1.32579688188591E+000
28.6766062 1.20349538179886E+000 1.31379232109161E+000
28.7765565 1.19297810160753E+000 1.30193463945593E+000
28.8765053 1.18258513890459E+000 1.29022179791238E+000
28.9764563 1.17231425542927E+000 1.27865113047272E+000
29.0764077 1.16216384164650E+000 1.26722068370521E+000
29.1763593 1.15213212080358E+000 1.25592831950892E+000
29.2763113 1.14221734767228E+000 1.24477193903108E+000
29.3762617 1.13241799371842E+000 1.23374969079707E+000
29.4762144 1.12273200102445E+000 1.22285913150612E+000
29.5761673 1.11315790308306E+000 1.21209848658794E+000
29.6761206 1.10369407438651E+000 1.20146580596876E+000
29.7760741 1.09433891783735E+000 1.19095917481548E+000
29.8760261 1.08509103954911E+000 1.18057690964829E+000
29.9759803 1.07594854475967E+000 1.17031676787235E+000
30.0759347 1.06691009558592E+000 1.16017713519047E+000
30.1758895 1.05797420290754E+000 1.15015623046862E+000
30.2758445 1.04913940324768E+000 1.14025230426818E+000
30.3757980 1.04040442392514E+000 1.13046382380184E+000
30.4757536 1.03176751801932E+000 1.12078872768046E+000
30.5757095 1.02322746349193E+000 1.11122554545658E+000
30.6756657 1.01478289440082E+000 1.10177264803748E+000
30.7756221 1.00643246798490E+000 1.09242843488354E+000
30.8755770 9.98175020828566E-001 1.08319150859497E+000
30.9755340 9.90008940184185E-001 1.07405997165599E+000
31.0754913 9.81933108500465E-001 1.06503248293141E+000
31.1754469 9.73946422744813E-001 1.05610771964162E+000
31.2754067 9.66047194888657E-001 1.04728370772879E+000
31.3753629 9.58234814645662E-001 1.03855967939863E+000
31.4753231 9.50507493147485E-001 1.02993355271547E+000
31.5752798 9.42864646949915E-001 1.02140459376113E+000
31.6752368 9.35304826122971E-001 1.01297110339080E+000
31.7751978 9.27826612431273E-001 1.00463142030849E+000
31.8751552 9.20429460508184E-001 9.96384858593552E-001
31.9751168 9.13111708335513E-001 9.88229489199167E-001
32.0750747 9.05872834554489E-001 9.80164656431005E-001
32.1750329 8.98711496503032E-001 9.72188791101885E-001
32.2749952 8.91626380622571E-001 9.64300358669681E-001
32.3749539 8.84616999627597E-001 9.56498746289620E-001
32.4749166 8.77681807483212E-001 9.48782164257560E-001
32.5748758 8.70820338397143E-001 9.41150026727519E-001
32.6748352 8.64031347544393E-001 9.33600882669541E-001
32.7747986 8.57313616861018E-001 9.26133312813022E-001
32.8747585 8.50666711072915E-001 9.18746769605812E-001
32.9747223 8.44089190340614E-001 9.11439590530336E-001
33.0746827 8.37580638649253E-001 9.04211252174947E-001
33.1746432 8.31139900531639E-001 8.97060411095640E-001
33.2746078 8.24765845160634E-001 8.89985753004166E-001
33.3745687 8.18458083879159E-001 8.82986788745335E-001
33.4745337 8.12215274213356E-001 8.76061972061150E-001
33.5744951 8.06037044778153E-001 8.69210835402092E-001
33.6744568 7.99922321828712E-001 8.62432133424341E-001
33.7744224 7.93870054336856E-001 8.55724647586933E-001
33.8743844 7.87879895462255E-001 8.49087941013884E-001
33.9743505 7.81950592118978E-001 8.42520573868582E-001
34.0743130 7.76081812968787E-001 8.36022128629682E-001
34.1742756 7.70272559103330E-001 8.29591449528214E-001
34.2742423 7.64521852584137E-001 8.23227405468356E-001
34.3742054 7.58829384110791E-001 8.16929606418444E-001
34.4741725 7.53193982766817E-001 8.10696710091312E-001
34.5741359 7.47615353175640E-001 8.04528343808330E-001
34.6740996 7.42092565046488E-001 7.98423433701305E-001
34.7740673 7.36624707469799E-001 7.92380928644534E-001
34.8740313 7.31211504870091E-001 7.86400480616205E-001
34.9739994 7.25851861959397E-001 7.80480836865666E-001
35.0739638 7.20545515677119E-001 7.74621664942079E-001
35.1739284 7.15291598725547E-001 7.68821965959759E-001
35.2738971 7.10089261741295E-001 7.63080762022685E-001
35.3738621 7.04938259466938E-001 7.57397742813163E-001
35.4738310 6.99837566307654E-001 7.51771737869072E-001
35.5737964 6.94786948261687E-001 7.46202450855172E-001
35.6737620 6.89785595930429E-001 7.40688951622196E-001
35.7737315 6.84832716530037E-001 7.35230329416845E-001
35.8736974 6.79928092075376E-001 7.29826307786104E-001
35.9736673 6.75070761271542E-001 7.24475791990756E-001
36.0736335 6.70260516262471E-001 7.19178518142585E-001
36.1735999 6.65496600928993E-001 7.13933619181429E-001
36.2735704 6.60778274561666E-001 7.08740245992020E-001
36.3735371 6.56105343721832E-001 7.03598152558436E-001
36.4735079 6.51476906507332E-001 6.98506313908361E-001
36.5734750 6.46892778599595E-001 6.93464495324074E-001
36.6734423 6.42352252963855E-001 6.88471887721433E-001
36.7734135 6.37854636873198E-001 6.83527698638173E-001
36.8733811 6.33399758993478E-001 6.78631709432116E-001
36.9733527 6.28986772344552E-001 6.73782959487390E-001
37.0733206 6.24615513807816E-001 6.68981240327162E-001
37.1732887 6.20285321618596E-001 6.64225796207625E-001
37.2732608 6.15995547311249E-001 6.59515886798948E-001
37.3732292 6.11746039466329E-001 6.54851318091964E-001
37.4732015 6.07536001947417E-001 6.50231188905709E-001
37.5731702 6.03365290738919E-001 6.45655314382056E-001
37.6731391 5.99233285873769E-001 6.41122987909082E-001
37.7731119 5.95139379759179E-001 6.36633517184606E-001
37.8730811 5.91083438924848E-001 6.32186730377830E-001
37.9730543 5.87064714353167E-001 6.27781781260006E-001
38.0730237 5.83083079248652E-001 6.23418506242306E-001
38.1729934 5.79137952276711E-001 6.19096244019160E-001
38.2729669 5.75228763628305E-001 6.14814346583981E-001
38.3729369 5.71355396016425E-001 6.10572662083744E-001
38.4729107 5.67517144135991E-001 6.06370395153696E-001
38.5728809 5.63713896719437E-001 6.02207401367239E-001
38.6728513 5.59945108176201E-001 5.98083061243304E-001
38.7728256 5.56210243661437E-001 5.93996767673471E-001
38.8727962 5.52509200483595E-001 5.89948386807757E-001
38.9727708 5.48841313931543E-001 5.85937170412258E-001
39.0727417 5.45206486743525E-001 5.81962991331110E-001
39.1727127 5.41604206434017E-001 5.78025268734795E-001
39.2726877 5.38033970545840E-001 5.74123433316451E-001
39.3726590 5.34495689553959E-001 5.70257367455463E-001
39.4726343 5.30988736482717E-001 5.66426366635718E-001
39.5726059 5.27513026705921E-001 5.62630319272551E-001
39.6725776 5.24068078429258E-001 5.58868680293071E-001
39.7725533 5.20653419226117E-001 5.55140915366176E-001
39.8725252 5.17268971450994E-001 5.51446921506125E-001
39.9725012 5.13914143240686E-001 5.47786034790443E-001
40.0724734 5.10588861370066E-001 5.44158157677304E-001
40.1724458 5.07292672525700E-001 5.40562778206074E-001
40.2724221 5.04025132152804E-001 5.36999394439724E-001
40.3723947 5.00786173325390E-001 5.33467916592764E-001
40.4723712 4.97575236883095E-001 5.29967718473324E-001
40.5723441 4.94392259888824E-001 5.26498715206847E-001
40.6723171 4.91236815483846E-001 5.23060425526689E-001
40.7722940 4.88108485005977E-001 5.19652377528537E-001
40.8722673 4.85007211202411E-001 5.16274493335315E-001
40.9722444 4.81932465399680E-001 5.12926181859053E-001
41.0722179 4.78884193944480E-001 5.09607369653412E-001
41.1721915 4.75861994573433E-001 5.06317603931767E-001
41.2721690 4.72865472700413E-001 5.03056440660281E-001
41.3721428 4.69894579801343E-001 4.99823812706138E-001
41.4721206 4.66948815649664E-001 4.96619161672695E-001
41.5720946 4.64028134969153E-001 4.93442424424908E-001
41.6720688 4.61132158383771E-001 4.90293174627016E-001
41.7720469 4.58260513714489E-001 4.87170994133587E-001
41.8720213 4.55413160312900E-001 4.84075825506198E-001
41.9719996 4.52589624519420E-001 4.81007140821230E-001
42.0719743 4.49789868615736E-001 4.77964886247372E-001
42.1719490 4.47013534542551E-001 4.74948660037976E-001
42.2719276 4.44260270993017E-001 4.71958068117163E-001
42.3719026 4.41530044423401E-001 4.68993061793427E-001
42.4718815 4.38822406006918E-001 4.66053141574347E-001
42.5718566 4.36137324842620E-001 4.63138262022803E-001
42.6718319 4.33474462742284E-001 4.60248044271308E-001
42.7718111 4.30833487858206E-001 4.57382116642729E-001
42.8717866 4.28214373054096E-001 4.54540438336842E-001
42.9717660 4.25616692734666E-001 4.51722536411073E-001
43.0717417 4.23040422146476E-001 4.48928373000902E-001
43.1717175 4.20485241640415E-001 4.46157590545872E-001
43.2716972 4.17950837525830E-001 4.43409838231218E-001
43.3716732 4.15437188442983E-001 4.40685082374801E-001
43.4716531 4.12943890548060E-001 4.37982874848664E-001
43.5716293 4.10470924628889E-001 4.35303184618268E-001
43.6716056 4.08017988347089E-001 4.32645673983328E-001
43.7715858 4.05584784968067E-001 4.30010011577273E-001
43.8715623 4.03171298337478E-001 4.27396170136930E-001
43.9715428 4.00777144993765E-001 4.24803724746906E-001
44.0715195 3.98402310717061E-001 4.22232650531023E-001
44.1714963 3.96046509345823E-001 4.19682628316285E-001
44.2714770 3.93709459992744E-001 4.17153344881364E-001
44.3714539 3.91391151191533E-001 4.14644778749551E-001
44.4714348 3.89091218595009E-001 4.12156526737494E-001
44.5714120 3.86809652478291E-001 4.09688569519618E-001
44.6713893 3.84546181809035E-001 4.07240605221167E-001
44.7713704 3.82300540522656E-001 4.04812337564424E-001
44.8713479 3.80072721372112E-001 4.02403750286613E-001
44.9713293 3.77862377949501E-001 4.00014460566910E-001
45.0713069 3.75669504574178E-001 3.97644454080092E-001
45.1712846 3.73493844374200E-001 3.95293445115272E-001
45.2712662 3.71335145160109E-001 3.92961153229127E-001
45.3712441 3.69193403479102E-001 3.90647566854297E-001
45.4712259 3.67068289772494E-001 3.88352322264487E-001
45.5712040 3.64959801995175E-001 3.86075409636403E-001
45.6711822 3.62867696538913E-001 3.83816558375076E-001
45.7711643 3.60791734212212E-001 3.81575502846728E-001
45.8711426 3.58731914971060E-001 3.79352235709607E-001
45.9711248 3.56687925093924E-001 3.77146411156872E-001
46.0711034 3.54659765800510E-001 3.74958023415465E-001
46.1710820 3.52647205915653E-001 3.72786816037362E-001
46.2710644 3.50650018433151E-001 3.70632537250584E-001
46.3710432 3.48668206368077E-001 3.68495183513120E-001
46.4710259 3.46701470895616E-001 3.66374425847657E-001
46.5710048 3.44749816163914E-001 3.64270262121865E-001
46.6709838 3.42813022660751E-001 3.62182449137920E-001
46.7709667 3.40890874811679E-001 3.60110748108432E-001
46.8709459 3.38983378373488E-001 3.58055158904951E-001
46.9709290 3.37090248543475E-001 3.56015368367856E-001
47.0709083 3.35211492092910E-001 3.53991377634146E-001
47.1708877 3.33346900457938E-001 3.51982955925582E-001
47.2708710 3.31496268796566E-001 3.49989876626741E-001
47.3708506 3.29659605319199E-001 3.48012142672406E-001
47.4708341 3.27836638431202E-001 3.46049455780523E-001
47.5708138 3.26027377249782E-001 3.44101820020453E-001
47.6707936 3.24231623495846E-001 3.42169016263535E-001
47.7707773 3.22449182410394E-001 3.40250829312891E-001
47.8707573 3.20680064395838E-001 3.38347264848637E-001
47.9707411 3.18924010307334E-001 3.36458038592049E-001
48.0707212 3.17181031356308E-001 3.34583157239035E-001
48.1707014 3.15450938931704E-001 3.32722412596102E-001
48.2706855 3.13733547753840E-001 3.30875600185802E-001
48.3706658 3.12028870179544E-001 3.29042728145023E-001
48.4706500 3.10336658806880E-001 3.27223525384745E-001
48.5706305 3.08656926712868E-001 3.25418000949810E-001
48.6706110 3.06989494380869E-001 3.23625956918516E-001
48.7705955 3.05334185448983E-001 3.21847198883605E-001
48.8705762 3.03691014012639E-001 3.20081737176747E-001
48.9705608 3.02059743753328E-001 3.18329313140798E-001
49.0705416 3.00440389405982E-001 3.16589937917456E-001
49.1705225 2.98832780014448E-001 3.14863423240343E-001
49.2705073 2.97236747611873E-001 3.13149584168984E-001
49.3704883 2.95652307836223E-001 3.11448432991912E-001
49.4704733 2.94079234836705E-001 3.09759722777453E-001
49.5704545 2.92517544817480E-001 3.08083466535229E-001
49.6704357 2.90967074885531E-001 3.06419485080859E-001
49.7704208 2.89427664982064E-001 3.04767602379408E-001
49.8704022 2.87899332109456E-001 3.03127832460178E-001
49.9703875 2.86381860309350E-001 3.01499939457981E-001
50.0703690 2.84875267083714E-001 2.99883938042421E-001
50.1703506 2.83379397139042E-001 2.98279657577501E-001
50.2703361 2.81894097870591E-001 2.96686930411405E-001
50.3703178 2.80419387483308E-001 2.95105772117901E-001
50.4703034 2.78955059373391E-001 2.93535957283090E-001
50.5702853 2.77501132184863E-001 2.91977502047651E-001
50.6702672 2.76057457791235E-001 2.90430243826953E-001
50.7702530 2.74623890618250E-001 2.88894022865646E-001
50.8702350 2.73200449926383E-001 2.87368856103637E-001
50.9702209 2.71786937963114E-001 2.85854528003554E-001
51.0702031 2.70383374373015E-001 2.84351056005538E-001
51.1701853 2.68989617792875E-001 2.82858285113048E-001
51.2701714 2.67605529283483E-001 2.81376063013533E-001
51.3701538 2.66231129027256E-001 2.79904407851030E-001
51.4701400 2.64866227651729E-001 2.78443113427331E-001
51.5701225 2.63510845673476E-001 2.76992198326130E-001
51.6701050 2.62164848115414E-001 2.75551514706834E-001
51.7700914 2.60828102303927E-001 2.74120917276477E-001
51.8700741 2.59500629222028E-001 2.72700425236042E-001
51.9700606 2.58182247435804E-001 2.71289841223726E-001
52.0700434 2.56872978217059E-001 2.69889184825140E-001
52.1700263 2.55572692622274E-001 2.68498314952255E-001
52.2700130 2.54281263898047E-001 2.67117092936607E-001
52.3699959 2.52998713717778E-001 2.65745538902412E-001
52.4699827 2.51724868172149E-001 2.64383463853570E-001
52.5699658 2.50459749182159E-001 2.63030888248940E-001
52.6699489 2.49203233508061E-001 2.61687677376267E-001
52.7699359 2.47955199993554E-001 2.60353698822494E-001
52.8699192 2.46715670902354E-001 2.59028973513628E-001
52.9699063 2.45484479461371E-001 2.57713320378263E-001
53.0698897 2.44261648144529E-001 2.56406760631649E-001
53.1698731 2.43047059107156E-001 2.55109165585100E-001
53.2698603 2.41840596487578E-001 2.53820408735933E-001
53.3698439 2.40642283048989E-001 2.52540511701647E-001
53.4698313 2.39451958789937E-001 2.51269300922082E-001
53.5698149 2.38269646649885E-001 2.50006798262760E-001
53.6697986 2.37095233890107E-001 2.48752880729123E-001
53.7697861 2.35928609660219E-001 2.47507427406102E-001
53.8697699 2.34769797140471E-001 2.46270460502545E-001
53.9697576 2.33618642758547E-001 2.45041813581662E-001
54.0697415 2.32475169840179E-001 2.43821509062902E-001
54.1697254 2.31339270481598E-001 2.42609429337496E-001
54.2697133 2.30210838578143E-001 2.41405458775855E-001
54.3696973 2.29089897652357E-001 2.40209620087279E-001
54.4696852 2.27976300239122E-001 2.39021753594232E-001
54.5696694 2.26870069978553E-001 2.37841882182656E-001
54.6696536 2.25771103547703E-001 2.36669893340774E-001
54.7696417 2.24679299338559E-001 2.35505676441488E-001
54.8696260 2.23594681148182E-001 2.34349254612071E-001
54.9696142 2.22517107315857E-001 2.33200474592210E-001
55.0695986 2.21446601730925E-001 2.32059359655016E-001
55.1695831 2.20383065412793E-001 2.30925802115057E-001
55.2695714 2.19326401016339E-001 2.29799696082486E-001
55.3695560 2.18276632551749E-001 2.28681065027744E-001
55.4695444 2.17233623877737E-001 2.27569761786256E-001
55.5695291 2.16197399073867E-001 2.26465809946378E-001
55.6695138 2.15167863277981E-001 2.25369106395215E-001
55.7695023 2.14144923188351E-001 2.24279549731416E-001
55.8694872 2.13128602972701E-001 2.23197163700784E-001
55.9694758 2.12118771740829E-001 2.22121806932122E-001
56.0694607 2.11115453709118E-001 2.21053503263844E-001
56.1694457 2.10118557923476E-001 2.19992153917440E-001
56.2694345 2.09127994919329E-001 2.18937661746615E-001
56.3694196 2.08143788971659E-001 2.17890050711109E-001
56.4694085 2.07165814188514E-001 2.16849184948558E-001
56.5693936 2.06194094874796E-001 2.15815088488396E-001
56.6693788 2.05228543786727E-001 2.14787666662897E-001
56.7693678 2.04269075102999E-001 2.13766826361625E-001
56.8693531 2.03315713160407E-001 2.12752591702647E-001
56.9693423 2.02368336826885E-001 2.11744832064498E-001
57.0693276 2.01426970452234E-001 2.10743571614207E-001
57.1693130 2.00491530316979E-001 2.09748719584757E-001
57.2693023 1.99561934060691E-001 2.08760186695635E-001
57.3692878 1.98638206040959E-001 2.07777997172929E-001
57.4692772 1.97720229660760E-001 2.06802025383635E-001
57.5692628 1.96808029275426E-001 2.05832295584063E-001
57.6692484 1.95901524514731E-001 2.04868720710441E-001
57.7692379 1.95000636307471E-001 2.03911215118574E-001
57.8692236 1.94105388995032E-001 2.02959803097111E-001
57.9692132 1.93215670303232E-001 2.02014363763531E-001
58.0691990 1.92331504557457E-001 2.01074921419783E-001
58.1691849 1.91452814571896E-001 2.00141392519615E-001
58.2691746 1.90579524402912E-001 1.99213694873039E-001
58.3691605 1.89711658342382E-001 1.98291852790229E-001
58.4691503 1.88849108238583E-001 1.97375749914674E-001
58.5691363 1.87991898355023E-001 1.96465410554582E-001
58.6691224 1.87139954535007E-001 1.95560754506436E-001
58.7691123 1.86293203810155E-001 1.94661702863067E-001
58.8690985 1.85451670392888E-001 1.93768279919167E-001
58.9690885 1.84615250064613E-001 1.92880373632388E-001
59.0690747 1.83783966998282E-001 1.91998008281709E-001
59.1690610 1.82957749919919E-001 1.91121106841774E-001
59.2690511 1.82136528692812E-001 1.90249593526832E-001
59.3690374 1.81320327423049E-001 1.89383492582778E-001
59.4690277 1.80509045646205E-001 1.88522696081386E-001
59.5690141 1.79702707418943E-001 1.87667228240464E-001
59.6690006 1.78901244211941E-001 1.86817015057771E-001
59.7689909 1.78104588584719E-001 1.85971983716912E-001
59.8689774 1.77312764512960E-001 1.85132158385025E-001
59.9689678 1.76525675117138E-001 1.84297435059012E-001
60.0689545 1.75743344314612E-001 1.83467837866818E-001
60.1689411 1.74965706190423E-001 1.82643295683164E-001
60.2689316 1.74192695872515E-001 1.81823738517662E-001
60.3689184 1.73424337184649E-001 1.81009190431807E-001
60.4689090 1.72660536672035E-001 1.80199551168981E-001
60.5688958 1.71901318092172E-001 1.79394844741529E-001
60.6688827 1.71146618021459E-001 1.78595002763301E-001
60.7688734 1.70396374035587E-001 1.77799957934708E-001
60.8688603 1.69650609787221E-001 1.77009734187523E-001
60.9688511 1.68909235094670E-001 1.76224234842645E-001
61.0688381 1.68172273537275E-001 1.75443483773795E-001
61.1688251 1.67439664066603E-001 1.74667415203885E-001
61.2688160 1.66711346592096E-001 1.73895964396537E-001
61.3688031 1.65987344578280E-001 1.73129155132280E-001
61.4687941 1.65267570972938E-001 1.72366894149657E-001
61.5687813 1.64552049161010E-001 1.71609205163204E-001
61.6687685 1.63840720359427E-001 1.70856024882105E-001
61.7687596 1.63133526703640E-001 1.70107291012727E-001
61.8687469 1.62430491454944E-001 1.69363027165175E-001
61.9687381 1.61731530554487E-001 1.68623143344280E-001
62.0687254 1.61036667178448E-001 1.67887663087088E-001
62.1687128 1.60345844705300E-001 1.67156525473071E-001
62.2687041 1.59659007394624E-001 1.66429670537551E-001
62.3686916 1.58976178291172E-001 1.65707121703156E-001
62.4686829 1.58297276200412E-001 1.64988792097650E-001
62.5686704 1.57622324077118E-001 1.64274705064342E-001
62.6686580 1.56951267363090E-001 1.63564801943388E-001
62.7686494 1.56284052345662E-001 1.62859024991511E-001
62.8686371 1.55620701841352E-001 1.62157397428770E-001
62.9686286 1.54961137397546E-001 1.61459835370011E-001
63.0686163 1.54305381736532E-001 1.60766361950440E-001
63.1686040 1.53653382270491E-001 1.60076920667261E-001
63.2685918 1.53005111882428E-001 1.59391481968747E-001
63.3685872 1.52360494654575E-001 1.58709964722745E-001
63.4685751 1.51719602292761E-001 1.58032443880338E-001
63.5685630 1.51082359062739E-001 1.57358838521699E-001
63.6685509 1.50448738777478E-001 1.56689120123863E-001
63.7685388 1.49818715476560E-001 1.56023260414457E-001
63.8685344 1.49192215764253E-001 1.55361181004972E-001
63.9685224 1.48569309715328E-001 1.54702955133892E-001
64.0685105 1.47949924104436E-001 1.54048504609947E-001
64.1684986 1.47334033854946E-001 1.53397802137671E-001
64.2684867 1.46721614105628E-001 1.52750820659606E-001
64.3684824 1.46112593877598E-001 1.52107484414453E-001
64.4684706 1.45507041655856E-001 1.51467864971155E-001
64.5684588 1.44904886619644E-001 1.50831886751578E-001
64.6684470 1.44306104747954E-001 1.50199523626300E-001
64.7684353 1.43710672224600E-001 1.49570749692038E-001
64.8684312 1.43118520387605E-001 1.48945491704165E-001
64.9684195 1.42529716172524E-001 1.48323819604200E-001
65.0684079 1.41944191064072E-001 1.47705660317564E-001
65.1683963 1.41361922045163E-001 1.47090988822917E-001
65.2683847 1.40782886293546E-001 1.46479780313869E-001
65.3683808 1.40207017369147E-001 1.45871963957488E-001
65.4683692 1.39634380697458E-001 1.45267608109042E-001
65.5683578 1.39064909974429E-001 1.44666642093409E-001
65.6683463 1.38498583138079E-001 1.44069041942655E-001
65.7683349 1.37935378311826E-001 1.43474783893238E-001
65.8683311 1.37375231187161E-001 1.42883799424179E-001
65.9683197 1.36818205717946E-001 1.42296155344713E-001
66.0683084 1.36264237721735E-001 1.41711783280255E-001
66.1682971 1.35713306045536E-001 1.41130660264675E-001
66.2682858 1.35165389712842E-001 1.40552763526260E-001
66.3682821 1.34620426460759E-001 1.39978026761178E-001
66.4682709 1.34078478809017E-001 1.39406515271905E-001
66.5682597 1.33539484611492E-001 1.38838162890351E-001
66.6682485 1.33003423580597E-001 1.38272947603458E-001
66.7682374 1.32470275596808E-001 1.37710847583173E-001
66.8682339 1.31939980361047E-001 1.37151798652651E-001
66.9682228 1.31412598995481E-001 1.36595864645944E-001
67.0682118 1.30888071309124E-001 1.36042981512009E-001
67.1682007 1.30366377838594E-001 1.35493128144832E-001
67.2681897 1.29847499280606E-001 1.34946283614512E-001
67.3681864 1.29331377222010E-001 1.34402385785419E-001
67.4681754 1.28818071423071E-001 1.33861497060583E-001
67.5681645 1.28307523570621E-001 1.33323555420896E-001
67.6681536 1.27799714986522E-001 1.32788540623894E-001
67.7681428 1.27294627145188E-001 1.32256432594816E-001
67.8681396 1.26792203445210E-001 1.31727171157617E-001
67.9681288 1.26292502319698E-001 1.31200817320781E-001
68.0681180 1.25795467259659E-001 1.30677311016118E-001
68.1681072 1.25301080335320E-001 1.30156632823596E-001
68.2680965 1.24809323762333E-001 1.29638763482926E-001
68.3680934 1.24320142680337E-001 1.29123644699926E-001
68.4680827 1.23833594229149E-001 1.28611336124098E-001
68.5680721 1.23349623633753E-001 1.28101779561023E-001
68.6680615 1.22868213677850E-001 1.27594956374204E-001
68.7680509 1.22389347283805E-001 1.27090848079368E-001
68.8680479 1.21912971264918E-001 1.26589398190158E-001
68.9680374 1.21439141500698E-001 1.26090665031762E-001
69.0680269 1.20967804883189E-001 1.25594592210033E-001
69.1680164 1.20498944876512E-001 1.25101161835213E-001
69.2680059 1.20032545077065E-001 1.24610356162648E-001
69.3680031 1.19568553907540E-001 1.24122120443268E-001
69.4679927 1.19107026019270E-001 1.23636511711720E-001
69.5679823 1.18647909907522E-001 1.23153475304084E-001
69.6679719 1.18191189685543E-001 1.22672994042512E-001
69.7679615 1.17736849592793E-001 1.22195050887523E-001
69.8679589 1.17284839600052E-001 1.21719592760083E-001
69.9679486 1.16835213161757E-001 1.21246675437204E-001
70.0679383 1.16387920315502E-001 1.20776245918414E-001
70.1679281 1.15942945793994E-001 1.20308287704796E-001
70.2679178 1.15500274450409E-001 1.19842784429418E-001
70.3679153 1.15059857745109E-001 1.19379684619155E-001
70.4679051 1.14621747966095E-001 1.18919042825436E-001
70.5678949 1.14185896635153E-001 1.18460807647540E-001
70.6678848 1.13752289076336E-001 1.18004963234244E-001
70.7678747 1.13320910728716E-001 1.17551493860261E-001
70.8678723 1.12891714486381E-001 1.17100349597202E-001
70.9678622 1.12464751500538E-001 1.16651583802116E-001
71.0678522 1.12039974721669E-001 1.16205146613265E-001
71.1678422 1.11617370038504E-001 1.15761022797520E-001
71.2678322 1.11196923449629E-001 1.15319197241950E-001
71.3678299 1.10778589229511E-001 1.14879621504522E-001
71.4678200 1.10362417421424E-001 1.14442347778290E-001
71.5678100 1.09948362351526E-001 1.14007327682494E-001
71.6678002 1.09536410447933E-001 1.13574546574035E-001
71.7677903 1.09126548243713E-001 1.13143989924583E-001
71.8677881 1.08718731342748E-001 1.12715610722717E-001
71.9677783 1.08313008708459E-001 1.12289460027077E-001
72.0677685 1.07909335992027E-001 1.11865490882497E-001
72.1677587 1.07507700136948E-001 1.11443689209301E-001
72.2677489 1.07108088187018E-001 1.11024041037426E-001
72.3677468 1.06710457026826E-001 1.10606500732839E-001
72.4677371 1.06314854567267E-001 1.10191118248550E-001
72.5677275 1.05921237736126E-001 1.09777848002087E-001
72.6677178 1.05529593969490E-001 1.09366676451956E-001
72.7677082 1.05139910799332E-001 1.08957590161383E-001
72.8677062 1.04752146344384E-001 1.08550544822870E-001
72.9676966 1.04366347489599E-001 1.08145589311811E-001
73.0676870 1.03982472393071E-001 1.07742679367883E-001
73.1676774 1.03600508961840E-001 1.07341801963820E-001
73.2676679 1.03220445194637E-001 1.06942944172434E-001
73.3676660 1.02842240399803E-001 1.06546062964159E-001
73.4676565 1.02465940462217E-001 1.06151206164034E-001
73.5676471 1.02091504725996E-001 1.05758330785574E-001
73.6676376 1.01718921548579E-001 1.05367424293001E-001
73.7676282 1.01348179375108E-001 1.04978474246208E-001
73.8676264 1.00979238660931E-001 1.04591438847096E-001
73.9676171 1.00612144316010E-001 1.04206364896878E-001
74.0676077 1.00246856828121E-001 1.03823210636707E-001
74.1675984 9.98833649855666E-002 1.03441964000701E-001
74.2675890 9.95216576605622E-002 1.03062613014463E-001
74.3675874 9.91616964146892E-002 1.02685117066927E-001
74.4675781 9.88035252074731E-002 1.02309521961281E-001
74.5675688 9.84471056297937E-002 1.01935787122135E-001
74.6675596 9.80924268822489E-002 1.01563900932991E-001
74.7675504 9.77394782457468E-002 1.01193851864856E-001
74.8675488 9.73882223490698E-002 1.00825600451187E-001
74.9675396 9.70387022251143E-002 1.00459191522251E-001
75.0675305 9.66908805290389E-002 1.00094585643839E-001
75.1675213 9.63447468560797E-002 9.97317716293448E-002
75.2675122 9.60002908783573E-002 9.93707383758860E-002
75.3675108 9.56574762544772E-002 9.90114475207590E-002
75.4675017 9.53163451138638E-002 9.86539429457314E-002
75.5674926 9.49768611387701E-002 9.82981863173111E-002
75.6674836 9.46390143022754E-002 9.79441668602554E-002
75.7674746 9.43027946510835E-002 9.75918738794501E-002
75.8674732 9.39681668378187E-002 9.72412700770856E-002
75.9674642 9.36351721109570E-002 9.68923984101831E-002
76.0674553 9.33037751442208E-002 9.65452216072280E-002
76.1674463 9.29739662725521E-002 9.61997292867225E-002
76.2674374 9.26457359014152E-002 9.58559111438786E-002
76.3674361 9.23190496431437E-002 9.55137309084851E-002
76.4674273 9.19939478871716E-002 9.51732306359214E-002
76.5674184 9.16703962645510E-002 9.48343740795482E-002
76.6674096 9.13483854568758E-002 9.44971512348538E-002
76.7674007 9.10279062133094E-002 9.41615521707841E-002
76.8673996 9.07089250730088E-002 9.38275416090009E-002
76.9673908 9.03914815876722E-002 9.34951607257142E-002
77.0673820 9.00755423129530E-002 9.31643742636142E-002
77.1673732 8.97610982626158E-002 9.28351725792300E-002
77.2673645 8.94481405151822E-002 9.25075460994532E-002
77.3673634 8.91366365051013E-002 9.21814605035851E-002
77.4673547 8.88266249670568E-002 9.18569561105238E-002
77.5673461 8.85180733499202E-002 9.15339986182239E-002
77.6673374 8.82109729858348E-002 9.12125787290790E-002
77.7673288 8.79053152690212E-002 9.08926872128977E-002
77.8673278 8.76010684989791E-002 9.05742906738085E-002
77.9673192 8.72982706135309E-002 9.02574285946549E-002
78.0673106 8.69968899246634E-002 8.99420675960016E-002
78.1673020 8.66969180697586E-002 8.96281987116563E-002
78.2672935 8.63983467457232E-002 8.93158130400361E-002
78.3672925 8.61011450880939E-002 8.90048780786351E-002
78.4672840 8.58053502574325E-002 8.86954324949175E-002
78.5672755 8.55109313999577E-002 8.83874438007445E-002
78.6672671 8.52178804457685E-002 8.80809033475766E-002
78.7672586 8.49261893820560E-002 8.77758025488103E-002
78.8672578 8.46358281525506E-002 8.74721097651313E-002
78.9672493 8.43468331596170E-002 8.71698628687329E-002
79.0672409 8.40591743559839E-002 8.68690302327367E-002
79.1672325 8.37728439525317E-002 8.65696035131454E-002
79.2672242 8.34878342149130E-002 8.62715744253515E-002
79.3672234 8.32041158683242E-002 8.59749121642828E-002
79.4672151 8.29217245754735E-002 8.56796538264188E-002
79.5672068 8.26406310689863E-002 8.53857686173225E-002
79.6671985 8.23608278291427E-002 8.50932484850457E-002
79.7671902 8.20823073887834E-002 8.48020854346020E-002
79.8671895 8.18050412289061E-002 8.45122494673807E-002
79.9671813 8.15290642905959E-002 8.42237769231688E-002
80.0671730 8.12543480608166E-002 8.39366378123106E-002
80.1671648 8.09808852783934E-002 8.36508243629978E-002
80.2671566 8.07086687326011E-002 8.33663288580692E-002
80.3671560 8.04376706355886E-002 8.30831220787076E-002
80.4671478 8.01679252243574E-002 8.28012396265068E-002
80.5671397 7.98994047156599E-002 8.25206522900385E-002
80.6671315 7.96321020965091E-002 8.22413525662786E-002
80.7671234 7.93660104023543E-002 8.19633330046429E-002
80.8671229 7.91011025528123E-002 8.16865651404999E-002
80.9671148 7.88374120978614E-002 8.14110838552442E-002
81.0671067 7.85749119604537E-002 8.11368606901747E-002
81.1670987 7.83135953659062E-002 8.08638884002199E-002
81.2670906 7.80534555860503E-002 8.05921597906435E-002
81.3670902 7.77944662252113E-002 8.03216471264050E-002
81.4670822 7.75366601629387E-002 8.00523845862006E-002
81.5670742 7.72800110057125E-002 7.97843444395606E-002
81.6670662 7.70245122077187E-002 7.95175196890337E-002
81.7670583 7.67701572678228E-002 7.92519033854943E-002
81.8670579 7.65169204531805E-002 7.89874684998626E-002
81.9670500 7.62648339890540E-002 7.87242485251597E-002
82.0670421 7.60138721436554E-002 7.84622164356111E-002
82.1670342 7.57640285910310E-002 7.82013654715242E-002
82.2670263 7.55152970481533E-002 7.79416889196139E-002
82.3670260 7.52676524239720E-002 7.76831604340530E-002
82.4670182 7.50211263051641E-002 7.74258128387453E-002
82.5670103 7.47756936007148E-002 7.71696197899906E-002
82.6670025 7.45313481959255E-002 7.69145747564414E-002
82.7669947 7.42880840173493E-002 7.66606712513264E-002
82.8669945 7.40458765954971E-002 7.64078835902415E-002
82.9669867 7.38047568937364E-002 7.61562439440801E-002
83.0669790 7.35647004416647E-002 7.59057266294695E-002
83.1669712 7.33257013276177E-002 7.56563253344183E-002
83.2669635 7.30877536795832E-002 7.54080337897630E-002
83.3669634 7.28508336301684E-002 7.51608269515331E-002
83.4669556 7.26149715342913E-002 7.49147363532793E-002
83.5669479 7.23801435227660E-002 7.46697369510444E-002
83.6669403 7.21463438791058E-002 7.44258226436079E-002
83.7669326 7.19135669249479E-002 7.41829873709071E-002
83.8669326 7.16817893762652E-002 7.39412067092174E-002
83.9669249 7.14510409939847E-002 7.37005115699895E-002
84.0669173 7.12212984914692E-002 7.34608775285660E-002
84.1669097 7.09925563399013E-002 7.32222986862957E-002
84.2669021 7.07648090471245E-002 7.29847691840888E-002
84.3669022 7.05380338944491E-002 7.27482651990453E-002
84.4668946 7.03122600628775E-002 7.25128170353448E-002
84.5668870 7.00874648303531E-002 7.22784008682765E-002
84.6668795 6.98636428485468E-002 7.20450109939201E-002
84.7668720 6.96407888043929E-002 7.18126417463910E-002
84.8668721 6.94188805271818E-002 7.15812698849262E-002
84.9668646 6.91979466316778E-002 7.13509251208597E-002
85.0668571 6.89779649431036E-002 7.11215842108030E-002
85.1668496 6.87589302867520E-002 7.08932416380745E-002
85.2668422 6.85408375218417E-002 7.06658919225696E-002
85.3668424 6.83236650089278E-002 7.04395123876732E-002
85.4668349 6.81074408098550E-002 7.02141321659116E-002
85.5668275 6.78921432804624E-002 6.99897285772892E-002
85.6668201 6.76777674130954E-002 6.97662962851993E-002
85.7668127 6.74643082327467E-002 6.95438299882181E-002
85.8668130 6.72517446151351E-002 6.93223075565601E-002
85.9668056 6.70401040821451E-002 6.91017575576004E-002
86.0667983 6.68293655041810E-002 6.88821578574745E-002
86.1667909 6.66195240343558E-002 6.86635032927998E-002
86.2667836 6.64105748572049E-002 6.84457887340425E-002
86.3667839 6.62024973480981E-002 6.82289925815685E-002
86.4667766 6.59953185015727E-002 6.80131428508922E-002
86.5667694 6.57890176871310E-002 6.77982179376543E-002
86.6667621 6.55835902126376E-002 6.75842128451423E-002
86.7667548 6.53790314162078E-002 6.73711226092167E-002
86.8667552 6.51753211579127E-002 6.71589261443301E-002
86.9667480 6.49724859172160E-002 6.69476509270681E-002
87.0667408 6.47705055478124E-002 6.67372758665610E-002
87.1667336 6.45693755065589E-002 6.65277961264958E-002
87.2667264 6.43690912794414E-002 6.63192069019108E-002
87.3667268 6.41696331968214E-002 6.61114876058673E-002
87.4667197 6.39710272350366E-002 6.59046651886078E-002
87.5667125 6.37732537176035E-002 6.56987190573199E-002
87.6667054 6.35763082448571E-002 6.54936445300884E-002
87.7666983 6.33801864451866E-002 6.52894369551795E-002
87.8666988 6.31848691053501E-002 6.50860762293472E-002
87.9666917 6.29903817101873E-002 6.48835887887391E-002
88.0666846 6.27967050391807E-002 6.46819545237272E-002
88.1666775 6.26038348308616E-002 6.44811689010480E-002
88.2666705 6.24117668507857E-002 6.42812274165004E-002
88.3666710 6.22204823287089E-002 6.40821104361519E-002
88.4666640 6.20300062692918E-002 6.38838438939771E-002
88.5666570 6.18403198946198E-002 6.36864081491944E-002
88.6666500 6.16514190763602E-002 6.34897988116904E-002
88.7666429 6.14632997122186E-002 6.32940115193418E-002
88.8666436 6.12759434620233E-002 6.30990270936669E-002
88.9666366 6.10893748612753E-002 6.29048709780706E-002
89.0666296 6.09035755617716E-002 6.27115239867933E-002
89.1666227 6.07185415634668E-002 6.25189818676019E-002
89.2666157 6.05342688914085E-002 6.23272403952264E-002
89.3666164 6.03507396230278E-002 6.21362808332665E-002
89.4666095 6.01679778353936E-002 6.19461281458534E-002
89.5666026 5.99859655975757E-002 6.17567635889152E-002
89.6665957 5.98046990331688E-002 6.15681830430510E-002
89.7665889 5.96241742899544E-002 6.13803824148389E-002
89.8665896 5.94443738509324E-002 6.11933433970639E-002
89.9665828 5.92653213451842E-002 6.10070904855795E-002
90.0665759 5.90869992470482E-002 6.08216053651392E-002
90.1665691 5.89094037993037E-002 6.06368840443365E-002
90.2665622 5.87325312680481E-002 6.04529225568010E-002
90.3665631 5.85563645302346E-002 6.02697030120612E-002
90.4665563 5.83809267771270E-002 6.00872494483977E-002
90.5665495 5.82062008767441E-002 5.99055439669785E-002
90.6665427 5.80321831867778E-002 5.97245826997552E-002
90.7665359 5.78588700874050E-002 5.95443618028116E-002
90.8665368 5.76862448383174E-002 5.93648637904118E-002
90.9665301 5.75143302028647E-002 5.91861122536871E-002
91.0665233 5.73431094315574E-002 5.90080896982419E-002
91.1665166 5.71725789929025E-002 5.88307923749409E-002
91.2665099 5.70027353770929E-002 5.86542165579144E-002
91.3665108 5.68335622157300E-002 5.84783451545727E-002
91.4665041 5.66650818538927E-002 5.83032013190459E-002
91.5664975 5.64972779137788E-002 5.81287679498128E-002
91.6664908 5.63301469707795E-002 5.79550414123892E-002
91.7664842 5.61636856212049E-002 5.77820180947247E-002
91.8664851 5.59978778581072E-002 5.76096812861867E-002
91.9664785 5.58327456176863E-002 5.74380537137865E-002
92.0664719 5.56682728833905E-002 5.72671186577136E-002
92.1664653 5.55044563337237E-002 5.70968725940469E-002
92.2664587 5.53412926673726E-002 5.69273120205016E-002
92.3664597 5.51787662287350E-002 5.67584205975965E-002
92.4664531 5.50168985542803E-002 5.65902206348485E-002
92.5664466 5.48556739786239E-002 5.64226957833765E-002
92.6664400 5.46950892797621E-002 5.62558426259008E-002
92.7664335 5.45351412551683E-002 5.60896577660131E-002
92.8664346 5.43758145908220E-002 5.59241252249472E-002
92.9664281 5.42171304323727E-002 5.57592669040982E-002
93.0664215 5.40590734558591E-002 5.55950668151010E-002
93.1664150 5.39016405352953E-002 5.54315216435543E-002
93.2664086 5.37448285634940E-002 5.52686280951941E-002
93.3664097 5.35886225585810E-002 5.51063705418870E-002
93.4664032 5.34330432840655E-002 5.49447704860355E-002
93.5663968 5.32780757479919E-002 5.47838122897293E-002
93.6663903 5.31237169170556E-002 5.46234927378340E-002
93.7663839 5.29699637760996E-002 5.44638086346480E-002
93.8663851 5.28168016662736E-002 5.43047446929285E-002
93.9663787 5.26642509774032E-002 5.41463220249777E-002
94.0663723 5.25122970404343E-002 5.39885253336177E-002
94.1663659 5.23609369115394E-002 5.38313514995145E-002
94.2663595 5.22101676644130E-002 5.36747974220899E-002
94.3663607 5.20599749544103E-002 5.35188481455767E-002
94.4663544 5.19103788059112E-002 5.33635244008384E-002
94.5663480 5.17613648639602E-002 5.32088112220332E-002
94.6663417 5.16129302711295E-002 5.30547055822985E-002
94.7663353 5.14650721869118E-002 5.29012044728777E-002
94.8663366 5.13177765723393E-002 5.27482932603778E-002
94.9663303 5.11710630943733E-002 5.25959923026627E-002
95.0663240 5.10249177036443E-002 5.24442869561422E-002
95.1663177 5.08793376261663E-002 5.22931742832283E-002
95.2663114 5.07343201042974E-002 5.21426513638154E-002
95.3663128 5.05898513964972E-002 5.19927038780847E-002
95.4663065 5.04459508201311E-002 5.18433518191219E-002
95.5663002 5.03026046231801E-002 5.16945808568052E-002
95.6662940 5.01598101122593E-002 5.15463881397509E-002
95.7662878 5.00175646097725E-002 5.13987708334579E-002
95.8662892 4.98758546636271E-002 5.12517149231718E-002
95.9662829 4.97346992492145E-002 5.11052400452113E-002
96.0662767 4.95940849038999E-002 5.09593321744282E-002
96.1662705 4.94540090121681E-002 5.08139885426929E-002
96.2662643 4.93144689737590E-002 5.06692063981824E-002
96.3662658 4.91754516183062E-002 5.05249720229758E-002
96.4662596 4.90369755866560E-002 5.03813047044307E-002
96.5662535 4.88990276978486E-002 5.02381907141561E-002
96.6662473 4.87616054116129E-002 5.00956273644414E-002
96.7662412 4.86247062024201E-002 4.99536119833291E-002
96.8662427 4.84883171741568E-002 4.98121311417692E-002
96.9662365 4.83524566403653E-002 4.96712037857653E-002
97.0662304 4.82171116942993E-002 4.95308164757341E-002
97.1662243 4.80822798684071E-002 4.93909666016593E-002
97.2662182 4.79479587093867E-002 4.92516515687457E-002
97.3662198 4.78141355881440E-002 4.91128582291093E-002
97.4662137 4.76808284979752E-002 4.89746051948137E-002
97.5662076 4.75480247991246E-002 4.88368793073906E-002
97.6662016 4.74157220943326E-002 4.86996780318989E-002
97.7661955 4.72839180001144E-002 4.85629988481066E-002
97.8661971 4.71526001473924E-002 4.84268288818391E-002
97.9661911 4.70217862160967E-002 4.82911864184462E-002
98.0661851 4.68914638264694E-002 4.81560585731297E-002
98.1661791 4.67616306492072E-002 4.80214428835047E-002
98.2661730 4.66322843683257E-002 4.78873369014037E-002
98.3661747 4.65034128679824E-002 4.77537280191437E-002
98.4661687 4.63750335214485E-002 4.76206342024041E-002
98.5661627 4.62471342021923E-002 4.74880428328499E-002
98.6661568 4.61197126466202E-002 4.73559515182305E-002
98.7661508 4.59927666040181E-002 4.72243578800392E-002
98.8661525 4.58662842052112E-002 4.70932495700966E-002
98.9661465 4.57402825233518E-002 4.69626442412784E-002
99.0661406 4.56147496785751E-002 4.68325295347347E-002
99.1661347 4.54896834708352E-002 4.67029031260193E-002
99.2661288 4.53650817125431E-002 4.65737627039745E-002
99.3661305 4.52409327748297E-002 4.64450961731580E-002
99.4661246 4.51172534371045E-002 4.63169208803354E-002
99.5661187 4.49940320598165E-002 4.61892247193853E-002
99.6661128 4.48712665043864E-002 4.60620054314239E-002
99.7661070 4.47489546442853E-002 4.59352607704183E-002
99.8661087 4.46270850847862E-002 4.58089788871099E-002
99.9661029 4.45056743177739E-002 4.56831768286809E-002
100.0660970 4.43847109378548E-002 4.55578427351932E-002
100.1660912 4.42641928659134E-002 4.54329744111691E-002
100.2660854 4.41441180344928E-002 4.53085696735595E-002
100.3660872 4.40244752770356E-002 4.51846169129415E-002
100.4660814 4.39052808039658E-002 4.50611328832776E-002
100.5660756 4.37865234380817E-002 4.49381059644736E-002
100.6660698 4.36682011578028E-002 4.48155340223811E-002
100.7660640 4.35503119528304E-002 4.46934149348750E-002
100.8660658 4.34328448789879E-002 4.45717373262179E-002
100.9660601 4.33158158711525E-002 4.44505176633579E-002
101.0660543 4.31992139745327E-002 4.43297445599019E-002
101.1660486 4.30830372232258E-002 4.42094159410325E-002
101.2660428 4.29672836622477E-002 4.40895297435654E-002
101.3660447 4.28519425641918E-002 4.39700748194887E-002
101.4660390 4.27370295941570E-002 4.38510673547882E-002
101.5660333 4.26225340141568E-002 4.37324961908188E-002
101.6660275 4.25084539121775E-002 4.36143593101705E-002
101.7660218 4.23947873867743E-002 4.34966547066898E-002
101.8660238 4.22815239218705E-002 4.33793714543142E-002
101.9660181 4.21686789184136E-002 4.32625254639697E-002
102.0660124 4.20562418497876E-002 4.31461057989898E-002
102.1660067 4.19442108561448E-002 4.30301104975186E-002
102.2660011 4.18325840878693E-002 4.29145376085946E-002
102.3660031 4.17213512349392E-002 4.27993764225057E-002
102.4659974 4.16105274396398E-002 4.26846425808750E-002
102.5659918 4.15001023814558E-002 4.25703253634216E-002
102.6659861 4.13900742510452E-002 4.24564228620592E-002
102.7659805 4.12804412489729E-002 4.23429331792470E-002
102.8659825 4.11711932661561E-002 4.22298458161949E-002
102.9659769 4.10623451915731E-002 4.21171761508389E-002
103.0659713 4.09538869056982E-002 4.20049136738608E-002
103.1659657 4.08458166480952E-002 4.18930565292249E-002
103.2659601 4.07381326679216E-002 4.17816028711044E-002
103.3659622 4.06308250520713E-002 4.16705424063677E-002
103.4659566 4.05239084414406E-002 4.15598902547418E-002
103.5659511 4.04173729125358E-002 4.14496361126130E-002
103.6659455 4.03112167522840E-002 4.13397781743395E-002
103.7659400 4.02054382569048E-002 4.12303146441646E-002
103.8659421 4.01000277044542E-002 4.11212354295098E-002
103.9659365 3.99949994928453E-002 4.10125553972383E-002
104.0659310 3.98903438898063E-002 4.09042644443405E-002
104.1659255 3.97860592281410E-002 4.07963608139723E-002
104.2659200 3.96821438496549E-002 4.06888427588622E-002
104.3659221 3.95785882188954E-002 4.05817003820337E-002
104.4659166 3.94754064957676E-002 4.04749483027005E-002
104.5659112 3.93725891345538E-002 4.03685766135100E-002
104.6659057 3.92701345125013E-002 4.02625836048771E-002
104.7659002 3.91680410155790E-002 4.01569675764886E-002
104.8659024 3.90662992902916E-002 4.00517188221654E-002
104.9658969 3.89649232633924E-002 3.99468517185606E-002
105.0658915 3.88639035711878E-002 3.98423565491787E-002
105.1658860 3.87632386339867E-002 3.97382316502103E-002
105.2658806 3.86629268805483E-002 3.96344753668281E-002
105.3658828 3.85629591349355E-002 3.95310781789890E-002
105.4658774 3.84633490954883E-002 3.94280542257516E-002
105.5658720 3.83640875761407E-002 3.93253939768192E-002
105.6658666 3.82651730389296E-002 3.92230958127287E-002
105.7658612 3.81666039540815E-002 3.91211581227186E-002
105.8658634 3.80683713189454E-002 3.90195715683585E-002
105.9658580 3.79704886080743E-002 3.89183500559580E-002
106.0658527 3.78729468087610E-002 3.88174842368997E-002
106.1658473 3.77757444234845E-002 3.87169725346872E-002
106.2658419 3.76788799626617E-002 3.86168133812561E-002
106.3658442 3.75823445927806E-002 3.85169976153975E-002
106.4658389 3.74861515691227E-002 3.84175389154025E-002
106.5658335 3.73902920481951E-002 3.83184281099449E-002
106.6658282 3.72947645716779E-002 3.82196636641652E-002
106.7658229 3.71995676889467E-002 3.81212440513754E-002
106.8658252 3.71046927316012E-002 3.80231602833257E-002
106.9658199 3.70101527400596E-002 3.79254258149056E-002
107.0658146 3.69159390360185E-002 3.78280316478205E-002
107.1658093 3.68220501991620E-002 3.77309762875647E-002
107.2658040 3.67284848166353E-002 3.76342582475528E-002
107.3658063 3.66352343812385E-002 3.75378687083555E-002
107.4658011 3.65423117228308E-002 3.74418209059675E-002
107.5657958 3.64497083243889E-002 3.73461060109903E-002
107.6657905 3.63574228024455E-002 3.72507225680336E-002
107.7657853 3.62654537807678E-002 3.71556691293856E-002
107.8657877 3.61737929095571E-002 3.70609370404190E-002
107.9657824 3.60824528123159E-002 3.69665393226333E-002
108.0657772 3.59914251295041E-002 3.68724673115095E-002
108.1657720 3.59007085133871E-002 3.67787195895786E-002
108.2657667 3.58103016232467E-002 3.66852947468160E-002
108.3657692 3.57201962629944E-002 3.65921842894933E-002
108.4657639 3.56304048538797E-002 3.64994010289106E-002
108.5657587 3.55409191901560E-002 3.64069364615274E-002
108.6657536 3.54517379587450E-002 3.63147892066431E-002
108.7657484 3.53628598533735E-002 3.62229578907756E-002
108.8657508 3.52742768280769E-002 3.61314341773038E-002
108.9657456 3.51860011058590E-002 3.60402306715229E-002
109.0657405 3.50980246311823E-002 3.59493390270819E-002
