0.0053140 1.15063211497802E+002 1.07351215376316E+004
0.0210792 4.24506271467315E+002 1.03546014764606E+004
0.0467942 8.40439414544594E+002 9.77162630078498E+003
0.0817065 1.26489810814378E+003 9.04840767910242E+003
0.1249105 1.62473917202098E+003 8.24965028664415E+003
0.1754417 1.88391710387711E+003 7.43159548785371E+003
0.2323515 2.03752611036822E+003 6.63645576553933E+003
0.2947571 2.09914522680856E+003 5.89167471879670E+003
0.3618673 2.08961234669640E+003 5.21212356874838E+003
0.4329916 2.02995988170011E+003 4.60336991267639E+003
0.5075377 1.93807840396526E+003 4.06484392839939E+003
0.5850032 1.82775968994491E+003 3.59236552012402E+003
0.6649650 1.70894062503150E+003 3.17994173823055E+003
0.7470680 1.58840076986453E+003 2.82093199378287E+003
0.8310139 1.47052904557672E+003 2.50874897769902E+003
0.9165527 1.35799354715638E+003 2.23723502978347E+003
1.0034738 1.25227032328446E+003 2.00083758379532E+003
1.0915995 1.15403612235528E+003 1.79466242568688E+003
1.1807797 1.06344845741608E+003 1.61445758099307E+003
1.2708868 9.80341247113726E+002 1.45656502822398E+003
1.3618115 9.04356915351820E+002 1.31785559772331E+003
1.4534610 8.35034324040392E+002 1.19566115999136E+003
1.5457546 7.71867240218826E+002 1.08771202094316E+003
1.6386236 7.14339656068174E+002 9.92076396795121E+002
1.7320075 6.61949396677353E+002 9.07111074938119E+002
1.8258543 6.14220110764794E+002 8.31415310517996E+002
1.9201186 5.70708545923556E+002 7.63793696080253E+002
2.0147601 5.31007650339447E+002 7.03224454252736E+002
2.1097440 4.94746215016736E+002 6.48831329478565E+002
2.2050388 4.61588471634749E+002 5.99862070011011E+002
2.3006174 4.31231443709936E+002 5.55668471587425E+002
2.3964555 4.03402777419615E+002 5.15690893460028E+002
2.4925310 3.77858286463747E+002 4.79445149514389E+002
2.5888248 3.54378880237313E+002 4.46510672871322E+002
2.6853193 3.32768536343261E+002 4.16521814614959E+002
2.7819988 3.12851538932512E+002 3.89159369308787E+002
2.8788497 2.94470494778039E+002 3.64144177325316E+002
2.9758588 2.77484472440091E+002 3.41231649842037E+002
3.0730149 2.61766923208234E+002 3.20206602589520E+002
3.1703074 2.47204410263894E+002 3.00879656360919E+002
3.2677268 2.33694913963967E+002 2.83083440434677E+002
3.3652646 2.21146716819167E+002 2.66669870137287E+002
3.4629133 2.09477185492257E+002 2.51507524541997E+002
3.5606650 1.98611991459041E+002 2.37479788329438E+002
3.6585133 1.88483893969907E+002 2.24482580735634E+002
3.7564523 1.79032183988842E+002 2.12423068526035E+002
3.8544764 1.70201933886184E+002 2.01218226924856E+002
3.9525810 1.61943346067627E+002 1.90793612749328E+002
4.0507604 1.54211364504349E+002 1.81082538179765E+002
4.1490108 1.46964957296314E+002 1.72024886248759E+002
4.2473280 1.40166849607991E+002 1.63566541439646E+002
4.3457083 1.33783103884029E+002 1.55658665404240E+002
4.4441489 1.27782755295878E+002 1.48257074965052E+002
4.5426454 1.22137624796706E+002 1.41321866168573E+002
4.6411954 1.16821880963157E+002 1.34816751282784E+002
4.7397961 1.11811918415673E+002 1.28708805264376E+002
4.8384450 1.07086116235589E+002 1.22968079773195E+002
4.9371399 1.02624627846213E+002 1.17567269815318E+002
5.0358779 9.84092954167269E+001 1.12481542556604E+002
5.1346571 9.44233706573623E+001 1.07688141643401E+002
5.2334756 9.06514650954143E+001 1.03166277631868E+002
5.3323316 8.70794061578878E+001 9.88969112653252E+001
5.4312238 8.36941118143301E+001 9.48625655287163E+001
5.5301496 8.04835556236804E+001 9.10472506164383E+001
5.6291079 7.74365811479057E+001 8.74362139541527E+001
5.7280973 7.45428872627301E+001 8.40158977686286E+001
5.8271164 7.17929392990122E+001 8.07738114895078E+001
5.9261644 6.91778915659666E+001 7.76984207859175E+001
6.0252392 6.66895774940723E+001 7.47791186066671E+001
6.1243401 6.43203813656796E+001 7.20060591992796E+001
6.2234659 6.20632402752392E+001 6.93701472030749E+001
6.3226158 5.99115873154472E+001 6.68629592117680E+001
6.4217891 5.78593020170169E+001 6.44766754473317E+001
6.5209840 5.59007126352505E+001 6.22040729660921E+001
6.6202001 5.40305043541074E+001 6.00384106213035E+001
6.7194366 5.22437286884729E+001 5.79734326883826E+001
6.8186927 5.05357659331371E+001 5.60033187158251E+001
6.9179682 4.89022924051147E+001 5.41226398047726E+001
7.0172613 4.73392882652595E+001 5.23263622635292E+001
7.1165720 4.58429697937361E+001 5.06097649013666E+001
7.2158999 4.44097949425496E+001 4.89684412745121E+001
7.3152432 4.30364711763107E+001 4.73983047224632E+001
7.4146030 4.17198662573991E+001 4.58954828546057E+001
7.5139770 4.04570910145153E+001 4.44564090624745E+001
7.6133666 3.92453851135028E+001 4.30776893305524E+001
7.7127702 3.80821900980387E+001 4.17561830117666E+001
7.8121865 3.69650996218518E+001 4.04889437696479E+001
7.9116168 3.58918189270682E+001 3.92731716229374E+001
8.0110589 3.48602285643202E+001 3.81062833189661E+001
8.1105143 3.38682933581048E+001 3.69858075090571E+001
8.2099815 3.29141239147427E+001 3.59094528255517E+001
8.3094593 3.19959377598305E+001 3.48750624741186E+001
8.4089492 3.11120275454865E+001 3.38805772005812E+001
8.5084489 3.02608149198283E+001 3.29240947870813E+001
8.6079599 2.94407768952864E+001 3.20037861456418E+001
8.7074812 2.86504977838075E+001 3.11179527413204E+001
8.8070112 2.78886383015662E+001 3.02649909568212E+001
8.9065517 2.71539101647835E+001 2.94433628873092E+001
9.0061006 2.64451217684672E+001 2.86516467205971E+001
9.1056593 2.57611178615473E+001 2.78884685973378E+001
9.2052267 2.51008235663680E+001 2.71525511837389E+001
9.3048016 2.44632194335178E+001 2.64426852102783E+001
9.4043856 2.38473208209335E+001 2.57577060246420E+001
9.5039766 2.32522167783323E+001 2.50965363860175E+001
9.6035763 2.26770200664562E+001 2.44581304340734E+001
9.7031836 2.21209046317867E+001 2.38415149346983E+001
9.8027972 2.15830851920418E+001 2.32457662022952E+001
9.9024188 2.10628002690969E+001 2.26699909855462E+001
10.0020464 2.05593454340035E+001 2.21133629618362E+001
10.1016817 2.00720314845447E+001 2.15750761582144E+001
10.2013235 1.96002164976224E+001 2.10543801304794E+001
10.3009707 1.91432889241455E+001 2.05505610037627E+001
10.4006251 1.87006534626127E+001 2.00629256838941E+001
10.5002846 1.82717596121628E+001 1.95908331154474E+001
10.5999509 1.78560663672960E+001 1.91336551863302E+001
10.6996230 1.74530697630320E+001 1.86908068726187E+001
10.7992996 1.70622887295982E+001 1.82617304830772E+001
10.8989827 1.66832532090245E+001 1.78458824676686E+001
10.9986702 1.63155287911441E+001 1.74427603121226E+001
11.0983637 1.59586866739345E+001 1.70518694422369E+001
11.1980623 1.56123274470205E+001 1.66727491769305E+001
11.2977649 1.52760691460330E+001 1.63049595026461E+001
11.3974732 1.49495371647364E+001 1.59480699411709E+001
11.4971853 1.46323856077931E+001 1.56016827953400E+001
11.5969029 1.43242715489457E+001 1.52654049170014E+001
11.6966250 1.40248756612383E+001 1.49388701555235E+001
11.7963505 1.37338920457076E+001 1.46217281562568E+001
11.8960812 1.34510195983846E+001 1.43136348831931E+001
11.9958151 1.31759805991727E+001 1.40142728010002E+001
12.0955540 1.29084985101585E+001 1.37233266249549E+001
12.1952970 1.26483159503828E+001 1.34405028264794E+001
12.2950428 1.23951859711740E+001 1.31655200699950E+001
12.3947934 1.21488646147899E+001 1.28981010812090E+001
12.4945468 1.19091271662299E+001 1.26379902456639E+001
12.5943047 1.16757488917507E+001 1.23849326479469E+001
12.6940662 1.14485207670467E+001 1.21386910945034E+001
12.7938302 1.12272419434541E+001 1.18990378906160E+001
12.8935986 1.10117132920843E+001 1.16657478144356E+001
12.9933693 1.08017516706215E+001 1.14386135272764E+001
13.0931443 1.05971731222199E+001 1.12174273518928E+001
13.1929224 1.03978066942610E+001 1.10019961911831E+001
13.2927027 1.02034878934243E+001 1.07921344116411E+001
13.3924871 1.00140530519158E+001 1.05876577345758E+001
13.4922734 9.82935190080261E+000 1.03883967846659E+001
13.5920637 9.64923284197745E+000 1.01941811659185E+001
13.6918568 9.47355513675056E+000 1.00048525890068E+001
13.7916517 9.30218318853839E+000 9.82025867603910E+000
13.8914504 9.13498160026140E+000 9.64024761899531E+000
13.9912508 8.97182629668624E+000 9.46468013738209E+000
14.0910548 8.81259155418383E+000 9.29341549458568E+000
14.1908615 8.65716079148204E+000 9.12632309330938E+000
14.2906697 8.50542155000222E+000 8.96327705339156E+000
14.3904813 8.35726113648098E+000 8.80415151690395E+000
14.4902944 8.21257649684817E+000 8.64883124052292E+000
14.5901109 8.07126274515919E+000 8.49719926067876E+000
14.6899298 7.93322275065816E+000 8.34914717331475E+000
14.7897500 7.79836271007213E+000 8.20457036489401E+000
14.8895734 7.66658828895887E+000 8.06336386631532E+000
14.9893980 7.53781341701710E+000 7.92543176875462E+000
15.0892259 7.41195010253911E+000 7.79067629782493E+000
15.1890558 7.28891697875107E+000 7.65900695864728E+000
15.2888878 7.16863424718713E+000 7.53033510922190E+000
15.3887200 7.05102702683242E+000 7.40457753420734E+000
15.4885562 6.93601632616937E+000 7.28164678337480E+000
15.5883943 6.82353239880692E+000 7.16146544426026E+000
15.6882343 6.71350562433016E+000 7.04395638211630E+000
15.7880763 6.60586868407306E+000 6.92904505943937E+000
15.8879183 6.50055845940887E+000 6.81666155405342E+000
15.9877640 6.39750795688863E+000 6.70673193586147E+000
16.0876115 6.29665827739716E+000 6.59919103334383E+000
16.1874608 6.19795046107401E+000 6.49397372378255E+000
16.2873119 6.10132744377580E+000 6.39101701573619E+000
16.3871628 6.00673577129803E+000 6.29026186896909E+000
16.4870172 5.91411835339465E+000 6.19164547172287E+000
16.5868734 5.82342522249865E+000 6.09511269535496E+000
16.6867312 5.73460621701523E+000 6.00060829542848E+000
16.7865905 5.64761274501536E+000 5.90807878615552E+000
16.8864496 5.56239933569330E+000 5.81747408532351E+000
16.9863121 5.47891711720964E+000 5.72874057594827E+000
17.0861762 5.39712351486392E+000 5.64183141403967E+000
17.1860417 5.31697566642932E+000 5.55669952302273E+000
17.2859087 5.23843201595795E+000 5.47329928513544E+000
17.3857753 5.16145372100122E+000 5.39158803147359E+000
17.4856452 5.08599876497547E+000 5.31151978961611E+000
17.5855166 5.01203072293285E+000 5.23305458521173E+000
17.6853893 4.93951281854826E+000 5.15615213012776E+000
17.7852633 4.86840936780740E+000 5.08077335236254E+000
17.8851368 4.79868705812500E+000 5.00688174871754E+000
17.9850136 4.73030961897185E+000 4.93443773460172E+000
18.0848916 4.66324576523240E+000 4.86340705990216E+000
18.1847709 4.59746381865137E+000 4.79375510604562E+000
18.2846515 4.53293301853035E+000 4.72544827307347E+000
18.3845314 4.46962468682060E+000 4.65845521020043E+000
18.4844144 4.40750739159973E+000 4.59274169612319E+000
18.5842986 4.34655416277422E+000 4.52827827271529E+000
18.6841841 4.28673761177617E+000 4.46503507845211E+000
18.7840706 4.22803112414098E+000 4.40298310881744E+000
18.8839565 4.17040992287870E+000 4.34209533807150E+000
18.9838453 4.11384666846293E+000 4.28234206849141E+000
19.0837353 4.05831802880800E+000 4.22369787121387E+000
19.1836263 4.00380024019418E+000 4.16613689370172E+000
19.2835185 3.95027019467478E+000 4.10963400753735E+000
19.3834098 3.89770641250273E+000 4.05416583305477E+000
19.4833041 3.84608502992038E+000 3.99970650440308E+000
19.5831994 3.79538579449260E+000 3.94623399486879E+000
19.6830957 3.74558801796121E+000 3.89372584463185E+000
19.7829930 3.69667156978377E+000 3.84216020819529E+000
19.8828894 3.64861776807385E+000 3.79151679209740E+000
19.9827887 3.60140571291910E+000 3.74177298981476E+000
20.0826889 3.55501776894206E+000 3.69290965874018E+000
20.1825901 3.50943586730496E+000 3.64490722169151E+000
20.2824922 3.46464241527036E+000 3.59774662467987E+000
20.3823934 3.42062111397500E+000 3.55141019667646E+000
20.4822973 3.37735360046230E+000 3.50587811439626E+000
20.5822022 3.33482447149636E+000 3.46113368947501E+000
20.6821079 3.29301789746674E+000 3.41715980329530E+000
20.7820145 3.25191845664758E+000 3.37393978446810E+000
20.8819201 3.21151188713863E+000 3.33145819855469E+000
20.9818284 3.17178200544649E+000 3.28969760788856E+000
21.0817375 3.13271531886778E+000 3.24864342012941E+000
21.1816475 3.09429791875052E+000 3.20828062115240E+000
21.2815583 3.05651624708239E+000 3.16859458047533E+000
21.3814680 3.01935778907739E+000 3.12957177790550E+000
21.4813803 2.98280824011233E+000 3.09119682791960E+000
21.5812935 2.94685574823907E+000 3.05345693446703E+000
21.6812074 2.91148805828184E+000 3.01633889108579E+000
21.7811221 2.87669321748154E+000 2.97982982152176E+000
21.8810357 2.84246021446339E+000 2.94391784946313E+000
21.9809519 2.80877636974271E+000 2.90858936073114E+000
22.0808688 2.77563124497138E+000 2.87383310378829E+000
22.1807864 2.74301401280104E+000 2.83963743002509E+000
22.2807048 2.71091410752784E+000 2.80599097596568E+000
22.3806219 2.67932181552897E+000 2.77288328154975E+000
22.4805416 2.64822586748531E+000 2.74030226659395E+000
22.5804621 2.61761704668901E+000 2.70823801179266E+000
22.6803832 2.58748576257270E+000 2.67668021536671E+000
22.7803050 2.55782265161940E+000 2.64561882251089E+000
22.8802255 2.52861912379145E+000 2.61504459707112E+000
22.9801486 2.49986513715072E+000 2.58494679150023E+000
23.0800723 2.47155253384928E+000 2.55531663910365E+000
23.1799967 2.44367279778968E+000 2.52614500603996E+000
23.2799217 2.41621761047361E+000 2.49742297302352E+000
23.3798454 2.38917935745251E+000 2.46914236471021E+000
23.4797716 2.36254906822159E+000 2.44129359476120E+000
23.5796984 2.33631950529709E+000 2.41386889658751E+000
23.6796259 2.31048308869503E+000 2.38686015211172E+000
23.7795539 2.28503241087627E+000 2.36025943017993E+000
23.8794806 2.25996070681554E+000 2.33405947750132E+000
23.9794098 2.23525994395301E+000 2.30825172250693E+000
24.0793395 2.21092368695873E+000 2.28282926880485E+000
24.1792698 2.18694517364841E+000 2.25778488421136E+000
24.2792007 2.16331779273129E+000 2.23311149983797E+000
24.3791302 2.14003552071449E+000 2.20880266601976E+000
24.4790621 2.11709114835860E+000 2.18485070046002E+000
24.5789946 2.09447894128197E+000 2.16124946595553E+000
24.6789277 2.07219285361480E+000 2.13799250503116E+000
24.7788612 2.05022697186133E+000 2.11507350324034E+000
24.8787934 2.02857592152158E+000 2.09248671315669E+000
24.9787279 2.00723321795117E+000 2.07022523386911E+000
25.0786630 1.98619374081443E+000 2.04828359221801E+000
25.1785986 1.96545207324900E+000 2.02665600996023E+000
25.2785347 1.94500291480638E+000 2.00533683444654E+000
25.3784693 1.92484146037872E+000 1.98432093343332E+000
25.4784064 1.90496186463644E+000 1.96360209437003E+000
25.5783439 1.88535954645766E+000 1.94317542635480E+000
25.6782819 1.86602964266443E+000 1.92303574815014E+000
25.7782204 1.84696739269992E+000 1.90317798907148E+000
25.8781574 1.82816849218743E+000 1.88359755709557E+000
25.9780968 1.80962766123858E+000 1.86428884759011E+000
26.0780366 1.79134079333102E+000 1.84524748141171E+000
26.1779769 1.77330351380936E+000 1.82646880331516E+000
26.2779176 1.75551153868794E+000 1.80794825559654E+000
26.3778568 1.73796100493849E+000 1.78968172172734E+000
26.4777984 1.72064713394749E+000 1.77166413523858E+000
26.5777404 1.70356623785380E+000 1.75389156781147E+000
26.6776829 1.68671437400469E+000 1.73635982869781E+000
26.7776257 1.67008768003447E+000 1.71906481340493E+000
26.8775671 1.65368268277309E+000 1.70200282486514E+000
26.9775108 1.63749504900125E+000 1.68516927412309E+000
27.0774549 1.62152146096905E+000 1.66856063088157E+000
27.1773994 1.60575835887762E+000 1.65217311549784E+000
27.2773442 1.59020225417288E+000 1.63600302477107E+000
27.3772876 1.57485001878550E+000 1.62004703246170E+000
27.4772333 1.55969771610260E+000 1.60430097425877E+000
27.5771793 1.54474235624511E+000 1.58876167201497E+000
27.6771257 1.52998071942416E+000 1.57342571072098E+000
27.7770725 1.51540964920187E+000 1.55828974325480E+000
27.8770178 1.50102632361155E+000 1.54335077189280E+000
27.9769653 1.48682715994746E+000 1.52860501076629E+000
28.0769132 1.47280945936384E+000 1.51404959393154E+000
28.1768615 1.45897030464561E+000 1.49968143046530E+000
28.2768101 1.44530683502154E+000 1.48549748985688E+000
28.3767572 1.43181650056920E+000 1.47149506599824E+000
28.4767065 1.41849603503142E+000 1.45767071099003E+000
28.5766562 1.40534299839676E+000 1.44402183622469E+000
28.6766062 1.39235474323805E+000 1.43054563940417E+000
28.7765565 1.37952867251447E+000 1.41723937209686E+000
28.8765053 1.36686247853727E+000 1.40410058755639E+000
28.9764563 1.35435317856163E+000 1.39112614031575E+000
29.0764077 1.34199856320422E+000 1.37831368860087E+000
29.1763593 1.32979622604884E+000 1.36566068765641E+000
29.2763113 1.31774380574193E+000 1.35316464084780E+000
29.3762617 1.30583921067947E+000 1.34082333253559E+000
29.4762144 1.29407971260542E+000 1.32863388841188E+000
29.5761673 1.28246330800324E+000 1.31659418679371E+000
29.6761206 1.27098780615562E+000 1.30470191316405E+000
29.7760741 1.25965105671917E+000 1.29295479607288E+000
29.8760261 1.24845116118975E+000 1.28135082618347E+000
29.9759803 1.23738562016971E+000 1.26988737276591E+000
30.0759347 1.22645261422752E+000 1.25856251073346E+000
30.1758895 1.21565014603412E+000 1.24737413177126E+000
30.2758445 1.20497625449661E+000 1.23632016617689E+000
30.3757980 1.19442921396637E+000 1.22539878909649E+000
30.4757536 1.18400673122336E+000 1.21460758900194E+000
30.5757095 1.17370715172215E+000 1.20394481671902E+000
30.6756657 1.16352865181749E+000 1.19340854893244E+000
30.7756221 1.15346944044144E+000 1.18299689700529E+000
30.8755770 1.14352794693551E+000 1.17270820133366E+000
30.9755340 1.13370206414646E+000 1.16254024800346E+000
31.0754913 1.12399028546000E+000 1.15249144550821E+000
31.1754469 1.11439112550856E+000 1.14256022510959E+000
31.2754067 1.10490240013867E+000 1.13274429599688E+000
31.3753629 1.09552322397738E+000 1.12304271178293E+000
31.4753231 1.08625130021361E+000 1.11345306685089E+000
31.5752798 1.07708578264567E+000 1.10397445676756E+000
31.6752368 1.06802478902145E+000 1.09460490629468E+000
31.7751978 1.05906647949750E+000 1.08534248494656E+000
31.8751552 1.05021006333252E+000 1.07618634766827E+000
31.9751168 1.04145341596014E+000 1.06713427108287E+000
32.0750747 1.03279578154051E+000 1.05818544748890E+000
32.1750329 1.02423542467046E+000 1.04933805723711E+000
32.2749952 1.01577064869156E+000 1.04059032152571E+000
32.3749539 1.00740074720748E+000 1.03194148555187E+000
32.4749166 9.99123752332565E-001 1.02338949155267E+000
32.5748758 9.90938988803186E-001 1.01493361802204E+000
32.6748352 9.82844854478343E-001 1.00657218637170E+000
32.7747986 9.74839782668763E-001 9.98303555354864E-001
32.8747585 9.66923142239557E-001 9.90127050645842E-001
32.9747223 9.59093108049015E-001 9.82040765224384E-001
33.0746827 9.51349076763447E-001 9.74044054478846E-001
33.1746432 9.43689567358210E-001 9.66135367908469E-001
33.2746078 9.36113131295528E-001 9.58313189200659E-001
33.3745687 9.28619204668762E-001 9.50576915870234E-001
33.4745337 9.21206092578902E-001 9.42924778313938E-001
33.5744951 9.13873255971179E-001 9.35356200591721E-001
33.6744568 9.06619324061103E-001 9.27869748684964E-001
33.7744224 8.99442955877143E-001 9.20464019922243E-001
33.8743844 8.92343647626311E-001 9.13138476016549E-001
33.9743505 8.85319823419680E-001 9.05891472820492E-001
34.0743130 8.78371001701440E-001 8.98722495785263E-001
34.1742756 8.71495912171821E-001 8.91630216975330E-001
34.2742423 8.64693311928534E-001 8.84613337238504E-001
34.3742054 8.57962750982369E-001 8.77671375713810E-001
34.4741725 8.51302762345180E-001 8.70802802955425E-001
34.5741359 8.44712915943752E-001 8.64007159350803E-001
34.6740996 8.38192033198776E-001 8.57283213714091E-001
34.7740673 8.31738960742934E-001 8.50629761325267E-001
34.8740313 8.25353296787057E-001 8.44046372740056E-001
34.9739994 8.19033674130930E-001 8.37531623529262E-001
35.0739638 8.12779708838044E-001 8.31085103285613E-001
35.1739284 8.06590306163442E-001 8.24705669182632E-001
35.2738971 8.00464394593691E-001 8.18392202761524E-001
35.3738621 7.94401615556551E-001 8.12144320655161E-001
35.4738310 7.88400693412361E-001 8.05960694715258E-001
35.5737964 7.82461285605090E-001 7.99840958644942E-001
35.6737620 7.76582374117364E-001 7.93784050422922E-001
35.7737315 7.70762962365956E-001 7.87788930493116E-001
35.8736974 7.65002730558782E-001 7.81855256815027E-001
35.9736673 7.59300487177544E-001 7.75981789629637E-001
36.0736335 7.53655926809846E-001 7.70168202215374E-001
36.1735999 7.48068101751962E-001 7.64413506544464E-001
36.2735704 7.42536084100695E-001 7.58716735326739E-001
36.3735371 7.37059588888989E-001 7.53077583616628E-001
36.4735079 7.31637501983514E-001 7.47494892904588E-001
36.5734750 7.26269551336819E-001 7.41968372002578E-001
36.6734423 7.20954853761815E-001 7.36497100725207E-001
36.7734135 7.15692544385051E-001 7.31080178053595E-001
36.8733811 7.10482369534612E-001 7.25717332363043E-001
36.9733527 7.05323286353388E-001 7.20407479924496E-001
37.0733206 7.00215052784930E-001 7.15150361477108E-001
37.1732887 6.95156844911987E-001 7.09945119115268E-001
37.2732608 6.90147855775724E-001 7.04790912669090E-001
37.3732292 6.85187859845466E-001 6.99687500464981E-001
37.4732015 6.80275879993014E-001 6.94633867684843E-001
37.5731702 6.75411701137020E-001 6.89629783773571E-001
37.6731391 6.70594553874761E-001 6.84674448067936E-001
37.7731119 6.65823684525042E-001 6.79767076335649E-001
37.8730811 6.61098892877404E-001 6.74907453842088E-001
37.9730543 6.56419262488233E-001 6.70094629347145E-001
38.0730237 6.51784602552567E-001 6.65328398120647E-001
38.1729934 6.47194193866578E-001 6.60608012173785E-001
38.2729669 6.42647331817609E-001 6.55932738757210E-001
38.3729369 6.38143838989499E-001 6.51302387379950E-001
38.4729107 6.33682855030202E-001 6.46716065527889E-001
38.5728809 6.29264210993750E-001 6.42173591716900E-001
38.6728513 6.24887233953519E-001 6.37674266484839E-001
38.7728256 6.20551264539716E-001 6.33217404519590E-001
38.8727962 6.16256145866535E-001 6.28802837159508E-001
38.9727708 6.12001069485992E-001 6.24429726196280E-001
39.0727417 6.07785886143599E-001 6.20097911080880E-001
39.1727127 6.03609965621681E-001 6.15806737106761E-001
39.2726877 5.99472690311744E-001 6.11555562720020E-001
39.3726590 5.95373921827232E-001 6.07344238923588E-001
39.4726343 5.91312899801625E-001 6.03171977782981E-001
39.5726059 5.87289492726589E-001 5.99038637611421E-001
39.6725776 5.83303109842717E-001 5.94943605025055E-001
39.7725533 5.79353172130488E-001 5.90886278878427E-001
39.8725252 5.75439557878700E-001 5.86866527896222E-001
39.9725012 5.71561551308507E-001 5.82883610735344E-001
40.0724734 5.67719036910231E-001 5.78937402710223E-001
40.1724458 5.63911460417768E-001 5.75027328630802E-001
40.2724221 5.60138278506543E-001 5.71152824706370E-001
40.3723947 5.56399384501419E-001 5.67313775638124E-001
40.4723712 5.52694104014133E-001 5.63509483307050E-001
40.5723441 5.49022335962493E-001 5.59739838356417E-001
40.6723171 5.45383559866151E-001 5.56004300934729E-001
40.7722940 5.41777265452228E-001 5.52302341818889E-001
40.8722673 5.38203359607020E-001 5.48633860117484E-001
40.9722444 5.34661206403836E-001 5.44998197852772E-001
41.0722179 5.31150717774150E-001 5.41395259492746E-001
41.1721915 5.27671404548041E-001 5.37824537915914E-001
41.2721690 5.24222787087346E-001 5.34285535920006E-001
41.3721428 5.20804784512201E-001 5.30778165609021E-001
41.4721206 5.17416796671009E-001 5.27301806320883E-001
41.5720946 5.14058747235657E-001 5.23856374994392E-001
41.6720688 5.10730176081066E-001 5.20441394852147E-001
41.7720469 5.07430631991240E-001 5.17056398382879E-001
41.8720213 5.04160045124007E-001 5.13701309414428E-001
41.9719996 5.00917848636066E-001 5.10375542007567E-001
42.0719743 4.97703976792186E-001 5.07079024352226E-001
42.1719490 4.94517996436240E-001 5.03811307830395E-001
42.2719276 4.91359482746766E-001 5.00571952488090E-001
42.3719026 4.88228375840743E-001 4.97360892730966E-001
42.4718815 4.85124139915646E-001 4.94177574960819E-001
42.5718566 4.82046718794120E-001 4.91021937519141E-001
42.6718319 4.78995704384870E-001 4.87893557944653E-001
42.7718111 4.75970696400804E-001 4.84792021884431E-001
42.8717866 4.72971643944879E-001 4.81717273288315E-001
42.9717660 4.69998040168753E-001 4.78668788708753E-001
43.0717417 4.67049837518799E-001 4.75646515646780E-001
43.1717175 4.64126651220153E-001 4.72650055960127E-001
43.2716972 4.61228103811774E-001 4.69679019101512E-001
43.3716732 4.58354152503897E-001 4.66733357632054E-001
43.4716531 4.55504317480277E-001 4.63812576238414E-001
43.5716293 4.52678558967323E-001 4.60916630685578E-001
43.6716056 4.49876513899530E-001 4.58045145462149E-001
43.7715858 4.47097826071450E-001 4.55197752176958E-001
43.8715623 4.44342460006670E-001 4.52374411159837E-001
43.9715428 4.41609961148692E-001 4.49574653373427E-001
44.0715195 4.38900296741489E-001 4.46798442037599E-001
44.1714963 4.36213123950266E-001 4.44045422719522E-001
44.2714770 4.33548106379983E-001 4.41315247667095E-001
44.3714539 4.30905215149833E-001 4.38607884217420E-001
44.4714348 4.28284019327144E-001 4.35922887894950E-001
44.5714120 4.25684492483969E-001 4.33260228643080E-001
44.6713893 4.23106310654403E-001 4.30619571678718E-001
44.7713704 4.20549155922610E-001 4.28000588492260E-001
44.8713479 4.18013005354120E-001 4.25403252739518E-001
44.9713293 4.15497450128638E-001 4.22827142923924E-001
45.0713069 4.13002469522466E-001 4.20272235050905E-001
45.1712846 4.10527757183145E-001 4.17738212670653E-001
45.2712662 4.08073012446660E-001 4.15224765229133E-001
45.3712441 4.05638217737246E-001 4.12731872077876E-001
45.4712259 4.03222984949198E-001 4.10259133236324E-001
45.5712040 4.00827298498326E-001 4.07806530173294E-001
45.6711822 3.98450868487170E-001 4.05373763558190E-001
45.7711643 3.96093410370810E-001 4.02960539605529E-001
45.8711426 3.93754911400056E-001 4.00566842798597E-001
45.9711248 3.91435002889922E-001 3.98192293319380E-001
46.0711034 3.89133673884239E-001 3.95836877558050E-001
46.1710820 3.86850649870596E-001 3.93500312182516E-001
46.2710644 3.84585661376844E-001 3.91182319079980E-001
46.3710432 3.82338699998273E-001 3.88882887354681E-001
46.4710259 3.80109415271845E-001 3.86601656097842E-001
46.5710048 3.77897800405928E-001 3.84338616129973E-001
46.6709838 3.75703595284072E-001 3.82093499082029E-001
46.7709667 3.73526544539508E-001 3.79866041501235E-001
46.8709459 3.71366643675059E-001 3.77656236649943E-001
46.9709290 3.69223559337964E-001 3.75463741366992E-001
47.0709083 3.67097288480985E-001 3.73288550458228E-001
47.1708877 3.64987584468469E-001 3.71130409560094E-001
47.2708710 3.62894205143836E-001 3.68989068943245E-001
47.3708506 3.60817149521242E-001 3.66864525608572E-001
47.4708341 3.58756100326424E-001 3.64756453064942E-001
47.5708138 3.56711057875508E-001 3.62664849700067E-001
47.6707936 3.54681788166162E-001 3.60589474269591E-001
47.7707773 3.52668061422890E-001 3.58530089900596E-001
47.8707573 3.50669879811800E-001 3.56486696952012E-001
47.9707411 3.48686941178668E-001 3.54458984602230E-001
48.0707212 3.46719248857324E-001 3.52446954454886E-001
48.1707014 3.44766580693272E-001 3.50450377563788E-001
48.2706855 3.42828718523568E-001 3.48469029109181E-001
48.3706658 3.40905667340175E-001 3.46502912462844E-001
48.4706500 3.38997139217817E-001 3.44551731542976E-001
48.5706305 3.37103140194339E-001 3.42615490837106E-001
48.6706110 3.35223459234468E-001 3.40693972935986E-001
48.7705955 3.33357889074824E-001 3.38786964328181E-001
48.8705762 3.31506437237246E-001 3.36894471085072E-001
48.9705608 3.29668829196262E-001 3.35016210999996E-001
49.0705416 3.27845073408992E-001 3.33152191143038E-001
49.1705225 3.26034969282961E-001 3.31302204935537E-001
49.2705073 3.24238319792359E-001 3.29466049483150E-001
49.3704883 3.22455134720194E-001 3.27643733272508E-001
49.4704733 3.20685152168678E-001 3.25834987167273E-001
49.5704545 3.18928382755663E-001 3.24039820546512E-001
49.6704357 3.17184635703010E-001 3.22258037006195E-001
49.7704208 3.15453723607346E-001 3.20489443627063E-001
49.8704022 3.13735658268836E-001 3.18734051052822E-001
49.9703875 3.12030189697790E-001 3.16991602467754E-001
50.0703690 3.10337330438000E-001 3.15262109311496E-001
50.1703506 3.08656898941295E-001 3.13545384744992E-001
50.2703361 3.06988716854703E-001 3.11841245227326E-001
50.3703178 3.05332797773925E-001 3.10149703324815E-001
50.4703034 3.03688902946222E-001 3.08470513843439E-001
50.5702853 3.02057046628072E-001 3.06803690057801E-001
50.6702672 3.00437055957483E-001 3.05149054126764E-001
50.7702530 2.98828761099519E-001 3.03506431332642E-001
50.8702350 2.97232177244105E-001 3.01875835951405E-001
50.9702209 2.95647076249014E-001 3.00257033758659E-001
51.0702031 2.94073473889681E-001 2.98650039659043E-001
51.1701853 2.92511205483899E-001 2.97054684281510E-001
51.2701714 2.90960109218946E-001 2.95470801214824E-001
51.3701538 2.89420201696086E-001 2.93898406251159E-001
51.4701400 2.87891264798461E-001 2.92337275526927E-001
51.5701225 2.86373315644470E-001 2.90787425390640E-001
51.6701050 2.84866197259754E-001 2.89248694449644E-001
51.7700914 2.83369755391685E-001 2.87720924117715E-001
51.8700741 2.81884007886719E-001 2.86204131527482E-001
51.9700606 2.80408746106393E-001 2.84698102607306E-001
52.0700434 2.78943988352176E-001 2.83202854980446E-001
52.1700263 2.77489584917434E-001 2.81718234774280E-001
52.2700130 2.76045388678597E-001 2.80244090778734E-001
52.3699959 2.74611418576371E-001 2.78780441307234E-001
52.4699827 2.73187474939034E-001 2.77327081548183E-001
52.5699658 2.71773577105868E-001 2.75884030245941E-001
52.6699489 2.70369582227196E-001 2.74451140620314E-001
52.7699359 2.68975349906198E-001 2.73028268418606E-001
52.8699192 2.67590900040705E-001 2.71615432989986E-001
52.9699063 2.66216041446780E-001 2.70212438285202E-001
53.0698897 2.64850794369563E-001 2.68819304030127E-001
53.1698731 2.63495022432711E-001 2.67435890137813E-001
53.2698603 2.62148591590385E-001 2.66062058921954E-001
53.3698439 2.60811522572978E-001 2.64697830635699E-001
53.4698313 2.59483632235693E-001 2.63343017526116E-001
53.5698149 2.58164941609670E-001 2.61997640173798E-001
53.6697986 2.56855320433373E-001 2.60661564812128E-001
53.7697861 2.55554640660727E-001 2.59334659955895E-001
53.8697699 2.54262923741563E-001 2.58016946642547E-001
53.9697576 2.52979994149673E-001 2.56708244978812E-001
54.0697415 2.51705873593352E-001 2.55408576284845E-001
54.1697254 2.50440437590581E-001 2.54117812765747E-001
54.2697133 2.49183563766553E-001 2.52835828795883E-001
54.3696973 2.47935274187818E-001 2.51562646088309E-001
54.4696852 2.46695400552291E-001 2.50298092199999E-001
54.5696694 2.45463965146596E-001 2.49042189086095E-001
54.6696536 2.44240848954456E-001 2.47794814597305E-001
54.7696417 2.43025934964898E-001 2.46555848648064E-001
54.8696260 2.41819245767940E-001 2.45325313528358E-001
54.9696142 2.40620619915379E-001 2.44103043861274E-001
55.0695986 2.39430080182472E-001 2.42889062142011E-001
55.1695831 2.38247512724855E-001 2.41683251561624E-001
55.2695714 2.37072805607468E-001 2.40485497275504E-001
55.3695560 2.35905981859182E-001 2.39295822061002E-001
55.4695444 2.34746886537946E-001 2.38114067246685E-001
55.5695291 2.33595542826265E-001 2.36940255781657E-001
55.6695138 2.32451841776366E-001 2.35774275911390E-001
55.7695023 2.31315676259289E-001 2.34616017752035E-001
55.8694872 2.30187069666004E-001 2.33465504487049E-001
55.9694758 2.29065873233822E-001 2.32322583811681E-001
56.0694607 2.27952110478691E-001 2.31187279050793E-001
56.1694457 2.26845677091285E-001 2.30059483236277E-001
56.2694345 2.25746470495734E-001 2.28939091182407E-001
56.3694196 2.24654514375526E-001 2.27826126405047E-001
56.4694085 2.23569665840033E-001 2.26720442647659E-001
56.5693936 2.22491948671747E-001 2.25622063540000E-001
56.6693788 2.21421262957597E-001 2.24530886649048E-001
56.7693678 2.20357510437419E-001 2.23446811240857E-001
56.8693531 2.19300715024167E-001 2.22369861096903E-001
56.9693423 2.18250739410128E-001 2.21299895709307E-001
57.0693276 2.17207607583739E-001 2.20236938948512E-001
57.1693130 2.16171223800823E-001 2.19180892680717E-001
57.2693023 2.15141493894054E-001 2.18131660392565E-001
57.3692878 2.14118441948761E-001 2.17089266070638E-001
57.4692772 2.13101935967919E-001 2.16053574673787E-001
57.5692628 2.12092000091056E-001 2.15024610254995E-001
57.6692484 2.11088542529328E-001 2.14002278758209E-001
57.7692379 2.10091472998881E-001 2.12986487673557E-001
57.8692236 2.09100815705768E-001 2.11977261137954E-001
57.9692132 2.08116443707204E-001 2.10974469311492E-001
58.0691990 2.07138381244195E-001 2.09978136377071E-001
58.1691849 2.06166540282508E-001 2.08988172148306E-001
58.2691746 2.05200834224972E-001 2.08004487914812E-001
58.3691605 2.04241287351672E-001 2.07027107914301E-001
58.4691503 2.03287777532344E-001 2.06055907257943E-001
58.5691363 2.02340329064640E-001 2.05090910210983E-001
58.6691224 2.01398857480179E-001 2.04132030261088E-001
58.7691123 2.00463279683395E-001 2.03179182305566E-001
58.8690985 1.99533619986239E-001 2.02232390638169E-001
58.9690885 1.98609760843002E-001 2.01291535085290E-001
59.0690747 1.97691726567516E-001 2.00356639951554E-001
59.1690610 1.96779436079642E-001 1.99427622214678E-001
59.2690511 1.95872809611254E-001 1.98504400199241E-001
59.3690374 1.94971871468143E-001 1.97586998214634E-001
59.4690277 1.94076508474033E-001 1.96675300579992E-001
59.5690141 1.93186744922459E-001 1.95769331600555E-001
59.6690006 1.92302502954308E-001 1.94869011570913E-001
59.7689909 1.91423705964914E-001 1.93974262073100E-001
59.8689774 1.90550378219649E-001 1.93085107395728E-001
59.9689678 1.89682410708572E-001 1.92201436140683E-001
60.0689545 1.88819827672076E-001 1.91323272578890E-001
60.1689411 1.87962554314565E-001 1.90450540158742E-001
60.2689316 1.87110517040350E-001 1.89583163559800E-001
60.3689184 1.86263740043573E-001 1.88721167017107E-001
60.4689090 1.85422118288769E-001 1.87864443217000E-001
60.5688958 1.84585675933674E-001 1.87013016364667E-001
60.6688827 1.83754341097747E-001 1.86166812908652E-001
60.7688734 1.82928043048678E-001 1.85325760475354E-001
60.8688603 1.82106805881708E-001 1.84489883216778E-001
60.9688511 1.81290528354516E-001 1.83659077716342E-001
61.0688381 1.80479234515691E-001 1.82833368085272E-001
61.1688251 1.79672855259764E-001 1.82012683627425E-001
61.2688160 1.78871322580482E-001 1.81196954773967E-001
61.3688031 1.78074660449394E-001 1.80386205567423E-001
61.4687941 1.77282771245849E-001 1.79580336311170E-001
61.5687813 1.76495678885574E-001 1.78779370997166E-001
61.6687685 1.75713316906089E-001 1.77983241647965E-001
61.7687596 1.74935619897639E-001 1.77191881365497E-001
61.8687469 1.74162611685910E-001 1.76405314059129E-001
61.9687381 1.73394198109685E-001 1.75623443584669E-001
62.0687254 1.72630402930640E-001 1.74846293792167E-001
62.1687128 1.71871162204613E-001 1.74073799293959E-001
62.2687041 1.71116412996032E-001 1.73305895736266E-001
62.3686916 1.70366178964941E-001 1.72542606874151E-001
62.4686829 1.69620369255994E-001 1.71783839957316E-001
62.5686704 1.68879007457937E-001 1.71029618673701E-001
62.6686580 1.68142032027175E-001 1.70279880103703E-001
62.7686494 1.67409382386797E-001 1.69534562318422E-001
62.8686371 1.66681082013614E-001 1.68793688899773E-001
62.9686286 1.65957043212714E-001 1.68057170341251E-001
63.0686163 1.65237289383145E-001 1.67325030150712E-001
63.1686040 1.64521761270616E-001 1.66597207761634E-001
63.2685918 1.63810427603738E-001 1.65873671076995E-001
63.3685872 1.63103203594629E-001 1.65154333571250E-001
63.4685751 1.62400166432444E-001 1.64439273473354E-001
63.5685630 1.61701231562306E-001 1.63728404500914E-001
63.6685509 1.61006368811834E-001 1.63021695689954E-001
63.7685388 1.60315548276280E-001 1.62319116352386E-001
63.8685344 1.59628688067991E-001 1.61620582938115E-001
63.9685224 1.58945863607479E-001 1.60926171881564E-001
64.0685105 1.58266993223605E-001 1.60235799858603E-001
64.1684986 1.57592048054714E-001 1.59549437256289E-001
64.2684867 1.56920999493223E-001 1.58867054723524E-001
64.3684824 1.56253768427260E-001 1.58188571557327E-001
64.4684706 1.55590428552944E-001 1.57514062442362E-001
64.5684588 1.54930900959541E-001 1.56843446885598E-001
64.6684470 1.54275158029886E-001 1.56176696556550E-001
64.7684353 1.53623172388101E-001 1.55513783373343E-001
64.8684312 1.52974867580024E-001 1.54854629358384E-001
64.9684195 1.52330315620697E-001 1.54199307490432E-001
65.0684079 1.51689440242761E-001 1.53547739986911E-001
65.1683963 1.51052215011112E-001 1.52899899735180E-001
65.2683847 1.50418613719880E-001 1.52255759858738E-001
65.3683808 1.49788562460538E-001 1.51615244989866E-001
65.4683692 1.49162131609428E-001 1.50978426444331E-001
65.5683578 1.48539247431463E-001 1.50345229035515E-001
65.6683463 1.47919884614733E-001 1.49715626807710E-001
65.7683349 1.47304018065197E-001 1.49089594029592E-001
65.8683311 1.46691576313540E-001 1.48467057833656E-001
65.9683197 1.46082628138831E-001 1.47848087914649E-001
66.0683084 1.45477102232731E-001 1.47232611573186E-001
66.1682971 1.44874974350996E-001 1.46620603953053E-001
66.2682858 1.44276220456530E-001 1.46012040411331E-001
66.3682821 1.43680771418121E-001 1.45406850476571E-001
66.4682709 1.43088694458047E-001 1.44805102263524E-001
66.5682597 1.42499920594446E-001 1.44206725456757E-001
66.6682485 1.41914426598339E-001 1.43611696245358E-001
66.7682374 1.41332189437771E-001 1.43019991021238E-001
66.8682339 1.40753142223545E-001 1.42431541610045E-001
66.9682228 1.40177350660675E-001 1.41846414586605E-001
67.0682118 1.39604747998461E-001 1.41264541921281E-001
67.1682007 1.39035311973715E-001 1.40685900797310E-001
67.2681897 1.38469020510715E-001 1.40110468590871E-001
67.3681864 1.37905808870905E-001 1.39538179330626E-001
67.4681754 1.37345741280625E-001 1.38969098090606E-001
67.5681645 1.36788753129692E-001 1.38403159033648E-001
67.6681536 1.36234823073981E-001 1.37840340288836E-001
67.7681428 1.35683929947799E-001 1.37280620168862E-001
67.8681396 1.35136011076319E-001 1.36723934815933E-001
67.9681288 1.34591129244860E-001 1.36170347841476E-001
68.0681180 1.34049221897514E-001 1.35619795512037E-001
68.1681072 1.33510268565064E-001 1.35072256856916E-001
68.2680965 1.32974248948190E-001 1.34527711080200E-001
68.3680934 1.32441102353080E-001 1.33986096352523E-001
68.4680827 1.31910890160759E-001 1.33447474859964E-001
68.5680721 1.31383551787509E-001 1.32911784888311E-001
68.6680615 1.30859067597285E-001 1.32379006323956E-001
68.7680509 1.30337418115866E-001 1.31849119219744E-001
68.8680479 1.29818544551708E-001 1.31322063693715E-001
68.9680374 1.29302506917355E-001 1.30797900542937E-001
69.0680269 1.28789246523123E-001 1.30276569992029E-001
69.1680164 1.28278744526664E-001 1.29758052743708E-001
69.2680059 1.27770982239820E-001 1.29242329659256E-001
69.3680031 1.27265902698326E-001 1.28729342726975E-001
69.4679927 1.26763564581146E-001 1.28219151390347E-001
69.5679823 1.26263911018179E-001 1.27711697736248E-001
69.6679719 1.25766923923434E-001 1.27206963245155E-001
69.7679615 1.25272585357886E-001 1.26704929548652E-001
69.8679589 1.24780840113090E-001 1.26205540431817E-001
69.9679486 1.24291745568451E-001 1.25708854019074E-001
70.0679383 1.23805246602500E-001 1.25214814186600E-001
70.1679281 1.23321325850264E-001 1.24723403156143E-001
70.2679178 1.22839966086897E-001 1.24234603293501E-001
70.3679153 1.22361113791664E-001 1.23748360110506E-001
70.4679051 1.21884825077550E-001 1.23264730446161E-001
70.5678949 1.21411046504088E-001 1.22783659896412E-001
70.6678848 1.20939761393861E-001 1.22305131389743E-001
70.7678747 1.20470953203101E-001 1.21829127992002E-001
70.8678723 1.20004570033847E-001 1.21355596875015E-001
70.9678622 1.19540666764938E-001 1.20884593625141E-001
71.0678522 1.19079191572411E-001 1.20416065491797E-001
71.1678422 1.18620128434711E-001 1.19949996077496E-001
71.2678322 1.18163461457802E-001 1.19486369115787E-001
71.3678299 1.17709140304545E-001 1.19025133374826E-001
71.4678200 1.17257218651071E-001 1.18566343220243E-001
71.5678100 1.16807646228381E-001 1.18109947491693E-001
71.6678002 1.16360407640759E-001 1.17655930434739E-001
71.7677903 1.15915487614193E-001 1.17204276419977E-001
71.8677881 1.15472837313253E-001 1.16754935751160E-001
71.9677783 1.15032509241966E-001 1.16307961604269E-001
72.0677685 1.14594454627571E-001 1.15863304348858E-001
72.1677587 1.14158658671729E-001 1.15420948844179E-001
72.2677489 1.13725106692291E-001 1.14980880068836E-001
72.3677468 1.13293751299110E-001 1.14543049804205E-001
72.4677371 1.12864643853903E-001 1.14107510066878E-001
72.5677275 1.12437737024076E-001 1.13674212698718E-001
72.6677178 1.12013016581680E-001 1.13243143144833E-001
72.7677082 1.11590468409727E-001 1.12814286964294E-001
72.8677062 1.11170046509468E-001 1.12387597360761E-001
72.9676966 1.10751801129307E-001 1.11963125220891E-001
73.0676870 1.10335686323270E-001 1.11540823803859E-001
73.1676774 1.09921688408199E-001 1.11120679114239E-001
73.2676679 1.09509793806938E-001 1.10702677265449E-001
73.3676660 1.09099957860658E-001 1.10286772830579E-001
73.4676565 1.08692229732674E-001 1.09873015595016E-001
73.5676471 1.08286564812469E-001 1.09461360182717E-001
73.6676376 1.07882949937387E-001 1.09051793132682E-001
73.7676282 1.07481372046067E-001 1.08644301087901E-001
73.8676264 1.07081787770412E-001 1.08238839940390E-001
73.9676171 1.06684245216107E-001 1.07835458402165E-001
74.0676077 1.06288701059196E-001 1.07434112411772E-001
74.1675984 1.05895142634469E-001 1.07034789018871E-001
74.2675890 1.05503557373544E-001 1.06637475372510E-001
74.3675874 1.05113903152031E-001 1.06242128635364E-001
74.4675781 1.04726227044708E-001 1.05848796473225E-001
74.5675688 1.04340486967429E-001 1.05457436091248E-001
74.6675596 1.03956670730541E-001 1.05068035027193E-001
74.7675504 1.03574766236969E-001 1.04680580913839E-001
74.8675488 1.03194732561065E-001 1.04295032138375E-001
74.9675396 1.02816615772698E-001 1.03911435346784E-001
75.0675305 1.02440374982822E-001 1.03529748964944E-001
75.1675213 1.02065998456542E-001 1.03149960997298E-001
75.2675122 1.01693474547514E-001 1.02772059539148E-001
75.3675108 1.01322763485813E-001 1.02396004158066E-001
75.4675017 1.00953910361692E-001 1.02021840505918E-001
75.5674926 1.00586875438426E-001 1.01649528185425E-001
75.6674836 1.00221647416125E-001 1.01279055647356E-001
75.7674746 9.98582150796123E-002 1.00910411429395E-001
75.8674732 9.94965397735292E-002 1.00543556237270E-001
75.9674642 9.91366656331129E-002 1.00178534753729E-001
76.0674553 9.87785540330223E-002 9.98153077163434E-002
76.1674463 9.84221940895902E-002 9.94538640028697E-002
76.2674374 9.80675750002211E-002 9.90941925742255E-002
76.3674361 9.77146591847169E-002 9.87362552338883E-002
76.4674273 9.73634898472321E-002 9.83800957198021E-002
76.5674184 9.70140294346187E-002 9.80256758641961E-002
76.6674096 9.66662674615763E-002 9.76729849534290E-002
76.7674007 9.63201935204114E-002 9.73220123534523E-002
76.8673996 9.59757710683603E-002 9.69727209268038E-002
76.9673908 9.56330424017723E-002 9.66251534902777E-002
77.0673820 9.52919710021603E-002 9.62792729322777E-002
77.1673732 9.49525467656077E-002 9.59350689302806E-002
77.2673645 9.46147596625088E-002 9.55925312379634E-002
77.3673634 9.42785741513969E-002 9.52516237398744E-002
77.4673547 9.39440316434575E-002 9.49123883546650E-002
77.5673461 9.36110966189100E-002 9.45747889900545E-002
77.6673374 9.32797593390640E-002 9.42388156980069E-002
77.7673288 9.29500101364032E-002 9.39044586034586E-002
77.8673278 9.26218144361334E-002 9.35716825774775E-002
77.9673192 9.22952127862970E-002 9.32405286629479E-002
78.0673106 9.19701706313674E-002 9.29109617515915E-002
78.1673020 9.16466785825021E-002 9.25829722540348E-002
78.2672935 9.13247273190481E-002 9.22565506508047E-002
78.3672925 9.10042831996974E-002 9.19316627654777E-002
78.4672840 9.06853859307677E-002 9.16083487869352E-002
78.5672755 9.03680018879608E-002 9.12865745570577E-002
78.6672671 9.00521220176431E-002 9.09663308300714E-002
78.7672586 8.97377373315271E-002 9.06476084271782E-002
78.8672578 8.94248150899755E-002 9.03303740918623E-002
78.9672493 8.91133941784117E-002 9.00146671801696E-002
79.0672409 8.88034418721003E-002 8.97004544516941E-002
79.1672325 8.84949494386750E-002 8.93877269899202E-002
79.2672242 8.81879082084075E-002 8.90764759425229E-002
79.3672234 8.78822863128187E-002 8.87666689416341E-002
79.4672151 8.75781218366973E-002 8.84583445310510E-002
79.5672068 8.72753829244994E-002 8.81514703569683E-002
79.6671985 8.69740611518451E-002 8.78460378184691E-002
79.7671902 8.66741481544130E-002 8.75420383761736E-002
79.8671895 8.63756129056114E-002 8.72394405208796E-002
79.9671813 8.60784927092981E-002 8.69382820041579E-002
80.0671730 8.57827565499821E-002 8.66385313289583E-002
80.1671648 8.54883962986153E-002 8.63401801969493E-002
80.2671566 8.51954038837491E-002 8.60432203688079E-002
80.3671560 8.49037490925915E-002 8.57476211652319E-002
80.4671478 8.46134684672337E-002 8.54534195650393E-002
80.5671397 8.43245318042729E-002 8.51605848992976E-002
80.6671315 8.40369312579307E-002 8.48691091598585E-002
80.7671234 8.37506590376844E-002 8.45789843951730E-002
80.8671229 8.34656857175806E-002 8.42901807282316E-002
80.9671148 8.31820470965830E-002 8.40027343840396E-002
81.0671067 8.28997137565324E-002 8.37166154942958E-002
81.1670987 8.26186781234194E-002 8.34318163292129E-002
81.2670906 8.23389326762552E-002 8.31483292133052E-002
81.3670902 8.20604487500394E-002 8.28661250453544E-002
81.4670822 8.17832614187366E-002 8.25852393149739E-002
81.5670742 8.15073420236532E-002 8.23056429281046E-002
81.6670662 8.12326832515810E-002 8.20273284220466E-002
81.7670583 8.09592778402000E-002 8.17502883862110E-002
81.8670579 8.06870978606017E-002 8.14744944697219E-002
81.9670500 8.04161776793833E-002 8.11999814447175E-002
82.0670421 8.01464893725578E-002 8.09267209660375E-002
82.1670342 7.98780258772544E-002 8.06547058273173E-002
82.2670263 7.96107801794563E-002 8.03839288722121E-002
82.3670260 7.93447250624627E-002 8.01143624757445E-002
82.4670182 7.90798942026543E-002 7.98460407100044E-002
82.5670103 7.88162603869620E-002 7.95789359543851E-002
82.6670025 7.85538167928678E-002 7.93130412485978E-002
82.7669947 7.82925566447651E-002 7.90483496803785E-002
82.8669945 7.80324534152105E-002 7.87848343271624E-002
82.9669867 7.77735401070499E-002 7.85225285779417E-002
83.0669790 7.75157901952706E-002 7.82614055132705E-002
83.1669712 7.72591970881759E-002 7.80014584091444E-002
83.2669635 7.70037542391278E-002 7.77426805876800E-002
83.3669634 7.67494357878785E-002 7.74850458061542E-002
83.4669556 7.64962740799665E-002 7.72285867869490E-002
83.5669479 7.62442432564588E-002 7.69732772892954E-002
83.6669403 7.59933369473800E-002 7.67191108161267E-002
83.7669326 7.57435488260435E-002 7.64660809146789E-002
83.8669326 7.54948536781875E-002 7.62141620003729E-002
83.9669249 7.52472832078280E-002 7.59633861450189E-002
84.0669173 7.50008122009789E-002 7.57137277649085E-002
84.1669097 7.47554345006961E-002 7.54651805809874E-002
84.2669021 7.45111439916325E-002 7.52177383567672E-002
84.3669022 7.42679160851136E-002 7.49713761449489E-002
84.4668946 7.40257818589884E-002 7.47261253823728E-002
84.5668870 7.37847167238934E-002 7.44819611216035E-002
84.6668795 7.35447147276126E-002 7.42388772930738E-002
84.7668720 7.33057699579118E-002 7.39968678681237E-002
84.8668721 7.30678584320805E-002 7.37559085166664E-002
84.9668646 7.28310106167398E-002 7.35160300557504E-002
85.0668571 7.25952025275948E-002 7.32772081542174E-002
85.1668496 7.23604284092243E-002 7.30394369438422E-002
85.2668422 7.21266825446446E-002 7.28027105957219E-002
85.3668424 7.18939415382281E-002 7.25670053776757E-002
85.4668349 7.16622352599019E-002 7.23323515017262E-002
85.5668275 7.14315403116226E-002 7.20987252337528E-002
85.6668201 7.12018511271809E-002 7.18661208990885E-002
85.7668127 7.09731621773289E-002 7.16345328608737E-002
85.8668130 7.07454506353490E-002 7.14039379662548E-002
85.9668056 7.05187457886147E-002 7.11743658365938E-002
86.0667983 7.02930248072223E-002 7.09457933162925E-002
86.1667909 7.00682823069245E-002 7.07182149168012E-002
86.2667836 6.98445129390241E-002 7.04916251859293E-002
86.3667839 6.96216944282186E-002 7.02660015322667E-002
86.4667766 6.93998554930863E-002 7.00413730004931E-002
86.5667694 6.91789738544253E-002 6.98177169957075E-002
86.6667621 6.89590443030172E-002 6.95950282083633E-002
86.7667548 6.87400616638440E-002 6.93733013638878E-002
86.8667552 6.85220041961716E-002 6.91525144150959E-002
86.9667480 6.83049000631708E-002 6.89326958435851E-002
87.0667408 6.80887275195480E-002 6.87138235979892E-002
87.1667336 6.78734815244822E-002 6.84958925409599E-002
87.2667264 6.76591570700612E-002 6.82788975687979E-002
87.3667268 6.74457329338929E-002 6.80628171619619E-002
87.4667197 6.72332367367680E-002 6.78476792522008E-002
87.5667125 6.70216472511250E-002 6.76334623151528E-002
87.6667054 6.68109595981951E-002 6.74201613791591E-002
87.7666983 6.66011689308822E-002 6.72077715049417E-002
87.8666988 6.63922545295034E-002 6.69962716846293E-002
87.9666917 6.61842434851475E-002 6.67856893130008E-002
88.0666846 6.59771150723989E-002 6.65760033767750E-002
88.1666775 6.57708645684683E-002 6.63672090637529E-002
88.2666705 6.55654872810565E-002 6.61593015929040E-002
88.3666710 6.53609629781253E-002 6.59522604526367E-002
88.4666640 6.51573182333997E-002 6.57461125132931E-002
88.5666570 6.49545328085893E-002 6.55408372573273E-002
88.6666500 6.47526021310721E-002 6.53364300260394E-002
88.7666429 6.45515216575827E-002 6.51328861907356E-002
88.8666436 6.43512716292072E-002 6.49301857212724E-002
88.9666366 6.41518781143153E-002 6.47283549757520E-002
89.0666296 6.39533213472637E-002 6.45273739175753E-002
89.1666227 6.37555969000305E-002 6.43272380358331E-002
89.2666157 6.35587003728671E-002 6.41279428485109E-002
89.3666164 6.33626124659846E-002 6.39294687926150E-002
89.4666095 6.31673587540862E-002 6.37318417258803E-002
89.5666026 6.29729199302146E-002 6.35350420783960E-002
89.6665957 6.27792917056184E-002 6.33390654815788E-002
89.7665889 6.25864698187802E-002 6.31439075946749E-002
89.8665896 6.23944354155368E-002 6.29495493080544E-002
89.9665828 6.22032135883025E-002 6.27560159906407E-002
90.0665759 6.20127854753429E-002 6.25632885254635E-002
90.1665691 6.18231469220702E-002 6.23713626810303E-002
90.2665622 6.16342938001358E-002 6.21802342526575E-002
90.3665631 6.14462076879810E-002 6.19898845707843E-002
90.4665563 6.12589132068071E-002 6.18003385267712E-002
90.5665495 6.10723919271156E-002 6.16115774433283E-002
90.6665427 6.08866398235899E-002 6.14235972210387E-002
90.7665359 6.07016528961980E-002 6.12363937863166E-002
90.8665368 6.05174131434245E-002 6.10499488968449E-002
90.9665301 6.03339447260400E-002 6.08642869773720E-002
91.0665233 6.01512296342517E-002 6.06793897774968E-002
91.1665166 5.99692639673247E-002 6.04952533250716E-002
91.2665099 5.97880438488945E-002 6.03118736728432E-002
91.3665108 5.96075516853663E-002 6.01292329933640E-002
91.4665041 5.94278111875782E-002 5.99473552554318E-002
91.5664975 5.92488047533513E-002 5.97662226231904E-002
91.6664908 5.90705286020371E-002 5.95858312471554E-002
91.7664842 5.88929789764806E-002 5.94061773018384E-002
91.8664851 5.87161386793077E-002 5.92272433627191E-002
91.9664785 5.85400309816461E-002 5.90490529530248E-002
92.0664719 5.83646386772586E-002 5.88715886395320E-002
92.1664653 5.81899581012724E-002 5.86948466910027E-002
92.2664587 5.80159856114683E-002 5.85188233993340E-002
92.3664597 5.78427043953977E-002 5.83435017314061E-002
92.4664531 5.76701372944310E-002 5.81689047749826E-002
92.5664466 5.74982674870037E-002 5.79950154879727E-002
92.6664400 5.73270914198854E-002 5.78218302531502E-002
92.7664335 5.71566055616929E-002 5.76493454755978E-002
92.8664346 5.69867934739965E-002 5.74775445024669E-002
92.9664281 5.68176775781020E-002 5.73064499958997E-002
93.0664215 5.66492414262357E-002 5.71360452938341E-002
93.1664150 5.64814815728442E-002 5.69663268889937E-002
93.2664086 5.63143945934476E-002 5.67972912956191E-002
93.3664097 5.61479644131011E-002 5.66289222303846E-002
93.4664032 5.59822130424860E-002 5.64612419393963E-002
93.5663968 5.58171243971086E-002 5.62942341298972E-002
93.6663903 5.56526951352875E-002 5.61278954006639E-002
93.7663839 5.54889219356730E-002 5.59622223712298E-002
93.8663851 5.53257890766292E-002 5.57971991174116E-002
93.9663787 5.51633181674070E-002 5.56328474786141E-002
94.0663723 5.50014934766383E-002 5.54691515210265E-002
94.1663659 5.48403117628628E-002 5.53061079457395E-002
94.2663595 5.46797698042389E-002 5.51437134738706E-002
94.3663607 5.45198522226083E-002 5.49819525303498E-002
94.4663544 5.43605802347464E-002 5.48208465569727E-002
94.5663480 5.42019384525988E-002 5.46603799688667E-002
94.6663417 5.40439237314216E-002 5.45005495658478E-002
94.7663353 5.38865329454050E-002 5.43413521670579E-002
94.8663366 5.37297510503662E-002 5.41827725368496E-002
94.9663303 5.35735988793290E-002 5.40248317282654E-002
95.0663240 5.34180613780698E-002 5.38675144956997E-002
95.1663177 5.32631354951956E-002 5.37108177342481E-002
95.2663114 5.31088181975911E-002 5.35547383576604E-002
95.3663128 5.29550947658646E-002 5.33992614603449E-002
95.4663065 5.28019856577859E-002 5.32444077152183E-002
95.5663002 5.26494761437960E-002 5.30901622065945E-002
95.6662940 5.24975632626213E-002 5.29365219215406E-002
95.7662878 5.23462440706356E-002 5.27834838651328E-002
95.8662892 5.21955041643582E-002 5.26310334527808E-002
95.9662829 5.20453636345852E-002 5.24791909856808E-002
96.0662767 5.18958080675588E-002 5.23279418690284E-002
96.1662705 5.17468345890211E-002 5.21772831786858E-002
96.2662643 5.15984403417558E-002 5.20272120079037E-002
96.3662658 5.14506112296073E-002 5.18777140843392E-002
96.4662596 5.13033669844643E-002 5.17288093456563E-002
96.5662535 5.11566934997997E-002 5.15804835091946E-002
96.6662473 5.10105879853897E-002 5.14327337365593E-002
96.7662412 5.08650476674692E-002 5.12855572061483E-002
96.8662427 5.07200587489032E-002 5.11389399493996E-002
96.9662365 5.05756406105343E-002 5.09929015484247E-002
97.0662304 5.04317794447752E-002 5.08474280242553E-002
97.1662243 5.02884725425708E-002 5.07025166213078E-002
97.2662182 5.01457172107653E-002 5.05581646002186E-002
97.3662198 5.00034999432105E-002 5.04143582880178E-002
97.4662137 4.98618397773624E-002 5.02711169190389E-002
97.5662076 4.97207231965541E-002 5.01284268098313E-002
97.6662016 4.95801475701453E-002 4.99862852848047E-002
97.7661955 4.94401102828572E-002 4.98446896840387E-002
97.8661971 4.93005981117552E-002 4.97036266222328E-002
97.9661911 4.91616297583747E-002 4.95631149935199E-002
98.0661851 4.90231919892083E-002 4.94231414020577E-002
98.1661791 4.88852822493832E-002 4.92837032495408E-002
98.2661730 4.87478979988717E-002 4.91447979528051E-002
98.3661747 4.86110262904303E-002 4.90064124065535E-002
98.4661687 4.84746854969498E-002 4.88685651721030E-002
98.5661627 4.83388626605717E-002 4.87312431335656E-002
98.6661568 4.82035552996462E-002 4.85944437673174E-002
98.7661508 4.80687609468706E-002 4.84581645643674E-002
98.8661525 4.79344669234117E-002 4.83223926920023E-002
98.9661465 4.78006912806082E-002 4.81871463859210E-002
99.0661406 4.76674213289806E-002 4.80524128027820E-002
99.1661347 4.75346546576538E-002 4.79181894911395E-002
99.2661288 4.74023888696223E-002 4.77844740136911E-002
99.3661305 4.72706115474141E-002 4.76512538031260E-002
99.4661246 4.71393404277293E-002 4.75185467765406E-002
99.5661187 4.70085630824290E-002 4.73863403559690E-002
99.6661128 4.68782771690587E-002 4.72546321597353E-002
99.7661070 4.67484803585738E-002 4.71234198198372E-002
99.8661087 4.66191604880387E-002 4.69926910274127E-002
99.9661029 4.64903349862544E-002 4.68624633877952E-002
100.0660970 4.63619916796072E-002 4.67327245814510E-002
100.1660912 4.62341282917986E-002 4.66034722941584E-002
100.2660854 4.61067425594970E-002 4.64747042249165E-002
100.3660872 4.59798225676936E-002 4.63464083165790E-002
100.4660814 4.58533854438616E-002 4.62186018693844E-002
100.5660756 4.57274192623114E-002 4.60912728155070E-002
100.6660698 4.56019218107212E-002 4.59644189059510E-002
100.7660640 4.54768908893098E-002 4.58380379045057E-002
100.8660658 4.53523148245927E-002 4.57121179992191E-002
100.9660601 4.52282104491225E-002 4.55866761917360E-002
101.0660543 4.51045660787396E-002 4.54617006594262E-002
101.1660486 4.49813795630013E-002 4.53371892163753E-002
101.2660428 4.48586487635958E-002 4.52131396890347E-002
101.3660447 4.47363622423599E-002 4.50895405043299E-002
101.4660390 4.46145365431733E-002 4.49664083716508E-002
101.5660333 4.44931602172115E-002 4.48437317072535E-002
101.6660275 4.43722311738921E-002 4.47215083862412E-002
101.7660218 4.42517473343688E-002 4.45997362956795E-002
101.8660238 4.41316974897897E-002 4.44784040952503E-002
101.9660181 4.40120979014545E-002 4.43575282082705E-002
102.0660124 4.38929373498707E-002 4.42370972837696E-002
102.1660067 4.37742138023723E-002 4.41171092558814E-002
102.2660011 4.36559252376497E-002 4.39975620703138E-002
102.3660031 4.35380606703373E-002 4.38784446135743E-002
102.4659974 4.34206360850971E-002 4.37597730289353E-002
102.5659918 4.33036404859502E-002 4.36415361922753E-002
102.6659861 4.31870718962759E-002 4.35237320948460E-002
102.7659805 4.30709283504432E-002 4.34063587390990E-002
102.8659825 4.29551990809271E-002 4.32894052326188E-002
102.9659769 4.28398998015476E-002 4.31728874445130E-002
103.0659713 4.27250197341998E-002 4.30567944717673E-002
103.1659657 4.26105569565052E-002 4.29411243609089E-002
103.2659601 4.24965095567227E-002 4.28258751693048E-002
103.3659622 4.23828669796939E-002 4.27110362200441E-002
103.4659566 4.22696446740503E-002 4.25966231138047E-002
103.5659511 4.21568320740934E-002 4.24826251631129E-002
103.6659455 4.20444273099502E-002 4.23690404679971E-002
103.7659400 4.19324285220460E-002 4.22558671389784E-002
103.8659421 4.18208253622817E-002 4.21430947092480E-002
103.9659365 4.17096330196154E-002 4.20307385166483E-002
104.0659310 4.15988411354525E-002 4.19187880838494E-002
104.1659255 4.14884478907530E-002 4.18072415626714E-002
104.2659200 4.13784514764475E-002 4.16960971150927E-002
104.3659221 4.12688417463497E-002 4.15853444791676E-002
104.4659166 4.11596336351240E-002 4.14749987353607E-002
104.5659112 4.10508169861382E-002 4.13650496112519E-002
104.6659057 4.09423900295727E-002 4.12554953088059E-002
104.7659002 4.08343510052635E-002 4.11463340398239E-002
104.8659024 4.07266899639440E-002 4.10375557421420E-002
104.9658969 4.06194215912354E-002 4.09291752441717E-002
105.0658915 4.05125359274792E-002 4.08211824733262E-002
105.1658860 4.04060312505228E-002 4.07135756801277E-002
105.2658806 4.02999058475650E-002 4.06063531246245E-002
105.3658828 4.01941499614160E-002 4.04995049395058E-002
105.4658774 4.00887780337756E-002 4.03930457063252E-002
105.5658720 3.99837802971205E-002 4.02869655474048E-002
105.6658666 3.98791550754669E-002 4.01812627602946E-002
105.7658612 3.97749007018897E-002 4.00759356517711E-002
105.8658634 3.96710076065766E-002 3.99709745445949E-002
105.9658580 3.95674899923045E-002 3.98663937785310E-002
106.0658527 3.94643382789898E-002 3.97621836660331E-002
106.1658473 3.93615508353737E-002 3.96583425502038E-002
106.2658419 3.92591260389734E-002 3.95548687830836E-002
106.3658442 3.91570545027939E-002 3.94517528728648E-002
106.4658389 3.90553501955674E-002 3.93490089224710E-002
106.5658335 3.89540037200932E-002 3.92466274298509E-002
106.6658282 3.88530134884449E-002 3.91446067822378E-002
106.7658229 3.87523779211998E-002 3.90429453755247E-002
106.8658252 3.86520878097540E-002 3.89416338988323E-002
106.9658199 3.85521568935559E-002 3.88406862230710E-002
107.0658146 3.84525759538649E-002 3.87400930271850E-002
107.1658093 3.83533434447442E-002 3.86398527411670E-002
107.2658040 3.82544578284974E-002 3.85399638034008E-002
107.3658063 3.81559100706154E-002 3.84404170795648E-002
107.4658011 3.80577136859101E-002 3.83412262132685E-002
107.5657958 3.79598596298073E-002 3.82423820600842E-002
107.6657905 3.78623463970640E-002 3.81438830914409E-002
107.7657853 3.77651724904243E-002 3.80457277869001E-002
107.8657877 3.76683290453024E-002 3.79479071844550E-002
107.9657824 3.75718293564097E-002 3.78504347050137E-002
108.0657772 3.74756645491698E-002 3.77533013765363E-002
108.1657720 3.73798331577839E-002 3.76565057106123E-002
108.2657667 3.72843337241954E-002 3.75600462267139E-002
108.3657692 3.71891575496912E-002 3.74639141310290E-002
108.4657639 3.70943177133106E-002 3.73681226262551E-002
108.5657587 3.69998055064271E-002 3.72726629086224E-002
108.6657536 3.69056195014798E-002 3.71775335286499E-002
108.7657484 3.68117582784141E-002 3.70827330444981E-002
108.8657508 3.67182133004557E-002 3.69882528265490E-002
108.9657456 3.66249974352955E-002 3.68941058636726E-002
109.0657405 3.65321021363252E-002 3.68002835163716E-002
