0.0053140 2.93480466015395E+001 5.56815891352006E+003
0.0210792 1.10983235011916E+002 5.41066261144611E+003
0.0467942 2.28240562825270E+002 5.16652852238720E+003
0.0817065 3.60263032602495E+002 4.85850045606764E+003
0.1249105 4.88151325482204E+002 4.51097683972219E+003
0.1754417 5.98649711320430E+002 4.14616165936201E+003
0.2323515 6.84914672467241E+002 3.78185518735994E+003
0.2947571 7.45359503691689E+002 3.43080827194908E+003
0.3618673 7.81823346779988E+002 3.10113371396368E+003
0.4329916 7.97893470256500E+002 2.79721432368172E+003
0.5075377 7.97705163581992E+002 2.52071435409777E+003
0.5850032 7.85228140668930E+002 2.27147377474426E+003
0.6649650 7.63920153599772E+002 2.04821007747103E+003
0.7470680 7.36613832992171E+002 1.84902329794847E+003
0.8310139 7.05532068144008E+002 1.67174007024899E+003
0.9165527 6.72362241709443E+002 1.51413112905061E+003
1.0034738 6.38349437341677E+002 1.37404240342790E+003
1.0915995 6.04387705432731E+002 1.24946676211090E+003
1.1807797 5.71100012964756E+002 1.13857677195825E+003
1.2708868 5.38904712813267E+002 1.03973521962456E+003
1.3618115 5.08068132357098E+002 9.51490299627129E+002
1.4534610 4.78745343602834E+002 8.72563376972518E+002
1.5457546 4.51011730556187E+002 8.01834559266830E+002
1.6386236 4.24885906892841E+002 7.38324627493386E+002
1.7320075 4.00347670444074E+002 6.81179959963364E+002
1.8258543 3.77350389876966E+002 6.29656000809839E+002
1.9201186 3.55830570646301E+002 5.83103724323830E+002
2.0147601 3.35714757393953E+002 5.40957360095689E+002
2.1097440 3.16924016642926E+002 5.02722585072057E+002
2.2050388 2.99377727377060E+002 4.67967676712256E+002
2.3006174 2.82995616155876E+002 4.36314470195224E+002
2.3964555 2.67699493658708E+002 4.07431421738990E+002
2.4925310 2.53414384057593E+002 3.81027537778754E+002
2.5888248 2.40068906425948E+002 3.56846533811950E+002
2.6853193 2.27595891700092E+002 3.34662719421545E+002
2.7819988 2.15932295427388E+002 3.14276607305166E+002
2.8788497 2.05019302454231E+002 2.95511687455164E+002
2.9758588 1.94802301452487E+002 2.78211599809485E+002
3.0730149 1.85230549592121E+002 2.62237294725337E+002
3.1703074 1.76257171909349E+002 2.47465177637966E+002
3.2677268 1.67838779841153E+002 2.33784945314634E+002
3.3652646 1.59935336380025E+002 2.21098106727487E+002
3.4629133 1.52509869326077E+002 2.09316473217604E+002
3.5606650 1.45528386161708E+002 1.98361149817146E+002
3.6585133 1.38959445570787E+002 1.88161130208877E+002
3.7564523 1.32774095416612E+002 1.78652594703331E+002
3.8544764 1.26945642400523E+002 1.69778040091373E+002
3.9525810 1.21449445339369E+002 1.61485531858212E+002
4.0507604 1.16262849822959E+002 1.53728238328753E+002
4.1490108 1.11364875041065E+002 1.46463648910789E+002
4.2473280 1.06736176034753E+002 1.39653256078173E+002
4.3457083 1.02358884160259E+002 1.33262093196595E+002
4.4441489 9.82164661306601E+001 1.27258335371569E+002
4.5426454 9.42936902648435E+001 1.21613084123459E+002
4.6411954 9.05764058403194E+001 1.16299905717817E+002
4.7397961 8.70515295777442E+001 1.11294690324177E+002
4.8384450 8.37069397841194E+001 1.06575394396995E+002
4.9371399 8.05313833878390E+001 1.02121817313564E+002
5.0358779 7.75144642199829E+001 9.79155045756014E+001
5.1346571 7.46464869193586E+001 9.39394596311799E+001
5.2334756 7.19184585565987E+001 9.01780863236029E+001
5.3323316 6.93220185409200E+001 8.66170385850100E+001
5.4312238 6.68493772370040E+001 8.32430897524252E+001
5.5301496 6.44933169209740E+001 8.00440928807440E+001
5.6291079 6.22470793631247E+001 7.70087916864436E+001
5.7280973 6.01043753496361E+001 7.41268024482443E+001
5.8271164 5.80593376361741E+001 7.13885225094022E+001
5.9261644 5.61064798145729E+001 6.87850505835766E+001
6.0252392 5.42407037570252E+001 6.63081747575064E+001
6.1243401 5.24572168542926E+001 6.39502429292210E+001
6.2234659 5.07515449645960E+001 6.17041631718565E+001
6.3226158 4.91195001990891E+001 5.95633458101543E+001
6.4217891 4.75571527888778E+001 5.75216529220553E+001
6.5209840 4.60608413882388E+001 5.55733995858896E+001
6.6202001 4.46271107754425E+001 5.37132616756187E+001
6.7194366 4.32527257385149E+001 5.19362844550516E+001
6.8186927 4.19346485182404E+001 5.02378445640551E+001
6.9179682 4.06700191278105E+001 4.86136168676090E+001
7.0172613 3.94561665146722E+001 4.70595817312889E+001
7.1165720 3.82905606760211E+001 4.55719572459407E+001
7.2158999 3.71708209604225E+001 4.41472043742245E+001
7.3152432 3.60947260773646E+001 4.27820344111834E+001
7.4146030 3.50601476753433E+001 4.14733200087054E+001
7.5139770 3.40651183072870E+001 4.02181772004451E+001
7.6133666 3.31077444878445E+001 3.90138516365516E+001
7.7127702 3.21862667306170E+001 3.78577909917901E+001
7.8121865 3.12990227349078E+001 3.67475953281064E+001
7.9116168 3.04444172324829E+001 3.56809766767550E+001
8.0110589 2.96209745858551E+001 3.46558222340899E+001
8.1105143 2.88272680817131E+001 3.36701037773473E+001
8.2099815 2.80619705964676E+001 3.27219386891481E+001
8.3094593 2.73238251176661E+001 3.18095512481252E+001
8.4089492 2.66116204731670E+001 3.09312409599855E+001
8.5084489 2.59242359217731E+001 3.00854360176848E+001
8.6079599 2.52605829750699E+001 2.92706200755239E+001
8.7074812 2.46196483486591E+001 2.84853838013793E+001
8.8070112 2.40004700256803E+001 2.77283941301964E+001
8.9065517 2.34021174435976E+001 2.69983689809787E+001
9.0061006 2.28237294648463E+001 2.62941226066125E+001
9.1056593 2.22644660072623E+001 2.56145056225601E+001
9.2052267 2.17235446304303E+001 2.49584487156713E+001
9.3048016 2.12002208581030E+001 2.43249378333756E+001
9.4043856 2.06937718022576E+001 2.37129936728093E+001
9.5039766 2.02035286472046E+001 2.31217102957351E+001
9.6035763 1.97288360599444E+001 2.25502054510787E+001
9.7031836 1.92690835070401E+001 2.19976577935000E+001
9.8027972 1.88236889001316E+001 2.14632865862645E+001
9.9024188 1.83920849123540E+001 2.09463348307215E+001
10.0020464 1.79737468995429E+001 2.04461022874825E+001
10.1016817 1.75681585541154E+001 1.99619039123891E+001
10.2013235 1.71748388415104E+001 1.94931016952816E+001
10.3009707 1.67933282744810E+001 1.90390878558118E+001
10.4006251 1.64231773682419E+001 1.85992708004060E+001
10.5002846 1.60639707515793E+001 1.81731034875658E+001
10.5999509 1.57152978843969E+001 1.77600483423006E+001
10.6996230 1.53767763364828E+001 1.73596046215943E+001
10.7992996 1.50480401671984E+001 1.69712943552583E+001
10.8989827 1.47287301010743E+001 1.65946505340095E+001
10.9986702 1.44185144435387E+001 1.62292415867900E+001
11.0983637 1.41170639445755E+001 1.58746415280125E+001
11.1980623 1.38240720090791E+001 1.55304535888703E+001
11.2977649 1.35392447816478E+001 1.51962983450905E+001
11.3974732 1.32622927218404E+001 1.48718036901951E+001
11.4971853 1.29929488279452E+001 1.45566260533193E+001
11.5969029 1.27309469249638E+001 1.42504248167076E+001
11.6966250 1.24760392887240E+001 1.39528828162926E+001
11.7963505 1.22279881255489E+001 1.36636962329253E+001
11.8960812 1.19865582977824E+001 1.33825660116730E+001
11.9958151 1.17515332693673E+001 1.31092163353282E+001
12.0955540 1.15226962444099E+001 1.28433725589006E+001
12.1952970 1.12998456012180E+001 1.25847790734030E+001
12.2950428 1.10827875234964E+001 1.23331906345742E+001
12.3947934 1.08713296798424E+001 1.20883649663408E+001
12.4945468 1.06652952325849E+001 1.18500789135309E+001
12.5943047 1.04645063664961E+001 1.16181092971850E+001
12.6940662 1.02687978596855E+001 1.13922485472932E+001
12.7938302 1.00780106733229E+001 1.11722972147049E+001
12.8935986 9.89198642884724E+000 1.09580575537805E+001
12.9933693 9.71057976304330E+000 1.07493477037015E+001
13.0931443 9.53364387416245E+000 1.05459849878910E+001
13.1929224 9.36104250068396E+000 1.03477996503519E+001
13.2927027 9.19264431495268E+000 1.01546283499943E+001
13.3924871 9.02831807244403E+000 9.96630856007385E+000
13.4922734 8.86794354861551E+000 9.78269106748459E+000
13.5920637 8.71139879826481E+000 9.60362533155907E+000
13.6918568 8.55857076783571E+000 9.42897160120946E+000
13.7916517 8.40935036796527E+000 9.25859523145403E+000
13.8914504 8.26362819280895E+000 9.09236176954617E+000
13.9912508 8.12130423558018E+000 8.93014801294981E+000
14.0910548 7.98227661108583E+000 8.77182911438086E+000
14.1908615 7.84645099035251E+000 8.61728931039046E+000
14.2906697 7.71373625015961E+000 8.46641693097442E+000
14.3904813 7.58404067892794E+000 8.31910006714048E+000
14.4902944 7.45728063628695E+000 8.17523638863164E+000
14.5901109 7.33337053180440E+000 8.03472173836034E+000
14.6899298 7.21223124054160E+000 7.89745966518915E+000
14.7897500 7.09378624582116E+000 7.76335702164105E+000
14.8895734 6.97795826279368E+000 7.63232012698294E+000
14.9893980 6.86467698145443E+000 7.50426351338032E+000
15.0892259 6.75387012915115E+000 7.37909979754035E+000
15.1890558 6.64547100090836E+000 7.25674817949811E+000
15.2888878 6.53941402564798E+000 7.13712941438757E+000
15.3887200 6.43563773157607E+000 7.02016914324870E+000
15.4885562 6.33407679084270E+000 6.90578891485978E+000
15.5883943 6.23467381639164E+000 6.79391946806384E+000
15.6882343 6.13737132778140E+000 6.68449166298079E+000
15.7880763 6.04211368082698E+000 6.57743864494172E+000
15.8879183 5.94884875959770E+000 6.47269773269116E+000
15.9877640 5.85752083350475E+000 6.37020238728937E+000
16.0876115 5.76808116667333E+000 6.26989411670978E+000
16.1874608 5.68048080549358E+000 6.17171436502260E+000
16.2873119 5.59467231885354E+000 6.07560645839578E+000
16.3871628 5.51061133001788E+000 5.98151731036256E+000
16.4870172 5.42825008376528E+000 5.88939021443247E+000
16.5868734 5.34754701460077E+000 5.79917554578403E+000
16.6867312 5.26846025241238E+000 5.71082348358233E+000
16.7865905 5.19094919570191E+000 5.62428576540291E+000
16.8864496 5.11497590152301E+000 5.53951723072215E+000
16.9863121 5.04049927554595E+000 5.45646933289340E+000
17.0861762 4.96748372431456E+000 5.37509978679935E+000
17.1860417 4.89589329082074E+000 5.29536601869675E+000
17.2859087 4.82569308010120E+000 5.21722675178693E+000
17.3857753 4.75685052306916E+000 5.14064340633024E+000
17.4856452 4.68933011502678E+000 5.06557424228945E+000
17.5855166 4.62310125951981E+000 4.99198308022164E+000
17.6853893 4.55813295843918E+000 4.91983338887192E+000
17.7852633 4.49439510676791E+000 4.84908972152757E+000
17.8851368 4.43185964412316E+000 4.77971898878415E+000
17.9850136 4.37049577777173E+000 4.71168515610512E+000
18.0848916 4.31027711081430E+000 4.64495714720623E+000
18.1847709 4.25117682208889E+000 4.57950349272259E+000
18.2846515 4.19316884464997E+000 4.51529363435818E+000
18.3845314 4.13622891710112E+000 4.45229908428761E+000
18.4844144 4.08033023599108E+000 4.39048861265395E+000
18.5842986 4.02544994856402E+000 4.32983542757667E+000
18.6841841 3.97156476667270E+000 4.27031231912216E+000
18.7840706 3.91865204169106E+000 4.21189284602293E+000
18.8839565 3.86669072622155E+000 4.15455239393933E+000
18.9838453 3.81565740817181E+000 4.09826379692791E+000
19.0837353 3.76553223773137E+000 4.04300387546638E+000
19.1836263 3.71629492701910E+000 3.98874901908062E+000
19.2835185 3.66792573252078E+000 3.93547626849762E+000
19.3834098 3.62040633646418E+000 3.88316428347486E+000
19.4833041 3.57371622114962E+000 3.83178934984411E+000
19.5831994 3.52783809082784E+000 3.78133134617495E+000
19.6830957 3.48275421515958E+000 3.73176971607921E+000
19.7829930 3.43844732888882E+000 3.68308445702741E+000
19.8828894 3.39490144106203E+000 3.63525700714454E+000
19.9827887 3.35209851351108E+000 3.58826659582798E+000
20.0826889 3.31002343064417E+000 3.54209570052577E+000
20.1825901 3.26866065018817E+000 3.49672636621450E+000
20.2824922 3.22799502862001E+000 3.45214111070670E+000
20.3823934 3.18801256544060E+000 3.40832373868094E+000
20.4822973 3.14869735424530E+000 3.36525599929366E+000
20.5822022 3.11003614688370E+000 3.32292258675631E+000
20.6821079 3.07201527955005E+000 3.28130776997291E+000
20.7820145 3.03462143147141E+000 3.24039622296057E+000
20.8819201 2.99784231060808E+000 3.20017377340241E+000
20.9818284 2.96166384962823E+000 3.16062433528921E+000
21.0817375 2.92607440526281E+000 3.12173450031610E+000
21.1816475 2.89106193174007E+000 3.08349044534056E+000
21.2815583 2.85661467934379E+000 3.04587869549960E+000
21.3814680 2.82272182718315E+000 3.00888681372443E+000
21.4813803 2.78937089972003E+000 2.97250058039308E+000
21.5812935 2.75655163729691E+000 2.93670821685032E+000
21.6812074 2.72425339228522E+000 2.90149754234220E+000
21.7811221 2.69246577336017E+000 2.86685667651571E+000
21.8810357 2.66117923034796E+000 2.83277467559595E+000
21.9809519 2.63038266982472E+000 2.79923893441564E+000
22.0808688 2.60006702860575E+000 2.76623907844015E+000
22.1807864 2.57022287088405E+000 2.73376434526238E+000
22.2807048 2.54084098340193E+000 2.70180423239307E+000
22.3806219 2.51191291682924E+000 2.67034908515842E+000
22.4805416 2.48342878143368E+000 2.63938769938589E+000
22.5804621 2.45538055168946E+000 2.60891091406697E+000
22.6803832 2.42775984519396E+000 2.57890919544595E+000
22.7803050 2.40055847333633E+000 2.54937323533442E+000
22.8802255 2.37376894317556E+000 2.52029449522609E+000
22.9801486 2.34738241633271E+000 2.49166299043509E+000
23.0800723 2.32139176972206E+000 2.46347061184816E+000
23.1799967 2.29578953921132E+000 2.43570889318918E+000
23.2799217 2.27056842988115E+000 2.40836956450383E+000
23.3798454 2.24572178194685E+000 2.38144505649763E+000
23.4797716 2.22124167789350E+000 2.35492644910375E+000
23.5796984 2.19712178158325E+000 2.32880654757914E+000
23.6796259 2.17335543151757E+000 2.30307781573440E+000
23.7795539 2.14993611433896E+000 2.27773288872184E+000
23.8794806 2.12685789796660E+000 2.25276504117305E+000
23.9794098 2.10411367362676E+000 2.22816628506845E+000
24.0793395 2.08169779318705E+000 2.20393022264696E+000
24.1792698 2.05960429853043E+000 2.18005013030924E+000
24.2792007 2.03782736156203E+000 2.15651943439456E+000
24.3791302 2.01636168740049E+000 2.13333214631619E+000
24.4790621 1.99520087938236E+000 2.11048109625736E+000
24.5789946 1.97433989236969E+000 2.08796058293157E+000
24.6789277 1.95377338618899E+000 2.06576459453949E+000
24.7788612 1.93349613506481E+000 2.04388725082700E+000
24.8787934 1.91350340341874E+000 2.02232320808471E+000
24.9787279 1.89378942317739E+000 2.00106601663899E+000
25.0786630 1.87434967895125E+000 1.98011058537010E+000
25.1785986 1.85517937475730E+000 1.95945152756441E+000
25.2785347 1.83627381550080E+000 1.93908357220111E+000
25.3784693 1.81762875767761E+000 1.91900194138903E+000
25.4784064 1.79923898941483E+000 1.89920082088711E+000
25.5783439 1.78110046179176E+000 1.87967565541780E+000
25.6782819 1.76320885917737E+000 1.86042160853698E+000
25.7782204 1.74555995511640E+000 1.84143394579296E+000
25.8781574 1.72814994000393E+000 1.82270838691503E+000
25.9780968 1.71097409525670E+000 1.80423967970986E+000
26.0780366 1.69402878361130E+000 1.78602374056227E+000
26.1779769 1.67731011438774E+000 1.76805621857038E+000
26.2779176 1.66081427590149E+000 1.75033285295253E+000
26.3778568 1.64453784197817E+000 1.73284980207288E+000
26.4777984 1.62847653250903E+000 1.71560231203991E+000
26.5777404 1.61262707429226E+000 1.69858671533533E+000
26.6776829 1.59698595339923E+000 1.68179909045298E+000
26.7776257 1.58154972602655E+000 1.66523559569247E+000
26.8775671 1.56631530553953E+000 1.64889277690385E+000
26.9775108 1.55127880242334E+000 1.63276632297928E+000
27.0774549 1.53643726610788E+000 1.61685293426809E+000
27.1773994 1.52178751737952E+000 1.60114906983277E+000
27.2773442 1.50732643940277E+000 1.58565125955816E+000
27.3772876 1.49305124682205E+000 1.57035639231669E+000
27.4772333 1.47895839879180E+000 1.55526055130973E+000
27.5771793 1.46504523122656E+000 1.54036076279032E+000
27.6771257 1.45130886288060E+000 1.52565382382352E+000
27.7770725 1.43774646810445E+000 1.51113659445385E+000
27.8770178 1.42435552939267E+000 1.49680626783184E+000
27.9769653 1.41113281777369E+000 1.48265927904033E+000
28.0769132 1.39807592403768E+000 1.46869294363742E+000
28.1768615 1.38518223271043E+000 1.45490435949500E+000
28.2768101 1.37244917796398E+000 1.44129068060135E+000
28.3767572 1.35987448087097E+000 1.42784937054637E+000
28.4767065 1.34745519196728E+000 1.41457717907151E+000
28.5766562 1.33518912921771E+000 1.40147167904794E+000
28.6766062 1.32307391464855E+000 1.38853023657701E+000
28.7765565 1.31110721470092E+000 1.37575026785731E+000
28.8765053 1.29928696333869E+000 1.36312947729796E+000
28.9764563 1.28761046207205E+000 1.35066489656806E+000
29.0764077 1.27607573171311E+000 1.33835432782516E+000
29.1763593 1.26468060691169E+000 1.32619537680447E+000
29.2763113 1.25342296212329E+000 1.31418569404805E+000
29.3762617 1.24230092161564E+000 1.30232319880086E+000
29.4762144 1.23131201266622E+000 1.29060517581499E+000
29.5761673 1.22045443752632E+000 1.27902963192929E+000
29.6761206 1.20972622153397E+000 1.26759438735867E+000
29.7760741 1.19912542576374E+000 1.25629730246527E+000
29.8760261 1.18865034488565E+000 1.24513648848916E+000
29.9759803 1.17829870963009E+000 1.23410945779145E+000
30.0759347 1.16806888481112E+000 1.22321440024666E+000
30.1758895 1.15795906707493E+000 1.21244932837662E+000
30.2758445 1.14796748520490E+000 1.20181229073804E+000
30.3757980 1.13809258670415E+000 1.19130157044757E+000
30.4757536 1.12833228596306E+000 1.18091488493153E+000
30.5757095 1.11868509368254E+000 1.17065058802008E+000
30.6756657 1.10914936066150E+000 1.16050686495811E+000
30.7756221 1.09972346664617E+000 1.15048193338880E+000
30.8755770 1.09040599643361E+000 1.14057423054994E+000
30.9755340 1.08119503048391E+000 1.13078165894248E+000
31.0754913 1.07208921062554E+000 1.12110271950128E+000
31.1754469 1.06308719731910E+000 1.11153593428067E+000
31.2754067 1.05418699424621E+000 1.10207912884218E+000
31.3753629 1.04538782189971E+000 1.09273142309708E+000
31.4753231 1.03668757542127E+000 1.08349053020284E+000
31.5752798 1.02808550968842E+000 1.07435560900852E+000
31.6752368 1.01957990617343E+000 1.06532478572644E+000
31.7751978 1.01116908466440E+000 1.05639622877021E+000
31.8751552 1.00285234875531E+000 1.04756915211972E+000
31.9751168 9.94627748433804E-001 1.03884144030246E+000
32.0750747 9.86494617971848E-001 1.03021234199302E+000
32.1750329 9.78451370497397E-001 1.02168012949138E+000
32.2749952 9.70496454205921E-001 1.01324311365526E+000
32.3749539 9.62629246857766E-001 1.00490059231073E+000
32.4749166 9.54847939547175E-001 9.96650605879976E-001
32.5748758 9.47151937434874E-001 9.88492483138412E-001
32.6748352 9.39539773333808E-001 9.80424628965312E-001
32.7747986 9.32010012198997E-001 9.72445483522762E-001
32.8747585 9.24562098053347E-001 9.64554419455727E-001
32.9747223 9.17194350769897E-001 9.56749619222969E-001
33.0746827 9.09906238869561E-001 9.49030483107829E-001
33.1746432 9.02696404127807E-001 9.41395536492420E-001
33.2746078 8.95563517823093E-001 9.33843337092892E-001
33.3745687 8.88507083239053E-001 9.26373324389354E-001
33.4745337 8.81525537947652E-001 9.18983810445599E-001
33.5744951 8.74618407156838E-001 9.11674259448837E-001
33.6744568 8.67784431984392E-001 9.04443306469271E-001
33.7744224 8.61022380666438E-001 8.97289616251579E-001
33.8743844 8.54331809535942E-001 8.90212688039873E-001
33.9743505 8.47711263889269E-001 8.83210952332347E-001
34.0743130 8.41160319698350E-001 8.76283930481408E-001
34.1742756 8.34677808778210E-001 8.69430357544480E-001
34.2742423 8.28262587904065E-001 8.62648995850804E-001
34.3742054 8.21914260940613E-001 8.55939398136886E-001
34.4741725 8.15631471914912E-001 8.49300103281205E-001
34.5741359 8.09413842298681E-001 8.42730683821394E-001
34.6740996 8.03260286823314E-001 8.36229966086354E-001
34.7740673 7.97169743224216E-001 8.29796801502787E-001
34.8740313 7.91141857990195E-001 8.23430790729609E-001
34.9739994 7.85175365757138E-001 8.17130571961950E-001
35.0739638 7.79269928811956E-001 8.10895763608890E-001
35.1739284 7.73424537788737E-001 8.04725275427915E-001
35.2738971 7.67638204549817E-001 7.98618040304111E-001
35.3738621 7.61910613837586E-001 7.92573701865516E-001
35.4738310 7.56240583551199E-001 7.86590989440483E-001
35.5737964 7.50627812618820E-001 7.80669562581694E-001
35.6737620 7.45071361245792E-001 7.74808407406994E-001
35.7737315 7.39570309251361E-001 7.69006531373670E-001
35.8736974 7.34124375734609E-001 7.63263616668465E-001
35.9736673 7.28732455204778E-001 7.57578476353102E-001
36.0736335 7.23394279507937E-001 7.51950806912125E-001
36.1735999 7.18108972696899E-001 7.46379664444242E-001
36.2735704 7.12875676968706E-001 7.40864124762263E-001
36.3735371 7.07694142300527E-001 7.35403904679866E-001
36.4735079 7.02563333777033E-001 7.29997894290972E-001
36.5734750 6.97483012837005E-001 7.24645823255558E-001
36.6734423 6.92452362199044E-001 7.19346811886986E-001
36.7734135 6.87470581386161E-001 7.14099998733289E-001
36.8733811 6.82537448144924E-001 7.08905131725897E-001
36.9733527 6.77651992654201E-001 7.03761171913801E-001
37.0733206 6.72814002972602E-001 6.98667878778201E-001
37.1732887 6.68022715787195E-001 6.93624431627923E-001
37.2732608 6.63277383366385E-001 6.88630026657964E-001
37.3732292 6.58577808445035E-001 6.83684439781985E-001
37.4732015 6.53923081310920E-001 6.78786697485146E-001
37.5731702 6.49313013981758E-001 6.73936586071511E-001
37.6731391 6.44746892849195E-001 6.69133339114822E-001
37.7731119 6.40224018768241E-001 6.64376205844183E-001
37.8730811 6.35744216971453E-001 6.59664987350800E-001
37.9730543 6.31306633315298E-001 6.54998770537244E-001
38.0730237 6.26911101392849E-001 6.50377365847319E-001
38.1729934 6.22556953424851E-001 6.45800056826310E-001
38.2729669 6.18243535072217E-001 6.41266141549989E-001
38.3729369 6.13970691832521E-001 6.36775443775745E-001
38.4729107 6.09737620990742E-001 6.32327106253569E-001
38.5728809 6.05544175577582E-001 6.27920961163506E-001
38.6728513 6.01389730115995E-001 6.23556338120711E-001
38.7728256 5.97273671631478E-001 6.19232580241455E-001
38.8727962 5.93195863883242E-001 6.14949531698325E-001
38.9727708 5.89155551804647E-001 6.10706386922011E-001
39.0727417 5.85152605945131E-001 6.06502997673665E-001
39.1727127 5.81186439916238E-001 6.02338736088097E-001
39.2726877 5.77256478971800E-001 5.98212986858081E-001
39.3726590 5.73362603333383E-001 5.94125612551864E-001
39.4726343 5.69504102127106E-001 5.90075855477008E-001
39.5726059 5.65680861697125E-001 5.86063585041499E-001
39.6725776 5.61892331811867E-001 5.82088212665391E-001
39.7725533 5.58137973091856E-001 5.78149161461492E-001
39.8725252 5.54417680603602E-001 5.74246310580131E-001
39.9725012 5.50730784503248E-001 5.70378946728950E-001
40.0724734 5.47077185379377E-001 5.66546955225131E-001
40.1724458 5.43456366479645E-001 5.62749783823708E-001
40.2724221 5.39867821177119E-001 5.58986891177818E-001
40.3723947 5.36311457928104E-001 5.55258171389817E-001
40.4723712 5.32786645020709E-001 5.51562952385712E-001
40.5723441 5.29293295892726E-001 5.47901133829550E-001
40.6723171 5.25830924822601E-001 5.44272197117082E-001
40.7722940 5.22399055545169E-001 5.40675633811479E-001
40.8722673 5.18997608596288E-001 5.37111351500754E-001
40.9722444 5.15625987737495E-001 5.33578716414219E-001
41.0722179 5.12284117999116E-001 5.30077641156871E-001
41.1721915 5.08971542449040E-001 5.26607638301879E-001
41.2721690 5.05687812994934E-001 5.23168229917200E-001
41.3721428 5.02432861071537E-001 5.19759335756314E-001
41.4721206 4.99206123472276E-001 5.16380357678024E-001
41.5720946 4.96007535687268E-001 5.13031219962107E-001
41.6720688 4.92836667519828E-001 5.09711464104474E-001
41.7720469 4.89693097044122E-001 5.06420640475957E-001
41.8720213 4.86576765529068E-001 5.03158679805981E-001
41.9719996 4.83487140555300E-001 4.99925017127569E-001
42.0719743 4.80424167050947E-001 4.96719587254093E-001
42.1719490 4.77387439670379E-001 4.93541958538217E-001
42.2719276 4.74376560813360E-001 4.90391707635663E-001
42.3719026 4.71391480622166E-001 4.87268775179226E-001
42.4718815 4.68431695398755E-001 4.84172627119095E-001
42.5718566 4.65497158586938E-001 4.81103207772946E-001
42.6718319 4.62587487961610E-001 4.78060110455065E-001
42.7718111 4.59702308557234E-001 4.75042936254673E-001
42.8717866 4.56841578521809E-001 4.72051634740108E-001
42.9717660 4.54004820975306E-001 4.69085700701687E-001
43.0717417 4.51191997044113E-001 4.66145087032362E-001
43.1717175 4.48402746032765E-001 4.63229410267820E-001
43.2716972 4.45636714055740E-001 4.60338294230445E-001
43.3716732 4.42893866482751E-001 4.57471696550225E-001
43.4716531 4.40173751496482E-001 4.54629138944225E-001
43.5716293 4.37476337152916E-001 4.51810582041599E-001
43.6716056 4.34801282822253E-001 4.49015663999805E-001
43.7715858 4.32148254268112E-001 4.46244029811196E-001
43.8715623 4.29517223373058E-001 4.43495644377822E-001
43.9715428 4.26907761762079E-001 4.40770054579091E-001
44.0715195 4.24319843739781E-001 4.38067228022034E-001
44.1714963 4.21753147393527E-001 4.35386823014027E-001
44.2714770 4.19207356817863E-001 4.32728504278828E-001
44.3714539 4.16682449766921E-001 4.30092243276699E-001
44.4714348 4.14178019810661E-001 4.27477610420739E-001
44.5714120 4.11694046886119E-001 4.24884579610117E-001
44.6713893 4.09230226554484E-001 4.22312827946491E-001
44.7713704 4.06786260025663E-001 4.19762038559871E-001
44.8713479 4.04362130344881E-001 4.17232188822976E-001
44.9713293 4.01957451642151E-001 4.14722871177798E-001
45.0713069 3.99572208929074E-001 4.12234065195178E-001
45.1712846 3.97206114093227E-001 4.09765465521277E-001
45.2712662 3.94858884337896E-001 4.07316772470493E-001
45.3712441 3.92530507473719E-001 4.04887968743537E-001
45.4712259 3.90220616908629E-001 4.02478667419599E-001
45.5712040 3.87929202223481E-001 4.00088853179498E-001
45.6711822 3.85655990572326E-001 3.97718237060615E-001
45.7711643 3.83400714115290E-001 3.95366535434064E-001
45.8711426 3.81163364952137E-001 3.93033735799282E-001
45.9711248 3.78943594580663E-001 3.90719470584364E-001
46.0711034 3.76741396693063E-001 3.88423729071371E-001
46.1710820 3.74556512729916E-001 3.86146237623687E-001
46.2710644 3.72388688849726E-001 3.83886727627436E-001
46.3710432 3.70237921009658E-001 3.81645190901278E-001
46.4710259 3.68103877695512E-001 3.79421278028560E-001
46.5710048 3.65986556295682E-001 3.77214982431587E-001
46.6709838 3.63885711630465E-001 3.75026044814993E-001
46.7709667 3.61801102969703E-001 3.72854210616754E-001
46.8709459 3.59732729736469E-001 3.70699475540142E-001
46.9709290 3.57680276381759E-001 3.68561507216796E-001
47.0709083 3.55643743613665E-001 3.66440302791360E-001
47.1708877 3.53622898792346E-001 3.64335616398536E-001
47.2708710 3.51617513477325E-001 3.62247206636844E-001
47.3708506 3.49627590202455E-001 3.60175072700077E-001
47.4708341 3.47652828433688E-001 3.58118898240718E-001
47.5708138 3.45693231857231E-001 3.56078683746755E-001
47.6707936 3.43748579594601E-001 3.54054195939123E-001
47.7707773 3.41818654733276E-001 3.52045205751345E-001
47.8707573 3.39903462595632E-001 3.50051715510277E-001
47.9707411 3.38002716779027E-001 3.48073423934760E-001
48.0707212 3.36116423637778E-001 3.46110334512308E-001
48.1707014 3.34244373332532E-001 3.44162225767956E-001
48.2706855 3.32386359771969E-001 3.42228880204975E-001
48.3706658 3.30542390774480E-001 3.40310302958914E-001
48.4706500 3.28712193246603E-001 3.38406206927553E-001
48.5706305 3.26895775929356E-001 3.36516598285912E-001
48.6706110 3.25092939351943E-001 3.34641266637593E-001
48.7705955 3.23303487587972E-001 3.32780005345630E-001
48.8705762 3.21527430686268E-001 3.30932822059867E-001
48.9705608 3.19764508096796E-001 3.29099443031258E-001
49.0705416 3.18014730691743E-001 3.27279876839097E-001
49.1705225 3.16277908745772E-001 3.25473923491962E-001
49.2705073 3.14553855887528E-001 3.23681386553434E-001
49.3704883 3.12842584155102E-001 3.21902275920365E-001
49.4704733 3.11143844828142E-001 3.20136330427880E-001
49.5704545 3.09457650677943E-001 3.18383560802381E-001
49.6704357 3.07783821145183E-001 3.16643776831568E-001
49.7704208 3.06122178846326E-001 3.14916791666986E-001
49.8704022 3.04472737589670E-001 3.13202617209778E-001
49.9703875 3.02835259818790E-001 3.11501004162534E-001
50.0703690 3.01209759993298E-001 3.09811965165219E-001
50.1703506 2.99596066180631E-001 3.08135319202692E-001
50.2703361 2.97994009457125E-001 3.06470888444777E-001
50.3703178 2.96403605202307E-001 3.04818686576462E-001
50.4703034 2.94824626402195E-001 3.03178475499322E-001
50.5702853 2.93257089013231E-001 3.01550269554752E-001
50.6702672 2.91700829227378E-001 2.99933896383208E-001
50.7702530 2.90155686089093E-001 2.98329186642594E-001
50.8702350 2.88621676368355E-001 2.96736155601501E-001
50.9702209 2.87098583013059E-001 2.95154575736509E-001
51.0702031 2.85586423302510E-001 2.93584462897746E-001
51.1701853 2.84085041085098E-001 2.92025652876916E-001
51.2701714 2.82594282915020E-001 2.90477984326186E-001
51.3701538 2.81114166788477E-001 2.88941473915837E-001
51.4701400 2.79644485072490E-001 2.87415904114586E-001
51.5701225 2.78185256211177E-001 2.85901292106237E-001
51.6701050 2.76736331272753E-001 2.84397481363699E-001
51.7700914 2.75297563893582E-001 2.82904318073134E-001
51.8700741 2.73868973146876E-001 2.81421820141243E-001
51.9700606 2.72450360311031E-001 2.79949779484023E-001
52.0700434 2.71041744851388E-001 2.78488214459910E-001
52.1700263 2.69642984648481E-001 2.77036975784640E-001
52.2700130 2.68253940021711E-001 2.75595916749048E-001
52.3699959 2.66874630985752E-001 2.74165056346120E-001
52.4699827 2.65504867255029E-001 2.72744195429434E-001
52.5699658 2.64144669185670E-001 2.71333353387570E-001
52.6699489 2.62793901089905E-001 2.69932387769947E-001
52.7699359 2.61452429597340E-001 2.68541158571351E-001
52.8699192 2.60120275540988E-001 2.67159685734653E-001
52.9699063 2.58797256625986E-001 2.65787778573874E-001
53.0698897 2.57483393980775E-001 2.64425457376490E-001
53.1698731 2.56178557993530E-001 2.63072586143479E-001
53.2698603 2.54882621255557E-001 2.61729031199272E-001
53.3698439 2.53595605306382E-001 2.60394813312731E-001
53.4698313 2.52317335424401E-001 2.59069749811361E-001
53.5698149 2.51047833402772E-001 2.57753861762316E-001
53.6697986 2.49786975372887E-001 2.56447019260996E-001
53.7697861 2.48534639561769E-001 2.55149094611620E-001
53.8697699 2.47290848113921E-001 2.53860109296525E-001
53.9697576 2.46055433489393E-001 2.52579888237713E-001
54.0697415 2.44828418048378E-001 2.51308453173756E-001
54.1697254 2.43609683354085E-001 2.50045679960474E-001
54.2697133 2.42399112964131E-001 2.48791446554643E-001
54.3696973 2.41196729535830E-001 2.47545775049902E-001
54.4696852 2.40002372343301E-001 2.46308497569747E-001
54.5696694 2.38816064225110E-001 2.45079636425872E-001
54.6696536 2.37637691884648E-001 2.43859072921937E-001
54.7696417 2.36467143924361E-001 2.42646690361010E-001
54.8696260 2.35304443430732E-001 2.41442511355292E-001
54.9696142 2.34149436146687E-001 2.40246374860879E-001
55.0695986 2.33002145308727E-001 2.39058303673379E-001
55.1695831 2.31862462487138E-001 2.37878184251576E-001
55.2695714 2.30730281061365E-001 2.36705904957996E-001
55.3695560 2.29605624471207E-001 2.35541488839241E-001
55.4695444 2.28488344603891E-001 2.34384781337545E-001
55.5695291 2.27378465020913E-001 2.33235805651486E-001
55.6695138 2.26275881903191E-001 2.32094453120683E-001
55.7695023 2.25180493156010E-001 2.30960616898315E-001
55.8694872 2.24092322503709E-001 2.29834320389052E-001
55.9694758 2.23011227672654E-001 2.28715415195651E-001
56.0694607 2.21937232483213E-001 2.27603924846259E-001
56.1694457 2.20870237486498E-001 2.26499745304143E-001
56.2694345 2.19810144877957E-001 2.25402774261070E-001
56.3694196 2.18756978604164E-001 2.24313035410576E-001
56.4694085 2.17710601943453E-001 2.23230386209739E-001
56.5693936 2.16671038915181E-001 2.22154850449741E-001
56.6693788 2.15638194214919E-001 2.21086328476204E-001
56.7693678 2.14611974106998E-001 2.20024722282966E-001
56.8693531 2.13592402703811E-001 2.18970055789730E-001
56.9693423 2.12579348565277E-001 2.17922192019770E-001
57.0693276 2.11572835855542E-001 2.16881154967042E-001
57.1693130 2.10572773202576E-001 2.15846849132992E-001
57.2693023 2.09579070731711E-001 2.14819180591480E-001
57.3692878 2.08591752670121E-001 2.13798173431597E-001
57.4692772 2.07610692604581E-001 2.12783695971547E-001
57.5692628 2.06635914795003E-001 2.11775772353510E-001
57.6692484 2.05667331602442E-001 2.10774311021968E-001
57.7692379 2.04704856817810E-001 2.09779221922198E-001
57.8692236 2.03748514736937E-001 2.08790529261322E-001
57.9692132 2.02798183733328E-001 2.07808106396912E-001
58.0691990 2.01853888118377E-001 2.06831977570042E-001
58.1691849 2.00915543798769E-001 2.05862054968232E-001
58.2691746 1.99983068047191E-001 2.04898252212093E-001
58.3691605 1.99056485186480E-001 2.03940593580352E-001
58.4691503 1.98135678150397E-001 2.02988957229063E-001
58.5691363 1.97220671261847E-001 2.02043367453619E-001
58.6691224 1.96311383796746E-001 2.01103739996494E-001
58.7691123 1.95407736336587E-001 2.00169991969213E-001
58.8690985 1.94509753193646E-001 1.99242147680184E-001
58.9690885 1.93617321648220E-001 1.98320089856762E-001
59.0690747 1.92730465998694E-001 1.97403842808421E-001
59.1690610 1.91849108724134E-001 1.96493325655610E-001
59.2690511 1.90973173551962E-001 1.95588458827222E-001
59.3690374 1.90102684750065E-001 1.94689266623537E-001
59.4690277 1.89237533743478E-001 1.93795636128821E-001
59.5690141 1.88377744773634E-001 1.92907591630368E-001
59.6690006 1.87523243366289E-001 1.92025055459971E-001
59.7689909 1.86673956241351E-001 1.91147951200486E-001
59.8689774 1.85829907591896E-001 1.90276303110012E-001
59.9689678 1.84990992797050E-001 1.89410002427307E-001
60.0689545 1.84157236012152E-001 1.88549073384839E-001
60.1689411 1.83328565662182E-001 1.87693441368780E-001
60.2689316 1.82504911314886E-001 1.86843032962011E-001
60.3689184 1.81686297061217E-001 1.85997872349819E-001
60.4689090 1.80872622054201E-001 1.85157854734240E-001
60.5688958 1.80063910336940E-001 1.84323004263570E-001
60.6688827 1.79260093094558E-001 1.83493249230425E-001
60.7688734 1.78461102606231E-001 1.82668519072605E-001
60.8688603 1.77666962836318E-001 1.81848837875087E-001
60.9688511 1.76877576541333E-001 1.81034104622452E-001
61.0688381 1.76092967628735E-001 1.80224343352503E-001
61.1688251 1.75313069912580E-001 1.79419485124787E-001
61.2688160 1.74537818254741E-001 1.78619462095181E-001
61.3688031 1.73767236471113E-001 1.77824298223712E-001
61.4687941 1.73001230760459E-001 1.77033896106596E-001
61.5687813 1.72239824873697E-001 1.76248279647572E-001
61.6687685 1.71482955129933E-001 1.75467382541492E-001
61.7687596 1.70730558852218E-001 1.74691139533189E-001
61.8687469 1.69982659688471E-001 1.73919574435708E-001
61.9687381 1.69239167127072E-001 1.73152593295194E-001
62.0687254 1.68500104743779E-001 1.72390219860272E-001
62.1687128 1.67765411245754E-001 1.71632390336845E-001
62.2687041 1.67035026302428E-001 1.70879041936801E-001
62.3686916 1.66308973376405E-001 1.70130198306555E-001
62.4686829 1.65587165101120E-001 1.69385768789113E-001
62.5686704 1.64869624860642E-001 1.68645776959228E-001
62.6686580 1.64156293639622E-001 1.67910161416502E-001
62.7686494 1.63447113345396E-001 1.67178861724742E-001
62.8686371 1.62742107239884E-001 1.66451901346259E-001
62.9686286 1.62041190964593E-001 1.65729192775950E-001
63.0686163 1.61344387697276E-001 1.65010759398042E-001
63.1686040 1.60651640595549E-001 1.64296542094944E-001
63.2685918 1.59962919898666E-001 1.63586509680147E-001
63.3685872 1.59278144019877E-001 1.62880577547976E-001
63.4685751 1.58597388202657E-001 1.62178822773622E-001
63.5685630 1.57920571074969E-001 1.61481160983419E-001
63.6685509 1.57247663913188E-001 1.60787562086431E-001
63.7685388 1.56578638246309E-001 1.60097996258524E-001
63.8685344 1.55913415250235E-001 1.59412381786529E-001
63.9685224 1.55252068448439E-001 1.58730793979865E-001
64.0685105 1.54594519216285E-001 1.58053151340944E-001
64.1684986 1.53940740067566E-001 1.57379425085487E-001
64.2684867 1.53290703755993E-001 1.56709586682499E-001
64.3684824 1.52644334102736E-001 1.56043557187260E-001
64.4684706 1.52001702954493E-001 1.55381410187601E-001
64.5684588 1.51362734317677E-001 1.54723066939072E-001
64.6684470 1.50727401881478E-001 1.54068499898042E-001
64.7684353 1.50095679563036E-001 1.53417681761426E-001
64.8684312 1.49467493717354E-001 1.52770536235246E-001
64.9684195 1.48842914556647E-001 1.52127135229003E-001
65.0684079 1.48221868607903E-001 1.51487402634715E-001
65.1683963 1.47604330677234E-001 1.50851312087188E-001
65.2683847 1.46990275787405E-001 1.50218837449762E-001
65.3683808 1.46379632721438E-001 1.49589904967479E-001
65.4683692 1.45772470098397E-001 1.48964584913818E-001
65.5683578 1.45168716860922E-001 1.48342803706505E-001
65.6683463 1.44568348876876E-001 1.47724536100120E-001
65.7683349 1.43971342220124E-001 1.47109757066452E-001
65.8683311 1.43377628001165E-001 1.46498395283461E-001
65.9683197 1.42787273286304E-001 1.45890519429973E-001
66.0683084 1.42200209334124E-001 1.45286058344219E-001
66.1682971 1.41616413022175E-001 1.44684987845217E-001
66.2682858 1.41035861423952E-001 1.44087283958505E-001
66.3682821 1.40458487881873E-001 1.43492877694167E-001
66.4682709 1.39884357948927E-001 1.42901836176787E-001
66.5682597 1.39313405104850E-001 1.42314090565141E-001
66.6682485 1.38745607187722E-001 1.41729617690458E-001
66.7682374 1.38180942222069E-001 1.41148394580403E-001
66.8682339 1.37619345691364E-001 1.40570354481380E-001
66.9682228 1.37060881673774E-001 1.39995563003201E-001
67.0682118 1.36505485780041E-001 1.39423953530154E-001
67.1682007 1.35953136762344E-001 1.38855503856379E-001
67.2681897 1.35403813550331E-001 1.38290191962919E-001
67.3681864 1.34857453682087E-001 1.37727953241402E-001
67.4681754 1.34314119798523E-001 1.37168851825397E-001
67.5681645 1.33773749555615E-001 1.36612823234331E-001
67.6681536 1.33236322575762E-001 1.36059846178678E-001
67.7681428 1.32701818650350E-001 1.35509899546817E-001
67.8681396 1.32170177289812E-001 1.34962920788945E-001
67.9681288 1.31641459734438E-001 1.34418972599977E-001
68.0681180 1.31115605603799E-001 1.33877992548496E-001
68.1681072 1.30592595349033E-001 1.33339960217304E-001
68.2680965 1.30072409582249E-001 1.32804855358603E-001
68.3680934 1.29554989707905E-001 1.32272617398691E-001
68.4680827 1.29040395601393E-001 1.31743307630496E-001
68.5680721 1.28528568768134E-001 1.31216865589915E-001
68.6680615 1.28019490448782E-001 1.30693271690479E-001
68.7680509 1.27513142037371E-001 1.30172506507074E-001
68.8680479 1.27009466757790E-001 1.29654511363588E-001
68.9680374 1.26508523155348E-001 1.29139346186715E-001
69.0680269 1.26010254547263E-001 1.28626952401733E-001
69.1680164 1.25514642926589E-001 1.28117311213563E-001
69.2680059 1.25021670432582E-001 1.27610403980871E-001
69.3680031 1.24531282037479E-001 1.27106173850354E-001
69.4679927 1.24043534990439E-001 1.26604679417322E-001
69.5679823 1.23558374349899E-001 1.26105863922200E-001
69.6679719 1.23075782826187E-001 1.25609709324080E-001
69.7679615 1.22595743269039E-001 1.25116197728595E-001
69.8679589 1.22118202331289E-001 1.24625274034008E-001
69.9679486 1.21643215998996E-001 1.24136995538199E-001
70.0679383 1.21170731004535E-001 1.23651307226001E-001
70.1679281 1.20700730742252E-001 1.23168191775449E-001
70.2679178 1.20233198739460E-001 1.22687632004305E-001
70.3679153 1.19768083264986E-001 1.22209574494482E-001
70.4679051 1.19305439073984E-001 1.21734075279516E-001
70.5678949 1.18845214508597E-001 1.21261081021207E-001
70.6678848 1.18387393615686E-001 1.20790575083182E-001
70.7678747 1.17931960568981E-001 1.20322540962341E-001
70.8678723 1.17478865191670E-001 1.19856926859490E-001
70.9678622 1.17028161039351E-001 1.19393787576047E-001
71.0678522 1.16579798002715E-001 1.18933071386459E-001
71.1678422 1.16133760751290E-001 1.18474762308358E-001
71.2678322 1.15690034075692E-001 1.18018844486530E-001
71.3678299 1.15248569294654E-001 1.17565267678906E-001
71.4678200 1.14809418794745E-001 1.17114085486161E-001
71.5678100 1.14372533956772E-001 1.16665247734032E-001
71.6678002 1.13937900044635E-001 1.16218739064221E-001
71.7677903 1.13505502437841E-001 1.15774544239793E-001
71.8677881 1.13075293894529E-001 1.15332614516853E-001
71.9677783 1.12647325661947E-001 1.14893002325888E-001
72.0677685 1.12221550555231E-001 1.14455658985359E-001
72.1677587 1.11797954405824E-001 1.14020569732673E-001
72.2677489 1.11376523155579E-001 1.13587719921098E-001
72.3677468 1.10957210948421E-001 1.13157062248646E-001
72.4677371 1.10540067921199E-001 1.12728648005358E-001
72.5677275 1.10125048270094E-001 1.12302429946505E-001
72.6677178 1.09712138368643E-001 1.11878393878295E-001
72.7677082 1.09301324695859E-001 1.11456525717586E-001
72.8677062 1.08892562730236E-001 1.11036779550557E-001
72.9676966 1.08485901526364E-001 1.10619205555752E-001
73.0676870 1.08081296610564E-001 1.10203757871853E-001
73.1676774 1.07678734874313E-001 1.09790422848350E-001
73.2676679 1.07278203309890E-001 1.09379186940438E-001
73.3676660 1.06879658681403E-001 1.08970005571133E-001
73.4676565 1.06483148988575E-001 1.08562927835653E-001
73.5676471 1.06088631039204E-001 1.08157909205071E-001
73.6676376 1.05696092219788E-001 1.07754936547944E-001
73.7676282 1.05305520013179E-001 1.07353996833844E-001
73.8676264 1.04916872422309E-001 1.06955046773568E-001
73.9676171 1.04530196418679E-001 1.06558134406421E-001
74.0676077 1.04145450045041E-001 1.06163216487103E-001
74.1675984 1.03762621161145E-001 1.05770280380255E-001
74.2675890 1.03381697718874E-001 1.05379313547081E-001
74.3675874 1.03002638915231E-001 1.04990273939260E-001
74.4675781 1.02625490719422E-001 1.04603208566862E-001
74.5675688 1.02250212364656E-001 1.04218075421589E-001
74.6675596 1.01876792163257E-001 1.03834862342342E-001
74.7675504 1.01505218515672E-001 1.03453557260356E-001
74.8675488 1.01135451770167E-001 1.03074119323347E-001
74.9675396 1.00767536918872E-001 1.02696594538103E-001
75.0675305 1.00401434342881E-001 1.02320942088734E-001
75.1675213 1.00037132787444E-001 1.01947150267675E-001
75.2675122 9.96746210821266E-002 1.01575207455669E-001
75.3675108 9.93138606854856E-002 1.01205073953572E-001
75.4675017 9.89548956371123E-002 1.00836794790134E-001
75.5674926 9.85976874252397E-002 1.00470330299215E-001
75.6674836 9.82422252093699E-002 1.00105669207082E-001
75.7674746 9.78884982296940E-002 9.97428003244915E-002
75.8674732 9.75364690158491E-002 9.93816850643852E-002
75.9674642 9.71861806787497E-002 9.90223675020351E-002
76.0674553 9.68375957747605E-002 9.86648090802209E-002
76.1674463 9.64907038598765E-002 9.83089989403211E-002
76.2674374 9.61454945673363E-002 9.79549263045700E-002
76.3674361 9.58019314603034E-002 9.76025536586975E-002
76.4674273 9.54600567442278E-002 9.72519241483880E-002
76.5674184 9.51198340062489E-002 9.69030002862528E-002
76.6674096 9.47812531819642E-002 9.65557716109786E-002
76.7674007 9.44443042809366E-002 9.62102277386535E-002
76.8673996 9.41089518638860E-002 9.58663321901677E-002
76.9673908 9.37752372533757E-002 9.55241272048544E-002
77.0673820 9.34431250315304E-002 9.51835763277228E-002
77.1673732 9.31126054974804E-002 9.48446694778358E-002
77.2673645 9.27836690212014E-002 9.45073966483719E-002
77.3673634 9.24562811265032E-002 9.41717223593379E-002
77.4673547 9.21304822750214E-002 9.38376879663175E-002
77.5673461 9.18062380095708E-002 9.35052580108570E-002
77.6673374 9.14835389775190E-002 9.31744227762861E-002
77.7673288 9.11623758941096E-002 9.28451726169226E-002
77.8673278 9.08427152132078E-002 9.25174730173556E-002
77.9673192 9.05245965568784E-002 9.21913644714013E-002
78.0673106 9.02079863957512E-002 9.18668124827792E-002
78.1673020 8.98928757108696E-002 9.15438076837538E-002
78.2672935 8.95792555483253E-002 9.12223407746006E-002
78.3672925 8.92670932603663E-002 9.09023781713904E-002
78.4672840 8.89564276502585E-002 9.05839595275524E-002
78.5672755 8.86472260849230E-002 9.02670512760390E-002
78.6672671 8.83394798652115E-002 8.99516443834527E-002
78.7672586 8.80331803543308E-002 8.96377298815727E-002
78.8672578 8.77282957725355E-002 8.93252750862170E-002
78.9672493 8.74248641244950E-002 8.90143188312213E-002
79.0672409 8.71228536431856E-002 8.87048284471861E-002
79.1672325 8.68222559360569E-002 8.83967952211515E-002
79.2672242 8.65230626703467E-002 8.80902105026345E-002
79.3672234 8.62252429051762E-002 8.77850424767650E-002
79.4672151 8.59288338662657E-002 8.74813291780096E-002
79.5672068 8.56338046236376E-002 8.71790388043224E-002
79.6671985 8.53401470787501E-002 8.68781629499391E-002
79.7671902 8.50478531904045E-002 8.65786932689999E-002
79.8671895 8.47568928286237E-002 8.62805987867503E-002
79.9671813 8.44673024592894E-002 8.59839167579570E-002
80.0671730 8.41790519616275E-002 8.56886162188620E-002
80.1671648 8.38921335191063E-002 8.53946890582788E-002
80.2671566 8.36065393702047E-002 8.51021272224735E-002
80.3671560 8.33222401690050E-002 8.48109005487899E-002
80.4671478 8.30392716401355E-002 8.45210455314247E-002
80.5671397 8.27576044452987E-002 8.42325320170138E-002
80.6671315 8.24772310385312E-002 8.39453521769210E-002
80.7671234 8.21981439266567E-002 8.36594982376259E-002
80.8671229 8.19203145220427E-002 8.33749408216764E-002
80.9671148 8.16437778261417E-002 8.30917156813058E-002
81.0671067 8.13685052574664E-002 8.28097934467660E-002
81.1670987 8.10944895297098E-002 8.25291665605034E-002
81.2670906 8.08217234072308E-002 8.22498275178517E-002
81.3670902 8.05501790359279E-002 8.19717477007416E-002
81.4670822 8.02798907116601E-002 8.16949621375393E-002
81.5670742 8.00108305850969E-002 8.14194422163986E-002
81.6670662 7.97429916191773E-002 8.11451806399120E-002
81.7670583 7.94763668254825E-002 8.08721701614332E-002
81.8670579 7.92109290596602E-002 8.06003828974754E-002
81.9670500 7.89467119290777E-002 8.03298531701392E-002
82.0670421 7.86836882928738E-002 8.00605531007814E-002
82.1670342 7.84218513532996E-002 7.97924756417071E-002
82.2670263 7.81611943593158E-002 7.95256137939531E-002
82.3670260 7.79016908534656E-002 7.92599403847901E-002
82.4670182 7.76433737712594E-002 7.89954890471733E-002
82.5670103 7.73862166575407E-002 7.87322326119324E-002
82.6670025 7.71302129443891E-002 7.84701642711278E-002
82.7669947 7.68753561087494E-002 7.82092772636155E-002
82.8669945 7.66216203580927E-002 7.79495451045282E-002
82.9669867 7.63690379722536E-002 7.76910007543289E-002
83.0669790 7.61175831598952E-002 7.74336177305136E-002
83.1669712 7.58672495738712E-002 7.71773894553939E-002
83.2669635 7.56180309101393E-002 7.69223093962290E-002
83.3669634 7.53699020199758E-002 7.66683517340060E-002
83.4669556 7.51228945432805E-002 7.64155487728941E-002
83.5669479 7.48769833314918E-002 7.61638746951319E-002
83.6669403 7.46321622495898E-002 7.59133231442080E-002
83.7669326 7.43884252039758E-002 7.56638878067929E-002
83.8669326 7.41457476694177E-002 7.54155435085688E-002
83.9669249 7.39041606611923E-002 7.51683219131687E-002
84.0669173 7.36636396532728E-002 7.49221978464922E-002
84.1669097 7.34241787145040E-002 7.46771651645380E-002
84.2669021 7.31857719535440E-002 7.44332177648005E-002
84.3669022 7.29483954491101E-002 7.41903310973069E-002
84.4668946 7.27120796067529E-002 7.39485362004830E-002
84.5668870 7.24768005035068E-002 7.37078085236129E-002
84.6668795 7.22425524041863E-002 7.34681421269258E-002
84.7668720 7.20093296118831E-002 7.32295311105356E-002
84.8668721 7.17771087904591E-002 7.29919515292382E-002
84.9668646 7.15459197502321E-002 7.27554338111649E-002
85.0668571 7.13157391525572E-002 7.25199540094768E-002
85.1668496 7.10865614506728E-002 7.22855063807220E-002
85.2668422 7.08583811346252E-002 7.20520852197933E-002
85.3668424 7.06311754353224E-002 7.18196671674183E-002
85.4668349 7.04049735819498E-002 7.15882820559427E-002
85.5668275 7.01797528021447E-002 7.13579065236320E-002
85.6668201 6.99555077303541E-002 7.11285350157907E-002
85.7668127 6.97322330364292E-002 7.09001620145965E-002
85.8668130 6.95099065008988E-002 7.06727647285785E-002
85.9668056 6.92885567855364E-002 7.04463724084125E-002
86.0667983 6.90681616668928E-002 7.02209622593987E-002
86.1667909 6.88487159537248E-002 6.99965289083684E-002
86.2667836 6.86302144888488E-002 6.97730670176182E-002
86.3667839 6.84126355856358E-002 6.95505543460245E-002
86.4667766 6.81960073517972E-002 6.93290195763282E-002
86.5667694 6.79803080960713E-002 6.91084404634666E-002
86.6667621 6.77655327949239E-002 6.88888118088834E-002
86.7667548 6.75516764575954E-002 6.86701284481413E-002
86.8667552 6.73387179141363E-002 6.84523686736564E-002
86.9667480 6.71266847311872E-002 6.82355606135990E-002
87.0667408 6.69155557335616E-002 6.80196825557892E-002
87.1667336 6.67053260591191E-002 6.78047294696690E-002
87.2667264 6.64959908772644E-002 6.75906963575117E-002
87.3667268 6.62875295191561E-002 6.73775620290840E-002
87.4667197 6.60799690230068E-002 6.71653540709908E-002
87.5667125 6.58732887141801E-002 6.69540512877954E-002
87.6667054 6.56674838858862E-002 6.67436488106104E-002
87.7666983 6.54625498617019E-002 6.65341418021469E-002
87.8666988 6.52584664588889E-002 6.63255095739248E-002
87.9666917 6.50552601995356E-002 6.61177791836400E-002
88.0666846 6.48529108945942E-002 6.59109299370487E-002
88.1666775 6.46514139868388E-002 6.57049571208776E-002
88.2666705 6.44507649482837E-002 6.54998560522721E-002
88.3666710 6.42509440678291E-002 6.52956065294751E-002
88.4666640 6.40519773634149E-002 6.50922350935907E-002
88.5666570 6.38538451171585E-002 6.48897215365815E-002
88.6666500 6.36565429158584E-002 6.46880612949909E-002
88.7666429 6.34600663744737E-002 6.44872498346511E-002
88.8666436 6.32643962395982E-002 6.42872674260408E-002
88.9666366 6.30695580366793E-002 6.40881401056599E-002
89.0666296 6.28755325050933E-002 6.38898481372315E-002
89.1666227 6.26823153703570E-002 6.36923871015642E-002
89.2666157 6.24899023851137E-002 6.34957526076741E-002
89.3666164 6.22982747402032E-002 6.32999253843075E-002
89.4666095 6.21074574799265E-002 6.31049309750294E-002
89.5666026 6.19174317875067E-002 6.29107501013937E-002
89.6665957 6.17281935220961E-002 6.27173784831580E-002
89.7665889 6.15397385689826E-002 6.25248118672508E-002
89.8665896 6.13520485502804E-002 6.23330314272174E-002
89.9665828 6.11651480401894E-002 6.21420622250454E-002
90.0665759 6.09790186528422E-002 6.19518854266869E-002
90.1665691 6.07936563761559E-002 6.17624968857549E-002
90.2665622 6.06090572232336E-002 6.15738924820410E-002
90.3665631 6.04252032349493E-002 6.13860538208970E-002
90.4665563 6.02421185261552E-002 6.11990054937908E-002
90.5665495 6.00597851294103E-002 6.10127290981139E-002
90.6665427 5.98781991567283E-002 6.08272206164552E-002
90.7665359 5.96973567443989E-002 6.06424760566302E-002
90.8665368 5.95172403399793E-002 6.04584774432631E-002
90.9665301 5.93378736094435E-002 6.02752489080663E-002
91.0665233 5.91592389917297E-002 6.00927724673686E-002
91.1665166 5.89813327184734E-002 5.99110442280570E-002
91.2665099 5.88041510447134E-002 5.97300603213337E-002
91.3665108 5.86276768130337E-002 5.95498031789997E-002
91.4665041 5.84519332507237E-002 5.93702964834922E-002
91.5664975 5.82769031914724E-002 5.91915226580115E-002
91.6664908 5.81025829822462E-002 5.90134779292596E-002
91.7664842 5.79289689925777E-002 5.88361585473787E-002
91.8664851 5.77560444488242E-002 5.86595473396722E-002
91.9664785 5.75838321495171E-002 5.84836675495068E-002
92.0664719 5.74123153118686E-002 5.83085019953078E-002
92.1664653 5.72414903940607E-002 5.81340470192925E-002
92.2664587 5.70713538760388E-002 5.79602989862804E-002
92.3664597 5.69018893570668E-002 5.77872411078063E-002
92.4664531 5.67331192165844E-002 5.76148961981031E-002
92.5664466 5.65650270444853E-002 5.74432474595767E-002
92.6664400 5.63976094062187E-002 5.72722913458364E-002
92.7664335 5.62308628882278E-002 5.71020243322898E-002
92.8664346 5.60647714521879E-002 5.69324300038203E-002
92.9664281 5.58993570678611E-002 5.67635307552034E-002
93.0664215 5.57346036873499E-002 5.65953101619668E-002
93.1664150 5.55705079795833E-002 5.64277647851568E-002
93.2664086 5.54070666337451E-002 5.62608912068464E-002
93.3664097 5.52442639637828E-002 5.60946733747561E-002
93.4664032 5.50821215389506E-002 5.59291332736283E-002
93.5663968 5.49206236634422E-002 5.57642548416243E-002
93.6663903 5.47597671060309E-002 5.56000347434321E-002
93.7663839 5.45995486550355E-002 5.54364696640260E-002
93.8663851 5.44399529668793E-002 5.52735439038100E-002
93.9663787 5.42810012192398E-002 5.51112790466719E-002
94.0663723 5.41226780586252E-002 5.49496593832738E-002
94.1663659 5.39649803501635E-002 5.47886816783035E-002
94.2663595 5.38079049778473E-002 5.46283427160243E-002
94.3663607 5.36514369311082E-002 5.44686271397122E-002
94.4663544 5.34955970047465E-002 5.43095561413411E-002
94.5663480 5.33403701781361E-002 5.41511143542828E-002
94.6663417 5.31857534094097E-002 5.39932986397290E-002
94.7663353 5.30317436749098E-002 5.38361058777640E-002
94.8663366 5.28783262879245E-002 5.36795210450544E-002
94.9663303 5.27255216688527E-002 5.35235649503689E-002
95.0663240 5.25733151208001E-002 5.33682225603266E-002
95.1663177 5.24217036916858E-002 5.32134908292657E-002
95.2663114 5.22706844470109E-002 5.30593667297627E-002
95.3663128 5.21202430150718E-002 5.29058355627093E-002
95.4663065 5.19703994501235E-002 5.27529177621533E-002
95.5663002 5.18211393701716E-002 5.26005986188133E-002
95.6662940 5.16724599098311E-002 5.24488751769511E-002
95.7662878 5.15243582206962E-002 5.22977444984375E-002
95.8662892 5.13768202375149E-002 5.21471921995283E-002
95.9662829 5.12298656564442E-002 5.19972383478165E-002
96.0662767 5.10834804018483E-002 5.18478685492756E-002
96.1662705 5.09376616920695E-002 5.16990799349948E-002
96.2662643 5.07924067618490E-002 5.15508696530676E-002
96.3662658 5.06477018441113E-002 5.14032236265458E-002
96.4662596 5.05035662847545E-002 5.12561615646208E-002
96.5662535 5.03599863062407E-002 5.11096693799682E-002
96.6662473 5.02169592077860E-002 5.09637442875301E-002
96.7662412 5.00744823044484E-002 5.08183835186718E-002
96.8662427 4.99325421193225E-002 5.06735732949533E-002
96.9662365 4.97911576556882E-002 5.05293329750127E-002
97.0662304 4.96503154261126E-002 5.03856487699543E-002
97.1662243 4.95100128079435E-002 5.02425179757147E-002
97.2662182 4.93702471938348E-002 5.00999379040957E-002
97.3662198 4.92310053893055E-002 4.99578950671482E-002
97.4662137 4.90923060624627E-002 4.98164084806046E-002
97.5662076 4.89541360082448E-002 4.96754646459943E-002
97.6662016 4.88164926794952E-002 4.95350609375013E-002
97.7661955 4.86793735438486E-002 4.93951947446385E-002
97.8661971 4.85427656817513E-002 4.92558528621903E-002
97.9661911 4.84066874333948E-002 4.91170539704369E-002
98.0661851 4.82711258686043E-002 4.89787848535882E-002
98.1661791 4.81360785131839E-002 4.88410429614347E-002
98.2661730 4.80015429072344E-002 4.87038257585804E-002
98.3661747 4.78675063988730E-002 4.85671203150364E-002
98.4661687 4.77339870074497E-002 4.84309449828948E-002
98.5661627 4.76009720704307E-002 4.82952868215506E-002
98.6661568 4.74684591841436E-002 4.81601433538622E-002
98.7661508 4.73364459587366E-002 4.80255121170051E-002
98.8661525 4.72049200029730E-002 4.78913804489508E-002
98.9661465 4.70738990222568E-002 4.77577663806844E-002
99.0661406 4.69433706146805E-002 4.76246572395305E-002
99.1661347 4.68133324447507E-002 4.74920506189736E-002
99.2661288 4.66837821903363E-002 4.73599441263380E-002
99.3661305 4.65547077140449E-002 4.72283253605211E-002
99.4661246 4.64261264140565E-002 4.70972120383032E-002
99.5661187 4.62980261422974E-002 4.69665917479144E-002
99.6661128 4.61704046291975E-002 4.68364621511163E-002
99.7661070 4.60432596181084E-002 4.67068209230521E-002
99.8661087 4.59165792188939E-002 4.65776559167332E-002
99.9661029 4.57903805290643E-002 4.64489845414643E-002
100.0660970 4.56646516478007E-002 4.63207946395790E-002
100.1660912 4.55393903692861E-002 4.61930839388569E-002
100.2660854 4.54145945002006E-002 4.60658501800173E-002
100.3660872 4.52902523912832E-002 4.59390814635892E-002
100.4660814 4.51663808457651E-002 4.58127948979625E-002
100.5660756 4.50429682037094E-002 4.56869785729864E-002
100.6660698 4.49200123209630E-002 4.55616302802841E-002
100.7660640 4.47975110654617E-002 4.54367478239938E-002
100.8660658 4.46754530226374E-002 4.53123195457724E-002
100.9660601 4.45538547076738E-002 4.51883622594916E-002
101.0660543 4.44327046953415E-002 4.50648642961349E-002
101.1660486 4.43120009011405E-002 4.49418235090767E-002
101.2660428 4.41917412522668E-002 4.48192377637974E-002
101.3660447 4.40719145628546E-002 4.46970956368914E-002
101.4660390 4.39525370661175E-002 4.45754136539499E-002
101.5660333 4.38335975655499E-002 4.44541803809079E-002
101.6660275 4.37150940343691E-002 4.43333937308769E-002
101.7660218 4.35970244571100E-002 4.42130516286807E-002
101.8660238 4.34793778708033E-002 4.40931428798525E-002
101.9660181 4.33621702326194E-002 4.39736837277865E-002
102.0660124 4.32453905689775E-002 4.38546629673777E-002
102.1660067 4.31290369089480E-002 4.37360785695354E-002
102.2660011 4.30131072925542E-002 4.36179285165023E-002
102.3660031 4.28975909740958E-002 4.35002018369371E-002
102.4659974 4.27825036404811E-002 4.33829144979695E-002
102.5659918 4.26678345354324E-002 4.32660555176479E-002
102.6659861 4.25535817420777E-002 4.31496229228123E-002
102.7659805 4.24397433541468E-002 4.30336147512707E-002
102.8659825 4.23263088377521E-002 4.29180202491723E-002
102.9659769 4.22132936151792E-002 4.28028551131691E-002
103.0659713 4.21006871420032E-002 4.26881085788340E-002
103.1659657 4.19884875536799E-002 4.25737787271389E-002
103.2659601 4.18766929959289E-002 4.24598636496725E-002
103.3659622 4.17652931413850E-002 4.23463528046112E-002
103.4659566 4.16543031532120E-002 4.22332616237740E-002
103.5659511 4.15437126935526E-002 4.21205795548006E-002
103.6659455 4.14335199485243E-002 4.20083047310630E-002
103.7659400 4.13237231141821E-002 4.18964352962104E-002
103.8659421 4.12143120645527E-002 4.17849609151494E-002
103.9659365 4.11053017090448E-002 4.16738967603723E-002
104.0659310 4.09966819112430E-002 4.15632324862941E-002
104.1659255 4.08884509063205E-002 4.14529662770171E-002
104.2659200 4.07806069390737E-002 4.13430963265944E-002
104.3659221 4.06731400799445E-002 4.12336125015259E-002
104.4659166 4.05660649898230E-002 4.11245297203490E-002
104.5659112 4.04593717287636E-002 4.10158378391213E-002
104.6659057 4.03530585794473E-002 4.09075350910672E-002
104.7659002 4.02471238338755E-002 4.07996197190475E-002
104.8659024 4.01415577540774E-002 4.06920817861716E-002
104.9658969 4.00363747575339E-002 4.05849359622638E-002
105.0658915 3.99315650959454E-002 4.04781723000462E-002
105.1658860 3.98271270980085E-002 4.03717890803146E-002
105.2658806 3.97230591014488E-002 4.02657845931984E-002
105.3658828 3.96193515551980E-002 4.01601490935832E-002
105.4658774 3.95160186383139E-002 4.00548970076939E-002
105.5658720 3.94130507894620E-002 3.99500185800871E-002
105.6658666 3.93104463819165E-002 3.98455121376362E-002
105.7658612 3.92082037976986E-002 3.97413760162553E-002
105.8658634 3.91063136680967E-002 3.96376006579156E-002
105.9658580 3.90047899386113E-002 3.95342002502337E-002
106.0658527 3.89036232303307E-002 3.94311652249142E-002
106.1658473 3.88028119597192E-002 3.93284939534669E-002
106.2658419 3.87023545517165E-002 3.92261848161606E-002
106.3658442 3.86022418155553E-002 3.91242284375002E-002
106.4658389 3.85024874679283E-002 3.90226387713648E-002
106.5658335 3.84030823079373E-002 3.89214064320586E-002
106.6658282 3.83040247938984E-002 3.88205298343385E-002
106.7658229 3.82053133923421E-002 3.87200074014484E-002
106.8658252 3.81069390861617E-002 3.86198299360095E-002
106.9658199 3.80089153678777E-002 3.85200111629166E-002
107.0658146 3.79112332103249E-002 3.84205418746591E-002
107.1658093 3.78138911123813E-002 3.83214205279011E-002
107.2658040 3.77168875808860E-002 3.82226455875313E-002
107.3658063 3.76202137682348E-002 3.81242080299983E-002
107.4658011 3.75238829473008E-002 3.80261213558528E-002
107.5657958 3.74278862604962E-002 3.79283765314838E-002
107.6657905 3.73322222460151E-002 3.78309720541697E-002
107.7657853 3.72368894497694E-002 3.77339064291609E-002
107.8657877 3.71418791896190E-002 3.76371708025696E-002
107.9657824 3.70472045232072E-002 3.75407784551318E-002
108.0657772 3.69528567584876E-002 3.74447205229748E-002
108.1657720 3.68588344717693E-002 3.73489955427446E-002
108.2657667 3.67651362468436E-002 3.72536020588148E-002
108.3657692 3.66717535631127E-002 3.71585313829181E-002
108.4657639 3.65786992673032E-002 3.70637965803977E-002
108.5657587 3.64859648289901E-002 3.69693889530783E-002
108.6657536 3.63935488614380E-002 3.68753070757702E-002
108.7657484 3.63014499851664E-002 3.67815495307752E-002
108.8657508 3.62096598373100E-002 3.66881077915202E-002
108.9657456 3.61181910578899E-002 3.65949947122719E-002
109.0657405 3.60270352742954E-002 3.65022017566289E-002
