0.0053140 1.82858694736973E+001 4.35859617359272E+003
0.0210792 6.95776429711279E+001 4.24562768796715E+003
0.0467942 1.44478543671098E+002 4.06977921602336E+003
0.0817065 2.30900085425979E+002 3.84657902003983E+003
0.1249105 3.17389823899644E+002 3.59288493087315E+003
0.1754417 3.95324676554526E+002 3.32429347256486E+003
0.2323515 4.59611880105157E+002 3.05358645846223E+003
0.2947571 5.08290917649804E+002 2.79019810540819E+003
0.3618673 5.41643512566037E+002 2.54039970682139E+003
0.4329916 5.61273479716302E+002 2.30784634761147E+003
0.5075377 5.69380326755034E+002 2.09422610274011E+003
0.5850032 5.68277357184562E+002 1.89985681221153E+003
0.6649650 5.60117573715345E+002 1.72417049318629E+003
0.7470680 5.46766329461141E+002 1.56607356043806E+003
0.8310139 5.29765039019165E+002 1.42420130715591E+003
0.9165527 5.10344643918536E+002 1.29708559975739E+003
1.0034738 4.89462315191176E+002 1.18326155722872E+003
1.0915995 4.67845707292735E+002 1.08133075812079E+003
1.1807797 4.46036276355600E+002 9.89994738352761E+002
1.2708868 4.24428190605993E+002 9.08070824209251E+002
1.3618115 4.03301011229824E+002 8.34495071345974E+002
1.4534610 3.82846347675236E+002 7.68318363497087E+002
1.5457546 3.63189475502327E+002 7.08699863689202E+002
1.6386236 3.44405726758407E+002 6.54896565498877E+002
1.7320075 3.26533851580959E+002 6.06254564066740E+002
1.8258543 3.09585672006025E+002 5.62198390150532E+002
1.9201186 2.93553822782101E+002 5.22222265217981E+002
2.0147601 2.78417602371563E+002 4.85881917468640E+002
2.1097440 2.64147027664025E+002 4.52786352588454E+002
2.2050388 2.50706343242531E+002 4.22591806686970E+002
2.3006174 2.38056160904083E+002 3.94995228038285E+002
2.3964555 2.26155316472633E+002 3.69729331405899E+002
2.4925310 2.14962210682835E+002 3.46558204119802E+002
2.5888248 2.04435515411606E+002 3.25272940400030E+002
2.6853193 1.94535015204149E+002 3.05688648807818E+002
2.7819988 1.85221851016327E+002 2.87641102943268E+002
2.8788497 1.76458873527431E+002 2.70984322834485E+002
2.9758588 1.68210859271941E+002 2.55588432731989E+002
3.0730149 1.60444445357440E+002 2.41337442146363E+002
3.1703074 1.53128305961617E+002 2.28127848315220E+002
3.2677268 1.46232996636573E+002 2.15866919875396E+002
3.3652646 1.39730977128637E+002 2.04471554349302E+002
3.4629133 1.33596492055889E+002 1.93867077784913E+002
3.5606650 1.27805601925207E+002 1.83986469057848E+002
3.6585133 1.22335916444517E+002 1.74769205603868E+002
3.7564523 1.17166618507029E+002 1.66160723934345E+002
3.8544764 1.12278338935665E+002 1.58111714097705E+002
3.9525810 1.07653041331377E+002 1.50577511512708E+002
4.0507604 1.03274018140318E+002 1.43517734012561E+002
4.1490108 9.91256712625761E+001 1.36895622561012E+002
4.2473280 9.51935185221645E+001 1.30677795527891E+002
4.3457083 9.14640926798715E+001 1.24833865579169E+002
4.4441489 8.79248513943549E+001 1.19336108112014E+002
4.5426454 8.45641749409210E+001 1.14159293165138E+002
4.6411954 8.13712007976234E+001 1.09280287533680E+002
4.7397961 7.83358322319244E+001 1.04677947118250E+002
4.8384450 7.54486655077879E+001 1.00332899392310E+002
4.9371399 7.27009256946381E+001 9.62273545291642E+001
5.0358779 7.00844708283401E+001 9.23450309273436E+001
5.1346571 6.75916693681844E+001 8.86709023016198E+001
5.2334756 6.52154125865514E+001 8.51911556656167E+001
5.3323316 6.29490636223964E+001 8.18930623853294E+001
5.4312238 6.07864127816537E+001 7.87648659658677E+001
5.5301496 5.87216863422968E+001 7.57957530900962E+001
5.6291079 5.67494552520694E+001 7.29756851605804E+001
5.7280973 5.48646496544186E+001 7.02953874810709E+001
5.8271164 5.30625232569036E+001 6.77462696680688E+001
5.9261644 5.13386221554145E+001 6.53203562940151E+001
6.0252392 4.96887959912214E+001 6.30102800379976E+001
6.1243401 4.81091289561783E+001 6.08091647626740E+001
6.2234659 4.65959548316918E+001 5.87106291995770E+001
6.3226158 4.51458317859758E+001 5.67087359456184E+001
6.4217891 4.37555203621042E+001 5.47979469870894E+001
6.5209840 4.24219953651167E+001 5.29731273470207E+001
6.6202001 4.11423928446451E+001 5.12294609850810E+001
6.7194366 3.99140246133957E+001 4.95624607836690E+001
6.8186927 3.87343601254010E+001 4.79679347095631E+001
6.9179682 3.76010106684418E+001 4.64419563027833E+001
7.0172613 3.65117410233095E+001 4.49808729789127E+001
7.1165720 3.54644280325396E+001 4.35812436582533E+001
7.2158999 3.44570693488404E+001 4.22398447485981E+001
7.3152432 3.34877937183295E+001 4.09536782793495E+001
7.4146030 3.25548023010757E+001 3.97198890698660E+001
7.5139770 3.16564309201377E+001 3.85358428947226E+001
7.6133666 3.07910725914452E+001 3.73990200343842E+001
7.7127702 2.99572325526410E+001 3.63070842890128E+001
7.8121865 2.91534958344526E+001 3.52578368347590E+001
7.9116168 2.83785006199146E+001 3.42491786020177E+001
8.0110589 2.76309865629975E+001 3.32791705653649E+001
8.1105143 2.69097312691453E+001 3.23459485858231E+001
8.2099815 2.62135968170578E+001 3.14477815966341E+001
8.3094593 2.55415035254974E+001 3.05830354115636E+001
8.4089492 2.48924082881024E+001 2.97501430736235E+001
8.5084489 2.42653456134007E+001 2.89476558855435E+001
8.6079599 2.36593749952943E+001 2.81741742943196E+001
8.7074812 2.30736204402962E+001 2.74283970881253E+001
8.8070112 2.25072489824933E+001 2.67090925087733E+001
8.9065517 2.19594528442957E+001 2.60150744617329E+001
9.0061006 2.14294844623795E+001 2.53452458456531E+001
9.1056593 2.09166124676256E+001 2.46985417515192E+001
9.2052267 2.04201554384198E+001 2.40739712218577E+001
9.3048016 1.99394641083563E+001 2.34705938420046E+001
9.4043856 1.94739065136746E+001 2.28875003585817E+001
9.5039766 1.90228980307958E+001 2.23238496164801E+001
9.6035763 1.85858642423404E+001 2.17788213655706E+001
9.7031836 1.81622699031360E+001 2.12516518642597E+001
9.8027972 1.77516040588494E+001 2.07416146596951E+001
9.9024188 1.73533675574102E+001 2.02480045880443E+001
10.0020464 1.69670989312631E+001 1.97701694001849E+001
10.1016817 1.65923428296803E+001 1.93074701710682E+001
10.2013235 1.62286749970539E+001 1.88593117971985E+001
10.3009707 1.58756897146018E+001 1.84251270338900E+001
10.4006251 1.55329892065425E+001 1.80043631350326E+001
10.5002846 1.52002060454676E+001 1.75965090545211E+001
10.5999509 1.48769761277095E+001 1.72010619474554E+001
10.6996230 1.45629603140619E+001 1.68175534176261E+001
10.7992996 1.42578337463089E+001 1.64455361251066E+001
10.8989827 1.39612767894043E+001 1.60845725176624E+001
10.9986702 1.36729945141861E+001 1.57342583338033E+001
11.0983637 1.33926934134083E+001 1.53941940397365E+001
11.1980623 1.31201002355890E+001 1.50640075249205E+001
11.2977649 1.28549528300921E+001 1.47433427649077E+001
11.3974732 1.25969923473423E+001 1.44318502325991E+001
11.4971853 1.23459802533683E+001 1.41292072971262E+001
11.5969029 1.21016781506867E+001 1.38350936997650E+001
11.6966250 1.18638642403221E+001 1.35492112677672E+001
11.7963505 1.16323254247250E+001 1.32712742399276E+001
11.8960812 1.14068505479778E+001 1.30010010430365E+001
11.9958151 1.11872453164058E+001 1.27381320740043E+001
12.0955540 1.09733147156422E+001 1.24824085105360E+001
12.1952970 1.07648774590458E+001 1.22335895104040E+001
12.2950428 1.05617591344630E+001 1.19914438963273E+001
12.3947934 1.03637863114457E+001 1.17557430536548E+001
12.4945468 1.01707996774278E+001 1.15262764967807E+001
12.5943047 9.98263864040765E+000 1.13028334555053E+001
12.6940662 9.79915406008766E+000 1.10852179439207E+001
12.7938302 9.62020226760326E+000 1.08732415670459E+001
12.8935986 9.44563990110436E+000 1.06667173480782E+001
12.9933693 9.27533551458482E+000 1.04654734103094E+001
13.0931443 9.10915603209777E+000 1.02693368908932E+001
13.1929224 8.94697800786584E+000 1.00781471965742E+001
13.2927027 8.78868238125150E+000 9.89174974392459E+000
13.3924871 8.63414992851626E+000 9.70999056380474E+000
13.4922734 8.48327155880619E+000 9.53272837342853E+000
13.5920637 8.33593634599594E+000 9.35982045483621E+000
13.6918568 8.19204152334027E+000 9.19113436056770E+000
13.7916517 8.05148786172524E+000 9.02654243691043E+000
13.8914504 7.91417564604336E+000 8.86591708315434E+000
13.9912508 7.78001383809493E+000 8.70914144252335E+000
14.0910548 7.64890945992873E+000 8.55609694946759E+000
14.1908615 7.52077649541814E+000 8.40667370446420E+000
14.2906697 7.39553180005582E+000 8.26076565859549E+000
14.3904813 7.27309152662040E+000 8.11826642829521E+000
14.4902944 7.15337930629021E+000 7.97907879643508E+000
14.5901109 7.03631679557758E+000 7.84310368522738E+000
14.6899298 6.92183163001810E+000 7.71024938356472E+000
14.7897500 6.80985378979160E+000 7.58042729375299E+000
14.8895734 6.70031241225981E+000 7.45354822048559E+000
14.9893980 6.59314311917137E+000 7.32953084276204E+000
15.0892259 6.48827957011049E+000 7.20829191109506E+000
15.1890558 6.38566059110517E+000 7.08975448154496E+000
15.2888878 6.28522598557001E+000 6.97384305000455E+000
15.3887200 6.18691934715253E+000 6.86048678311699E+000
15.4885562 6.09068052778510E+000 6.74961081971448E+000
15.5883943 5.99645681728205E+000 6.64114914707582E+000
15.6882343 5.90419533741639E+000 6.53503581496707E+000
15.7880763 5.81384487355055E+000 6.43120703553299E+000
15.8879183 5.72535748409952E+000 6.32960301787283E+000
15.9877640 5.63868172666646E+000 6.23016017972640E+000
16.0876115 5.55377272747182E+000 6.13282269803368E+000
16.1874608 5.47058534216011E+000 6.03753464368661E+000
16.2873119 5.38907580976029E+000 5.94424187128822E+000
16.3871628 5.30920321149792E+000 5.85289367703290E+000
16.4870172 5.23092336088979E+000 5.76343580301865E+000
16.5868734 5.15419789798697E+000 5.67582082913426E+000
16.6867312 5.07898812163578E+000 5.59000110948788E+000
16.7865905 5.00525648656766E+000 5.50593047730941E+000
16.8864496 4.93296792851074E+000 5.42356574647766E+000
16.9863121 4.86208433793290E+000 5.34286040882603E+000
17.0861762 4.79257279485505E+000 5.26377400974922E+000
17.1860417 4.72439999127157E+000 5.18626578546679E+000
17.2859087 4.65753358937239E+000 5.11029620487434E+000
17.3857753 4.59194342773086E+000 5.03582833241675E+000
17.4856452 4.52759650986988E+000 4.96282213357846E+000
17.5855166 4.46446447928890E+000 4.89124295609355E+000
17.6853893 4.40251856237631E+000 4.82105578220155E+000
17.7852633 4.34173080338560E+000 4.75222662630411E+000
17.8851368 4.28207516460609E+000 4.68472377460707E+000
17.9850136 4.22352297052570E+000 4.61851262627389E+000
18.0848916 4.16604970915391E+000 4.55356338497279E+000
18.1847709 4.10963043547775E+000 4.48984585271814E+000
18.2846515 4.05424089678249E+000 4.42733069967977E+000
18.3845314 3.99985853810170E+000 4.36599059405702E+000
18.4844144 3.94645835081071E+000 4.30579551661319E+000
18.5842986 3.89401907486885E+000 4.24671975289017E+000
18.6841841 3.84251901103318E+000 4.18873716559468E+000
18.7840706 3.79193704837765E+000 4.13182235076759E+000
18.8839565 3.74225358493055E+000 4.07595166966563E+000
18.9838453 3.69344673633234E+000 4.02109898297043E+000
19.0837353 3.64549800390074E+000 3.96724202185515E+000
19.1836263 3.59838845070269E+000 3.91435808455824E+000
19.2835185 3.55209964163753E+000 3.86242509129206E+000
19.3834098 3.50661448797098E+000 3.81142252845306E+000
19.4833041 3.46191377745204E+000 3.76132755601623E+000
19.5831994 3.41798136482917E+000 3.71212082535474E+000
19.6830957 3.37480067271552E+000 3.66378255295237E+000
19.7829930 3.33235555332310E+000 3.61629348486563E+000
19.8828894 3.29063106456524E+000 3.56963576232700E+000
19.9827887 3.24961028792804E+000 3.52378936193687E+000
20.0826889 3.20927909099562E+000 3.47873741939764E+000
20.1825901 3.16962291900694E+000 3.43446263949482E+000
20.2824922 3.13062758622709E+000 3.39094817958318E+000
20.3823934 3.09227999039083E+000 3.34817844456182E+000
20.4822973 3.05456518880957E+000 3.30613582465508E+000
20.5822022 3.01747077640225E+000 3.26480557676842E+000
20.6821079 2.98098393808069E+000 3.22417253511335E+000
20.7820145 2.94509217679331E+000 3.18422192203273E+000
20.8819201 2.90978397230191E+000 3.14494007938539E+000
20.9818284 2.87504608959231E+000 3.10631147312255E+000
21.0817375 2.84086761069410E+000 3.06832317759225E+000
21.1816475 2.80723722166421E+000 3.03096185565452E+000
21.2815583 2.77414388351594E+000 2.99421450416391E+000
21.3814680 2.74157744064124E+000 2.95806912798499E+000
21.4813803 2.70952613867929E+000 2.92251198434839E+000
21.5812935 2.67798034390982E+000 2.88753170995098E+000
21.6812074 2.64693004172946E+000 2.85311654323298E+000
21.7811221 2.61636545596492E+000 2.81925501097399E+000
21.8810357 2.58627761166072E+000 2.78593655045085E+000
21.9809519 2.55665604222288E+000 2.75314896980106E+000
22.0808688 2.52749222627783E+000 2.72088225304495E+000
22.1807864 2.49877727723232E+000 2.68912600048123E+000
22.2807048 2.47050251584898E+000 2.65787006210578E+000
22.3806219 2.44265999160142E+000 2.62710511280449E+000
22.4805416 2.41524036121626E+000 2.59682030774750E+000
22.5804621 2.38823606951035E+000 2.56700679637896E+000
22.6803832 2.36163921195969E+000 2.53765535971794E+000
22.7803050 2.33544206487428E+000 2.50875699566031E+000
22.8802255 2.30963756906911E+000 2.48030345155891E+000
22.9801486 2.28421736392995E+000 2.45228505608854E+000
23.0800723 2.25917473580101E+000 2.42469396971223E+000
23.1799967 2.23450263751502E+000 2.39752200012096E+000
23.2799217 2.21019418003161E+000 2.37076114391366E+000
23.3798454 2.18624308177447E+000 2.34440408044452E+000
23.4797716 2.16264184409077E+000 2.31844216369438E+000
23.5796984 2.13938448819435E+000 2.29286843364772E+000
23.6796259 2.11646471737471E+000 2.26767559322638E+000
23.7795539 2.09387637354865E+000 2.24285651034919E+000
23.8794806 2.07161385526427E+000 2.21840467651168E+000
23.9794098 2.04967042194699E+000 2.19431234402284E+000
24.0793395 2.02804073815752E+000 2.17057332004648E+000
24.1792698 2.00671916573906E+000 2.14718109022955E+000
24.2792007 1.98570018836871E+000 2.12412928471127E+000
24.3791302 1.96497880092017E+000 2.10141210453612E+000
24.4790621 1.94454893122369E+000 2.07902259120542E+000
24.5789946 1.92440580842785E+000 2.05695522279403E+000
24.6789277 1.90454437369441E+000 2.03520417108346E+000
24.7788612 1.88495967551581E+000 2.01376373471159E+000
24.8787934 1.86564723285641E+000 1.99262873619935E+000
24.9787279 1.84660156432509E+000 1.97179291215771E+000
25.0786630 1.82781839569735E+000 1.95125132883771E+000
25.1785986 1.80929317895238E+000 1.93099876098648E+000
25.2785347 1.79102146084111E+000 1.91103009499592E+000
25.3784693 1.77299922198496E+000 1.89134069904032E+000
25.4784064 1.75522150439069E+000 1.87192492349975E+000
25.5783439 1.73768447166258E+000 1.85277835149804E+000
25.6782819 1.72038402721923E+000 1.83389628893444E+000
25.7782204 1.70331615834757E+000 1.81527414019625E+000
25.8781574 1.68647725322437E+000 1.79690775365484E+000
25.9780968 1.66986281861307E+000 1.77879202293930E+000
26.0780366 1.65346940494643E+000 1.76092298642882E+000
26.1779769 1.63729331548115E+000 1.74329641899835E+000
26.2779176 1.62133092785235E+000 1.72590818260146E+000
26.3778568 1.60557899079382E+000 1.70875454915046E+000
26.4777984 1.59003342466072E+000 1.69183089422007E+000
26.5777404 1.57469112236924E+000 1.67513365805920E+000
26.6776829 1.55954874206035E+000 1.65865903054545E+000
26.7776257 1.54460300797403E+000 1.64240327871560E+000
26.8775671 1.52985098847523E+000 1.62636304885908E+000
26.9775108 1.51528897275956E+000 1.61053414506681E+000
27.0774549 1.50091415757687E+000 1.59491336308778E+000
27.1773994 1.48672351669661E+000 1.57949726083236E+000
27.2773442 1.47271408274701E+000 1.56428246472482E+000
27.3772876 1.45888320800349E+000 1.54926595266460E+000
27.4772333 1.44522751126780E+000 1.53444391057562E+000
27.5771793 1.43174445936039E+000 1.51981344933381E+000
27.6771257 1.41843130732029E+000 1.50537145390764E+000
27.7770725 1.40528536269954E+000 1.49111487022667E+000
27.8770178 1.39230423043664E+000 1.47704097050976E+000
27.9769653 1.37948482446305E+000 1.46314628162627E+000
28.0769132 1.36682485211046E+000 1.44942819434501E+000
28.1768615 1.35432181954769E+000 1.43588388486392E+000
28.2768101 1.34197327988267E+000 1.42251058372867E+000
28.3767572 1.32977706332340E+000 1.40930582488761E+000
28.4767065 1.31773034856834E+000 1.39626644026063E+000
28.5766562 1.30583105752605E+000 1.38339006969088E+000
28.6766062 1.29407692099947E+000 1.37067414920597E+000
28.7765565 1.28246571182444E+000 1.35811616337752E+000
28.8765053 1.27099546141305E+000 1.34571387933884E+000
28.9764563 1.25966358643358E+000 1.33346440247721E+000
29.0764077 1.24846820057032E+000 1.32136559469500E+000
29.1763593 1.23740723591976E+000 1.30941512427074E+000
29.2763113 1.22647866228389E+000 1.29761070292290E+000
29.3762617 1.21568069109441E+000 1.28595030591492E+000
29.4762144 1.20501095328982E+000 1.27443128425145E+000
29.5761673 1.19446773424370E+000 1.26305169816318E+000
29.6761206 1.18404914674330E+000 1.25180942390555E+000
29.7760741 1.17375333745707E+000 1.24070237667572E+000
29.8760261 1.16357867915125E+000 1.22972871783027E+000
29.9759803 1.15352299603223E+000 1.21888601938109E+000
30.0759347 1.14358472743355E+000 1.20817251899872E+000
30.1758895 1.13376214861168E+000 1.19758627950632E+000
30.2758445 1.12405356531798E+000 1.18712539869665E+000
30.3757980 1.11445749514140E+000 1.17678820459792E+000
30.4757536 1.10497193690778E+000 1.16657246843753E+000
30.5757095 1.09559546823248E+000 1.15647658690318E+000
30.6756657 1.08632651069504E+000 1.14649879046582E+000
30.7756221 1.07716351336590E+000 1.13663734105154E+000
30.8755770 1.06810512403841E+000 1.12689071621068E+000
30.9755340 1.05914949956815E+000 1.11725686705178E+000
31.0754913 1.05029534196272E+000 1.10773433300065E+000
31.1754469 1.04154137081787E+000 1.09832167392267E+000
31.2754067 1.03288566644455E+000 1.08901676402710E+000
31.3753629 1.02432749195499E+000 1.07981875071169E+000
31.4753231 1.01586482091893E+000 1.07072539683379E+000
31.5752798 1.00749694892051E+000 1.06173588748440E+000
31.6752368 9.99222224211018E-001 1.05284839128064E+000
31.7751978 9.91039031700141E-001 1.04406111797942E+000
31.8751552 9.82946712991931E-001 1.03537330604930E+000
31.9751168 9.74943389475456E-001 1.02678288520285E+000
32.0750747 9.67028431743044E-001 1.01828912750544E+000
32.1750329 9.59200313573242E-001 1.00989034371845E+000
32.2749952 9.51457542321029E-001 1.00158488220753E+000
32.3749539 9.43799529683254E-001 9.93372062641659E-001
32.4749166 9.36224531857691E-001 9.85249966587792E-001
32.5748758 9.28731986446690E-001 9.77217943694252E-001
32.6748352 9.21320481430228E-001 9.69274433778627E-001
32.7747986 9.13988635586633E-001 9.61417911083359E-001
32.8747585 9.06735923269932E-001 9.53647767757734E-001
32.9747223 8.99560723802268E-001 9.45962223783226E-001
33.0746827 8.92462534711265E-001 9.38360698089204E-001
33.1746432 8.85440048024639E-001 9.30841747843093E-001
33.2746078 8.78491984060148E-001 9.23403961773029E-001
33.3745687 8.71617873237002E-001 9.16046796793291E-001
33.4745337 8.64816207491122E-001 9.08768599237771E-001
33.5744951 8.58086537991014E-001 9.01568849967306E-001
33.6744568 8.51427651694520E-001 8.94446213010902E-001
33.7744224 8.44838361581157E-001 8.87399381373840E-001
33.8743844 8.38318248283271E-001 8.80427869899287E-001
33.9743505 8.31865906880605E-001 8.73530140429807E-001
34.0743130 8.25480936600604E-001 8.66705729242010E-001
34.1742756 8.19162211131079E-001 8.59953397814170E-001
34.2742423 8.12908628126947E-001 8.53271934264993E-001
34.3742054 8.06719813231702E-001 8.46660905301047E-001
34.4741725 8.00594456123203E-001 8.40118878509246E-001
34.5741359 7.94532199123420E-001 8.33645439797671E-001
34.6740996 7.88531995263804E-001 8.27239439633615E-001
34.7740673 7.82592819679159E-001 8.20899753010311E-001
34.8740313 7.76714338394135E-001 8.14625993108808E-001
34.9739994 7.70895327961328E-001 8.08416824454098E-001
35.0739638 7.65135469376490E-001 8.02271877443943E-001
35.1739284 7.59433788351524E-001 7.96190083918375E-001
35.2738971 7.53789331008521E-001 7.90170398326294E-001
35.3738621 7.48201799627350E-001 7.84212475529236E-001
35.4738310 7.42670050644816E-001 7.78315069035805E-001
35.5737964 7.37193799789118E-001 7.72477849157002E-001
35.6737620 7.31772139433012E-001 7.66699822238721E-001
35.7737315 7.26404180819064E-001 7.60980015495049E-001
35.8736974 7.21089658801271E-001 7.55318121197960E-001
35.9736673 7.15827503364306E-001 7.49712974643846E-001
36.0736335 7.10617461450811E-001 7.44164281978705E-001
36.1735999 7.05458686648538E-001 7.38671117853968E-001
36.2735704 7.00350350011700E-001 7.33232576206464E-001
36.3735371 6.95292215680499E-001 7.27848382910694E-001
36.4735079 6.90283281436027E-001 7.22517448531782E-001
36.5734750 6.85323322291717E-001 7.17239511412162E-001
36.6734423 6.80411548116719E-001 7.12013708902323E-001
36.7734135 6.75547184966393E-001 7.06839196196860E-001
36.8733811 6.70730023327172E-001 7.01715729373090E-001
36.9733527 6.65959123548882E-001 6.96642288350552E-001
37.0733206 6.61234285903582E-001 6.91618640418132E-001
37.1732887 6.56554772066285E-001 6.86643980548781E-001
37.2732608 6.51919858728716E-001 6.81717520245322E-001
37.3732292 6.47329360091925E-001 6.76839042749230E-001
37.4732015 6.42782394316515E-001 6.72007591961353E-001
37.5731702 6.38278784414923E-001 6.67222961210949E-001
37.6731391 6.33817839802703E-001 6.62484398490387E-001
37.7731119 6.29398883842420E-001 6.57791167121924E-001
37.8730811 6.25021752091751E-001 6.53143074792348E-001
37.9730543 6.20685616186004E-001 6.48539224495802E-001
38.0730237 6.16390319620697E-001 6.43979433000604E-001
38.1729934 6.12135215854499E-001 6.39462997139350E-001
38.2729669 6.07919671313431E-001 6.34989227977417E-001
38.3729369 6.03743540796926E-001 6.30557955211710E-001
38.4729107 5.99606045458387E-001 6.26168336477092E-001
38.5728809 5.95507047251083E-001 6.21820209650084E-001
38.6728513 5.91445940309774E-001 6.17512916604224E-001
38.7728256 5.87422130838282E-001 6.13245812441523E-001
38.8727962 5.83435490979194E-001 6.09018746685679E-001
38.9727708 5.79485287789187E-001 6.04830927551173E-001
39.0727417 5.75571399860399E-001 6.00682211932149E-001
39.1727127 5.71693258933806E-001 5.96571983284831E-001
39.2726877 5.67850307994784E-001 5.92499637373407E-001
39.3726590 5.64042434823089E-001 5.88465041589025E-001
39.4726343 5.60268949072121E-001 5.84467451017073E-001
39.5726059 5.56529744337968E-001 5.80506739692505E-001
39.6725776 5.52824287165544E-001 5.76582329502513E-001
39.7725533 5.49152054586212E-001 5.72693653797536E-001
39.8725252 5.45512948482661E-001 5.68840596076204E-001
39.9725012 5.41906318076890E-001 5.65022454903802E-001
40.0724734 5.38332070498111E-001 5.61239119769658E-001
40.1724458 5.34789704534209E-001 5.57490048116138E-001
40.2724221 5.31278728762078E-001 5.53774708072770E-001
40.3723947 5.27799057786426E-001 5.50092997663401E-001
40.4723712 5.24350077621504E-001 5.46444255828989E-001
40.5723441 5.20931707605381E-001 5.42828385996563E-001
40.6723171 5.17543476425815E-001 5.39244878536554E-001
40.7722940 5.14184921917108E-001 5.35693233792712E-001
40.8722673 5.10855970162073E-001 5.32173362890394E-001
40.9722444 5.07556041418860E-001 5.28684642301239E-001
41.0722179 5.04285066041148E-001 5.25226988024841E-001
41.1721915 5.01042600470433E-001 5.21799920957026E-001
41.2721690 4.97828209702289E-001 5.18402971309603E-001
41.3721428 4.94641830176292E-001 5.15036062027376E-001
41.4721206 4.91482914052831E-001 5.11698604502288E-001
41.5720946 4.88351401625203E-001 5.08390526076791E-001
41.6720688 4.85246875120788E-001 5.05111375972235E-001
41.7720469 4.82168924774110E-001 5.01860712120002E-001
41.8720213 4.79117496369913E-001 4.98638468128925E-001
41.9719996 4.76092071816795E-001 4.95444087913497E-001
42.0719743 4.73092600376726E-001 4.92277509050466E-001
42.1719490 4.70118688256673E-001 4.89138307070331E-001
42.2719276 4.67169949165328E-001 4.86026065654425E-001
42.3719026 4.64246337319396E-001 4.82940728033569E-001
42.4718815 4.61347362392166E-001 4.79881768439967E-001
42.5718566 4.58472981737529E-001 4.76849133684597E-001
42.6718319 4.55622823882327E-001 4.73842423756928E-001
42.7718111 4.52796524387599E-001 4.70861246280692E-001
42.8717866 4.49994045077077E-001 4.67905553168248E-001
42.9717660 4.47214921560364E-001 4.64974846939912E-001
43.0717417 4.44459118491072E-001 4.62069082738078E-001
43.1717175 4.41726285189353E-001 4.59187883311750E-001
43.2716972 4.39016077576644E-001 4.56330878566501E-001
43.3716732 4.36328464338051E-001 4.53498028246893E-001
43.4716531 4.33663005332432E-001 4.50688861291148E-001
43.5716293 4.31019671796881E-001 4.47903340357520E-001
43.6716056 4.28398132439366E-001 4.45141109391968E-001
43.7715858 4.25798062167901E-001 4.42401819054849E-001
43.8715623 4.23219435854570E-001 4.39685436155396E-001
43.9715428 4.20661836049306E-001 4.36991514324656E-001
44.0715195 4.18125239924744E-001 4.34320022999552E-001
44.1714963 4.15609334281394E-001 4.31670625884830E-001
44.2714770 4.13113811747579E-001 4.29042992989938E-001
44.3714539 4.10638652772074E-001 4.26437097494752E-001
44.4714348 4.08183461155355E-001 4.23852516130354E-001
44.5714120 4.05748219419133E-001 4.21289224445594E-001
44.6713893 4.03332631261627E-001 4.18746904579041E-001
44.7713704 4.00936405863228E-001 4.16225244594006E-001
44.8713479 3.98559528696854E-001 4.13724223413089E-001
44.9713293 3.96201623480499E-001 4.11243439395342E-001
45.0713069 3.93862677553859E-001 4.08782873598182E-001
45.1712846 3.91542410409663E-001 4.06342225372167E-001
45.2712662 3.89240546701575E-001 4.03921199639882E-001
45.3712441 3.86957076426128E-001 4.01519780498249E-001
45.4712259 3.84691641984171E-001 3.99137586572508E-001
45.5712040 3.82444235052209E-001 3.96774603882354E-001
45.6711822 3.80214589897961E-001 3.94430547862547E-001
45.7711643 3.78002445651266E-001 3.92105139192163E-001
45.8711426 3.75807796378661E-001 3.89798366627648E-001
45.9711248 3.73630302019268E-001 3.87509867799512E-001
46.0711034 3.71469958150253E-001 3.85239633194871E-001
46.1710820 3.69326512871304E-001 3.82987393290760E-001
46.2710644 3.67199718866019E-001 3.80752883503764E-001
46.3710432 3.65089573859692E-001 3.78536096783407E-001
46.4710259 3.62995754267694E-001 3.76336688596877E-001
46.5710048 3.60918259172370E-001 3.74154653450244E-001
46.6709838 3.58856849632346E-001 3.71989735899340E-001
46.7709667 3.56811291030926E-001 3.69841685155895E-001
46.8709459 3.54781584379159E-001 3.67710497939674E-001
46.9709290 3.52767421582412E-001 3.65595846470559E-001
47.0709083 3.50768804869460E-001 3.63497728866979E-001
47.1708877 3.48785507448947E-001 3.61415902871861E-001
47.2708710 3.46817306612447E-001 3.59350130619784E-001
47.3708506 3.44864206318342E-001 3.57300412217308E-001
47.4708341 3.42925913045328E-001 3.55266435630644E-001
47.5708138 3.41002431843075E-001 3.53248202221802E-001
47.6707936 3.39093547320104E-001 3.51245482094806E-001
47.7707773 3.37199047942233E-001 3.49258049498969E-001
47.8707573 3.35318940308037E-001 3.47285907579805E-001
47.9707411 3.33452944616843E-001 3.45328759114730E-001
48.0707212 3.31601068443740E-001 3.43386608374757E-001
48.1707014 3.29763107100913E-001 3.41459237059230E-001
48.2706855 3.27938859547096E-001 3.39546430782913E-001
48.3706658 3.26128334742225E-001 3.37648195414607E-001
48.4706500 3.24331265812430E-001 3.35764247673313E-001
48.5706305 3.22547662589949E-001 3.33894594435390E-001
48.6706110 3.20777330443958E-001 3.32039028284970E-001
48.7705955 3.19020078193179E-001 3.30197345506950E-001
48.8705762 3.17275916905725E-001 3.28369554406893E-001
48.9705608 3.15544591894909E-001 3.26555384836002E-001
49.0705416 3.13826115006506E-001 3.24754846000312E-001
49.1705225 3.12120301065548E-001 3.22967740708945E-001
49.2705073 3.10426968162321E-001 3.21193875271180E-001
49.3704883 3.08746129243166E-001 3.19433260169182E-001
49.4704733 3.07077541118945E-001 3.17685637632446E-001
49.5704545 3.05421217427696E-001 3.15951018946372E-001
49.6704357 3.03776981891076E-001 3.14229216531889E-001
49.7704208 3.02144661323461E-001 3.12520046122455E-001
49.8704022 3.00524270340551E-001 3.10823520140591E-001
49.9703875 2.98915576607225E-001 3.09139392491280E-001
50.0703690 2.97318595352789E-001 3.07467676311961E-001
50.1703506 2.95733158674871E-001 3.05808193065061E-001
50.2703361 2.94159101602187E-001 3.04160767349931E-001
50.3703178 2.92596440230045E-001 3.02525413314863E-001
50.4703034 2.91044952476391E-001 3.00901895884678E-001
50.5702853 2.89504654979194E-001 2.99290229842359E-001
50.6702672 2.87975387726970E-001 2.97690245161007E-001
50.7702530 2.86456993487784E-001 2.96101774786164E-001
50.8702350 2.84949489664166E-001 2.94524834396966E-001
50.9702209 2.83452663865528E-001 2.92959199325941E-001
51.0702031 2.81966533972602E-001 2.91404885814039E-001
51.1701853 2.80490947412509E-001 2.89861731850579E-001
51.2701714 2.79025754249751E-001 2.88329578243149E-001
51.3701538 2.77570973037460E-001 2.86808442024648E-001
51.4701400 2.76126400551307E-001 2.85298108363395E-001
51.5701225 2.74692055764068E-001 2.83798594787891E-001
51.6701050 2.73267793119470E-001 2.82309746842761E-001
51.7700914 2.71853469565148E-001 2.80831412746296E-001
51.8700741 2.70449104662551E-001 2.79363610724274E-001
51.9700606 2.69054503862092E-001 2.77906135246076E-001
52.0700434 2.67669687091667E-001 2.76459004972930E-001
52.1700263 2.66294515417584E-001 2.75022072574818E-001
52.2700130 2.64928852284676E-001 2.73595193259654E-001
52.3699959 2.63572718133453E-001 2.72178386299942E-001
52.4699827 2.62225926628764E-001 2.70771454965800E-001
52.5699658 2.60888498529243E-001 2.69374418910539E-001
52.6699489 2.59560301155633E-001 2.67987137528136E-001
52.7699359 2.58241204089325E-001 2.66609472623016E-001
52.8699192 2.56931228532487E-001 2.65241444381640E-001
52.9699063 2.55630195933037E-001 2.63882864406410E-001
53.0698897 2.54338127767384E-001 2.62533753214957E-001
53.1698731 2.53054897266486E-001 2.61193976550329E-001
53.2698603 2.51780379811079E-001 2.59863402446201E-001
53.3698439 2.50514597258371E-001 2.58542051882391E-001
53.4698313 2.49257378434830E-001 2.57229744354678E-001
53.5698149 2.48008745432059E-001 2.55926501128972E-001
53.6697986 2.46768577069190E-001 2.54632193946916E-001
53.7697861 2.45536754210771E-001 2.53346696728097E-001
53.8697699 2.44313299272251E-001 2.52070031136165E-001
53.9697576 2.43098048079061E-001 2.50802024148772E-001
54.0697415 2.41891023244880E-001 2.49542697674730E-001
54.1697254 2.40692108875511E-001 2.48291929126445E-001
54.2697133 2.39501191023878E-001 2.47049597988216E-001
54.3696973 2.38318292575829E-001 2.45815726508094E-001
54.4696852 2.37143255999323E-001 2.44590148759529E-001
54.5696694 2.35976104345616E-001 2.43372887198574E-001
54.6696536 2.34816726724733E-001 2.42163824601536E-001
54.7696417 2.33665014101186E-001 2.40962845716755E-001
54.8696260 2.32520989751513E-001 2.39769973286426E-001
54.9696142 2.31384502451317E-001 2.38585048117355E-001
55.0695986 2.30255575612785E-001 2.37408093126021E-001
55.1695831 2.29134103085393E-001 2.36238996165219E-001
55.2695714 2.28019980485749E-001 2.35077646965685E-001
55.3695560 2.26913231408813E-001 2.33924068681863E-001
55.4695444 2.25813710622984E-001 2.32778108513446E-001
55.5695291 2.24721441831889E-001 2.31639789758582E-001
55.6695138 2.23636323376103E-001 2.30509005077183E-001
55.7695023 2.22558255280917E-001 2.29385648918392E-001
55.8694872 2.21487261394206E-001 2.28269744774635E-001
55.9694758 2.20423202180986E-001 2.27161145918457E-001
56.0694607 2.19366101573360E-001 2.26059875958261E-001
56.1694457 2.18315862169910E-001 2.24965832108461E-001
56.2694345 2.17272388176131E-001 2.23878913289015E-001
56.3694196 2.16235703633484E-001 2.22799143263012E-001
56.4694085 2.15205674424813E-001 2.21726381074839E-001
56.5693936 2.14182324653680E-001 2.20660650578439E-001
56.6693788 2.13165560957782E-001 2.19601853305679E-001
56.7693678 2.12155291508223E-001 2.18549892414975E-001
56.8693531 2.11151540486358E-001 2.17504791879093E-001
56.9693423 2.10154178930283E-001 2.16466416230982E-001
57.0693276 2.09163231063440E-001 2.15434789511516E-001
57.1693130 2.08178607356942E-001 2.14409817347438E-001
57.2693023 2.07200219745849E-001 2.13391406917431E-001
57.3692878 2.06228092502851E-001 2.12379582348736E-001
57.4692772 2.05262101573852E-001 2.11374213396104E-001
57.5692628 2.04302271255544E-001 2.10375324234303E-001
57.6692484 2.03348515659064E-001 2.09382824375838E-001
57.7692379 2.02400750293807E-001 2.08396624814656E-001
57.8692236 2.01458999479934E-001 2.07416749782539E-001
57.9692132 2.00523143837839E-001 2.06443074004696E-001
58.0691990 1.99593207695358E-001 2.05475621741836E-001
58.1691849 1.98669108621714E-001 2.04514306195647E-001
58.2691746 1.97750765522241E-001 2.03559041982612E-001
58.3691605 1.96838202724985E-001 2.02609853393929E-001
58.4691503 1.95931305304709E-001 2.01666619888315E-001
58.5691363 1.95030097582415E-001 2.00729365769097E-001
58.6691224 1.94134500414162E-001 1.99798007742255E-001
58.7691123 1.93244435933286E-001 1.98872463865512E-001
58.8690985 1.92359928440042E-001 1.97952758448750E-001
58.9690885 1.91480867255778E-001 1.97038775460679E-001
59.0690747 1.90607276660453E-001 1.96130539208162E-001
59.1690610 1.89739080635675E-001 1.95227969727464E-001
59.2690511 1.88876204384614E-001 1.94330988346911E-001
59.3690374 1.88018672147624E-001 1.93439619358348E-001
59.4690277 1.87166377296394E-001 1.92553751029526E-001
59.5690141 1.86319344039069E-001 1.91673407635625E-001
59.6690006 1.85477499330833E-001 1.90798512379343E-001
59.7689909 1.84640771295626E-001 1.89928989698919E-001
59.8689774 1.83809184085055E-001 1.89064863835102E-001
59.9689678 1.82982634935706E-001 1.88206027155477E-001
60.0689545 1.82161147956284E-001 1.87352503871852E-001
60.1689411 1.81344652932260E-001 1.86504220198982E-001
60.2689316 1.80533080767806E-001 1.85661103533620E-001
60.3689184 1.79726455499903E-001 1.84823178035693E-001
60.4689090 1.78924678054710E-001 1.83990339984411E-001
60.5688958 1.78127772416729E-001 1.83162613499741E-001
60.6688827 1.77335671066561E-001 1.82339927662976E-001
60.7688734 1.76548307556025E-001 1.81522212686651E-001
60.8688603 1.75765705784316E-001 1.80709492623198E-001
60.9688511 1.74987770201319E-001 1.79901667485536E-001
61.0688381 1.74214524645197E-001 1.79098761276266E-001
61.1688251 1.73445904164117E-001 1.78300705805973E-001
61.2688160 1.72681844832401E-001 1.77507433968339E-001
61.3688031 1.71922370390786E-001 1.76718969684422E-001
61.4687941 1.71167388655921E-001 1.75935216532579E-001
61.5687813 1.70416923299880E-001 1.75156198375202E-001
61.6687685 1.69670911817946E-001 1.74381849622653E-001
61.7687596 1.68929292688773E-001 1.73612105722719E-001
61.8687469 1.68192089476222E-001 1.72846990443736E-001
61.9687381 1.67459213215088E-001 1.72086410770270E-001
62.0687254 1.66730687393794E-001 1.71330390404119E-001
62.1687128 1.66006451840940E-001 1.70578866233148E-001
62.2687041 1.65286447327865E-001 1.69831776139287E-001
62.3686916 1.64570697225206E-001 1.69089143719132E-001
62.4686829 1.63859115645111E-001 1.68350879212709E-001
62.5686704 1.63151725876782E-001 1.67617006143074E-001
62.6686580 1.62448469974580E-001 1.66887463760095E-001
62.7686494 1.61749290896984E-001 1.66162192266525E-001
62.8686371 1.61054211806956E-001 1.65441215070320E-001
62.9686286 1.60363149760549E-001 1.64724445524179E-001
63.0686163 1.59676127833998E-001 1.64011906956311E-001
63.1686040 1.58993090205708E-001 1.63303540869435E-001
63.2685918 1.58314007751751E-001 1.62599316465847E-001
63.3685872 1.57638800242873E-001 1.61899149962855E-001
63.4685751 1.56967542086349E-001 1.61203117936701E-001
63.5685630 1.56300153260028E-001 1.60511136831979E-001
63.6685509 1.55636605651152E-001 1.59823176930616E-001
63.7685388 1.54976871393287E-001 1.59139208777471E-001
63.8685344 1.54320872961858E-001 1.58459151446945E-001
63.9685224 1.53668683065104E-001 1.57783079761973E-001
64.0685105 1.53020224370817E-001 1.57110913008138E-001
64.1684986 1.52375469972907E-001 1.56442622755138E-001
64.2684867 1.51734393199271E-001 1.55778180822305E-001
64.3684824 1.51096919115581E-001 1.55117509018898E-001
64.4684706 1.50463118773820E-001 1.54460680458470E-001
64.5684588 1.49832917418291E-001 1.53807617146447E-001
64.6684470 1.49206289289315E-001 1.53158291875377E-001
64.7684353 1.48583208849568E-001 1.52512677674914E-001
64.8684312 1.47963603646322E-001 1.51870698973179E-001
64.9684195 1.47347543117141E-001 1.51232427217336E-001
65.0684079 1.46734954975114E-001 1.50597787017677E-001
65.1683963 1.46125814550145E-001 1.49966752328406E-001
65.2683847 1.45520097383517E-001 1.49339297329021E-001
65.3683808 1.44917733400904E-001 1.48715348956389E-001
65.4683692 1.44318790466332E-001 1.48094977033333E-001
65.5683578 1.43723198659340E-001 1.47478108665842E-001
65.6683463 1.43130934345790E-001 1.46864718912066E-001
65.7683349 1.42541974092567E-001 1.46254783044309E-001
65.8683311 1.41956250105677E-001 1.45648230403606E-001
65.9683197 1.41373828715542E-001 1.45045129229537E-001
66.0683084 1.40794642270884E-001 1.44445409020082E-001
66.1682971 1.40218668122906E-001 1.43849045882896E-001
66.2682858 1.39645883814052E-001 1.43256016129272E-001
66.3682821 1.39076223737427E-001 1.42666251405044E-001
66.4682709 1.38509752728840E-001 1.42079818406697E-001
66.5682597 1.37946405313706E-001 1.41496648925654E-001
66.6682485 1.37386159780764E-001 1.40916720067688E-001
66.7682374 1.36828994600759E-001 1.40340009132277E-001
66.8682339 1.36274846265225E-001 1.39766449975602E-001
66.9682228 1.35723778153401E-001 1.39196107790257E-001
67.0682118 1.35175726879418E-001 1.38628916567410E-001
67.1682007 1.34630671624390E-001 1.38064854362427E-001
67.2681897 1.34088591742709E-001 1.37503899415006E-001
67.3681864 1.33549425739962E-001 1.36945987701843E-001
67.4681754 1.33013235575941E-001 1.36391182949908E-001
67.5681645 1.32479959869762E-001 1.35839421260995E-001
67.6681536 1.31949578652234E-001 1.35290681594226E-001
67.7681428 1.31422072119184E-001 1.34744943084199E-001
67.8681396 1.30897380709944E-001 1.34202143742669E-001
67.9681288 1.30375565001051E-001 1.33662345868313E-001
68.0681180 1.29856565536902E-001 1.33125487588748E-001
68.1681072 1.29340363157633E-001 1.32591548723541E-001
68.2680965 1.28826938860598E-001 1.32060509259352E-001
68.3680934 1.28316234942398E-001 1.31532309161662E-001
68.4680827 1.27808310631598E-001 1.31007009337263E-001
68.5680721 1.27303108321957E-001 1.30484549858874E-001
68.6680615 1.26800609624766E-001 1.29964911365549E-001
68.7680509 1.26300796301148E-001 1.29448074655519E-001
68.8680479 1.25803612432115E-001 1.28933981570540E-001
68.9680374 1.25309115932651E-001 1.28422691661021E-001
69.0680269 1.24817250973542E-001 1.27914146867907E-001
69.1680164 1.24327999901109E-001 1.27408328611009E-001
69.2680059 1.23841345204513E-001 1.26905218461819E-001
69.3680031 1.23357232679744E-001 1.26404760064605E-001
69.4679927 1.22875718961710E-001 1.25907011647985E-001
69.5679823 1.22396749929281E-001 1.25411916947898E-001
69.6679719 1.21920308629606E-001 1.24919458128259E-001
69.7679615 1.21446378246057E-001 1.24429617497581E-001
69.8679589 1.20974906223409E-001 1.23942340432344E-001
69.9679486 1.20505947949129E-001 1.23457683873091E-001
70.0679383 1.20039450944428E-001 1.22975593280952E-001
70.1679281 1.19575398924901E-001 1.22496051529264E-001
70.2679178 1.19113775736092E-001 1.22019041629244E-001
70.3679153 1.18654530408425E-001 1.21544510622574E-001
70.4679051 1.18197717113713E-001 1.21072514194565E-001
70.5678949 1.17743284952799E-001 1.20602999464991E-001
70.6678848 1.17291218279037E-001 1.20135949983760E-001
70.7678747 1.16841501569796E-001 1.19671349432304E-001
70.8678723 1.16394085380909E-001 1.19209146453605E-001
70.9678622 1.15949022699485E-001 1.18749395509722E-001
71.0678522 1.15506264146156E-001 1.18292045315605E-001
71.1678422 1.15065794682963E-001 1.17837080066618E-001
71.2678322 1.14627599390325E-001 1.17384484083625E-001
71.3678299 1.14191630291995E-001 1.16934207549945E-001
71.4678200 1.13757939220507E-001 1.16486303735533E-001
71.5678100 1.13326478259159E-001 1.16040722889950E-001
71.6678002 1.12897232951108E-001 1.15597449824532E-001
71.7677903 1.12470188952551E-001 1.15156469470407E-001
71.8677881 1.12045299700264E-001 1.14717733493045E-001
71.9677783 1.11622615901535E-001 1.14281294000623E-001
72.0677685 1.11202091047777E-001 1.13847102719506E-001
72.1677587 1.10783711237119E-001 1.13415145049053E-001
72.2677489 1.10367462675664E-001 1.12985406502999E-001
72.3677468 1.09953300160780E-001 1.12557840173422E-001
72.4677371 1.09541273303051E-001 1.12132497036236E-001
72.5677275 1.09131336949896E-001 1.11709330239416E-001
72.6677178 1.08723477729609E-001 1.11288325743836E-001
72.7677082 1.08317682373655E-001 1.10869469619615E-001
72.8677062 1.07913906989892E-001 1.10452716332385E-001
72.9676966 1.07512200119981E-001 1.10038115754529E-001
73.0676870 1.07112517917544E-001 1.09625622402908E-001
73.1676774 1.06714847517504E-001 1.09215222774769E-001
73.2676679 1.06319176153386E-001 1.08806903471731E-001
73.3676660 1.05925461195654E-001 1.08400620282298E-001
73.4676565 1.05533750144073E-001 1.07996422003281E-001
73.5676471 1.05144000410867E-001 1.07594264470049E-001
73.6676376 1.04756199615231E-001 1.07194134692361E-001
73.7676282 1.04370335470633E-001 1.06796019779722E-001
73.8676264 1.03986366564359E-001 1.06399876795068E-001
73.9676171 1.03604339380571E-001 1.06005753486843E-001
74.0676077 1.03224212544574E-001 1.05613606960773E-001
74.1675984 1.02845974138610E-001 1.05223424716476E-001
74.2675890 1.02469612335075E-001 1.04835194348923E-001
74.3675874 1.02095086894288E-001 1.04448874149174E-001
74.4675781 1.01722443310389E-001 1.04064510843775E-001
74.5675688 1.01351641378218E-001 1.03682062762766E-001
74.6675596 1.00982669622896E-001 1.03301517874111E-001
74.7675504 1.00615516655789E-001 1.02922864236958E-001
74.8675488 1.00250143368341E-001 1.02546061326199E-001
74.9675396 9.98865942895639E-002 1.02171154872236E-001
75.0675305 9.95248303421598E-002 1.01798104385381E-001
75.1675213 9.91648404749627E-002 1.01426898281510E-001
75.2675122 9.88066137193322E-002 1.01057525063723E-001
75.3675108 9.84501120577412E-002 1.00689945348367E-001
75.4675017 9.80953790782755E-002 1.00324203894755E-001
75.5674926 9.77423767916145E-002 9.99602613513314E-002
75.6674836 9.73910945520836E-002 9.95981065624677E-002
75.7674746 9.70415217929982E-002 9.92377284559878E-002
75.8674732 9.66936215494630E-002 9.88790887491482E-002
75.9674642 9.63474364921876E-002 9.85222312545389E-002
76.0674553 9.60029296816327E-002 9.81671177184061E-002
76.1674463 9.56600908602874E-002 9.78137373951552E-002
76.2674374 9.53189098462676E-002 9.74620796190624E-002
76.3674361 9.49793506905373E-002 9.71121071694700E-002
76.4674273 9.46414551693338E-002 9.67638629359521E-002
76.5674184 9.43051873563157E-002 9.64173097239394E-002
76.6674096 9.39705373656506E-002 9.60724371803177E-002
76.7674007 9.36374953839339E-002 9.57292350284372E-002
76.8673996 9.33060264427610E-002 9.53876670725497E-002
76.9673908 9.29761714461726E-002 9.50477753022704E-002
77.0673820 9.26478954459730E-002 9.47095235452295E-002
77.1673732 9.23211889123224E-002 9.43729018240963E-002
77.2673645 9.19960423847628E-002 9.40379002347636E-002
77.3673634 9.16724218417608E-002 9.37044835707795E-002
77.4673547 9.13503673368267E-002 9.33726929442266E-002
77.5673461 9.10298448663154E-002 9.30424931695010E-002
77.6673374 9.07108452414469E-002 9.27138746291675E-002
77.7673288 9.03933593399243E-002 9.23868277759312E-002
77.8673278 9.00773540547218E-002 9.20613183585105E-002
77.9673192 8.97628686098919E-002 9.17373866332676E-002
78.0673106 8.94498699141307E-002 9.14149983674058E-002
78.1673020 8.91383491055003E-002 9.10941442882644E-002
78.2672935 8.88282973857845E-002 9.07748151903862E-002
78.3672925 8.85196825314317E-002 9.04569777449492E-002
78.4672840 8.82125429575309E-002 9.01406713738093E-002
78.5672755 8.79068464542307E-002 8.98258627644238E-002
78.6672671 8.76025844728927E-002 8.95125429745082E-002
78.7672586 8.72997485259689E-002 8.92007031261855E-002
78.8672578 8.69983072436153E-002 8.88903107817290E-002
78.9672493 8.66982982518896E-002 8.85814045491215E-002
79.0672409 8.63996901927613E-002 8.82739520048567E-002
79.1672325 8.61024748179880E-002 8.79679445233138E-002
79.2672242 8.58066439379113E-002 8.76633735406168E-002
79.3672234 8.55121670078330E-002 8.73602074800520E-002
79.4672151 8.52190808841659E-002 8.70584841557959E-002
79.5672068 8.49273550322659E-002 8.67581720034344E-002
79.6671985 8.46369814919895E-002 8.64592627009473E-002
79.7671902 8.43479523593876E-002 8.61617479855207E-002
79.8671895 8.40602378874963E-002 8.58655971125936E-002
79.9671813 8.37738741819379E-002 8.55708471220531E-002
80.0671730 8.34888315041617E-002 8.52774672798456E-002
80.1671648 8.32051021703999E-002 8.49854495551020E-002
80.2671566 8.29226785508000E-002 8.46947859737402E-002
80.3671560 8.26415316698161E-002 8.44054465956547E-002
80.4671478 8.23616969006181E-002 8.41174677054251E-002
80.5671397 8.20831452745442E-002 8.38308193717823E-002
80.6671315 8.18058693730219E-002 8.35454938431405E-002
80.7671234 8.15298618292214E-002 8.32614834223948E-002
80.8671229 8.12550944137432E-002 8.29787589473073E-002
80.9671148 8.09816017851407E-002 8.26973559656119E-002
81.0671067 8.07093557194732E-002 8.24172453223489E-002
81.1670987 8.04383490526999E-002 8.21384195339000E-002
81.2670906 8.01685746704493E-002 8.18608711689286E-002
81.3670902 7.99000050651922E-002 8.15845718175327E-002
81.4670822 7.96326741982146E-002 8.13095563085578E-002
81.5670742 7.93665545661189E-002 8.10357962379286E-002
81.6670662 7.91016392492205E-002 8.07632843792011E-002
81.7670583 7.88379213755259E-002 8.04920135561148E-002
81.8670579 7.85753741360514E-002 8.02219560865816E-002
81.9670500 7.83140308116893E-002 7.99531460980233E-002
82.0670421 7.80538645963523E-002 7.96855559128263E-002
82.1670342 7.77948688050005E-002 7.94191785514234E-002
82.2670263 7.75370367983963E-002 7.91540070824281E-002
82.3670260 7.72803424436841E-002 7.88900145280062E-002
82.4670182 7.70248183577764E-002 7.86272343311436E-002
82.5670103 7.67704384095638E-002 7.83656395172213E-002
82.6670025 7.65171961393802E-002 7.81052233437213E-002
82.7669947 7.62650851315576E-002 7.78459791143948E-002
82.8669945 7.60140799078164E-002 7.75878805330185E-002
82.9669867 7.57642124370561E-002 7.73309603746674E-002
83.0669790 7.55154572416745E-002 7.70751923451619E-002
83.1669712 7.52678080785247E-002 7.68205699296514E-002
83.2669635 7.50212587467360E-002 7.65670866577300E-002
83.3669634 7.47757844018802E-002 7.63147168930195E-002
83.4669556 7.45314163803757E-002 7.60634927587574E-002
83.5669479 7.42881298374781E-002 7.58133886195195E-002
83.6669403 7.40459187381031E-002 7.55643981791647E-002
83.7669326 7.38047770877965E-002 7.53165151842537E-002
83.8669326 7.35646806560475E-002 7.50697146373241E-002
83.9669249 7.33256601619030E-002 7.48240280254125E-002
84.0669173 7.30876913736130E-002 7.45794303509976E-002
84.1669097 7.28507684560751E-002 7.43359155280915E-002
84.2669021 7.26148856132442E-002 7.40934775117431E-002
84.3669022 7.23800192093477E-002 7.38520919232765E-002
84.4668946 7.21461993607607E-002 7.36117896287381E-002
84.5668870 7.19134024296149E-002 7.33725462484523E-002
84.6668795 7.16816227730668E-002 7.31343558984094E-002
84.7668720 7.14508547858276E-002 7.28972127340462E-002
84.8668721 7.12210754084045E-002 7.26610929761070E-002
84.9668646 7.09923141688034E-002 7.24260268844468E-002
85.0668571 7.07645480046422E-002 7.21919906779372E-002
85.1668496 7.05377714579537E-002 7.19589786667348E-002
85.2668422 7.03119791068884E-002 7.17269851989225E-002
85.3668424 7.00871484504663E-002 7.14959870760290E-002
85.4668349 6.98633084422389E-002 7.12660139661156E-002
85.5668275 6.96404365776013E-002 7.10370426680281E-002
85.6668201 6.94185275764034E-002 7.08090676786225E-002
85.7668127 6.91975761932382E-002 7.05820835312268E-002
85.8668130 6.89775604685311E-002 7.03560675902166E-002
85.9668056 6.87585087949192E-002 7.01310489458673E-002
86.0667983 6.85403992085219E-002 6.99070049591209E-002
86.1667909 6.83232266002542E-002 6.96839303063923E-002
86.2667836 6.81069858944593E-002 6.94618196991786E-002
86.3667839 6.78916556564919E-002 6.92406510474317E-002
86.4667766 6.76772637312501E-002 6.90204528772713E-002
86.5667694 6.74637886791528E-002 6.88012030945209E-002
86.6667621 6.72512255557205E-002 6.85828965483258E-002
86.7667548 6.70395694486441E-002 6.83655281215840E-002
86.8667552 6.68287994323354E-002 6.81490762531922E-002
86.9667480 6.66189428167749E-002 6.79335689183769E-002
87.0667408 6.64099786708575E-002 6.77189845512638E-002
87.1667336 6.62019022085278E-002 6.75053181671962E-002
87.2667264 6.59947086746966E-002 6.72925648139981E-002
87.3667268 6.57883776375400E-002 6.70807034434900E-002
87.4667197 6.55829358845982E-002 6.68697614929120E-002
87.5667125 6.53783629779938E-002 6.66597179087200E-002
87.6667054 6.51746542841790E-002 6.64505678662048E-002
87.7666983 6.49718051994192E-002 6.62423065719201E-002
87.8666988 6.47697957709151E-002 6.60349134751747E-002
87.9666917 6.45686522759106E-002 6.58284154877824E-002
88.0666846 6.43683547550590E-002 6.56227920531393E-002
88.1666775 6.41688987216551E-002 6.54180385005012E-002
88.2666705 6.39702797177035E-002 6.52141501892211E-002
88.3666710 6.37724782552201E-002 6.50111070512201E-002
88.4666640 6.35755201129727E-002 6.48089354851098E-002
88.5666570 6.33793857959754E-002 6.46076154163936E-002
88.6666500 6.31840709589413E-002 6.44071423225649E-002
88.7666429 6.29895712842361E-002 6.42075117100987E-002
88.8666436 6.27958677349899E-002 6.40087039791882E-002
88.9666366 6.26029856029994E-002 6.38107450271407E-002
89.0666296 6.24109058439762E-002 6.36136152472677E-002
89.1666227 6.22196242488553E-002 6.34173102598160E-002
89.2666157 6.20291366352117E-002 6.32218257129449E-002
89.3666164 6.18394244040762E-002 6.30271424612945E-002
89.4666095 6.16505123714737E-002 6.28332859124481E-002
89.5666026 6.14623819306342E-002 6.26402369137376E-002
89.6665957 6.12750290037366E-002 6.24479912229100E-002
89.7665889 6.10884495386290E-002 6.22565446246011E-002
89.8665896 6.09026253614956E-002 6.20658784145644E-002
89.9665828 6.07175808234924E-002 6.18760175219318E-002
90.0665759 6.05332977426537E-002 6.16869432347577E-002
90.1665691 6.03497721676312E-002 6.14986514432568E-002
90.2665622 6.01670001718157E-002 6.13111380635521E-002
90.3665631 5.99849639942451E-002 6.11243848196480E-002
90.4665563 5.98036875318218E-002 6.09384161732002E-002
90.5665495 5.96231530151151E-002 6.07532138401562E-002
90.6665427 5.94433566146764E-002 6.05687738383764E-002
90.7665359 5.92642945249049E-002 6.03850922106894E-002
90.8665368 5.90859493858217E-002 6.02021510969410E-002
90.9665301 5.89083446504109E-002 6.00199745019948E-002
91.0665233 5.87314629499346E-002 5.98385445573129E-002
91.1665166 5.85553005724602E-002 5.96578574037797E-002
91.2665099 5.83798538290472E-002 5.94779092063459E-002
91.3665108 5.82051057492415E-002 5.92986825087233E-002
91.4665041 5.80310793521717E-002 5.91202008693850E-002
91.5664975 5.78577576583620E-002 5.89424468233621E-002
91.6664908 5.76851370691906E-002 5.87654166301311E-002
91.7664842 5.75132140082080E-002 5.85891065723711E-002
91.8664851 5.73419718834211E-002 5.84134995861000E-002
91.9664785 5.71714332899032E-002 5.82386187935296E-002
92.0664719 5.70015816264017E-002 5.80644471217271E-002
92.1664653 5.68324134035728E-002 5.78909809445125E-002
92.2664587 5.66639251534588E-002 5.77182166580793E-002
92.3664597 5.64961006518429E-002 5.75461375795912E-002
92.4664531 5.63289620792865E-002 5.73747664048616E-002
92.5664466 5.61624932020997E-002 5.72040864418590E-002
92.6664400 5.59966906363475E-002 5.70340941746714E-002
92.7664335 5.58315510187265E-002 5.68647861089654E-002
92.8664346 5.56670584824759E-002 5.66961459322727E-002
92.9664281 5.55032348029401E-002 5.65281959236134E-002
93.0664215 5.53400641036933E-002 5.63609197611044E-002
93.1664150 5.51775431024966E-002 5.61943140351915E-002
93.2664086 5.50156685370183E-002 5.60283753571371E-002
93.3664097 5.48544248879827E-002 5.58630877744312E-002
93.4664032 5.46938335345706E-002 5.56984731586554E-002
93.5663968 5.45338789476696E-002 5.55345155476873E-002
93.6663903 5.43745579431737E-002 5.53712116345794E-002
93.7663839 5.42158673561882E-002 5.52085581324690E-002
93.8663851 5.40577920052870E-002 5.50465394387477E-002
93.9663787 5.39003528823059E-002 5.48851770266699E-002
94.0663723 5.37435347958304E-002 5.47244552838384E-002
94.1663659 5.35873346564657E-002 5.45643710023121E-002
94.2663595 5.34317493933609E-002 5.44049209935314E-002
94.3663607 5.32767641536266E-002 5.42460899950725E-002
94.4663544 5.31223995503443E-002 5.40878990907374E-002
94.5663480 5.29686407205025E-002 5.39303330081562E-002
94.6663417 5.28154846661330E-002 5.37733886349376E-002
94.7663353 5.26629284071697E-002 5.36170628773974E-002
94.8663366 5.25109574102573E-002 5.34613408039042E-002
94.9663303 5.23595919180919E-002 5.33062431174530E-002
95.0663240 5.22088173870794E-002 5.31517548763280E-002
95.1663177 5.20586309075228E-002 5.29978730603690E-002
95.2663114 5.19090295870113E-002 5.28445946674751E-002
95.3663128 5.17599992030183E-002 5.26919050877285E-002
95.4663065 5.16115596360091E-002 5.25398246517398E-002
95.5663002 5.14636966531176E-002 5.23883387393860E-002
95.6662940 5.13164074298871E-002 5.22374444195505E-002
95.7662878 5.11696891585556E-002 5.20871387785543E-002
95.8662892 5.10235279190062E-002 5.19374075194151E-002
95.9662829 5.08779432374190E-002 5.17882706085650E-002
96.0662767 5.07329211832519E-002 5.16397137387119E-002
96.1662705 5.05884590143764E-002 5.14917340647216E-002
96.2662643 5.04445540047901E-002 5.13443287582995E-002
96.3662658 5.03011925286429E-002 5.11974838269106E-002
96.4662596 5.01583937655714E-002 5.10512188808034E-002
96.5662535 5.00161440792283E-002 5.09055199170435E-002
96.6662473 4.98744408070149E-002 5.07603841735374E-002
96.7662412 4.97332813019119E-002 5.06158089044572E-002
96.8662427 4.95926522244568E-002 5.04717804135037E-002
96.9662365 4.94525724152888E-002 5.03283179625340E-002
97.0662304 4.93130285243895E-002 5.01854078447741E-002
97.1662243 4.91740179659995E-002 5.00430473783448E-002
97.2662182 4.90355381694139E-002 4.99012338970803E-002
97.3662198 4.88975760739342E-002 4.97599539929746E-002
97.4662137 4.87601501885557E-002 4.96192265870854E-002
97.5662076 4.86232474419770E-002 4.94790382608692E-002
97.6662016 4.84868653226923E-002 4.93393864099445E-002
97.7661955 4.83510013337449E-002 4.92002684451121E-002
97.8661971 4.82156426858211E-002 4.90616712389725E-002
97.9661911 4.80808075634405E-002 4.89236133791844E-002
98.0661851 4.79464831666510E-002 4.87860817277608E-002
98.1661791 4.78126670557134E-002 4.86490737552058E-002
98.2661730 4.76793568049518E-002 4.85125869466957E-002
98.3661747 4.75465398892946E-002 4.83766084479993E-002
98.4661687 4.74142341757722E-002 4.82411565205879E-002
98.5661627 4.72824271286497E-002 4.81062182996044E-002
98.6661568 4.71511163775627E-002 4.79717913279271E-002
98.7661508 4.70202995657427E-002 4.78378731626159E-002
98.8661525 4.68899644254442E-002 4.77044512154071E-002
98.9661465 4.67601285130199E-002 4.75715434286154E-002
99.0661406 4.66307795500459E-002 4.74391372033236E-002
99.1661347 4.65019152332317E-002 4.73072301523689E-002
99.2661288 4.63735332724333E-002 4.71758199022986E-002
99.3661305 4.62456216505340E-002 4.70448941238449E-002
99.4661246 4.61181976198492E-002 4.69144704470195E-002
99.5661187 4.59912491525780E-002 4.67845365318838E-002
99.6661128 4.58647740102903E-002 4.66550900589107E-002
99.7661070 4.57387699672692E-002 4.65261287218292E-002
99.8661087 4.56132252505407E-002 4.63976404436175E-002
99.9661029 4.54881568148571E-002 4.62696425486654E-002
100.0660970 4.53635528765628E-002 4.61421229492716E-002
100.1660912 4.52394112599571E-002 4.60150793913098E-002
100.2660854 4.51157298016366E-002 4.58885096334727E-002
100.3660872 4.49924969664859E-002 4.57624018444460E-002
100.4660814 4.48697294180078E-002 4.56367730495123E-002
100.5660756 4.47474156104155E-002 4.55116114066785E-002
100.6660698 4.46255534286877E-002 4.53869147250678E-002
100.7660640 4.45041407696995E-002 4.52626808262022E-002
100.8660658 4.43831663301055E-002 4.51388981181420E-002
100.9660601 4.42626464883152E-002 4.50155833334142E-002
101.0660543 4.41425699303302E-002 4.48927248694088E-002
101.1660486 4.40229345998344E-002 4.47703205964284E-002
101.2660428 4.39037384520220E-002 4.46483683967699E-002
101.3660447 4.37849704094177E-002 4.45268569117322E-002
101.4660390 4.36666465713420E-002 4.44058025872807E-002
101.5660333 4.35487558496912E-002 4.42851940540599E-002
101.6660275 4.34312962449537E-002 4.41650292415593E-002
101.7660218 4.33142657687567E-002 4.40453060908727E-002
101.8660238 4.31976535637763E-002 4.39260134705916E-002
101.9660181 4.30814754560996E-002 4.38071675461603E-002
102.0660124 4.29657205778058E-002 4.36887571755394E-002
102.1660067 4.28503869843572E-002 4.35707803454860E-002
102.2660011 4.27354727419970E-002 4.34532350539866E-002
102.3660031 4.26209672080090E-002 4.33361103911626E-002
102.4659974 4.25068859409592E-002 4.32194222478289E-002
102.5659918 4.23932182875716E-002 4.31031597035054E-002
102.6659861 4.22799623565193E-002 4.29873208003692E-002
102.7659805 4.21671162669117E-002 4.28719035914660E-002
102.8659825 4.20546695852652E-002 4.27568973828604E-002
102.9659769 4.19426376081966E-002 4.26423177964845E-002
103.0659713 4.18310098917050E-002 4.25281541278373E-002
103.1659657 4.17197845959760E-002 4.24144044727364E-002
103.2659601 4.16089598912989E-002 4.23010669375198E-002
103.3659622 4.14985255482106E-002 4.21881310387797E-002
103.4659566 4.13884966068143E-002 4.20756121351707E-002
103.5659511 4.12788628271773E-002 4.19634997327605E-002
103.6659455 4.11696224193607E-002 4.18517919792928E-002
103.7659400 4.10607736032092E-002 4.17404870326960E-002
103.8659421 4.09523063482247E-002 4.16295746148383E-002
103.9659365 4.08442354433002E-002 4.15190698265650E-002
104.0659310 4.07365508475208E-002 4.14089623792661E-002
104.1659255 4.06292508192454E-002 4.12992504709590E-002
104.2659200 4.05223336263083E-002 4.11899323095233E-002
104.3659221 4.04157894322729E-002 4.10809978170093E-002
104.4659166 4.03096327799963E-002 4.09724618417884E-002
104.5659112 4.02038538226815E-002 4.08643142954838E-002
104.6659057 4.00984508654652E-002 4.07565534247953E-002
104.7659002 3.99934222226620E-002 4.06491774859729E-002
104.8659024 3.98887582471388E-002 4.05421765963086E-002
104.9658969 3.97844732407662E-002 4.04355653569052E-002
105.0658915 3.96805575461114E-002 4.03293338746829E-002
105.1658860 3.95770095136230E-002 4.02234804434892E-002
105.2658806 3.94738275026408E-002 4.01180033664218E-002
105.3658828 3.93710020507181E-002 4.00128929512208E-002
105.4658774 3.92685472236671E-002 3.99081635567998E-002
105.5658720 3.91664535488058E-002 3.98038054805868E-002
105.6658666 3.90647194204813E-002 3.96998170620980E-002
105.7658612 3.89633432416555E-002 3.95961966498100E-002
105.8658634 3.88623157300877E-002 3.94929347372603E-002
105.9658580 3.87616507203403E-002 3.93900454461298E-002
106.0658527 3.86613389200050E-002 3.92875192597073E-002
106.1658473 3.85613787659645E-002 3.91853545617512E-002
106.2658419 3.84617687034495E-002 3.90835497447013E-002
106.3658442 3.83624996260759E-002 3.89820954833785E-002
106.4658389 3.82635851418505E-002 3.88810056670689E-002
106.5658335 3.81650161342922E-002 3.87802709604115E-002
106.6658282 3.80667910815048E-002 3.86798897900315E-002
106.7658229 3.79689084696824E-002 3.85798605909667E-002
106.8658252 3.78713593640751E-002 3.84801742149403E-002
106.9658199 3.77741571507160E-002 3.83808443235649E-002
107.0658146 3.76772928848316E-002 3.82818617584515E-002
107.1658093 3.75807650844784E-002 3.81832249877660E-002
107.2658040 3.74845722755549E-002 3.80849324878270E-002
107.3658063 3.73887056908453E-002 3.79869752830065E-002
107.4658011 3.72931784988819E-002 3.78893668118526E-002
107.5657958 3.71979819225017E-002 3.77920980886982E-002
107.6657905 3.71031145184898E-002 3.76951676219698E-002
107.7657853 3.70085748512339E-002 3.75985739279962E-002
107.8657877 3.69143543170717E-002 3.75023081996693E-002
107.9657824 3.68204658714006E-002 3.74063836569709E-002
108.0657772 3.67269009006892E-002 3.73107914828292E-002
108.1657720 3.66336579992704E-002 3.72155302246966E-002
108.2657667 3.65407357688487E-002 3.71205984376865E-002
108.3657692 3.64481257654475E-002 3.70259874792000E-002
108.4657639 3.63558407355933E-002 3.69317103550452E-002
108.5657587 3.62638722255214E-002 3.68377584127376E-002
108.6657536 3.61722188659727E-002 3.67441302375642E-002
108.7657484 3.60808792948362E-002 3.66508244222396E-002
108.8657508 3.59898452240650E-002 3.65578324847798E-002
108.9657456 3.58991291954777E-002 3.64651672211072E-002
109.0657405 3.58087229113215E-002 3.63728201394319E-002
