0.0053140 1.60769208874373E+001 4.07297115889911E+003
0.0210792 6.12660885216676E+001 3.96993998106905E+003
0.0467942 1.27525907820195E+002 3.80938130286570E+003
0.0817065 2.04441327865702E+002 3.60526482228285E+003
0.1249105 2.82037945225925E+002 3.37280450374304E+003
0.1754417 3.52678121913701E+002 3.12613733499091E+003
0.2323515 4.11715658209210E+002 2.87691587284372E+003
0.2947571 4.57211932792677E+002 2.63380730058719E+003
0.3618673 4.89210484088948E+002 2.40263647269697E+003
0.4329916 5.08960977083296E+002 2.18685965215009E+003
0.5075377 5.18290902740410E+002 1.98813782704559E+003
0.5850032 5.19177778445607E+002 1.80686945259838E+003
0.6649650 5.13497485346000E+002 1.64262682804796E+003
0.7470680 5.02900394693058E+002 1.49448340084195E+003
0.8310139 4.88769005000861E+002 1.36124716559784E+003
0.9165527 4.72221752093198E+002 1.24161606229267E+003
1.0034738 4.54139640505861E+002 1.13427812241580E+003
1.0915995 4.35201509025247E+002 1.03797186964497E+003
1.1807797 4.15919966967109E+002 9.51519282811719E+002
1.2708868 3.96674496212751E+002 8.73842286717733E+002
1.3618115 3.77739761756237E+002 8.03967047928298E+002
1.4534610 3.59309043615357E+002 7.41021676073570E+002
1.5457546 3.41513489754944E+002 6.84231255743457E+002
1.6386236 3.24436881769861E+002 6.32908996132332E+002
1.7320075 3.08127802133877E+002 5.86448847723079E+002
1.8258543 2.92608524319623E+002 5.44316117810541E+002
1.9201186 2.77882209855431E+002 5.06039780144534E+002
2.0147601 2.63938408219227E+002 4.71205204144516E+002
2.1097440 2.50756920741801E+002 4.39446738161452E+002
2.2050388 2.38311166120016E+002 4.10442298264135E+002
2.3006174 2.26570280008334E+002 3.83907434259324E+002
2.3964555 2.15500946027990E+002 3.59590845326436E+002
2.4925310 2.05068741679299E+002 3.37270377885795E+002
2.5888248 1.95238885098427E+002 3.16749009156471E+002
2.6853193 1.85977099054204E+002 2.97852119166454E+002
2.7819988 1.77249908956282E+002 2.80424391203295E+002
2.8788497 1.69025034825333E+002 2.64327586294678E+002
2.9758588 1.61271648195103E+002 2.49438565905690E+002
3.0730149 1.53960358102814E+002 2.35647224163467E+002
3.1703074 1.47063418347856E+002 2.22855200962339E+002
3.2677268 1.40554617123336E+002 2.10974275710511E+002
3.3652646 1.34409329963909E+002 1.99925307129917E+002
3.4629133 1.28604434651781E+002 1.89637109408097E+002
3.5606650 1.23118364779625E+002 1.80045733697197E+002
3.6585133 1.17930878436145E+002 1.71093376821328E+002
3.7564523 1.13023099188541E+002 1.62727881864087E+002
3.8544764 1.08377413498508E+002 1.54902073905192E+002
3.9525810 1.03977375482218E+002 1.47573186951804E+002
4.0507604 9.98077156785190E+001 1.40702526605406E+002
4.1490108 9.58541432331744E+001 1.34254842086379E+002
4.2473280 9.21033615435443E+001 1.28198098547002E+002
4.3457083 8.85429804993196E+001 1.22503114089526E+002
4.4441489 8.51614380019584E+001 1.17143245440124E+002
4.5426454 8.19480044167653E+001 1.12094231742016E+002
4.6411954 7.88926303287006E+001 1.07333813222551E+002
4.7397961 7.59859598248823E+001 1.02841631889596E+002
4.8384450 7.32192654199241E+001 9.85990243342976E+001
4.9371399 7.05843906017792E+001 9.45888417628827E+001
5.0358779 6.80737574474189E+001 9.07953811755663E+001
5.1346571 6.56802523009580E+001 8.72041417283528E+001
5.2334756 6.33972404614913E+001 8.38017866376965E+001
5.3323316 6.12185198196555E+001 8.05760198012140E+001
5.4312238 5.91382801591269E+001 7.75154784035300E+001
5.5301496 5.71511136714654E+001 7.46097066792910E+001
5.6291079 5.52519289411405E+001 7.18489929299724E+001
5.7280973 5.34359665191078E+001 6.92243605415684E+001
5.8271164 5.16987660794158E+001 6.67274915295414E+001
5.9261644 5.00361376785301E+001 6.43506599037570E+001
6.0252392 4.84441737049285E+001 6.20867261244406E+001
6.1243401 4.69191833932662E+001 5.99290235708562E+001
6.2234659 4.54577082695438E+001 5.78713630564195E+001
6.3226158 4.40564986902358E+001 5.59079836610625E+001
6.4217891 4.27124933519348E+001 5.40335098537081E+001
6.5209840 4.14228314936359E+001 5.22429557422191E+001
6.6202001 4.01848022801239E+001 5.05316431665071E+001
6.7194366 3.89958594049483E+001 4.88952120225525E+001
6.8186927 3.78536040864798E+001 4.73295875400095E+001
6.9179682 3.67557702366588E+001 4.58309517441236E+001
7.0172613 3.57002361913765E+001 4.43957520086025E+001
7.1165720 3.46849849689840E+001 4.30206401578973E+001
7.2158999 3.37081130904616E+001 4.17024786556956E+001
7.3152432 3.27678408901899E+001 4.04383489012807E+001
7.4146030 3.18624558970154E+001 3.92254700888957E+001
7.5139770 3.09903734942371E+001 3.80612762763867E+001
7.6133666 3.01500619904150E+001 3.69433119596689E+001
7.7127702 2.93400962566742E+001 3.58693001228999E+001
7.8121865 2.85591264630913E+001 3.48370970556455E+001
7.9116168 2.78058523716819E+001 3.38446555002732E+001
8.0110589 2.70790704656861E+001 3.28900841172730E+001
8.1105143 2.63776123708770E+001 3.19715638350931E+001
8.2099815 2.57003902280566E+001 3.10874052318412E+001
8.3094593 2.50463713290739E+001 3.02360130394658E+001
8.4089492 2.44145571500568E+001 2.94158570503368E+001
8.5084489 2.38040234058536E+001 2.86255224593626E+001
8.6079599 2.32138689273493E+001 2.78636418946786E+001
8.7074812 2.26432542393936E+001 2.71289439480039E+001
8.8070112 2.20913807368189E+001 2.64202248031265E+001
8.9065517 2.15574733780211E+001 2.57363248605636E+001
9.0061006 2.10408148935778E+001 2.50761714950419E+001
9.1056593 2.05407029531182E+001 2.44387231414786E+001
9.2052267 2.00564831328156E+001 2.38230105025111E+001
9.3048016 1.95875316344636E+001 2.32281135304177E+001
9.4043856 1.91332408466006E+001 2.26531423604461E+001
9.5039766 1.86930487025924E+001 2.20972737726729E+001
9.6035763 1.82664024936328E+001 2.15597046954730E+001
9.7031836 1.78527871821017E+001 2.10396873519302E+001
9.8027972 1.74517109218053E+001 2.05365103411926E+001
9.9024188 1.70626928956022E+001 2.00494828823364E+001
10.0020464 1.66852886308642E+001 1.95779660447526E+001
10.1016817 1.63190591959919E+001 1.91213337123303E+001
10.2013235 1.59635956344511E+001 1.86790027010524E+001
10.3009707 1.56185067261553E+001 1.82504170321345E+001
10.4006251 1.52834086544144E+001 1.78350347633471E+001
10.5002846 1.49579469365907E+001 1.74323548605516E+001
10.5999509 1.46417700224951E+001 1.70418841459617E+001
10.6996230 1.43345504792293E+001 1.66631632287629E+001
10.7992996 1.40359745652493E+001 1.62957533000812E+001
10.8989827 1.37457333835703E+001 1.59392250172117E+001
10.9986702 1.34635419651554E+001 1.55931817303188E+001
11.0983637 1.31891164975730E+001 1.52572312834400E+001
11.1980623 1.29221927752306E+001 1.49310084446085E+001
11.2977649 1.26625172541733E+001 1.46141637194084E+001
11.3974732 1.24098394249332E+001 1.43063538856992E+001
11.4971853 1.21639284896579E+001 1.40072621600236E+001
11.5969029 1.19245536083101E+001 1.37165739727877E+001
11.6966250 1.16915000363761E+001 1.34339964587409E+001
11.7963505 1.14645614002250E+001 1.31592489051220E+001
11.8960812 1.12435330799197E+001 1.28920546289914E+001
11.9958151 1.10282268434438E+001 1.26321585629341E+001
12.0955540 1.08184536193274E+001 1.23793063138463E+001
12.1952970 1.06140376696220E+001 1.21332611734021E+001
12.2950428 1.04148098796992E+001 1.18937959036233E+001
12.3947934 1.02206019843013E+001 1.16606857178158E+001
12.4945468 1.00312594595651E+001 1.14337236802804E+001
12.5943047 9.84662642501776E+000 1.12127024999754E+001
12.6940662 9.66655813972085E+000 1.09974294390612E+001
12.7938302 9.49091514159059E+000 1.07877192029920E+001
12.8935986 9.31955818278614E+000 1.05833878370888E+001
12.9933693 9.15235962948421E+000 1.03842662663475E+001
13.0931443 8.98919016966889E+000 1.01901843836324E+001
13.1929224 8.82992987187177E+000 1.00009841686246E+001
13.2927027 8.67446304085730E+000 9.81651349779234E+000
13.3924871 8.52267375381045E+000 9.63662080703957E+000
13.4922734 8.37445597656332E+000 9.46116704210284E+000
13.5920637 8.22970181152994E+000 9.29001168474094E+000
13.6918568 8.08831131906867E+000 9.12302434121150E+000
13.7916517 7.95018798111435E+000 8.96007932421673E+000
13.8914504 7.81523474943993E+000 8.80105096135721E+000
13.9912508 7.68336305335821E+000 8.64582418145464E+000
14.0910548 7.55448236821501E+000 8.49428218768702E+000
14.1908615 7.42850896723093E+000 8.34631673154562E+000
14.2906697 7.30536190411905E+000 8.20182334715453E+000
14.3904813 7.18495950032487E+000 8.06069720789107E+000
14.4902944 7.06722739161756E+000 7.92284253716342E+000
14.5901109 6.95208923447190E+000 7.78816168911237E+000
14.6899298 6.83947452986773E+000 7.65656428882257E+000
14.7897500 6.72931505137192E+000 7.52796302146700E+000
14.8895734 6.62154171070546E+000 7.40226995713728E+000
14.9893980 6.51609176790765E+000 7.27940494449085E+000
15.0892259 6.41290052274460E+000 7.15928590077310E+000
15.1890558 6.31190833021780E+000 7.04183697027638E+000
15.2888878 6.21305648024747E+000 6.92698370494229E+000
15.3887200 6.11628996748746E+000 6.81465626672738E+000
15.4885562 6.02155007851298E+000 6.70478080882291E+000
15.5883943 5.92878539753017E+000 6.59729223595433E+000
15.6882343 5.83794432095503E+000 6.49212549912194E+000
15.7880763 5.74897686137665E+000 6.38921767717802E+000
15.8879183 5.66183623368034E+000 6.28850979604919E+000
15.9877640 5.57647218515483E+000 6.18993910975191E+000
16.0876115 5.49284091265066E+000 6.09345054978286E+000
16.1874608 5.41089832854136E+000 5.99898892999453E+000
16.2873119 5.33060169031098E+000 5.90650082026318E+000
16.3871628 5.25191103869074E+000 5.81593619079677E+000
16.4870172 5.17478317884462E+000 5.72724147694565E+000
16.5868734 5.09918064081164E+000 5.64036988250280E+000
16.6867312 5.02506560388350E+000 5.55527437731841E+000
16.7865905 4.95240137216737E+000 5.47190938802707E+000
16.8864496 4.88115368134174E+000 5.39023228755139E+000
16.9863121 4.81128525249797E+000 5.31019714540676E+000
17.0861762 4.74276390899638E+000 5.23176402547014E+000
17.1860417 4.67555707987648E+000 5.15489267683908E+000
17.2859087 4.60963313901604E+000 5.07954406316258E+000
17.3857753 4.54496259498635E+000 5.00568171483936E+000
17.4856452 4.48151315029429E+000 4.93326608110862E+000
17.5855166 4.41925707209409E+000 4.86226294264148E+000
17.6853893 4.35816620655191E+000 4.79263771091548E+000
17.7852633 4.29821319689784E+000 4.72435681478396E+000
17.8851368 4.23937256903180E+000 4.65738893061935E+000
17.9850136 4.18161623825189E+000 4.59169986458312E+000
18.0848916 4.12492021805060E+000 4.52726018349178E+000
18.1847709 4.06926008681399E+000 4.46404005022614E+000
18.2846515 4.01461209807958E+000 4.40201048369715E+000
18.3845314 3.96095417296938E+000 4.34114448024918E+000
18.4844144 3.90826180434035E+000 4.28141236459107E+000
18.5842986 3.85651417672230E+000 4.22278872818845E+000
18.6841841 3.80569003468156E+000 4.16524773844070E+000
18.7840706 3.75576869690133E+000 4.10876428608930E+000
18.8839565 3.70673096516015E+000 4.05331500952879E+000
18.9838453 3.65855538246799E+000 3.99887406133450E+000
19.0837353 3.61122382772035E+000 3.94541943145364E+000
19.1836263 3.56471774176850E+000 3.89292867644264E+000
19.2835185 3.51901905548443E+000 3.84137996655924E+000
19.3834098 3.47411102382994E+000 3.79075302319162E+000
19.4833041 3.42997480016080E+000 3.74102525503489E+000
19.5831994 3.38659456109375E+000 3.69217753320861E+000
19.6830957 3.34395405201613E+000 3.64419029405376E+000
19.7829930 3.30203743804770E+000 3.59704449660455E+000
19.8828894 3.26083007073019E+000 3.55072248210488E+000
19.9827887 3.22031534546557E+000 3.50520443990430E+000
20.0826889 3.18047940518668E+000 3.46047369300496E+000
20.1825901 3.14130797188360E+000 3.41651313401257E+000
20.2824922 3.10278712829756E+000 3.37330610235675E+000
20.3823934 3.06490402388093E+000 3.33083717379118E+000
20.4822973 3.02764398642284E+000 3.28908892119064E+000
20.5822022 2.99099484719086E+000 3.24804676167188E+000
20.6821079 2.95494402919082E+000 3.20769569046901E+000
20.7820145 2.91947926649827E+000 3.16802108612979E+000
20.8819201 2.88458925537380E+000 3.12900943696570E+000
20.9818284 2.85026099463546E+000 3.09064536628982E+000
21.0817375 2.81648376984101E+000 3.05291608595592E+000
21.1816475 2.78324647254810E+000 3.01580839734201E+000
21.2815583 2.75053826338347E+000 2.97930943176521E+000
21.3814680 2.71834917353303E+000 2.94340732004076E+000
21.4813803 2.68666765143736E+000 2.90808845543050E+000
21.5812935 2.65548423918387E+000 2.87334159303239E+000
21.6812074 2.62478910008933E+000 2.83915509083320E+000
21.7811221 2.59457263090800E+000 2.80551759173258E+000
21.8810357 2.56482601833521E+000 2.77241864166853E+000
21.9809519 2.53553897220791E+000 2.73984616675001E+000
22.0808688 2.50670312346541E+000 2.70779025326477E+000
22.1807864 2.47830974001450E+000 2.67624060500664E+000
22.2807048 2.45035029286955E+000 2.64518717256119E+000
22.3806219 2.42281697180067E+000 2.61462072484311E+000
22.4805416 2.39570058747816E+000 2.58453051964837E+000
22.5804621 2.36899371705201E+000 2.55490779501617E+000
22.6803832 2.34268859054447E+000 2.52574342183225E+000
22.7803050 2.31677761518510E+000 2.49702848538714E+000
22.8802255 2.29125385388974E+000 2.46875481463659E+000
22.9801486 2.26610908074874E+000 2.44091282779682E+000
23.0800723 2.24133669739422E+000 2.41349476230035E+000
23.1799967 2.21692977415015E+000 2.38649250409476E+000
23.2799217 2.19288153636161E+000 2.35989812592550E+000
23.3798454 2.16918580900040E+000 2.33370437816285E+000
23.4797716 2.14583521160583E+000 2.30790269313574E+000
23.5796984 2.12282386609320E+000 2.28248617788109E+000
23.6796259 2.10014557862083E+000 2.25744760365485E+000
23.7795539 2.07779429130673E+000 2.23277990490315E+000
23.8794806 2.05576449591337E+000 2.20847663508941E+000
23.9794098 2.03404955584280E+000 2.18453011526451E+000
24.0793395 2.01264422383781E+000 2.16093421115895E+000
24.1792698 1.99154295203654E+000 2.13768246824732E+000
24.2792007 1.97074031211310E+000 2.11476857494467E+000
24.3791302 1.95023138069109E+000 2.09218678650674E+000
24.4790621 1.93001017730340E+000 2.06993020490749E+000
24.5789946 1.91007200850484E+000 2.04799335950577E+000
24.6789277 1.89041189490885E+000 2.02637047459649E+000
24.7788612 1.87102496247453E+000 2.00505589999429E+000
24.8787934 1.85190680203156E+000 1.98404450576265E+000
24.9787279 1.83305201326373E+000 1.96333008184569E+000
25.0786630 1.81445639005219E+000 1.94290773951045E+000
25.1785986 1.79611545445130E+000 1.92277229971037E+000
25.2785347 1.77802482156784E+000 1.90291869388905E+000
25.3784693 1.76018053534311E+000 1.88334233201392E+000
25.4784064 1.74257770963157E+000 1.86403761161674E+000
25.5783439 1.72521256809458E+000 1.84500015542776E+000
25.6782819 1.70808107609627E+000 1.82622531009884E+000
25.7782204 1.69117928137601E+000 1.80770851976995E+000
25.8781574 1.67450362802379E+000 1.78944566963541E+000
25.9780968 1.65804968661820E+000 1.77143169510929E+000
26.0780366 1.64181406066642E+000 1.75366266949613E+000
26.1779769 1.62579310830402E+000 1.73613440369526E+000
26.2779176 1.60998326074519E+000 1.71884279481632E+000
26.3778568 1.59438131620120E+000 1.70178414728691E+000
26.4777984 1.57898325183219E+000 1.68495387379509E+000
26.5777404 1.56378600755585E+000 1.66834844545410E+000
26.6776829 1.54878629023425E+000 1.65196408405612E+000
26.7776257 1.53398087169425E+000 1.63579708779662E+000
26.8775671 1.51936686417275E+000 1.61984413173749E+000
26.9775108 1.50494060753741E+000 1.60410105300610E+000
27.0774549 1.49069934024533E+000 1.58856467468399E+000
27.1773994 1.47664007940856E+000 1.57323158301502E+000
27.2773442 1.46275990000580E+000 1.55809843209731E+000
27.3772876 1.44905619329076E+000 1.54316222534294E+000
27.4772333 1.43552562335895E+000 1.52841917814558E+000
27.5771793 1.42216569411221E+000 1.51386642563492E+000
27.6771257 1.40897369922344E+000 1.49950087798508E+000
27.7770725 1.39594698400879E+000 1.48531950575431E+000
27.8770178 1.38308318810320E+000 1.47131960382828E+000
27.9769653 1.37037926600469E+000 1.45749772541840E+000
28.0769132 1.35783295807545E+000 1.44385128285717E+000
28.1768615 1.34544180498668E+000 1.43037747480992E+000
28.2768101 1.33320339358455E+000 1.41707355378394E+000
28.3767572 1.32111558501887E+000 1.40393707390441E+000
28.4767065 1.30917559439048E+000 1.39096489068425E+000
28.5766562 1.29738137308350E+000 1.37815466317464E+000
28.6766062 1.28573068277043E+000 1.36550384746807E+000
28.7765565 1.27422132648392E+000 1.35300994775666E+000
28.8765053 1.26285136327864E+000 1.34067074916721E+000
28.9764563 1.25161824254917E+000 1.32848337825843E+000
29.0764077 1.24052010432921E+000 1.31644571407354E+000
29.1763593 1.22955490838384E+000 1.30455544284345E+000
29.2763113 1.21872065159009E+000 1.29281029384772E+000
29.3762617 1.20801557011736E+000 1.28120825842482E+000
29.4762144 1.19743732437846E+000 1.26974670661310E+000
29.5761673 1.18698422334181E+000 1.25842371396627E+000
29.6761206 1.17665440463712E+000 1.24723717283074E+000
29.7760741 1.16644603925054E+000 1.23618501414950E+000
29.8760261 1.15635752212330E+000 1.22526541366496E+000
29.9759803 1.14638670405351E+000 1.21447596053163E+000
30.0759347 1.13653204553772E+000 1.20381490614135E+000
30.1758895 1.12679184417472E+000 1.19328032776482E+000
30.2758445 1.11716442759348E+000 1.18287033733727E+000
30.3757980 1.10764833329273E+000 1.17258327578253E+000
30.4757536 1.09824158412997E+000 1.16241692979439E+000
30.5757095 1.08894277673254E+000 1.15236970836773E+000
30.6756657 1.07975035280645E+000 1.14243985496726E+000
30.7756221 1.07066278113629E+000 1.13262564424261E+000
30.8755770 1.06167872741930E+000 1.12292556532259E+000
30.9755340 1.05279637026474E+000 1.11333758329339E+000
31.0754913 1.04401442878615E+000 1.10386024863723E+000
31.1754469 1.03533163939027E+000 1.09449213208132E+000
31.2754067 1.02674610422440E+000 1.08523112183065E+000
31.3753629 1.01825709848136E+000 1.07607637316485E+000
31.4753231 1.00986261809314E+000 1.06702566324508E+000
31.5752798 1.00156197018385E+000 1.05807818468800E+000
31.6752368 9.93353522032464E-001 1.04923211830976E+000
31.7751978 9.85235677105420E-001 1.04048568576151E+000
31.8751552 9.77207787784400E-001 1.03183813253554E+000
31.9751168 9.69267995826346E-001 1.02328740135262E+000
32.0750747 9.61415682123418E-001 1.01483277098752E+000
32.1750329 9.53649337743259E-001 1.00647256326935E+000
32.2749952 9.45967486906046E-001 9.98205137357625E-001
32.3749539 9.38369550934242E-001 9.90029819187486E-001
32.4749166 9.30853804605037E-001 9.81944702174251E-001
32.5748758 9.23419694723506E-001 9.73949141954622E-001
32.6748352 9.16065825002291E-001 9.66041588402876E-001
32.7747986 9.08790829570198E-001 9.58220525571610E-001
32.8747585 9.01594191386810E-001 9.50485351206480E-001
32.9747223 8.94474306747178E-001 9.42834296097242E-001
33.0746827 8.87430681409665E-001 9.35266784523763E-001
33.1746432 8.80462021738989E-001 9.27781382805036E-001
33.2746078 8.73567062044754E-001 9.20376688598485E-001
33.3745687 8.66745340447257E-001 9.13052163821691E-001
33.4745337 8.59995364409863E-001 9.05806164682528E-001
33.5744951 8.53316692469493E-001 8.98638176827212E-001
33.6744568 8.46708124667461E-001 8.91546872624678E-001
33.7744224 8.40168486754551E-001 8.84530953219391E-001
33.8743844 8.33697366261117E-001 8.77589937931949E-001
33.9743505 8.27293372491701E-001 8.70722297638252E-001
34.0743130 8.20956111276103E-001 8.63927572898925E-001
34.1742756 8.14684468257971E-001 8.57204532803181E-001
34.2742423 8.08477352765208E-001 8.50551972899075E-001
34.3742054 8.02334396625332E-001 8.43969463903690E-001
34.4741725 7.96254302565235E-001 8.37455581679676E-001
34.5741359 7.90236718827819E-001 8.31009915973734E-001
34.6740996 7.84280609384428E-001 8.24631324208308E-001
34.7740673 7.78384960053122E-001 8.18318688167260E-001
34.8740313 7.72549442406996E-001 8.12071624627040E-001
34.9739994 7.66772844984819E-001 8.05888805704553E-001
35.0739638 7.61054854096386E-001 7.99769865239993E-001
35.1739284 7.55394505476815E-001 7.93713741437700E-001
35.2738971 7.49790855038219E-001 7.87719394961608E-001
35.3738621 7.44243610042443E-001 7.81786483899119E-001
35.4738310 7.38751637950248E-001 7.75913768732582E-001
35.5737964 7.33314659262717E-001 7.70100922862579E-001
35.6737620 7.27931775547517E-001 7.64346958466191E-001
35.7737315 7.22602107029921E-001 7.58650908453047E-001
35.8736974 7.17325393040436E-001 7.53012467991640E-001
35.9736673 7.12100573715332E-001 7.47430478792457E-001
36.0736335 7.06927400287036E-001 7.41904649776445E-001
36.1735999 7.01805034788692E-001 7.36434060944485E-001
36.2735704 6.96732656526545E-001 7.31017811459422E-001
36.3735371 6.91710033665757E-001 7.25655629798387E-001
36.4735079 6.86736173347023E-001 7.20346432433212E-001
36.5734750 6.81810854441802E-001 7.15089960200395E-001
36.6734423 6.76933294585488E-001 7.09885355363958E-001
36.7734135 6.72102727423244E-001 7.04731777919544E-001
36.8733811 6.67318947062647E-001 6.99628986284562E-001
36.9733527 6.62581022493108E-001 6.94575965824602E-001
37.0733206 6.57888757458424E-001 6.89572486071583E-001
37.1732887 6.53241420783636E-001 6.84617746516981E-001
37.2732608 6.48638296149288E-001 6.79710963079511E-001
37.3732292 6.44079201016058E-001 6.74851921105952E-001
37.4732015 6.39563261528679E-001 6.70039669524397E-001
37.5731702 6.35090303825369E-001 6.65274003682542E-001
37.6731391 6.30659643911863E-001 6.60554175732877E-001
37.7731119 6.26270611593422E-001 6.55879453063995E-001
37.8730811 6.21923045363389E-001 6.51249645257803E-001
37.9730543 6.17616124243740E-001 6.46663859954424E-001
38.0730237 6.13349694545631E-001 6.42121915739470E-001
38.1729934 6.09123115808627E-001 6.37623113280027E-001
38.2729669 6.04935760404550E-001 6.33166767390164E-001
38.3729369 6.00787485777900E-001 6.28752709473540E-001
38.4729107 5.96677519923468E-001 6.24380101463470E-001
38.5728809 5.92605727331849E-001 6.20048782873439E-001
38.6728513 5.88571507754838E-001 6.15758099115251E-001
38.7728256 5.84574272889396E-001 6.11507408750587E-001
38.8727962 5.80613897262258E-001 6.07296562840940E-001
38.9727708 5.76689654273219E-001 6.03124773582049E-001
39.0727417 5.72801424801769E-001 5.98991899343207E-001
39.1727127 5.68948645782918E-001 5.94897326849092E-001
39.2726877 5.65130765282308E-001 5.90840455060264E-001
39.3726590 5.61347673229370E-001 5.86821152753957E-001
39.4726343 5.57598685164757E-001 5.82838678706970E-001
39.5726059 5.53883696747192E-001 5.78892908284062E-001
39.6725776 5.50202179329421E-001 5.74983266394828E-001
39.7725533 5.46553614646052E-001 5.71109189345919E-001
39.8725252 5.42937906518560E-001 5.67270561885722E-001
39.9725012 5.39354409638635E-001 5.63466686005742E-001
40.0724734 5.35803032995943E-001 5.59697452394455E-001
40.1724458 5.32283279833188E-001 5.55962321291978E-001
40.2724221 5.28794663085833E-001 5.52260763564742E-001
40.3723947 5.25337099107531E-001 5.48592678363731E-001
40.4723712 5.21909978999316E-001 5.44957407813210E-001
40.5723441 5.18513223777652E-001 5.41354856421799E-001
40.6723171 5.15146366262079E-001 5.37784517152332E-001
40.7722940 5.11808948330004E-001 5.34245892884961E-001
40.8722673 5.08500897642163E-001 5.30738895761798E-001
40.9722444 5.05221639191959E-001 5.27262905215031E-001
41.0722179 5.01971104847402E-001 5.23817838219988E-001
41.1721915 4.98748854885838E-001 5.20403218076981E-001
41.2721690 4.95554458056898E-001 5.17018577350707E-001
41.3721428 4.92387852223893E-001 5.13663839903287E-001
41.4721206 4.89248493959393E-001 5.10338419882701E-001
41.5720946 4.86136324923072E-001 5.07042245511743E-001
41.6720688 4.83050930906759E-001 5.03774868244095E-001
41.7720469 4.79991905633909E-001 5.00535848195876E-001
41.8720213 4.76959196173896E-001 4.97325119803587E-001
41.9719996 4.73952288550258E-001 4.94142129549795E-001
42.0719743 4.70971133257816E-001 4.90986815805565E-001
42.1719490 4.68015339818829E-001 4.87858756175840E-001
42.2719276 4.65084525187481E-001 4.84757536372453E-001
42.3719026 4.62178644739516E-001 4.81683100373012E-001
42.4718815 4.59297211989404E-001 4.78634924804856E-001
42.5718566 4.56440185403307E-001 4.75612957195646E-001
42.6718319 4.53607196594383E-001 4.72616799464341E-001
42.7718111 4.50797884145404E-001 4.69646061123550E-001
42.8717866 4.48012210925682E-001 4.66700694759394E-001
42.9717660 4.45249716133612E-001 4.63780205128048E-001
43.0717417 4.42510365426115E-001 4.60884548018474E-001
43.1717175 4.39793810999015E-001 4.58013347975954E-001
43.2716972 4.37099711589611E-001 4.55166236664761E-001
43.3716732 4.34428036826022E-001 4.52343174437246E-001
43.4716531 4.31778349922981E-001 4.49543692320644E-001
43.5716293 4.29150623022369E-001 4.46767753556419E-001
43.6716056 4.26544527513854E-001 4.44015003764258E-001
43.7715858 4.23959740931711E-001 4.41285095243443E-001
43.8715623 4.21396238998267E-001 4.38577995351359E-001
43.9715428 4.18853607404167E-001 4.35893259672541E-001
44.0715195 4.16331824137699E-001 4.33230858169837E-001
44.1714963 4.13830578502287E-001 4.30590456108868E-001
44.2714770 4.11349565577727E-001 4.27971725027695E-001
44.3714539 4.08888766579082E-001 4.25374638600403E-001
44.4714348 4.06447788248586E-001 4.22798775386366E-001
44.5714120 4.04026613842926E-001 4.20244111408535E-001
44.6713893 4.01624949398282E-001 4.17710330262329E-001
44.7713704 3.99242506385239E-001 4.15197121437977E-001
44.8713479 3.96879270966982E-001 4.12704464303473E-001
44.9713293 3.94534869619134E-001 4.10231958930394E-001
45.0713069 3.92209290343295E-001 4.07779586803343E-001
45.1712846 3.89902254817836E-001 4.05347048633758E-001
45.2712662 3.87613489837656E-001 4.02934050677302E-001
45.3712441 3.85342986020688E-001 4.00540577432086E-001
45.4712259 3.83090388354841E-001 3.98166249128734E-001
45.5712040 3.80855689112319E-001 3.95811052171638E-001
45.6711822 3.78638624605691E-001 3.93474703267811E-001
45.7711643 3.76438935968333E-001 3.91156924342732E-001
45.8711426 3.74256617825771E-001 3.88857704513997E-001
45.9711248 3.72091332546033E-001 3.86576682918241E-001
46.0711034 3.69943076241972E-001 3.84313850388784E-001
46.1710820 3.67811598927880E-001 3.82068938592987E-001
46.2710644 3.65696655163491E-001 3.79841684113724E-001
46.3710432 3.63598243176495E-001 3.77632080225373E-001
46.4710259 3.61516041664408E-001 3.75439783809216E-001
46.5710048 3.59450050190840E-001 3.73264789682630E-001
46.6709838 3.57400031608423E-001 3.71106843515990E-001
46.7709667 3.55365753058620E-001 3.68965695613177E-001
46.8709459 3.53347216003548E-001 3.66841342985907E-001
46.9709290 3.51344114494404E-001 3.64733459182749E-001
47.0709083 3.49356451191859E-001 3.62642042601797E-001
47.1708877 3.47384000986809E-001 3.60566852030342E-001
47.2708710 3.45426542819639E-001 3.58507650626464E-001
47.3708506 3.43484081053229E-001 3.56464438758833E-001
47.4708341 3.41556324185389E-001 3.54436905643012E-001
47.5708138 3.39643277652889E-001 3.52425052891973E-001
47.6707936 3.37744727642846E-001 3.50428651589073E-001
47.7707773 3.35860464168463E-001 3.48447476943496E-001
47.8707573 3.33990494190547E-001 3.46481532335785E-001
47.9707411 3.32134539809648E-001 3.44530521718967E-001
48.0707212 3.30292608947292E-001 3.42594449588966E-001
48.1707014 3.28464498398047E-001 3.40673098564141E-001
48.2706855 3.26650008573871E-001 3.38766255160105E-001
48.3706658 3.24849148758561E-001 3.36873925456112E-001
48.4706500 3.23061653869700E-001 3.34995827278161E-001
48.5706305 3.21287534049046E-001 3.33131967703879E-001
48.6706110 3.19526596058779E-001 3.31282140180426E-001
48.7705955 3.17778650083361E-001 3.29446141838750E-001
48.8705762 3.16043707479920E-001 3.27623981172553E-001
48.9705608 3.14321515250942E-001 3.25815389076155E-001
49.0705416 3.12612085518191E-001 3.24020374935392E-001
49.1705225 3.10915234416606E-001 3.22238742370397E-001
49.2705073 3.09230781320870E-001 3.20470298485588E-001
49.3704883 3.07558739434695E-001 3.18715053931016E-001
49.4704733 3.05898867162727E-001 3.16972751919753E-001
49.5704545 3.04251178388544E-001 3.15243403897510E-001
49.6704357 3.02615498066390E-001 3.13526823047866E-001
49.7704208 3.00991654219350E-001 3.11822825852080E-001
49.8704022 2.99379661691749E-001 3.10131424882155E-001
49.9703875 2.97779289653227E-001 3.08452374971139E-001
50.0703690 2.96190553550968E-001 3.06785689399072E-001
50.1703506 2.94613286643197E-001 3.05131190346034E-001
50.2703361 2.93047325096853E-001 3.03488703115128E-001
50.3703178 2.91492685209752E-001 3.01858241987414E-001
50.4703034 2.89949146321463E-001 3.00239572763961E-001
50.5702853 2.88416725262700E-001 2.98632710354272E-001
50.6702672 2.86895263115495E-001 2.97037485407201E-001
50.7702530 2.85384603720446E-001 2.95453731531020E-001
50.8702350 2.83884764658869E-001 2.93881464522448E-001
50.9702209 2.82395534884089E-001 2.92320460541869E-001
51.0702031 2.80916932446753E-001 2.90770735942139E-001
51.1701853 2.79448805804943E-001 2.89232129349289E-001
51.2701714 2.77991006034435E-001 2.87704482195407E-001
51.3701538 2.76543551845592E-001 2.86187811617179E-001
51.4701400 2.75106241285317E-001 2.84681903565548E-001
51.5701225 2.73679093475561E-001 2.83186775667648E-001
51.6701050 2.72261963832634E-001 2.81702274068407E-001
51.7700914 2.70854710258276E-001 2.80228247574959E-001
51.8700741 2.69457352451587E-001 2.78764714504342E-001
51.9700606 2.68069697066183E-001 2.77311470066248E-001
52.0700434 2.66691764160291E-001 2.75868533008483E-001
52.1700263 2.65323415718296E-001 2.74435756567355E-001
52.2700130 2.63964516085739E-001 2.73012996506344E-001
52.3699959 2.62615085822995E-001 2.71600272177829E-001
52.4699827 2.61274939734400E-001 2.70197387552643E-001
52.5699658 2.59944098691805E-001 2.68804362359715E-001
52.6699489 2.58622430883087E-001 2.67421056527623E-001
52.7699359 2.57309806740453E-001 2.66047332385281E-001
52.8699192 2.56006247569776E-001 2.64683210188680E-001
52.9699063 2.54711575898747E-001 2.63328502203851E-001
53.0698897 2.53425813301443E-001 2.61983229014091E-001
53.1698731 2.52148833828331E-001 2.60647256867397E-001
53.2698603 2.50880513664293E-001 2.59320454292891E-001
53.3698439 2.49620874755575E-001 2.58002842330530E-001
53.4698313 2.48369746952408E-001 2.56694241104956E-001
53.5698149 2.47127152429951E-001 2.55394671938707E-001
53.6697986 2.45892970782275E-001 2.54104007050651E-001
53.7697861 2.44667083634405E-001 2.52822120828659E-001
53.8697699 2.43449513477514E-001 2.51549034987994E-001
53.9697576 2.42240097108227E-001 2.50284577102562E-001
54.0697415 2.41038857210973E-001 2.49028769129600E-001
54.1697254 2.39845678624761E-001 2.47781488932797E-001
54.2697133 2.38660448122101E-001 2.46542616439314E-001
54.3696973 2.37483188652476E-001 2.45312173941073E-001
54.4696852 2.36313743605682E-001 2.44089996077178E-001
54.5696694 2.35152136092099E-001 2.42876105344660E-001
54.6696536 2.33998255915858E-001 2.41670384946817E-001
54.7696417 2.32851994722742E-001 2.40472720051049E-001
54.8696260 2.31713375841962E-001 2.39283133436392E-001
54.9696142 2.30582248924573E-001 2.38101466446572E-001
55.0695986 2.29458637431342E-001 2.36927742032289E-001
55.1695831 2.28342435869196E-001 2.35761848450566E-001
55.2695714 2.27233540500090E-001 2.34603675828895E-001
55.3695560 2.26131974961715E-001 2.33453247352190E-001
55.4695444 2.25037594854310E-001 2.32310410730059E-001
55.5695291 2.23950423920526E-001 2.31175189288740E-001
55.6695138 2.22870361124001E-001 2.30047476071037E-001
55.7695023 2.21797307101670E-001 2.28927165901934E-001
55.8694872 2.20731285735130E-001 2.27814282298550E-001
55.9694758 2.19672158280206E-001 2.26708679017952E-001
56.0694607 2.18619948699365E-001 2.25610379691080E-001
56.1694457 2.17574560181979E-001 2.24519281895221E-001
56.2694345 2.16535897513542E-001 2.23435284906551E-001
56.3694196 2.15503984761083E-001 2.22358412507618E-001
56.4694085 2.14478688559626E-001 2.21288524203441E-001
56.5693936 2.13460033035262E-001 2.20225643865467E-001
56.6693788 2.12447925386156E-001 2.19169673369645E-001
56.7693678 2.11442274333699E-001 2.18120516212191E-001
56.8693531 2.10443104077430E-001 2.17078196380587E-001
56.9693423 2.09450286371240E-001 2.16042578845926E-001
57.0693276 2.08463845454008E-001 2.15013687662028E-001
57.1693130 2.07483692328828E-001 2.13991428782069E-001
57.2693023 2.06509739453114E-001 2.12975709705233E-001
57.3692878 2.05542011111066E-001 2.11966554569185E-001
57.4692772 2.04580383930093E-001 2.10963833545635E-001
57.5692628 2.03624882215915E-001 2.09967570818176E-001
57.6692484 2.02675420584862E-001 2.08977676209159E-001
57.7692379 2.01731915042414E-001 2.07994061016773E-001
57.8692236 2.00794389914216E-001 2.07016749479342E-001
57.9692132 1.99862726469828E-001 2.06045616719069E-001
58.0691990 1.98936949040330E-001 2.05080687001764E-001
58.1691849 1.98016975674933E-001 2.04121873823365E-001
58.2691746 1.97102725750341E-001 2.03169092089303E-001
58.3691605 1.96194223594648E-001 2.02222366093817E-001
58.4691503 1.95291354901269E-001 2.01281575673786E-001
58.5691363 1.94394143989234E-001 2.00346745134278E-001
58.6691224 1.93502512170862E-001 1.99417791460849E-001
58.7691123 1.92616382027593E-001 1.98494632985777E-001
58.8690985 1.91735777854829E-001 1.97577294018829E-001
58.9690885 1.90860589563768E-001 1.96665658889109E-001
59.0690747 1.89990841427695E-001 1.95759751902189E-001
59.1690610 1.89126457862134E-001 1.94859493360097E-001
59.2690511 1.88267364496438E-001 1.93964804852165E-001
59.3690374 1.87413585561702E-001 1.93075710667278E-001
59.4690277 1.86565014992257E-001 1.92192099416808E-001
59.5690141 1.85721676985351E-001 1.91313995371912E-001
59.6690006 1.84883498909021E-001 1.90441321988040E-001
59.7689909 1.84050409292738E-001 1.89574003951679E-001
59.8689774 1.83222432274885E-001 1.88712065498052E-001
59.9689678 1.82399465628981E-001 1.87855399322523E-001
60.0689545 1.81581533449040E-001 1.87004029630426E-001
60.1689411 1.80768565913532E-001 1.86157882877002E-001
60.2689316 1.79960494312676E-001 1.85316886695226E-001
60.3689184 1.79157342666684E-001 1.84481065237198E-001
60.4689090 1.78359012414333E-001 1.83650315094935E-001
60.5688958 1.77565527522041E-001 1.82824660379727E-001
60.6688827 1.76776820844670E-001 1.82004030401791E-001
60.7688734 1.75992826301711E-001 1.81188355598541E-001
60.8688603 1.75213567772415E-001 1.80377660012520E-001
60.9688511 1.74438950196283E-001 1.79571843955298E-001
61.0688381 1.73668997390360E-001 1.78770931418824E-001
61.1688251 1.72903644759390E-001 1.77974854431699E-001
61.2688160 1.72142828728023E-001 1.77183546101785E-001
61.3688031 1.71386573014214E-001 1.76397030338405E-001
61.4687941 1.70634785902462E-001 1.75615211005173E-001
61.5687813 1.69887491041015E-001 1.74838111952066E-001
61.6687685 1.69144626265036E-001 1.74065667797167E-001
61.7687596 1.68406130387123E-001 1.73297814192342E-001
61.8687469 1.67672026945833E-001 1.72534574892544E-001
61.9687381 1.66942227423195E-001 1.71775857154920E-001
62.0687254 1.66216755281403E-001 1.71021684667281E-001
62.1687128 1.65495550673160E-001 1.70271994515490E-001
62.2687041 1.64778554688265E-001 1.69526724776013E-001
62.3686916 1.64065790669819E-001 1.68785899030604E-001
62.4686829 1.63357173157670E-001 1.68049427779861E-001
62.5686704 1.62652725412660E-001 1.67317334531458E-001
62.6686580 1.61952389798339E-001 1.66589558724072E-001
62.7686494 1.61256109577015E-001 1.65866040745979E-001
62.8686371 1.60563907882133E-001 1.65146803988994E-001
62.9686286 1.59875702178935E-001 1.64431762055013E-001
63.0686163 1.59191515513416E-001 1.63720938255626E-001
63.1686040 1.58511292359065E-001 1.63014274273676E-001
63.2685918 1.57835003775752E-001 1.62311739424248E-001
63.3685872 1.57162569926947E-001 1.61613250163744E-001
63.4685751 1.56494064976751E-001 1.60918882922952E-001
63.5685630 1.55829409293550E-001 1.60228554384198E-001
63.6685509 1.55168574940913E-001 1.59542234937577E-001
63.7685388 1.54511534226915E-001 1.58859895234995E-001
63.8685344 1.53858210002974E-001 1.58181454579678E-001
63.9685224 1.53208674740259E-001 1.57506987652744E-001
64.0685105 1.52562851480519E-001 1.56836413967327E-001
64.1684986 1.51920713485131E-001 1.56169705195823E-001
64.2684867 1.51282234247750E-001 1.55506833259204E-001
64.3684824 1.50647339194159E-001 1.54847720185807E-001
64.4684706 1.50016099145248E-001 1.54192438950932E-001
64.5684588 1.49388439703531E-001 1.53540911777897E-001
64.6684470 1.48764335268446E-001 1.52893111556788E-001
64.7684353 1.48143760460175E-001 1.52249011413806E-001
64.8684312 1.47526643171023E-001 1.51608535986901E-001
64.9684195 1.46913052613300E-001 1.50971756588466E-001
65.0684079 1.46302916843356E-001 1.50338598037517E-001
65.1683963 1.45696211342336E-001 1.49709034380935E-001
65.2683847 1.45092911801242E-001 1.49083039889958E-001
65.3683808 1.44492948476460E-001 1.48460541702501E-001
65.4683692 1.43896389012466E-001 1.47841609510021E-001
65.5683578 1.43303163817857E-001 1.47226170618524E-001
65.6683463 1.42713249402303E-001 1.46614200174251E-001
65.7683349 1.42126622475062E-001 1.46005673536711E-001
65.8683311 1.41543215559237E-001 1.45400520239648E-001
65.9683197 1.40963094771275E-001 1.44798808394599E-001
66.0683084 1.40386192775454E-001 1.44200467691292E-001
66.1682971 1.39812487059767E-001 1.43605474321144E-001
66.2682858 1.39241955302095E-001 1.43013804678374E-001
66.3682821 1.38674532199701E-001 1.42425390593597E-001
66.4682709 1.38110282379855E-001 1.41840298638507E-001
66.5682597 1.37549140670690E-001 1.41258460788407E-001
66.6682485 1.36991085491110E-001 1.40679854228747E-001
66.7682374 1.36436095440745E-001 1.40104456337896E-001
66.8682339 1.35884107302972E-001 1.39532201149272E-001
66.9682228 1.35335184253806E-001 1.38963153733854E-001
67.0682118 1.34789263197878E-001 1.38397248259211E-001
67.1682007 1.34246323440208E-001 1.37834462856527E-001
67.2681897 1.33706344457879E-001 1.37274775840575E-001
67.3681864 1.33169265036611E-001 1.36718123358120E-001
67.4681754 1.32635146938147E-001 1.36164569017612E-001
67.5681645 1.32103929060482E-001 1.35614049090129E-001
67.6681536 1.31575591552408E-001 1.35066542606969E-001
67.7681428 1.31050114726594E-001 1.34522028774198E-001
67.8681396 1.30527439291352E-001 1.33980445766815E-001
67.9681288 1.30007625630222E-001 1.33441855767998E-001
68.0681180 1.29490614555408E-001 1.32906197067880E-001
68.1681072 1.28976387019438E-001 1.32373449554752E-001
68.2680965 1.28464924130970E-001 1.31843593283339E-001
68.3680934 1.27956168444965E-001 1.31316568375867E-001
68.4680827 1.27450179001915E-001 1.30792435626576E-001
68.5680721 1.26946898452844E-001 1.30271135264253E-001
68.6680615 1.26446308516139E-001 1.29752647993418E-001
68.7680509 1.25948391058993E-001 1.29236954677141E-001
68.8680479 1.25453090410659E-001 1.28723997307742E-001
68.9680374 1.24960464302846E-001 1.28213835325943E-001
69.0680269 1.24470457153560E-001 1.27706410822620E-001
69.1680164 1.23983051411207E-001 1.27201705279964E-001
69.2680059 1.23498229666062E-001 1.26699700331262E-001
69.3680031 1.23015937952715E-001 1.26200339765445E-001
69.4679927 1.22536232727470E-001 1.25703681704248E-001
69.5679823 1.22059060106844E-001 1.25209670027685E-001
69.6679719 1.21584403235326E-001 1.24718286959138E-001
69.7679615 1.21112245392713E-001 1.24229514866023E-001
69.8679589 1.20642534253182E-001 1.23743299263872E-001
69.9679486 1.20175325030153E-001 1.23259696989066E-001
70.0679383 1.19710565473349E-001 1.22778653641233E-001
70.1679281 1.19248239391214E-001 1.22300152150415E-001
70.2679178 1.18788330721272E-001 1.21824175584000E-001
70.3679153 1.18330788714582E-001 1.21350671117366E-001
70.4679051 1.17875667373341E-001 1.20879694334316E-001
70.5678949 1.17422916018194E-001 1.20411192487804E-001
70.6678848 1.16972519091090E-001 1.19945149181826E-001
70.7678747 1.16524461157164E-001 1.19481548151397E-001
70.8678723 1.16078692984518E-001 1.19020338168086E-001
70.9678622 1.15635267394962E-001 1.18561573595031E-001
71.0678522 1.15194135220618E-001 1.18105203275286E-001
71.1678422 1.14755281508084E-001 1.17651211455823E-001
71.2678322 1.14318691421559E-001 1.17199582508640E-001
71.3678299 1.13884317189075E-001 1.16750266740766E-001
71.4678200 1.13452210482070E-001 1.16303317325753E-001
71.5678100 1.13022323587395E-001 1.15858684636422E-001
71.6678002 1.12594642128942E-001 1.15416353533371E-001
71.7677903 1.12169151842901E-001 1.14976308996534E-001
71.8677881 1.11745806362701E-001 1.14538502810440E-001
71.9677783 1.11324656238626E-001 1.14102986989313E-001
72.0677685 1.10905655158061E-001 1.13669713378155E-001
72.1677587 1.10488789296243E-001 1.13238667423358E-001
72.2677489 1.10074044935680E-001 1.12809834685262E-001
72.3677468 1.09661377063105E-001 1.12383168370557E-001
72.4677371 1.09250835136081E-001 1.11958719363593E-001
72.5677275 1.08842374190756E-001 1.11536440926564E-001
72.6677178 1.08435980929093E-001 1.11116319065265E-001
72.7677082 1.08031642155554E-001 1.10698339894329E-001
72.8677062 1.07629314160404E-001 1.10282457989757E-001
72.9676966 1.07229045336151E-001 1.09868723134689E-001
73.0676870 1.06830792018233E-001 1.09457089955985E-001
73.1676774 1.06434541411970E-001 1.09047544993811E-001
73.2676679 1.06040280820652E-001 1.08640074892314E-001
73.3676660 1.05647967790497E-001 1.08234635546313E-001
73.4676565 1.05257649675886E-001 1.07831275665633E-001
73.5676471 1.04869284064242E-001 1.07429951191613E-001
73.6676376 1.04482858642059E-001 1.07030649175026E-001
73.7676282 1.04098361189497E-001 1.06633356766024E-001
73.8676264 1.03715750463232E-001 1.06238031129979E-001
73.9676171 1.03335072805713E-001 1.05844719930550E-001
74.0676077 1.02956287011115E-001 1.05453380375575E-001
74.1675984 1.02579381226032E-001 1.05064000003883E-001
74.2675890 1.02204343686640E-001 1.04676566449301E-001
74.3675874 1.01831134316558E-001 1.04291038101621E-001
74.4675781 1.01459798471782E-001 1.03907461604738E-001
74.5675688 1.01090296109971E-001 1.03525795387122E-001
74.6675596 1.00722615817797E-001 1.03146027454231E-001
74.7675504 1.00356746267633E-001 1.02768145902371E-001
74.8675488 9.99926485084058E-002 1.02392110301618E-001
74.9675396 9.96303669344483E-002 1.02017966301806E-001
75.0675305 9.92698626254908E-002 1.01645673508149E-001
75.1675213 9.89111245892588E-002 1.01275220372388E-001
75.2675122 9.85541419154874E-002 1.00906595433164E-001
75.3675108 9.81988767385530E-002 1.00539759398619E-001
75.4675017 9.78453725152430E-002 1.00174756949519E-001
75.5674926 9.74935914077180E-002 9.98115488258382E-002
75.6674836 9.71435228266662E-002 9.94501239062595E-002
75.7674746 9.67951562612745E-002 9.90904711526189E-002
75.8674732 9.64484548932137E-002 9.87325523707160E-002
75.9674642 9.61034612651789E-002 9.83764112965649E-002
76.0674553 9.57601385838027E-002 9.80220097647094E-002
76.1674463 9.54184766455310E-002 9.76693370623939E-002
76.2674374 9.50784653219700E-002 9.73183825564483E-002
76.3674361 9.47400688055376E-002 9.69691091116478E-002
76.4674273 9.44033287476507E-002 9.66215595429056E-002
76.5674184 9.40682093630537E-002 9.62756967408563E-002
76.6674096 9.37347008175828E-002 9.59315103838237E-002
76.7674007 9.34027933490575E-002 9.55889902263243E-002
76.8673996 9.30724521256292E-002 9.52481001550641E-002
76.9673908 9.27437179296252E-002 9.49088820868603E-002
77.0673820 9.24165559490621E-002 9.45712999315832E-002
77.1673732 9.20909567035904E-002 9.42353437420070E-002
77.2673645 9.17669107818202E-002 9.39010036438713E-002
77.3673634 9.14443842940800E-002 9.35682445103245E-002
77.4673547 9.11234171751881E-002 9.32371073824626E-002
77.5673461 9.08039755530404E-002 9.29075571540820E-002
77.6673374 9.04860502862745E-002 9.25795842365844E-002
77.7673288 9.01696322996080E-002 9.22531791112648E-002
77.8673278 8.98546886133772E-002 9.19283076037072E-002
77.9673192 8.95412583358812E-002 9.16050099010490E-002
78.0673106 8.92293085028788E-002 9.12832518471722E-002
78.1673020 8.89188302978750E-002 9.09630241970448E-002
78.2672935 8.86098149677130E-002 9.06443177726042E-002
78.3672925 8.83022304118881E-002 9.03270993192715E-002
78.4672840 8.79961149325940E-002 9.00114081913917E-002
78.5672755 8.76914364427466E-002 8.96972111504907E-002
78.6672671 8.73881864372697E-002 8.93844992807630E-002
78.7672586 8.70863564718128E-002 8.90732637305873E-002
78.8672578 8.67859152954384E-002 8.87634721339653E-002
78.9672493 8.64869004240893E-002 8.84551630330355E-002
79.0672409 8.61892806183810E-002 8.81483040758572E-002
79.1672325 8.58930476718419E-002 8.78428866621935E-002
79.2672242 8.55981934362360E-002 8.75389022533388E-002
79.3672234 8.53046874817997E-002 8.72363193418957E-002
79.4672151 8.50125665575346E-002 8.69351756778175E-002
79.5672068 8.47218002434880E-002 8.66354397658545E-002
79.6671985 8.44323806195791E-002 8.63371033083261E-002
79.7671902 8.41442998215899E-002 8.60401580665555E-002
79.8671895 8.38575282136786E-002 8.57445733629833E-002
79.9671813 8.35721017966856E-002 8.54503861748498E-002
80.0671730 8.32879909429557E-002 8.51575658349614E-002
80.1671648 8.30051880071556E-002 8.48661043357939E-002
80.2671566 8.27236853975510E-002 8.45759937264167E-002
80.3671560 8.24434542460577E-002 8.42872041315042E-002
80.4671478 8.21645298236214E-002 8.39997717745227E-002
80.5671397 8.18868832688307E-002 8.37136667888510E-002
80.6671315 8.16105071999947E-002 8.34288814452996E-002
80.7671234 8.13353942868639E-002 8.31454080689758E-002
80.8671229 8.10615164039848E-002 8.28632175602882E-002
80.9671148 8.07889081101745E-002 8.25823454073490E-002
81.0671067 8.05175412852418E-002 8.23027625177222E-002
81.1670987 8.02474088005462E-002 8.20244614292815E-002
81.2670906 7.99785035768287E-002 8.17474347320059E-002
81.3670902 7.97107982071299E-002 8.14716540765920E-002
81.4670822 7.94443265554184E-002 8.11971542337138E-002
81.5670742 7.91790612186829E-002 8.09239068597795E-002
81.6670662 7.89149953112258E-002 8.06519047489744E-002
81.7670583 7.86521219947658E-002 8.03811407454987E-002
81.8670579 7.83904145576438E-002 8.01115872258949E-002
81.9670500 7.81299061857885E-002 7.98432782608242E-002
82.0670421 7.78705701702666E-002 7.95761862311967E-002
82.1670342 7.76123998586760E-002 7.93103041772507E-002
82.2670263 7.73553886441548E-002 7.90456251872450E-002
82.3670260 7.70995104880531E-002 7.87821223400847E-002
82.4670182 7.68447979146089E-002 7.85198290233676E-002
82.5670103 7.65912248867602E-002 7.82587183191148E-002
82.6670025 7.63387849761904E-002 7.79987835038278E-002
82.7669947 7.60874717983308E-002 7.77400179001244E-002
82.8669945 7.58372599661093E-002 7.74823952667031E-002
82.9669867 7.55881813579779E-002 7.72259483245859E-002
83.0669790 7.53402105873939E-002 7.69706508344223E-002
83.1669712 7.50933414413302E-002 7.67164962996310E-002
83.2669635 7.48475677487965E-002 7.64634782679292E-002
83.3669634 7.46028647536886E-002 7.62115711561130E-002
83.4669556 7.43592637041433E-002 7.59608070346653E-002
83.5669479 7.41167398436031E-002 7.57111603212505E-002
83.6669403 7.38752871659279E-002 7.54626247372796E-002
83.7669326 7.36348997053800E-002 7.52151940467267E-002
83.8669326 7.33955533169985E-002 7.49688433036231E-002
83.9669249 7.31572786336562E-002 7.47236039435139E-002
84.0669173 7.29200515090261E-002 7.44794510202921E-002
84.1669097 7.26838661358272E-002 7.42363784648374E-002
84.2669021 7.24487167456182E-002 7.39943802489336E-002
84.3669022 7.22145797855073E-002 7.37534320437818E-002
84.4668946 7.19814852877462E-002 7.35135646651662E-002
84.5668870 7.17494096972296E-002 7.32747537832142E-002
84.6668795 7.15183473978626E-002 7.30369935301300E-002
84.7668720 7.12882928108963E-002 7.28002780774367E-002
84.8668721 7.10592229571505E-002 7.25645836942005E-002
84.9668646 7.08311672825023E-002 7.23299405912096E-002
85.0668571 7.06041028047726E-002 7.20963250355887E-002
85.1668496 7.03780240917170E-002 7.18637313530828E-002
85.2668422 7.01529257470090E-002 7.16321539072418E-002
85.3668424 6.99287853475086E-002 7.14015695464192E-002
85.4668349 6.97056317665796E-002 7.11720078907727E-002
85.5668275 6.94834425773552E-002 7.09434457859093E-002
85.6668201 6.92622125244272E-002 7.07158777436757E-002
85.7668127 6.90419363869392E-002 7.04892983122743E-002
85.8668130 6.88225922807757E-002 7.02636849014646E-002
85.9668056 6.86042085202744E-002 7.00390665547502E-002
86.0667983 6.83867632169198E-002 6.98154206783977E-002
86.1667909 6.81702512854302E-002 6.95927419632414E-002
86.2667836 6.79546676737696E-002 6.93710251350862E-002
86.3667839 6.77399910204583E-002 6.91502481478800E-002
86.4667766 6.75262490939328E-002 6.89304394820723E-002
86.5667694 6.73134205276911E-002 6.87115770874279E-002
86.6667621 6.71015004001592E-002 6.84936558269645E-002
86.7667548 6.68904838217586E-002 6.82766705973464E-002
86.8667552 6.66803499378580E-002 6.80605998801295E-002
86.9667480 6.64711259837645E-002 6.78454716059418E-002
87.0667408 6.62627910992494E-002 6.76312642515179E-002
87.1667336 6.60553405203037E-002 6.74179728455505E-002
87.2667264 6.58487695137173E-002 6.72055924491112E-002
87.3667268 6.56430577164940E-002 6.69941020553923E-002
87.4667197 6.54382318432415E-002 6.67835290580783E-002
87.5667125 6.52342715248361E-002 6.65738524449501E-002
87.6667054 6.50311721489541E-002 6.63650674041475E-002
87.7666983 6.48289291329245E-002 6.61571691549755E-002
87.8666988 6.46275225907241E-002 6.59501371868740E-002
87.9666917 6.44269787283581E-002 6.57439983691160E-002
88.0666846 6.42272776531876E-002 6.55387321851855E-002
88.1666775 6.40284148989440E-002 6.53343339767082E-002
88.2666705 6.38303860279151E-002 6.51307991153135E-002
88.3666710 6.36331716169148E-002 6.49281075718575E-002
88.4666640 6.34367973751206E-002 6.47262857033988E-002
88.5666570 6.32412438722822E-002 6.45253134743364E-002
88.6666500 6.30465067827952E-002 6.43251863740748E-002
88.7666429 6.28525818085605E-002 6.41258999209102E-002
88.8666436 6.26594499755992E-002 6.39274345528184E-002
88.9666366 6.24671365077225E-002 6.37298161265148E-002
89.0666296 6.22756224234753E-002 6.35330250730570E-002
89.1666227 6.20849035327527E-002 6.33370570241633E-002
89.2666157 6.18949756719489E-002 6.31419076393788E-002
89.3666164 6.17058203031455E-002 6.29475578100141E-002
89.4666095 6.15174621759448E-002 6.27540329039970E-002
89.5666026 6.13298827445749E-002 6.25613138052963E-002
89.6665957 6.11430779494827E-002 6.23693962827098E-002
89.7665889 6.09570437566493E-002 6.21782761318418E-002
89.8665896 6.07717620515349E-002 6.19879346840438E-002
89.9665828 6.05872571203939E-002 6.17983968297035E-002
90.0665759 6.04035108404884E-002 6.16096438924427E-002
90.1665691 6.02205192780747E-002 6.14216717731234E-002
90.2665622 6.00382785240190E-002 6.12344763984373E-002
90.3665631 5.98567708749228E-002 6.10480395269526E-002
90.4665563 5.96760201642672E-002 6.08623855824673E-002
90.5665495 5.94960086801413E-002 6.06774963154647E-002
90.6665427 5.93167326100654E-002 6.04933677540661E-002
90.7665359 5.91381881652833E-002 6.03099959512854E-002
90.8665368 5.89603580417269E-002 6.01273630805340E-002
90.9665301 5.87832656304009E-002 5.99454931096813E-002
91.0665233 5.86068936184384E-002 5.97643682037296E-002
91.1665166 5.84312383102656E-002 5.95839845134534E-002
91.2665099 5.82562960331826E-002 5.94043382136216E-002
91.3665108 5.80820498710501E-002 5.92254118805479E-002
91.4665041 5.79085227824215E-002 5.90472290365524E-002
91.5664975 5.77356978420998E-002 5.88697722492448E-002
91.6664908 5.75635714672377E-002 5.86930377876368E-002
91.7664842 5.73921400970461E-002 5.85170219438733E-002
91.8664851 5.72213871923064E-002 5.83417076856441E-002
91.9664785 5.70513352888835E-002 5.81671180998265E-002
92.0664719 5.68819678382667E-002 5.79932361451386E-002
92.1664653 5.67132813663257E-002 5.78200582045947E-002
92.2664587 5.65452724202072E-002 5.76475806835166E-002
92.3664597 5.63779248269807E-002 5.74757869298414E-002
92.4664531 5.62112607093310E-002 5.73046996048455E-002
92.5664466 5.60452638848249E-002 5.71343020472525E-002
92.6664400 5.58799309842033E-002 5.69645907500175E-002
92.7664335 5.57152586587332E-002 5.67955622276114E-002
92.8664346 5.55512310915031E-002 5.66272001974722E-002
92.9664281 5.53878700012773E-002 5.64595269048593E-002
93.0664215 5.52251595614526E-002 5.62925260577789E-002
93.1664150 5.50630965039495E-002 5.61261942552311E-002
93.2664086 5.49016775804949E-002 5.59605281169710E-002
93.3664097 5.47408873202732E-002 5.57955117195572E-002
93.4664032 5.45807470471483E-002 5.56311669015671E-002
93.5663968 5.44212412804448E-002 5.54674777299313E-002
93.6663903 5.42623668497203E-002 5.53044409059557E-002
93.7663839 5.41041206036471E-002 5.51420531509719E-002
93.8663851 5.39464874079173E-002 5.49802988906308E-002
93.9663787 5.37894882002800E-002 5.48191995659189E-002
94.0663723 5.36331078364183E-002 5.46587395926842E-002
94.1663659 5.34773432401254E-002 5.44989157709502E-002
94.2663595 5.33221913536451E-002 5.43397249200653E-002
94.3663607 5.31676373699094E-002 5.41811518050824E-002
94.4663544 5.30137018491116E-002 5.40232174782534E-002
94.5663480 5.28603699740430E-002 5.38659066946727E-002
94.6663417 5.27076387594665E-002 5.37092163496364E-002
94.7663353 5.25555052379575E-002 5.35531433570931E-002
94.8663366 5.24039549207281E-002 5.33976728121322E-002
94.9663303 5.22530079987538E-002 5.32428253868971E-002
95.0663240 5.21026499729917E-002 5.30885861663822E-002
95.1663177 5.19528779460369E-002 5.29349521378480E-002
95.2663114 5.18036890376849E-002 5.27819203065626E-002
95.3663128 5.16550690687637E-002 5.26294760885976E-002
95.4663065 5.15070378691559E-002 5.24776397843934E-002
95.5663002 5.13595812493363E-002 5.23263967998071E-002
95.6662940 5.12126963967184E-002 5.21757442108873E-002
95.7662878 5.10663805153284E-002 5.20256791110702E-002
95.8662892 5.09206197272312E-002 5.18761872286561E-002
95.9662829 5.07754335091328E-002 5.17272885005704E-002
96.0662767 5.06308079726611E-002 5.15789686447954E-002
96.1662705 5.04867403871531E-002 5.14312248231166E-002
96.2662643 5.03432280379925E-002 5.12840542141106E-002
96.3662658 5.02002573403765E-002 5.11374428498415E-002
96.4662596 5.00578474255480E-002 5.09914103116975E-002
96.5662535 4.99159846981970E-002 5.08459426213362E-002
96.6662473 4.97746665068011E-002 5.07010370233478E-002
96.7662412 4.96338902153407E-002 5.05566907785412E-002
96.8662427 4.94936425243032E-002 5.04128902145551E-002
96.9662365 4.93539422269867E-002 5.02696545650163E-002
97.0662304 4.92147760133143E-002 5.01269701470826E-002
97.1662243 4.90761413082288E-002 4.99848342853314E-002
97.2662182 4.89380355516537E-002 4.98432443200091E-002
97.3662198 4.88004457217780E-002 4.97021868664071E-002
97.4662137 4.86633902812822E-002 4.95616808179671E-002
97.5662076 4.85268561977460E-002 4.94217127794386E-002
97.6662016 4.83908409700056E-002 4.92822801526784E-002
97.7661955 4.82553421113760E-002 4.91433803546832E-002
97.8661971 4.81203468704030E-002 4.90050002807320E-002
97.9661911 4.79858733862912E-002 4.88671584914654E-002
98.0661851 4.78519088969435E-002 4.87298418715716E-002
98.1661791 4.77184509726165E-002 4.85930478975832E-002
98.2661730 4.75854971975627E-002 4.84567740606643E-002
98.3661747 4.74530350835746E-002 4.83210075286626E-002
98.4661687 4.73210824533429E-002 4.81857665366151E-002
98.5661627 4.71896268079936E-002 4.80510382417409E-002
98.6661568 4.70586657868254E-002 4.79168201927455E-002
98.7661508 4.69281970426680E-002 4.77831099524765E-002
98.8661525 4.67982083436765E-002 4.76498949541688E-002
98.9661465 4.66687172028141E-002 4.75171931142714E-002
99.0661406 4.65397113775557E-002 4.73849918553642E-002
99.1661347 4.64111885739538E-002 4.72532887959173E-002
99.2661288 4.62831465111445E-002 4.71220815680732E-002
99.3661305 4.61555732069790E-002 4.69913578635013E-002
99.4661246 4.60284858713095E-002 4.68611352869017E-002
99.5661187 4.59018725113022E-002 4.67314015192718E-002
99.6661128 4.57757308975616E-002 4.66021542465309E-002
99.7661070 4.56500588133458E-002 4.64733911678182E-002
99.8661087 4.55248445197441E-002 4.63451002265048E-002
99.9661029 4.54001049299497E-002 4.62172987222093E-002
100.0660970 4.52758282943709E-002 4.60899745876233E-002
100.1660912 4.51520124460455E-002 4.59631255738873E-002
100.2660854 4.50286552302508E-002 4.58367494449259E-002
100.3660872 4.49057451450589E-002 4.57108343892910E-002
100.4660814 4.47832988132945E-002 4.55853974080207E-002
100.5660756 4.46613047223603E-002 4.54604266789885E-002
100.6660698 4.45397607656881E-002 4.53359200164117E-002
100.7660640 4.44186648485505E-002 4.52118752468729E-002
100.8660658 4.42980056999411E-002 4.50882807977877E-002
100.9660601 4.41777996584504E-002 4.49651533779527E-002
101.0660543 4.40580354424222E-002 4.48424814041146E-002
101.1660486 4.39387110037186E-002 4.47202627515038E-002
101.2660428 4.38198243056586E-002 4.45984953073125E-002
101.3660447 4.37013643022839E-002 4.44771677317005E-002
101.4660390 4.35833470539337E-002 4.43562964474037E-002
101.5660333 4.34657615040253E-002 4.42358701039294E-002
101.6660275 4.33486056609606E-002 4.41158866355346E-002
101.7660218 4.32318775442293E-002 4.39963439880496E-002
101.8660238 4.31155663272272E-002 4.38772310484473E-002
101.9660181 4.29996877978777E-002 4.37585639594316E-002
102.0660124 4.28842311189845E-002 4.36403315973464E-002
102.1660067 4.27691943536690E-002 4.35225319535625E-002
102.2660011 4.26545755757837E-002 4.34051630306499E-002
102.3660031 4.25403641725598E-002 4.32882139366467E-002
102.4659974 4.24265756651965E-002 4.31717005401038E-002
102.5659918 4.23131994303705E-002 4.30556119384605E-002
102.6659861 4.22002335841687E-002 4.29399461783592E-002
102.7659805 4.20876762530660E-002 4.28247013172814E-002
102.8659825 4.19755170327773E-002 4.27098666787582E-002
102.9659769 4.18637711833301E-002 4.25954578629225E-002
103.0659713 4.17524282899279E-002 4.24814641827427E-002
103.1659657 4.16414865199334E-002 4.23678837383586E-002
103.2659601 4.15309440507672E-002 4.22547146404022E-002
103.3659622 4.14207906814377E-002 4.21419464224953E-002
103.4659566 4.13110414162177E-002 4.20295944219468E-002
103.5659511 4.12016860436530E-002 4.19176481618577E-002
103.6659455 4.10927227807541E-002 4.18061057941558E-002
103.7659400 4.09841498542707E-002 4.16949654809269E-002
103.8659421 4.08759572614717E-002 4.15842169606449E-002
103.9659365 4.07681597561597E-002 4.14738753132525E-002
104.0659310 4.06607473251943E-002 4.13639302667490E-002
104.1659255 4.05537182336644E-002 4.12543800232039E-002
104.2659200 4.04470707560912E-002 4.11452227945219E-002
104.3659221 4.03407950831215E-002 4.10364485189484E-002
104.4659166 4.02349057232444E-002 4.09280720243836E-002
104.5659112 4.01293928567542E-002 4.08200832386499E-002
104.6659057 4.00242547953061E-002 4.07124804123708E-002
104.7659002 3.99194898596916E-002 4.06052618056948E-002
104.8659024 3.98150884291973E-002 4.04984175517101E-002
104.9658969 3.97110647720310E-002 4.03919622314697E-002
105.0658915 3.96074092571885E-002 4.02858859676948E-002
105.1658860 3.95041202414326E-002 4.01801870580332E-002
105.2658806 3.94011960903774E-002 4.00748638093585E-002
105.3658828 3.92986273673528E-002 3.99699065448206E-002
105.4658774 3.91964281051954E-002 3.98653296036940E-002
105.5658720 3.90945888570089E-002 3.97611232988215E-002
105.6658666 3.89931080232579E-002 3.96572859734006E-002
105.7658612 3.88919840129833E-002 3.95538159795659E-002
105.8658634 3.87912075690961E-002 3.94507038258892E-002
105.9658580 3.86907924938547E-002 3.93479636148136E-002
106.0658527 3.85907295200120E-002 3.92455858446677E-002
106.1658473 3.84910170903787E-002 3.91435689027764E-002
106.2658419 3.83916536560758E-002 3.90419111851237E-002
106.3658442 3.82926301352650E-002 3.89406033812008E-002
106.4658389 3.81939601043038E-002 3.88396593614472E-002
106.5658335 3.80956344712667E-002 3.87390698051779E-002
106.6658282 3.79976517200022E-002 3.86388331424740E-002
106.7658229 3.79000103424133E-002 3.85389478118077E-002
106.8658252 3.78027014277069E-002 3.84394046792187E-002
106.9658199 3.77057383309066E-002 3.83402173878555E-002
107.0658146 3.76091121312062E-002 3.82413767936517E-002
107.1658093 3.75128213522300E-002 3.81428813681223E-002
107.2658040 3.74168645254103E-002 3.80447295909144E-002
107.3658063 3.73212329069166E-002 3.79469125003734E-002
107.4658011 3.72259396348957E-002 3.78494435169562E-002
107.5657958 3.71309759555809E-002 3.77523136689751E-002
107.6657905 3.70363404311549E-002 3.76555214681031E-002
107.7657853 3.69420316313696E-002 3.75590654338952E-002
107.8657877 3.68480409753930E-002 3.74629367728833E-002
107.9657824 3.67543813888467E-002 3.73671486873223E-002
108.0657772 3.66610442810406E-002 3.72716923737866E-002
108.1657720 3.65680282515410E-002 3.71765663828758E-002
108.2657667 3.64753319072530E-002 3.70817692728308E-002
108.3657692 3.63829468264915E-002 3.69872924143691E-002
108.4657639 3.62908857266021E-002 3.68931487959275E-002
108.5657587 3.61991401761225E-002 3.67993297783441E-002
108.6657536 3.61077088108681E-002 3.67058339499572E-002
108.7657484 3.60165902737715E-002 3.66126599065139E-002
108.8657508 3.59257762985530E-002 3.65197991790321E-002
108.9657456 3.58352793984314E-002 3.64272645464100E-002
109.0657405 3.57450912974330E-002 3.63350475298661E-002
