0.0053140 1.38130913700805E+001 3.75814263055305E+003
0.0210792 5.27300327942621E+001 3.66578258766618E+003
0.0467942 1.10057436968303E+002 3.52166696453086E+003
0.0817065 1.77060406131968E+002 3.33811679973679E+003
0.1249105 2.45271456636308E+002 3.12859998539788E+003
0.1754417 3.08084482649568E+002 2.90569417490131E+003
0.2323515 3.61350195056924E+002 2.67983566590305E+003
0.2947571 4.03194297872925E+002 2.45885577623510E+003
0.3618673 4.33450179219752E+002 2.24808332660904E+003
0.4329916 4.53026308802441E+002 2.05074363943130E+003
0.5075377 4.63378888348901E+002 1.86845279456677E+003
0.5850032 4.66142186272117E+002 1.70168283736175E+003
0.6649650 4.62903049237873E+002 1.55014690724113E+003
0.7470680 4.55083328674929E+002 1.41309099346609E+003
0.8310139 4.43893285008556E+002 1.28950423234538E+003
0.9165527 4.30326775239490E+002 1.17826056971234E+003
1.0034738 4.15178275693048E+002 1.07821138659852E+003
1.0915995 3.99069260898588E+002 9.88242455969810E+002
1.1807797 3.82476657052831E+002 9.07305989297802E+002
1.2708868 3.65759934840863E+002 8.34437569938350E+002
1.3618115 3.49184817103790E+002 7.68761715025433E+002
1.4534610 3.32943258350493E+002 7.09491162327236E+002
1.5457546 3.17170122310483E+002 6.55923503322613E+002
1.6386236 3.01956146449175E+002 6.07433991320358E+002
1.7320075 2.87358762360790E+002 5.63469561191342E+002
1.8258543 2.73410103256621E+002 5.23540801874677E+002
1.9201186 2.60123558921659E+002 4.87215386400181E+002
2.0147601 2.47498847044936E+002 4.54111777952404E+002
2.1097440 2.35525628848545E+002 4.23892689625125E+002
2.2050388 2.24186682413747E+002 3.96260358888806E+002
2.3006174 2.13459929216104E+002 3.70951249687411E+002
2.3964555 2.03320211790580E+002 3.47732070373818E+002
2.4925310 1.93740624107368E+002 3.26396199889703E+002
2.5888248 1.84693285687550E+002 3.06760055571873E+002
2.6853193 1.76150215535328E+002 2.88660655524583E+002
2.7819988 1.68083678145552E+002 2.71952795544632E+002
2.8788497 1.60466608048846E+002 2.56507037045816E+002
2.9758588 1.53272903383635E+002 2.42207912576871E+002
3.0730149 1.46477461951435E+002 2.28952026678612E+002
3.1703074 1.40056416628048E+002 2.16646891855783E+002
3.2677268 1.33987070716884E+002 2.05209445670761E+002
3.3652646 1.28247980313553E+002 1.94565082480213E+002
3.4629133 1.22818904052676E+002 1.84646615513130E+002
3.5606650 1.17680878858325E+002 1.75393622362147E+002
3.6585133 1.12816026004591E+002 1.66751424959576E+002
3.7564523 1.08207608990057E+002 1.58670635082636E+002
3.8544764 1.03839954704496E+002 1.51106536755210E+002
3.9525810 9.96983791317495E+001 1.44018552907709E+002
4.0507604 9.57692090761361E+001 1.37369936902085E+002
4.1490108 9.20396077346987E+001 1.31127180290842E+002
4.2473280 8.84975997089911E+001 1.25259805461459E+002
4.3457083 8.51319974363104E+001 1.19740025576107E+002
4.4441489 8.19323351370061E+001 1.14542449894656E+002
4.5426454 7.88888802598140E+001 1.09643941014594E+002
4.6411954 7.59924957670861E+001 1.05023252566668E+002
4.7397961 7.32346582688696E+001 1.00660939354214E+002
4.8384450 7.06074013652632E+001 9.65391619975471E+001
4.9371399 6.81032655494547E+001 9.26415171750727E+001
5.0358779 6.57153094396638E+001 8.89529752191381E+001
5.1346571 6.34370046483888E+001 8.54596472016900E+001
5.2334756 6.12622528460189E+001 8.21487512827810E+001
5.3323316 5.91853444580859E+001 7.90084957431720E+001
5.4312238 5.72009223887067E+001 7.60279771431215E+001
5.5301496 5.53039943230560E+001 7.31971571811855E+001
5.6291079 5.34898526859990E+001 7.05067060779832E+001
5.7280973 5.17540912826404E+001 6.79479956721908E+001
5.8271164 5.00925755646205E+001 6.55130265907458E+001
5.9261644 4.85014166067495E+001 6.31943647638222E+001
6.0252392 4.69769838730447E+001 6.09851373619527E+001
6.1243401 4.55158437294168E+001 5.88789232275059E+001
6.2234659 4.41147752799939E+001 5.68697583237920E+001
6.3226158 4.27707488651792E+001 5.49520887000315E+001
6.4217891 4.14809072829700E+001 5.31207294710711E+001
6.5209840 4.02425782996601E+001 5.13708697472143E+001
6.6202001 3.90532267883813E+001 4.96979933001576E+001
6.7194366 3.79104693842070E+001 4.80978892610675E+001
6.8186927 3.68120587462390E+001 4.65666206991810E+001
6.9179682 3.57558698322608E+001 4.51004972182615E+001
7.0172613 3.47399116778503E+001 4.36960837875017E+001
7.1165720 3.37622896056203E+001 4.23501415779741E+001
7.2158999 3.28212141025843E+001 4.10596343804633E+001
7.3152432 3.19150111376152E+001 3.98217370804423E+001
7.4146030 3.10420679400145E+001 3.86337565175418E+001
7.5139770 3.02008917725653E+001 3.74932072374175E+001
7.6133666 2.93900379699933E+001 3.63977094657651E+001
7.7127702 2.86081619241487E+001 3.53450560017922E+001
7.8121865 2.78539891748051E+001 3.43331681714438E+001
7.9116168 2.71262907885399E+001 3.33600598842491E+001
8.0110589 2.64239290756447E+001 3.24238961089499E+001
8.1105143 2.57457982854224E+001 3.15229110145382E+001
8.2099815 2.50908686150597E+001 3.06554643877442E+001
8.3094593 2.44581618600610E+001 2.98200069619505E+001
8.4089492 2.38467312629134E+001 2.90150519850470E+001
8.5084489 2.32557003976179E+001 2.82392247359879E+001
8.6079599 2.26842138173757E+001 2.74911959196730E+001
8.7074812 2.21314745062246E+001 2.67697293982870E+001
8.8070112 2.15967238290860E+001 2.60736544326405E+001
8.9065517 2.10792248495628E+001 2.54018427994020E+001
9.0061006 2.05782955682951E+001 2.47532508626665E+001
9.1056593 2.00932674876284E+001 2.41268647170962E+001
9.2052267 1.96235176465232E+001 2.35217407341506E+001
9.3048016 1.91684519400975E+001 2.29369830088095E+001
9.4043856 1.87274911668044E+001 2.23717246676298E+001
9.5039766 1.83000995796367E+001 2.18251637608718E+001
9.6035763 1.78857498166272E+001 2.12965175976614E+001
9.7031836 1.74839504392704E+001 2.07850573443138E+001
9.8027972 1.70942319255016E+001 2.02900894645689E+001
9.9024188 1.67161348915519E+001 1.98109402538365E+001
10.0020464 1.63492347339763E+001 1.93469865954591E+001
10.1016817 1.59931117295918E+001 1.88976175879357E+001
10.2013235 1.56473748228879E+001 1.84622642069240E+001
10.3009707 1.53116497645144E+001 1.80403838598705E+001
10.4006251 1.49855690860625E+001 1.76314474460157E+001
10.5002846 1.46687934663454E+001 1.72349658321343E+001
10.5999509 1.43609860674907E+001 1.68504573356120E+001
10.6996230 1.40618331777951E+001 1.64774732749074E+001
10.7992996 1.37710340901617E+001 1.61155849884025E+001
10.8989827 1.34882925048880E+001 1.57643729012973E+001
10.9986702 1.32133351379972E+001 1.54234494206302E+001
11.0983637 1.29458895577283E+001 1.50924311721925E+001
11.1980623 1.26857021783777E+001 1.47709611120729E+001
11.2977649 1.24325295633739E+001 1.44586975204855E+001
11.3974732 1.21861310026436E+001 1.41553046842395E+001
11.4971853 1.19462847880693E+001 1.38604727840204E+001
11.5969029 1.17127689646320E+001 1.35738940282034E+001
11.6966250 1.14853770820145E+001 1.32952818751509E+001
11.7963505 1.12639106744087E+001 1.30243616281191E+001
11.8960812 1.10481728125208E+001 1.27608624334244E+001
11.9958151 1.08379823966457E+001 1.25045346302081E+001
12.0955540 1.06331573519055E+001 1.22551291067803E+001
12.1952970 1.04335284730728E+001 1.20124140842842E+001
12.2950428 1.02389328841809E+001 1.17761670229272E+001
12.3947934 1.00492084057508E+001 1.15461677027232E+001
12.4945468 9.86420615577642E+000 1.13222134228819E+001
12.5943047 9.68377580785041E+000 1.11041010442505E+001
12.6940662 9.50777780715400E+000 1.08916417051722E+001
12.7938302 9.33607765192552E+000 1.06846538116629E+001
12.8935986 9.16854094756199E+000 1.04829570171556E+001
12.9933693 9.00504455703264E+000 1.02863855914726E+001
13.0931443 8.84546361066340E+000 1.00947727184769E+001
13.1929224 8.68968232465439E+000 9.90796345057781E+000
13.2927027 8.53758897660627E+000 9.72580860239116E+000
13.3924871 8.38907154223726E+000 9.54815948324780E+000
13.4922734 8.24402759705857E+000 9.37487970127098E+000
13.5920637 8.10235282188756E+000 9.20583136704929E+000
13.6918568 7.96395061735637E+000 9.04088654116078E+000
13.7916517 7.82872766923947E+000 8.87992188660830E+000
13.8914504 7.69659008239365E+000 8.72281403637944E+000
13.9912508 7.56745220310961E+000 8.56945005391759E+000
14.0910548 7.44122640848325E+000 8.41971525753806E+000
14.1908615 7.31783167941287E+000 8.27350337305400E+000
14.2906697 7.19718967003293E+000 8.13071182786481E+000
14.3904813 7.07922126840537E+000 7.99123765791232E+000
14.4902944 6.96385448236168E+000 7.85498680977044E+000
14.5901109 6.85101533624009E+000 7.72186335099965E+000
14.6899298 6.74063553945351E+000 7.59177850549023E+000
14.7897500 6.63264898909614E+000 7.46464649359589E+000
14.8895734 6.52698869882079E+000 7.34038090008811E+000
14.9893980 6.42359386906651E+000 7.21890297356988E+000
15.0892259 6.32240174328326E+000 7.10013202817859E+000
15.1890558 6.22335448820015E+000 6.98399351105068E+000
15.2888878 6.12639515561440E+000 6.87041423864809E+000
15.3887200 6.03147040070101E+000 6.75932556472369E+000
15.4885562 5.93852321162185E+000 6.65065485757984E+000
15.5883943 5.84750370724351E+000 6.54433812072540E+000
15.6882343 5.75836179576931E+000 6.44031138476085E+000
15.7880763 5.67104894557612E+000 6.33851276688522E+000
15.8879183 5.58551974336748E+000 6.23888427160532E+000
15.9877640 5.50172534864952E+000 6.14136415524141E+000
16.0876115 5.41962322865768E+000 6.04589825344329E+000
16.1874608 5.33917055009926E+000 5.95243227051184E+000
16.2873119 5.26032577954788E+000 5.86091363367116E+000
16.3871628 5.18305009679539E+000 5.77129312100802E+000
16.4870172 5.10730148506031E+000 5.68351799916478E+000
16.5868734 5.03304353122218E+000 5.59754221988803E+000
16.6867312 4.96023946044764E+000 5.51331949135312E+000
16.7865905 4.88885358595864E+000 5.43080495180071E+000
16.8864496 4.81885259377735E+000 5.34995664453694E+000
16.9863121 4.75020019248520E+000 5.27072933210804E+000
17.0861762 4.68286508877403E+000 5.19308370024187E+000
17.1860417 4.61681558783919E+000 5.11698011329473E+000
17.2859087 4.55202090968787E+000 5.04238012848332E+000
17.3857753 4.48845235940304E+000 4.96924783520374E+000
17.4856452 4.42607847106202E+000 4.89754426329913E+000
17.5855166 4.36487225342855E+000 4.82723571291298E+000
17.6853893 4.30480628992214E+000 4.75828811066455E+000
17.7852633 4.24585393637555E+000 4.69066838284437E+000
17.8851368 4.18799038916422E+000 4.62434567409506E+000
17.9850136 4.13118826692952E+000 4.55928627926241E+000
18.0848916 4.07542420843566E+000 4.49546120107367E+000
18.1847709 4.02067441507432E+000 4.43284103567156E+000
18.2846515 3.96691574305352E+000 4.37139722070392E+000
18.3845314 3.91412668020640E+000 4.31110314650280E+000
18.4844144 3.86228331676558E+000 4.25192955091818E+000
18.5842986 3.81136536657744E+000 4.19385139277724E+000
18.6841841 3.76135210279916E+000 4.13684320543870E+000
18.7840706 3.71222335585258E+000 4.08088023362860E+000
18.8839565 3.66396040840394E+000 4.02593944861152E+000
18.9838453 3.61654231285937E+000 3.97199535371277E+000
19.0837353 3.56995139792825E+000 3.91902624973624E+000
19.1836263 3.52416955467536E+000 3.86701000361161E+000
19.2835185 3.47917915015895E+000 3.81592508605158E+000
19.3834098 3.43496384893101E+000 3.76575150079308E+000
19.4833041 3.39150524037453E+000 3.71646695550997E+000
19.5831994 3.34878788476396E+000 3.66805258538788E+000
19.6830957 3.30679591235537E+000 3.62048909102190E+000
19.7829930 3.26551386141257E+000 3.57375768744894E+000
19.8828894 3.22492743358809E+000 3.52784095631329E+000
19.9827887 3.18502039886707E+000 3.48271934279169E+000
20.0826889 3.14577922856242E+000 3.43837639503646E+000
20.1825901 3.10718997482932E+000 3.39479523147609E+000
20.2824922 3.06923904073478E+000 3.35195941046934E+000
20.3823934 3.03191387602225E+000 3.30985371319204E+000
20.4822973 2.99520013139826E+000 3.26846093222512E+000
20.5822022 2.95908592014014E+000 3.22776667733400E+000
20.6821079 2.92355894944313E+000 3.18775613741735E+000
20.7820145 2.88860722928335E+000 3.14841487890488E+000
20.8819201 2.85421971432336E+000 3.10972956624560E+000
20.9818284 2.82038368268644E+000 3.07168501209912E+000
21.0817375 2.78708866289503E+000 3.03426859371533E+000
21.1816475 2.75432379191020E+000 2.99746727912078E+000
21.2815583 2.72207846875385E+000 2.96126836141168E+000
21.3814680 2.69034294766329E+000 2.92566012292792E+000
21.4813803 2.65910591943373E+000 2.89062912066092E+000
21.5812935 2.62835813612130E+000 2.85616425216638E+000
21.6812074 2.59808997360746E+000 2.82225401929722E+000
21.7811221 2.56829203526483E+000 2.78888720470359E+000
21.8810357 2.53895570090240E+000 2.75605348508498E+000
21.9809519 2.51007089129368E+000 2.72374092858375E+000
22.0808688 2.48162941936611E+000 2.69193974456791E+000
22.1807864 2.45362273769156E+000 2.66063976141528E+000
22.2807048 2.42604249688712E+000 2.62983105080459E+000
22.3806219 2.39888105439726E+000 2.59950449483420E+000
22.4805416 2.37212940502357E+000 2.56964947489210E+000
22.5804621 2.34578028409782E+000 2.54025733567116E+000
22.6803832 2.31982608252526E+000 2.51131905626454E+000
22.7803050 2.29425936409470E+000 2.48282582719922E+000
22.8802255 2.26907333770938E+000 2.45476957568282E+000
22.9801486 2.24425993864623E+000 2.42714082779473E+000
23.0800723 2.21981270639975E+000 2.39993191364950E+000
23.1799967 2.19572485183998E+000 2.37313481344674E+000
23.2799217 2.17198973715368E+000 2.34674169164717E+000
23.3798454 2.14860131475452E+000 2.32074538414746E+000
23.4797716 2.12555234566625E+000 2.29513741768007E+000
23.5796984 2.10283707227016E+000 2.26991098004219E+000
23.6796259 2.08044942382654E+000 2.24505892481144E+000
23.7795539 2.05838346237211E+000 2.22057426658286E+000
23.8794806 2.03663379120453E+000 2.19645063346706E+000
23.9794098 2.01519389824116E+000 2.17268042936409E+000
24.0793395 1.99405864175314E+000 2.14925759056072E+000
24.1792698 1.97322258197366E+000 2.12617573462258E+000
24.2792007 1.95268039592855E+000 2.10342862018916E+000
24.3791302 1.93242725809413E+000 2.08101056783468E+000
24.4790621 1.91245729786064E+000 2.05891475243310E+000
24.5789946 1.89276591444848E+000 2.03713576513996E+000
24.6789277 1.87334822361928E+000 2.01566789354214E+000
24.7788612 1.85419944410958E+000 1.99450554913797E+000
24.8787934 1.83531525279984E+000 1.97364365928699E+000
24.9787279 1.81669034653409E+000 1.95307607824132E+000
25.0786630 1.79832060075276E+000 1.93279797152357E+000
25.1785986 1.78020162145826E+000 1.91280421578966E+000
25.2785347 1.76232910565119E+000 1.89308979679619E+000
25.3784693 1.74469917311673E+000 1.87365017488843E+000
25.4784064 1.72730702384101E+000 1.85447980446506E+000
25.5783439 1.71014895342986E+000 1.83557435600198E+000
25.6782819 1.69322100148087E+000 1.81692922528945E+000
25.7782204 1.67651928818233E+000 1.79853990440204E+000
25.8781574 1.66004032461787E+000 1.78040232292993E+000
25.9780968 1.64377975789359E+000 1.76251146669225E+000
26.0780366 1.62773425511634E+000 1.74486345110465E+000
26.1779769 1.61190024020767E+000 1.72745413051249E+000
26.2779176 1.59627420861365E+000 1.71027944442593E+000
26.3778568 1.58085301784635E+000 1.69333573648258E+000
26.4777984 1.56563271320846E+000 1.67661846414930E+000
26.5777404 1.55061029095717E+000 1.66012413576111E+000
26.6776829 1.53578251637691E+000 1.64384901160731E+000
26.7776257 1.52114621836016E+000 1.62778942747007E+000
26.8775671 1.50669856174183E+000 1.61194209311448E+000
26.9775108 1.49243594719377E+000 1.59630288553556E+000
27.0774549 1.47835566318119E+000 1.58086866078355E+000
27.1773994 1.46445477880440E+000 1.56563603928620E+000
27.2773442 1.45073041984324E+000 1.55060170853090E+000
27.3772876 1.43718002429580E+000 1.53576270270676E+000
27.4772333 1.42380031062422E+000 1.52111527277768E+000
27.5771793 1.41058882720445E+000 1.50665658313368E+000
27.6771257 1.39754291406291E+000 1.49238357436464E+000
27.7770725 1.38465996182825E+000 1.47829324674942E+000
27.8770178 1.37193765175633E+000 1.46438292252248E+000
27.9769653 1.35937298705159E+000 1.45064918669616E+000
28.0769132 1.34696374770269E+000 1.43708947762248E+000
28.1768615 1.33470751578873E+000 1.42370102108306E+000
28.2768101 1.32260191864891E+000 1.41048109609193E+000
28.3767572 1.31064485455993E+000 1.39742728112296E+000
28.4767065 1.29883358234142E+000 1.38453646017635E+000
28.5766562 1.28716608874841E+000 1.37180631548428E+000
28.6766062 1.27564017251133E+000 1.35923432736004E+000
28.7765565 1.26425367291496E+000 1.34681802368089E+000
28.8765053 1.25300468219072E+000 1.33455521129112E+000
28.9764563 1.24189068904757E+000 1.32244304231720E+000
29.0764077 1.23090986514677E+000 1.31047941649195E+000
29.1763593 1.22006020347720E+000 1.29866204172057E+000
29.2763113 1.20933973342866E+000 1.28698866848526E+000
29.3762617 1.19874672086818E+000 1.27545730752955E+000
29.4762144 1.18827886162554E+000 1.26406535188174E+000
29.5761673 1.17793449299732E+000 1.25281089559386E+000
29.6761206 1.16771178245090E+000 1.24169185044244E+000
29.7760741 1.15760893018138E+000 1.23070616638440E+000
29.8760261 1.14762435775745E+000 1.21985203653082E+000
29.9759803 1.13775594793850E+000 1.20912707074534E+000
30.0759347 1.12800218663553E+000 1.19852953698697E+000
30.1758895 1.11836139828869E+000 1.18805752997480E+000
30.2758445 1.10883193681130E+000 1.17770917872448E+000
30.3757980 1.09941236361511E+000 1.16748283973165E+000
30.4757536 1.09010073044889E+000 1.15737631837715E+000
30.5757095 1.08089565677657E+000 1.14738803851785E+000
30.6756657 1.07179560848913E+000 1.13751625931344E+000
30.7756221 1.06279907806177E+000 1.12775927078259E+000
30.8755770 1.05390475270042E+000 1.11811557603743E+000
30.9755340 1.04511083717310E+000 1.10858315705500E+000
31.0754913 1.03641607114509E+000 1.09916057767102E+000
31.1754469 1.02781921122150E+000 1.08984642173164E+000
31.2754067 1.01931838581757E+000 1.08063859435852E+000
31.3753629 1.01091288461954E+000 1.07153626034246E+000
31.4753231 1.00260073046800E+000 1.06253721413700E+000
31.5752798 9.94381244332832E-001 1.05364065744050E+000
31.6752368 9.86252816381189E-001 1.04484478581377E+000
31.7751978 9.78213872401992E-001 1.03614783528449E+000
31.8751552 9.70263777709287E-001 1.02754905982152E+000
31.9751168 9.62400698574248E-001 1.01904641787392E+000
32.0750747 9.54624028248856E-001 1.01063919631402E+000
32.1750329 9.46932278602169E-001 1.00232573035008E+000
32.2749952 9.39323994146466E-001 9.94104392189964E-001
32.3749539 9.31798607756031E-001 9.85974515331869E-001
32.4749166 9.24354416574598E-001 9.77934207519068E-001
32.5748758 9.16990878452212E-001 9.69982831616305E-001
32.6748352 9.09706616034343E-001 9.62118849656488E-001
32.7747986 9.02500281923306E-001 9.54340757553032E-001
32.8747585 8.95371369407856E-001 9.46647959806876E-001
32.9747223 8.88318295219908E-001 9.39038700279739E-001
33.0746827 8.81340574997665E-001 9.31512409710221E-001
33.1746432 8.74436932362688E-001 9.24067665483121E-001
33.2746078 8.67606118466518E-001 9.16703076053114E-001
33.3745687 8.60847680674280E-001 9.09418109377724E-001
33.4745337 8.54160145149565E-001 9.02211133608395E-001
33.5744951 8.47543079275242E-001 8.95081640168411E-001
33.6744568 8.40995298843816E-001 8.88028311512413E-001
33.7744224 8.34515644981873E-001 8.81049858627993E-001
33.8743844 8.28103713501628E-001 8.74145806241335E-001
33.9743505 8.21758130842430E-001 8.67314636156461E-001
34.0743130 8.15478510761376E-001 8.60555894106240E-001
34.1742756 8.09263753298553E-001 8.53868358385157E-001
34.2742423 8.03112781838145E-001 8.47250833527084E-001
34.3742054 7.97025235633230E-001 8.40702895091378E-001
34.4741725 7.90999833132242E-001 8.34223128953548E-001
34.5741359 7.85036229688072E-001 8.27811129495164E-001
34.6740996 7.79133402447677E-001 8.21465762551809E-001
34.7740673 7.73290350096020E-001 8.15185918121639E-001
34.8740313 7.67506750869353E-001 8.08971217322492E-001
34.9739994 7.61781407750159E-001 8.02820341457888E-001
35.0739638 7.56114013430176E-001 7.96732928524834E-001
35.1739284 7.50503615718356E-001 7.90707924427028E-001
35.2738971 7.44949282320077E-001 7.84744297347313E-001
35.3738621 7.39450726480710E-001 7.78841709268558E-001
35.4738310 7.34006828947654E-001 7.72998929112703E-001
35.5737964 7.28617315954634E-001 7.67215634011328E-001
35.6737620 7.23281300147375E-001 7.61490843196734E-001
35.7737315 7.17997912573850E-001 7.55823596469784E-001
35.8736974 7.12766897941550E-001 7.50213592496952E-001
35.9736673 7.07587208624146E-001 7.44659680751931E-001
36.0736335 7.02458601006964E-001 7.39161573506925E-001
36.1735999 6.97380247299974E-001 7.33718357235913E-001
36.2735704 6.92351336753501E-001 7.28329137425584E-001
36.3735371 6.87371642367768E-001 7.22993645696336E-001
36.4735079 6.82440182568097E-001 7.17710805669893E-001
36.5734750 6.77556740860632E-001 7.12480361194974E-001
36.6734423 6.72720544240807E-001 7.07301460481867E-001
36.7734135 6.67930835501408E-001 7.02173269336462E-001
36.8733811 6.63187413100347E-001 6.97095549002524E-001
36.9733527 6.58489356445308E-001 6.92067291438635E-001
37.0733206 6.53836473451070E-001 6.87088268885900E-001
37.1732887 6.49228041561468E-001 6.82157686304627E-001
37.2732608 6.44663352881723E-001 6.77274764958220E-001
37.3732292 6.40142228788845E-001 6.72439292736374E-001
37.4732015 6.35663805057014E-001 6.67650324653814E-001
37.5731702 6.31227911580077E-001 6.62907658496279E-001
37.6731391 6.26833872308997E-001 6.58210551451826E-001
37.7731119 6.22481024816646E-001 6.53558275831185E-001
37.8730811 6.18169211123707E-001 6.48950643505401E-001
37.9730543 6.13897619162453E-001 6.44386767740209E-001
38.0730237 6.09666098627248E-001 6.39866469316400E-001
38.1729934 6.05474016390045E-001 6.35389053542950E-001
38.2729669 6.01320751992329E-001 6.30953839772026E-001
38.3729369 5.97206166056962E-001 6.26560661468990E-001
38.4729107 5.93129494832567E-001 6.22208685772480E-001
38.5728809 5.89090605858711E-001 6.17897754173418E-001
38.6728513 5.85088905661294E-001 6.13627216367323E-001
38.7728256 5.81123812562117E-001 6.09396435104508E-001
38.8727962 5.77195203952910E-001 6.05205263304138E-001
38.9727708 5.73302360887315E-001 6.01052917983638E-001
39.0727417 5.69445166993556E-001 5.96939259294329E-001
39.1727127 5.65623065471549E-001 5.92863677918331E-001
39.2726877 5.61835510514763E-001 5.88825576686432E-001
39.3726590 5.58082394635977E-001 5.84824826050334E-001
39.4726343 5.54363040480679E-001 5.80860689257910E-001
39.5726059 5.50677346186381E-001 5.76933043280418E-001
39.6725776 5.47024788905763E-001 5.73041316687325E-001
39.7725533 5.43404856047324E-001 5.69184949365058E-001
39.8725252 5.39817453762537E-001 5.65363827571815E-001
39.9725012 5.36261943344963E-001 5.61577257449367E-001
40.0724734 5.32738236020151E-001 5.57825131134878E-001
40.1724458 5.29245840405656E-001 5.54106912256619E-001
40.2724221 5.25784274695769E-001 5.50422074995531E-001
40.3723947 5.22353457346056E-001 5.46770519864306E-001
40.4723712 5.18952785598114E-001 5.43151592843579E-001
40.5723441 5.15582182485545E-001 5.39565199748664E-001
40.6723171 5.12241185813683E-001 5.36010836682149E-001
40.7722940 5.08929342338819E-001 5.32488009596156E-001
40.8722673 5.05646581618096E-001 5.28996631861177E-001
40.9722444 5.02392334361916E-001 5.25536086496224E-001
41.0722179 4.99166534258278E-001 5.22106291655451E-001
41.1721915 4.95968746213849E-001 5.18706773551587E-001
41.2721690 4.92798543508966E-001 5.15337067599289E-001
41.3721428 4.89655865718054E-001 5.11997098768929E-001
41.4721206 4.86540174741339E-001 5.08686284547834E-001
41.5720946 4.83451413880670E-001 5.05404554222380E-001
41.6720688 4.80389173230236E-001 5.02151461950379E-001
41.7720469 4.77353050724779E-001 4.98926570494465E-001
41.8720213 4.74342994977599E-001 4.95729815291084E-001
41.9719996 4.71358496981625E-001 4.92560645934669E-001
42.0719743 4.68399508713370E-001 4.89419001755936E-001
42.1719490 4.65465643697234E-001 4.86304462872914E-001
42.2719276 4.62556522805356E-001 4.83216617457323E-001
42.3719026 4.59672102806448E-001 4.80155410388991E-001
42.4718815 4.56811901854361E-001 4.77120321197811E-001
42.5718566 4.53975879752007E-001 4.74111298277291E-001
42.6718319 4.51163671838743E-001 4.71127945884071E-001
42.7718111 4.48374920345639E-001 4.68169875819258E-001
42.8717866 4.45609589398587E-001 4.65237041482962E-001
42.9717660 4.42867222531068E-001 4.62328950341112E-001
43.0717417 4.40147786605765E-001 4.59445558963803E-001
43.1717175 4.37450937290817E-001 4.56586494072774E-001
43.2716972 4.34776336723683E-001 4.53751389463252E-001
43.3716732 4.32123955665759E-001 4.50940206221864E-001
43.4716531 4.29493361386001E-001 4.48152477907821E-001
43.5716293 4.26884527113605E-001 4.45388168467168E-001
43.6716056 4.24297127476736E-001 4.42646925547720E-001
43.7715858 4.21730843181267E-001 4.39928403434741E-001
43.8715623 4.19185650971262E-001 4.37232570147828E-001
43.9715428 4.16661140332105E-001 4.34558983639415E-001
44.0715195 4.14157290232233E-001 4.31907614507702E-001
44.1714963 4.11673792998014E-001 4.29278129909839E-001
44.2714770 4.09210346670114E-001 4.26670203236337E-001
44.3714539 4.06766933384384E-001 4.24083808758309E-001
44.4714348 4.04343163437832E-001 4.21518527251441E-001
44.5714120 4.01939020970277E-001 4.18974335311403E-001
44.6713893 3.99554214841953E-001 4.16450918299219E-001
44.7713704 3.97188459289843E-001 4.13947967434459E-001
44.8713479 3.94841741306504E-001 4.11465462623147E-001
44.9713293 3.92513690700213E-001 4.09003006012993E-001
45.0713069 3.90204296267837E-001 4.06560579604625E-001
45.1712846 3.87913282328108E-001 4.04137885758893E-001
45.2712662 3.85640378262688E-001 4.01734632347190E-001
45.3712441 3.83385575436065E-001 3.99350804352239E-001
45.4712259 3.81148521963014E-001 3.96986023951041E-001
45.5712040 3.78929210831384E-001 3.94640278012668E-001
45.6711822 3.76727380824303E-001 3.92313284786232E-001
45.7711643 3.74542775495827E-001 3.90004767708007E-001
45.8711426 3.72375390142977E-001 3.87714716331803E-001
45.9711248 3.70224890069816E-001 3.85442771620421E-001
46.0711034 3.68091272032668E-001 3.83188924825332E-001
46.1710820 3.65974288359273E-001 3.80952909056806E-001
46.2710644 3.63873695876364E-001 3.78734462311490E-001
46.3710432 3.61789493415068E-001 3.76533578256115E-001
46.4710259 3.59721362431820E-001 3.74349915486658E-001
46.5710048 3.57669303068246E-001 3.72183469196471E-001
46.6709838 3.55633080344942E-001 3.70033986407062E-001
46.7709667 3.53612463528037E-001 3.67901218746312E-001
46.8709459 3.51607454621349E-001 3.65785163578518E-001
46.9709290 3.49617750270471E-001 3.63685496063490E-001
47.0709083 3.47643353654714E-001 3.61602214937046E-001
47.1708877 3.45684041698093E-001 3.59535080252628E-001
47.2708710 3.43739595333731E-001 3.57483856409173E-001
47.3708506 3.41810019410190E-001 3.55448544091859E-001
47.4708341 3.39895024866722E-001 3.53428834031388E-001
47.5708138 3.37994617604851E-001 3.51424728143764E-001
47.6707936 3.36108585719737E-001 3.49435998699723E-001
47.7707773 3.34236721094929E-001 3.47462422072250E-001
47.8707573 3.32379031126072E-001 3.45504001925656E-001
47.9707411 3.30535240212840E-001 3.43560443638770E-001
48.0707212 3.28705356692597E-001 3.41631751979060E-001
48.1707014 3.26889179151843E-001 3.39717710679207E-001
48.2706855 3.25086509759247E-001 3.37818107347129E-001
48.3706658 3.23297358187282E-001 3.35932948316144E-001
48.4706500 3.21521461520129E-001 3.34061952754925E-001
48.5706305 3.19758830270973E-001 3.32205127984061E-001
48.6706110 3.18009272886044E-001 3.30362268497211E-001
48.7705955 3.16272601200927E-001 3.28533172451254E-001
48.8705762 3.14548826919511E-001 3.26717848566986E-001
48.9705608 3.12837699087371E-001 3.24916029003991E-001
49.0705416 3.11139230157363E-001 3.23127723365118E-001
49.1705225 3.09453237848173E-001 3.21352736253989E-001
49.2705073 3.07779543087415E-001 3.19590875739277E-001
49.3704883 3.06118159387493E-001 3.17842152673633E-001
49.4704733 3.04468847080949E-001 3.16106311463260E-001
49.5704545 3.02831620345822E-001 3.14383363747316E-001
49.6704357 3.01206305626762E-001 3.12673123634277E-001
49.7704208 2.99592732408408E-001 3.10975408512309E-001
49.8704022 2.97990915809193E-001 3.09290231133771E-001
49.9703875 2.96400626819142E-001 3.07617347457561E-001
50.0703690 2.94821881146616E-001 3.05956770935762E-001
50.1703506 2.93254513453332E-001 3.04308324618837E-001
50.2703361 2.91698361282676E-001 3.02671834663420E-001
50.3703178 2.90153441175158E-001 3.01047315510724E-001
50.4703034 2.88619534190303E-001 2.99434534024872E-001
50.5702853 2.87096657389774E-001 2.97833505267967E-001
50.6702672 2.85584653178088E-001 2.96244060708479E-001
50.7702530 2.84083366692976E-001 2.94666034758505E-001
50.8702350 2.82592815729905E-001 2.93099443356560E-001
50.9702209 2.81112790868283E-001 2.91544063667432E-001
51.0702031 2.79643310362241E-001 2.89999912178910E-001
51.1701853 2.78184223916804E-001 2.88466828289331E-001
51.2701714 2.76735383830901E-001 2.86944654188283E-001
51.3701538 2.75296809003116E-001 2.85433407137572E-001
51.4701400 2.73868299018628E-001 2.83932874037719E-001
51.5701225 2.72449873177915E-001 2.82443072634745E-001
51.6701050 2.71041388073733E-001 2.80963849801763E-001
51.7700914 2.69642702761926E-001 2.79495055060200E-001
51.8700741 2.68253837106258E-001 2.78036706837062E-001
51.9700606 2.66874599216427E-001 2.76588601240339E-001
52.0700434 2.65505009306518E-001 2.75150757122142E-001
52.1700263 2.64144930471520E-001 2.73723028405791E-001
52.2700130 2.62794228146588E-001 2.72305271528729E-001
52.3699959 2.61452923035362E-001 2.70897505939544E-001
52.4699827 2.60120831321268E-001 2.69499536459360E-001
52.5699658 2.58797974011424E-001 2.68111382908170E-001
52.6699489 2.57484220342782E-001 2.66732905863108E-001
52.7699359 2.56179441776883E-001 2.65363968289387E-001
52.8699192 2.54883659743434E-001 2.64004590526705E-001
52.9699063 2.53596698077044E-001 2.62654585646417E-001
53.0698897 2.52318578468360E-001 2.61313974310857E-001
53.1698731 2.51049175959381E-001 2.59982623380642E-001
53.2698603 2.49788367707945E-001 2.58660401985987E-001
53.3698439 2.48536175766489E-001 2.57347331239203E-001
53.4698313 2.47292431224468E-001 2.56043232028111E-001
53.5698149 2.46057156356636E-001 2.54748125743359E-001
53.6697986 2.44830231694744E-001 2.53461885182829E-001
53.7697861 2.43611539784014E-001 2.52184385302561E-001
53.8697699 2.42401103205789E-001 2.50915647879862E-001
53.9697576 2.41198759932386E-001 2.49655501212283E-001
54.0697415 2.40004532732417E-001 2.48403967315255E-001
54.1697254 2.38818307332149E-001 2.47160924600030E-001
54.2697133 2.37639971374878E-001 2.45926253531127E-001
54.3696973 2.36469547885718E-001 2.44699976453151E-001
54.4696852 2.35306881370489E-001 2.43481928691750E-001
54.5696694 2.34151995009773E-001 2.42272132793144E-001
54.6696536 2.33004779447712E-001 2.41070472478747E-001
54.7696417 2.31865127154568E-001 2.39876833424457E-001
54.8696260 2.30733061522001E-001 2.38691238453505E-001
54.9696142 2.29608433261015E-001 2.37513529561313E-001
55.0695986 2.28491265889897E-001 2.36343729739599E-001
55.1695831 2.27381454711285E-001 2.35181727735913E-001
55.2695714 2.26278896768199E-001 2.34027414159203E-001
55.3695560 2.25183615748821E-001 2.32880812230873E-001
55.4695444 2.24095468260610E-001 2.31741770279479E-001
55.5695291 2.23014478092244E-001 2.30610311664873E-001
55.6695138 2.21940544961512E-001 2.29486329894512E-001
55.7695023 2.20873570245677E-001 2.28369720249482E-001
55.8694872 2.19813577865995E-001 2.27260506276407E-001
55.9694758 2.18760430035896E-001 2.26158542320509E-001
56.0694607 2.17714150753465E-001 2.25063852039627E-001
56.1694457 2.16674643923206E-001 2.23976333451431E-001
56.2694345 2.15641815032700E-001 2.22895886264407E-001
56.3694196 2.14615688178825E-001 2.21822534284282E-001
56.4694085 2.13596130907502E-001 2.20756137575255E-001
56.5693936 2.12583167371011E-001 2.19696720029591E-001
56.6693788 2.11576705446009E-001 2.18644183940837E-001
56.7693678 2.10576654520043E-001 2.17598433215185E-001
56.8693531 2.09583038813626E-001 2.16559491857565E-001
56.9693423 2.08595730947547E-001 2.15527225370973E-001
57.0693276 2.07614755178349E-001 2.14501657824542E-001
57.1693130 2.06640023153175E-001 2.13482695567643E-001
57.2693023 2.05671447961826E-001 2.12470246488457E-001
57.3692878 2.04709053901457E-001 2.11464334736912E-001
57.4692772 2.03752718424897E-001 2.10464830990927E-001
57.5692628 2.02802465847830E-001 2.09471759444426E-001
57.6692484 2.01858211398241E-001 2.08485030295843E-001
57.7692379 2.00919871682247E-001 2.07504555212642E-001
57.8692236 1.99987471031197E-001 2.06530358440726E-001
57.9692132 1.99060891500959E-001 2.05562315584287E-001
58.0691990 1.98140157425625E-001 2.04600450914964E-001
58.1691849 1.97225187435585E-001 2.03644678285865E-001
58.2691746 1.96315901478294E-001 2.02694912953151E-001
58.3691605 1.95412323881016E-001 2.01751179214405E-001
58.4691503 1.94514341086567E-001 2.00813357365657E-001
58.5691363 1.93621977410719E-001 1.99881471713740E-001
58.6691224 1.92735154718279E-001 1.98955439583584E-001
58.7691123 1.91853796133302E-001 1.98035179640746E-001
58.8690985 1.90977925944473E-001 1.97120716194519E-001
58.9690885 1.90107434777545E-001 1.96211934011603E-001
59.0690747 1.89242346896900E-001 1.95308857395678E-001
59.1690610 1.88382587243526E-001 1.94411406971386E-001
59.2690511 1.87528081962884E-001 1.93519504644910E-001
59.3690374 1.86678855274057E-001 1.92633174701220E-001
59.4690277 1.85834801793015E-001 1.91752306168937E-001
59.5690141 1.84995945703029E-001 1.90876923314030E-001
59.6690006 1.84162214872129E-001 1.90006949898778E-001
59.7689909 1.83333538320911E-001 1.89142310911043E-001
59.8689774 1.82509940170991E-001 1.88283030579039E-001
59.9689678 1.81691318846417E-001 1.87429001996158E-001
60.0689545 1.80877698422676E-001 1.86580249359579E-001
60.1689411 1.80069009554208E-001 1.85736699416503E-001
60.2689316 1.79265183998801E-001 1.84898280086686E-001
60.3689184 1.78466245755635E-001 1.84065015512445E-001
60.4689090 1.77672096884601E-001 1.83236802665657E-001
60.5688958 1.76882761329510E-001 1.82413665646796E-001
60.6688827 1.76098172398538E-001 1.81595534044015E-001
60.7688734 1.75318264456512E-001 1.80782338567751E-001
60.8688603 1.74543061357840E-001 1.79974103248274E-001
60.9688511 1.73772468635306E-001 1.79170728759834E-001
61.0688381 1.73006510079705E-001 1.78372239081187E-001
61.1688251 1.72245121527705E-001 1.77578566505632E-001
61.2688160 1.71488239828306E-001 1.76789644401077E-001
61.3688031 1.70735888671222E-001 1.76005496662343E-001
61.4687941 1.69987976907888E-001 1.75226027499472E-001
61.5687813 1.69244528157059E-001 1.74451260747121E-001
61.6687685 1.68505480665617E-001 1.73681131275581E-001
61.7687596 1.67770773650692E-001 1.72915574984506E-001
61.8687469 1.67040430619576E-001 1.72154615612365E-001
61.9687381 1.66314363596284E-001 1.71398160747348E-001
62.0687254 1.65592596010631E-001 1.70646234060049E-001
62.1687128 1.64875068407954E-001 1.69898772876742E-001
62.2687041 1.64161722263855E-001 1.69155715510110E-001
62.3686916 1.63452580887485E-001 1.68417085523652E-001
62.4686829 1.62747559337042E-001 1.67682793734443E-001
62.5686704 1.62046680838436E-001 1.66952863631254E-001
62.6686580 1.61349888129805E-001 1.66227234882028E-001
62.7686494 1.60657124841551E-001 1.65505848100320E-001
62.8686371 1.59968414070803E-001 1.64788726658124E-001
62.9686286 1.59283673778744E-001 1.64075784460009E-001
63.0686163 1.58602926974186E-001 1.63367044797172E-001
63.1686040 1.57926118488137E-001 1.62662449571182E-001
63.2685918 1.57253219602979E-001 1.61961968234017E-001
63.3685872 1.56584150958185E-001 1.61265517532490E-001
63.4685751 1.55918986422350E-001 1.60573173720416E-001
63.5685630 1.55257646837226E-001 1.59884853768876E-001
63.6685509 1.54600104479854E-001 1.59200528199257E-001
63.7685388 1.53946331869589E-001 1.58520167793393E-001
63.8685344 1.53296252313599E-001 1.57843692132457E-001
63.9685224 1.52649937994971E-001 1.57171175725017E-001
64.0685105 1.52007312408741E-001 1.56502538360614E-001
64.1684986 1.51368349019048E-001 1.55837751836293E-001
64.2684867 1.50733021520243E-001 1.55176788196400E-001
64.3684824 1.50101255774633E-001 1.54519569735391E-001
64.4684706 1.49473122322286E-001 1.53866169260348E-001
64.5684588 1.48848547199945E-001 1.53216509259273E-001
64.6684470 1.48227504999714E-001 1.52570562740651E-001
64.7684353 1.47609970532484E-001 1.51928302947870E-001
64.8684312 1.46995872108831E-001 1.51289654773774E-001
64.9684195 1.46385278667340E-001 1.50654689366780E-001
65.0684079 1.45778118680493E-001 1.50023331799458E-001
65.1683963 1.45174367812569E-001 1.49395556231189E-001
65.2683847 1.44574001935868E-001 1.48771337044570E-001
65.3683808 1.43976951707698E-001 1.48150601621751E-001
65.4683692 1.43383284505751E-001 1.47533419494356E-001
65.5683578 1.42792931137554E-001 1.46919718211378E-001
65.6683463 1.42205868286923E-001 1.46309473025992E-001
65.7683349 1.41622072835522E-001 1.45702659403569E-001
65.8683311 1.41041477690898E-001 1.45099207111959E-001
65.9683197 1.40464148709487E-001 1.44499184106920E-001
66.0683084 1.39890018938146E-001 1.43902520311118E-001
66.1682971 1.39319066030527E-001 1.43309192017659E-001
66.2682858 1.38751267828526E-001 1.42719175721432E-001
66.3682821 1.38186559398175E-001 1.42132403477533E-001
66.4682709 1.37625005113349E-001 1.41548941705832E-001
66.5682597 1.37066540169211E-001 1.40968722605027E-001
66.6682485 1.36511143142307E-001 1.40391723457296E-001
66.7682374 1.35958792788353E-001 1.39817921736779E-001
66.8682339 1.35409426244592E-001 1.39247251692226E-001
66.9682228 1.34863106440091E-001 1.38679778246650E-001
67.0682118 1.34319770631724E-001 1.38115435781937E-001
67.1682007 1.33779398274573E-001 1.37554202521318E-001
67.2681897 1.33241968994320E-001 1.36996056870708E-001
67.3681864 1.32707421916362E-001 1.36440935183499E-001
67.4681754 1.32175818561790E-001 1.35888900923942E-001
67.5681645 1.31647098166761E-001 1.35339890568796E-001
67.6681536 1.31121241022970E-001 1.34793883236981E-001
67.7681428 1.30598227584603E-001 1.34250858221331E-001
67.8681396 1.30077998886144E-001 1.33710753895189E-001
67.9681288 1.29560615076616E-001 1.33173632301210E-001
68.0681180 1.29046017292981E-001 1.32639431926984E-001
68.1681072 1.28534186623896E-001 1.32108132744246E-001
68.2680965 1.28025104312844E-001 1.31579714890352E-001
68.3680934 1.27518713228090E-001 1.31054118677986E-001
68.4680827 1.27015072181595E-001 1.30531404764448E-001
68.5680721 1.26514124136368E-001 1.30011513568154E-001
68.6680615 1.26015850940522E-001 1.29494425873113E-001
68.7680509 1.25520234589735E-001 1.28980122621120E-001
68.8680479 1.25027219714315E-001 1.28468545987437E-001
68.9680374 1.24536863823262E-001 1.27959755279341E-001
69.0680269 1.24049111634404E-001 1.27453692769881E-001
69.1680164 1.23563945719808E-001 1.26950340016997E-001
69.2680059 1.23081348792239E-001 1.26449678728996E-001
69.3680031 1.22601267175658E-001 1.25951652870603E-001
69.4679927 1.22123757109343E-001 1.25456320433506E-001
69.5679823 1.21648764998028E-001 1.24963625472788E-001
69.6679719 1.21176274104129E-001 1.24473550284040E-001
69.7679615 1.20706267824249E-001 1.23986077306199E-001
69.8679589 1.20238694110802E-001 1.23501152223763E-001
69.9679486 1.19773607965710E-001 1.23018831746389E-001
70.0679383 1.19310957415857E-001 1.22539061642000E-001
70.1679281 1.18850726382170E-001 1.22061824909492E-001
70.2679178 1.18392898913607E-001 1.21587104684459E-001
70.3679153 1.17937424528834E-001 1.21114848304744E-001
70.4679051 1.17484357023943E-001 1.20645111230654E-001
70.5678949 1.17033645986182E-001 1.20177840876978E-001
70.6678848 1.16585275964833E-001 1.19713020913392E-001
70.7678747 1.16139231631369E-001 1.19250635139977E-001
70.8678723 1.15695464011362E-001 1.18790632484563E-001
70.9678622 1.15254025725760E-001 1.18333067189939E-001
71.0678522 1.14814867863217E-001 1.17877888254827E-001
71.1678422 1.14377975572782E-001 1.17425079988877E-001
71.2678322 1.13943334120160E-001 1.16974626826175E-001
71.3678299 1.13510895981177E-001 1.16526479224090E-001
71.4678200 1.13080712631515E-001 1.16080690238887E-001
71.5678100 1.12652736604940E-001 1.15637210393177E-001
71.6678002 1.12226953623166E-001 1.15196024607381E-001
71.7677903 1.11803349519309E-001 1.14757117920703E-001
71.8677881 1.11381878165350E-001 1.14320442262362E-001
71.9677783 1.10962589920786E-001 1.13886049532275E-001
72.0677685 1.10545438710734E-001 1.13453891719619E-001
72.1677587 1.10130410803862E-001 1.13023954327906E-001
72.2677489 1.09717492575258E-001 1.12596222974071E-001
72.3677468 1.09306639241381E-001 1.12170651004099E-001
72.4677371 1.08897900073843E-001 1.11747289190932E-001
72.5677275 1.08491230337750E-001 1.11326090935579E-001
72.6677178 1.08086616824328E-001 1.10907042298393E-001
72.7677082 1.07684046426499E-001 1.10490129448061E-001
72.8677062 1.07283475655812E-001 1.10075307094724E-001
72.9676966 1.06884952723537E-001 1.09662624912941E-001
73.0676870 1.06488434185680E-001 1.09252037663264E-001
73.1676774 1.06093907332872E-001 1.08843531937980E-001
73.2676679 1.05701359552947E-001 1.08437094432886E-001
73.3676660 1.05310748605345E-001 1.08032681172015E-001
73.4676565 1.04922121667785E-001 1.07630340759357E-001
73.5676471 1.04535436540245E-001 1.07230029265048E-001
73.6676376 1.04150680990772E-001 1.06831733789673E-001
73.7676282 1.03767842880353E-001 1.06435441532747E-001
73.8676264 1.03386881171178E-001 1.06041109784150E-001
73.9676171 1.03007842033485E-001 1.05648786104377E-001
74.0676077 1.02630684466338E-001 1.05258427825384E-001
74.1675984 1.02255396694319E-001 1.04870022533617E-001
74.2675890 1.01881967030899E-001 1.04483557910099E-001
74.3675874 1.01510355597833E-001 1.04098992464622E-001
74.4675781 1.01140607583243E-001 1.03716372740526E-001
74.5675688 1.00772683142340E-001 1.03335657285915E-001
74.6675596 1.00406570936395E-001 1.02956834151784E-001
74.7675504 1.00042259711723E-001 1.02579891479574E-001
74.8675488 9.96797107083245E-002 1.02204788955054E-001
74.9675396 9.93189681568782E-002 1.01831572130031E-001
75.0675305 9.89599933276449E-002 1.01460200725073E-001
75.1675213 9.86027752997271E-002 1.01090663235477E-001
75.2675122 9.82473032336126E-002 1.00722948243062E-001
75.3675108 9.78935394479972E-002 1.00357016567540E-001
75.4675017 9.75415272401139E-002 9.99929127941128E-002
75.5674926 9.71912289559332E-002 9.96305977740077E-002
75.6674836 9.68426340744577E-002 9.92700604275860E-002
75.7674746 9.64957321525949E-002 9.89112897579958E-002
75.8674732 9.61504865498651E-002 9.85542476786637E-002
75.9674642 9.58069396533985E-002 9.81989778324338E-002
76.0674553 9.54650548472016E-002 9.78454421611797E-002
76.1674463 9.51248219931217E-002 9.74936299920346E-002
76.2674374 9.47862310276013E-002 9.71435307313702E-002
76.3674361 9.44492463147113E-002 9.67951073478113E-002
76.4674273 9.41139093541838E-002 9.64484025654305E-002
76.5674184 9.37801845319716E-002 9.61033793784341E-002
76.6674096 9.34480620765411E-002 9.57600275033338E-002
76.7674007 9.31175322878038E-002 9.54183367325038E-002
76.8673996 9.27885604996268E-002 9.50782710528816E-002
76.9673908 9.24611873464266E-002 9.47398722927092E-002
77.0673820 9.21353781815203E-002 9.44031044618287E-002
77.1673732 9.18111235845511E-002 9.40679576495840E-002
77.2673645 9.14884142036091E-002 9.37344220179701E-002
77.3673634 9.11672163090480E-002 9.34024625368997E-002
77.4673547 9.08475696914463E-002 9.30721201610978E-002
77.5673461 9.05294406383370E-002 9.27433598808827E-002
77.6673374 9.02128200658394E-002 9.24161721426857E-002
77.7673288 8.98976989556649E-002 9.20905474625322E-002
77.8673278 8.95840444827191E-002 9.17664517594477E-002
77.9673192 8.92718956146312E-002 9.14439251363420E-002
78.0673106 8.89612195413675E-002 9.11229335303122E-002
78.1673020 8.86520075015235E-002 9.08034677298899E-002
78.2672935 8.83442507965680E-002 9.04855185902910E-002
78.3672925 8.80379174753335E-002 9.01690529471924E-002
78.4672840 8.77330457028162E-002 8.98541100727962E-002
78.5672755 8.74296035409315E-002 8.95406568186729E-002
78.6672671 8.71275825374158E-002 8.92286843011840E-002
78.7672586 8.68269743002881E-002 8.89181837006043E-002
78.8672578 8.65277477229295E-002 8.86091227381364E-002
78.9672493 8.62299401874619E-002 8.83015398758030E-002
79.0672409 8.59335205985041E-002 8.79954028486674E-002
79.1672325 8.56384808002263E-002 8.76907030873296E-002
79.2672242 8.53448126946126E-002 8.73874320836627E-002
79.3672234 8.50524859914018E-002 8.70855584145397E-002
79.4672151 8.47615373090586E-002 8.67851197517699E-002
79.5672068 8.44719363668389E-002 8.64860846841900E-002
79.6671985 8.41836752932349E-002 8.61884449436894E-002
79.7671902 8.38967462721996E-002 8.58921923209143E-002
79.8671895 8.36111198027706E-002 8.55972962197636E-002
79.9671813 8.33268317584459E-002 8.53037935412516E-002
80.0671730 8.30438526461758E-002 8.50116536994712E-002
80.1671648 8.27621748672276E-002 8.47208687152599E-002
80.2671566 8.24817908760842E-002 8.44314306658141E-002
80.3671560 8.22026719351021E-002 8.41433097545670E-002
80.4671478 8.19248531909919E-002 8.38565421306242E-002
80.5671397 8.16483059125273E-002 8.35710980059631E-002
80.6671315 8.13730227627371E-002 8.32869696786043E-002
80.7671234 8.10989964557254E-002 8.30041495006414E-002
80.8671229 8.08261989922168E-002 8.27226084486499E-002
80.9671148 8.05546648098147E-002 8.24423819381954E-002
81.0671067 8.02843659142683E-002 8.21634409528600E-002
81.1670987 8.00152952198617E-002 8.18857780566289E-002
81.2670906 7.97474456899121E-002 8.16093858653793E-002
81.3670902 7.94807900395427E-002 8.13342361034858E-002
81.4670822 7.92153620144478E-002 8.10603634708400E-002
81.5670742 7.89511343334777E-002 8.07877396973897E-002
81.6670662 7.86881001521471E-002 8.05163576023835E-002
81.7670583 7.84262526730538E-002 8.02462100548819E-002
81.8670579 7.81655653026867E-002 7.99772695027142E-002
81.9670500 7.79060711115591E-002 7.97095699474756E-002
82.0670421 7.76477435086789E-002 7.94430838412339E-002
82.1670342 7.73905758812224E-002 7.91778042482911E-002
82.2670263 7.71345616615870E-002 7.89137242807755E-002
82.3670260 7.68796749254883E-002 7.86508170865813E-002
82.4670182 7.66259480845299E-002 7.83891159859097E-002
82.5670103 7.63733552158232E-002 7.81285941296506E-002
82.6670025 7.61218899290687E-002 7.78692448174149E-002
82.7669947 7.58715458774113E-002 7.76110613947442E-002
82.8669945 7.56222977845074E-002 7.73540176871174E-002
82.9669867 7.53741774188798E-002 7.70981463497839E-002
83.0669790 7.51271595045362E-002 7.68434212100619E-002
83.1669712 7.48812378649759E-002 7.65898357935679E-002
83.2669635 7.46364063654455E-002 7.63373836700404E-002
83.3669634 7.43926403570716E-002 7.60860393209321E-002
83.4669556 7.41499709806937E-002 7.58358347525332E-002
83.5669479 7.39083735868198E-002 7.55867444470608E-002
83.6669403 7.36678422044125E-002 7.53387621472540E-002
83.7669326 7.34283709025597E-002 7.50918816382450E-002
83.8669326 7.31899356401672E-002 7.48460780366804E-002
83.9669249 7.29525669453708E-002 7.46013827154489E-002
84.0669173 7.27162407755559E-002 7.43577707909613E-002
84.1669097 7.24809513571842E-002 7.41152362145941E-002
84.2669021 7.22466929552914E-002 7.38737729784656E-002
84.3669022 7.20134421176152E-002 7.36333568144273E-002
84.4668946 7.17812287741609E-002 7.33940184771021E-002
84.5668870 7.15500294703100E-002 7.31557336971778E-002
84.6668795 7.13198386224094E-002 7.29184966265608E-002
84.7668720 7.10906506838985E-002 7.26823014563215E-002
84.8668721 7.08624427731111E-002 7.24471245142862E-002
84.9668646 7.06352442361010E-002 7.22129959515363E-002
85.0668571 7.04090321880707E-002 7.19798920938729E-002
85.1668496 7.01838012279742E-002 7.17478072859843E-002
85.2668422 6.99595459904414E-002 7.15167359102147E-002
85.3668424 6.97362441468465E-002 7.12866548718588E-002
85.4668349 6.95139244730882E-002 7.10575937327823E-002
85.5668275 6.92925646366914E-002 7.08295293954558E-002
85.6668201 6.90721594122573E-002 7.06024563899427E-002
85.7668127 6.88527036087078E-002 7.03763692825210E-002
85.8668130 6.86341754335528E-002 7.01512455381393E-002
85.9668056 6.84166031059597E-002 6.99271141433864E-002
86.0667983 6.81999648289253E-002 6.97039525596468E-002
86.1667909 6.79842555460402E-002 6.94817554952771E-002
86.2667836 6.77694702339191E-002 6.92605176934698E-002
86.3667839 6.75555876199261E-002 6.90402171616756E-002
86.4667766 6.73426353795599E-002 6.88208823247687E-002
86.5667694 6.71305922350575E-002 6.86024911859505E-002
86.6667621 6.69194532926290E-002 6.83850386250974E-002
86.7667548 6.67092136902681E-002 6.81685195556027E-002
86.8667552 6.64998526595071E-002 6.79529125109008E-002
86.9667480 6.62913973448879E-002 6.77382453673482E-002
87.0667408 6.60838269722488E-002 6.75244966534967E-002
87.1667336 6.58771368043236E-002 6.73116614142622E-002
87.2667264 6.56713221344421E-002 6.70997347268157E-002
87.3667268 6.54663626831890E-002 6.68886956346630E-002
87.4667197 6.52622850765213E-002 6.66785714784857E-002
87.5667125 6.50590690288071E-002 6.64693412963218E-002
87.6667054 6.48567099534687E-002 6.62610002919261E-002
87.7666983 6.46552032933869E-002 6.60535437001004E-002
87.8666988 6.44545292436297E-002 6.58469510590897E-002
87.9666917 6.42547139236100E-002 6.56412491863993E-002
88.0666846 6.40557375216983E-002 6.54364176142665E-002
88.1666775 6.38575955964174E-002 6.52324516993498E-002
88.2666705 6.36602837346606E-002 6.50293468281984E-002
88.3666710 6.34637825919334E-002 6.48270830190203E-002
88.4666640 6.32681177928238E-002 6.46256865783077E-002
88.5666570 6.30732699856977E-002 6.44251375177637E-002
88.6666500 6.28792348688279E-002 6.42254313412682E-002
88.7666429 6.26860081678148E-002 6.40265635814847E-002
88.8666436 6.24935709850564E-002 6.38285147223395E-002
88.9666366 6.23019484617244E-002 6.36313105711514E-002
89.0666296 6.21111216926718E-002 6.34349316048844E-002
89.1666227 6.19210865107954E-002 6.32393734691988E-002
89.2666157 6.17318387753203E-002 6.30446318374776E-002
89.3666164 6.15433600224734E-002 6.28506876456308E-002
89.4666095 6.13556749211149E-002 6.26575662133276E-002
89.5666026 6.11687649995550E-002 6.24652484690960E-002
89.6665957 6.09826262204031E-002 6.22737301951643E-002
89.7665889 6.07972545716395E-002 6.20830072004679E-002
89.8665896 6.06126320107159E-002 6.18930608596540E-002
89.9665828 6.04287827449928E-002 6.17039160159606E-002
90.0665759 6.02456887236659E-002 6.15155540362681E-002
90.1665691 6.00633460343502E-002 6.13279708343794E-002
90.2665622 5.98817507891135E-002 6.11411623498316E-002
90.3665631 5.97008853544707E-002 6.09551103832308E-002
90.4665563 5.95207734868085E-002 6.07698393123045E-002
90.5665495 5.93413975440762E-002 6.05853309295405E-002
90.6665427 5.91627537343820E-002 6.04015812755312E-002
90.7665359 5.89848382894072E-002 6.02185864156703E-002
90.8665368 5.88076339729912E-002 6.00363285641941E-002
90.9665301 5.86311641007958E-002 5.98548316439518E-002
91.0665233 5.84554114278136E-002 5.96740778607395E-002
91.1665166 5.82803722783198E-002 5.94940633773531E-002
91.2665099 5.81060429993186E-002 5.93147843804949E-002
91.3665108 5.79324067406421E-002 5.91362234861321E-002
91.4665041 5.77594863872066E-002 5.89584041725877E-002
91.5664975 5.75872650797428E-002 5.87813090470969E-002
91.6664908 5.74157392545432E-002 5.86049343902610E-002
91.7664842 5.72449053698204E-002 5.84292765057305E-002
91.8664851 5.70747469504571E-002 5.82543183997181E-002
91.9664785 5.69052864603422E-002 5.80800831160998E-002
92.0664719 5.67365074150273E-002 5.79065536520914E-002
92.1664653 5.65684063588421E-002 5.77337264018829E-002
92.2664587 5.64009798572602E-002 5.75615977818912E-002
92.3664597 5.62342117996471E-002 5.73901511774846E-002
92.4664531 5.60681242383291E-002 5.72194092079082E-002
92.5664466 5.59027010531336E-002 5.70493552492938E-002
92.6664400 5.57379388926088E-002 5.68799858053755E-002
92.7664335 5.55738344257020E-002 5.67112974013252E-002
92.8664346 5.54103718960529E-002 5.65432737909578E-002
92.9664281 5.52475729536431E-002 5.63759371784463E-002
93.0664215 5.50854218323891E-002 5.62092713081527E-002
93.1664150 5.49239152813930E-002 5.60432727894751E-002
93.2664086 5.47630500694405E-002 5.58779382524922E-002
93.3664097 5.46028107845823E-002 5.57132518091207E-002
93.4664032 5.44432186834340E-002 5.55492352577714E-002
93.5663968 5.42842583441581E-002 5.53858727007147E-002
93.6663903 5.41259266128924E-002 5.52231608492888E-002
93.7663839 5.39682203547724E-002 5.50610964347862E-002
93.8663851 5.38111244927272E-002 5.48996639172316E-002
93.9663787 5.36546598987530E-002 5.47388846983415E-002
94.0663723 5.34988114857449E-002 5.45787432283213E-002
94.1663659 5.33435761934996E-002 5.44192363168758E-002
94.2663595 5.31889509801516E-002 5.42603607929665E-002
94.3663607 5.30349210942955E-002 5.41021014550690E-002
94.4663544 5.28815070318279E-002 5.39444793170377E-002
94.5663480 5.27286940311810E-002 5.37874791673757E-002
94.6663417 5.25764791225668E-002 5.36310979107235E-002
94.7663353 5.24248593539021E-002 5.34753324703082E-002
94.8663366 5.22738202905393E-002 5.33201679737229E-002
94.9663303 5.21233820605760E-002 5.31656250555641E-002
95.0663240 5.19735302190911E-002 5.30116888333169E-002
95.1663177 5.18242618835964E-002 5.28583563032629E-002
95.2663114 5.16755741887010E-002 5.27056244796277E-002
95.3663128 5.15274530079013E-002 5.25534788100981E-002
95.4663065 5.13799181095844E-002 5.24019395583955E-002
95.5663002 5.12329553568775E-002 5.22509921619812E-002
95.6662940 5.10865619516000E-002 5.21006337056138E-002
95.7662878 5.09407351120839E-002 5.19508612913789E-002
95.8662892 5.07954610116395E-002 5.18016606783324E-002
95.9662829 5.06507590668240E-002 5.16530517674882E-002
96.0662767 5.05066154404969E-002 5.15050203075747E-002
96.1662705 5.03630274159094E-002 5.13575634687888E-002
96.2662643 5.02199922922640E-002 5.12106784380606E-002
96.3662658 5.00774965346259E-002 5.10643512773783E-002
96.4662596 4.99355592154021E-002 5.09186015330054E-002
96.5662535 4.97941667891394E-002 5.07734152565157E-002
96.6662473 4.96533166177575E-002 5.06287897006240E-002
96.7662412 4.95130060785870E-002 5.04847221342081E-002
96.8662427 4.93732219206509E-002 5.03411989140267E-002
96.9662365 4.92339828796908E-002 5.01982392393484E-002
97.0662304 4.90952756941562E-002 5.00558294564444E-002
97.1662243 4.89570978019782E-002 4.99139668977411E-002
97.2662182 4.88194466559804E-002 4.97726489112802E-002
97.3662198 4.86823092815977E-002 4.96318621406951E-002
97.4662137 4.85457040852011E-002 4.94916254458165E-002
97.5662076 4.84096180816092E-002 4.93519254597303E-002
97.6662016 4.82740487822103E-002 4.92127595918775E-002
97.7661955 4.81389937127862E-002 4.90741252667870E-002
97.8661971 4.80044401678808E-002 4.89360094073270E-002
97.9661911 4.78704062316046E-002 4.87984305412551E-002
98.0661851 4.77368791878531E-002 4.86613755808442E-002
98.1661791 4.76038566190153E-002 4.85248420099563E-002
98.2661730 4.74713361213942E-002 4.83888273270348E-002
98.3661747 4.73393052515723E-002 4.82533187267880E-002
98.4661687 4.72077817783306E-002 4.81183344120795E-002
98.5661627 4.70767532475814E-002 4.79838615669856E-002
98.6661568 4.69462173103523E-002 4.78498977472959E-002
98.7661508 4.68161716311228E-002 4.77164405228944E-002
98.8661525 4.66866040216680E-002 4.75834773531709E-002
98.9661465 4.65575319421966E-002 4.74510261230930E-002
99.0661406 4.64289431938016E-002 4.73190742813930E-002
99.1661347 4.63008354938758E-002 4.71876194533899E-002
99.2661288 4.61732065728200E-002 4.70566592780284E-002
99.3661305 4.60460444909722E-002 4.69261814724498E-002
99.4661246 4.59193664065565E-002 4.67962036105470E-002
99.5661187 4.57931603692254E-002 4.66667133987880E-002
99.6661128 4.56674241605502E-002 4.65377085297140E-002
99.7661070 4.55421555746828E-002 4.64091867090416E-002
99.8661087 4.54173429141023E-002 4.62811359049521E-002
99.9661029 4.52930030414710E-002 4.61535733869145E-002
100.0660970 4.51691242485880E-002 4.60264871124303E-002
100.1660912 4.50457043790983E-002 4.58998748390436E-002
100.2660854 4.49227412888161E-002 4.57737343370401E-002
100.3660872 4.48002235161399E-002 4.56480538191409E-002
100.4660814 4.46781676344344E-002 4.55228502568759E-002
100.5660756 4.45565621714312E-002 4.53981118522883E-002
100.6660698 4.44354050308230E-002 4.52738364257892E-002
100.7660640 4.43146941280758E-002 4.51500218101137E-002
100.8660658 4.41944182314795E-002 4.50266564562261E-002
100.9660601 4.40745936312089E-002 4.49037570440397E-002
101.0660543 4.39552090849072E-002 4.47813120138510E-002
101.1660486 4.38362625543646E-002 4.46593192468820E-002
101.2660428 4.37177520127627E-002 4.45377766362770E-002
101.3660447 4.35996664524410E-002 4.44166728651427E-002
101.4660390 4.34820218863412E-002 4.42960243279416E-002
101.5660333 4.33648072961830E-002 4.41758196971299E-002
101.6660275 4.32480206999753E-002 4.40560569127616E-002
101.7660218 4.31316601267519E-002 4.39367339264260E-002
101.8660238 4.30157147872388E-002 4.38178396474598E-002
101.9660181 4.29002004229551E-002 4.36993901908882E-002
102.0660124 4.27851062340400E-002 4.35813744554218E-002
102.1660067 4.26704302929129E-002 4.34637904380410E-002
102.2660011 4.25561706826640E-002 4.33466361468887E-002
102.3660031 4.24423168269160E-002 4.32299007118018E-002
102.4659974 4.23288842014328E-002 4.31135999742325E-002
102.5659918 4.22158622192895E-002 4.29977230534223E-002
102.6659861 4.21032490055732E-002 4.28822680014426E-002
102.7659805 4.19910426957010E-002 4.27672328811689E-002
102.8659825 4.18792329208696E-002 4.26526070373831E-002
102.9659769 4.17678348966162E-002 4.25384060436853E-002
103.0659713 4.16568382436341E-002 4.24246192342987E-002
103.1659657 4.15462411379994E-002 4.23112447146184E-002
103.2659601 4.14360417657897E-002 4.21982806004977E-002
103.3659622 4.13262299606137E-002 4.20857164462781E-002
103.4659566 4.12168206831754E-002 4.19735675632877E-002
103.5659511 4.11078037566292E-002 4.18618234953512E-002
103.6659455 4.09991774064224E-002 4.17504823994846E-002
103.7659400 4.08909398676877E-002 4.16395424428288E-002
103.8659421 4.07830811714382E-002 4.15289933840623E-002
103.9659365 4.06756160288077E-002 4.14188502776848E-002
104.0659310 4.05685344604092E-002 4.13091028719055E-002
104.1659255 4.04618347395020E-002 4.11997493737200E-002
104.2659200 4.03555151487261E-002 4.10907879999282E-002
104.3659221 4.02495659116422E-002 4.09822087084805E-002
104.4659166 4.01440014949482E-002 4.08740263023594E-002
104.5659112 4.00388121118628E-002 4.07662307290978E-002
104.6659057 3.99339960819545E-002 4.06588202440900E-002
104.7659002 3.98295517338786E-002 4.05517931122251E-002
104.8659024 3.97254694790306E-002 4.04451394858116E-002
104.9658969 3.96217635446834E-002 4.03388739214974E-002
105.0658915 3.95184243319520E-002 4.02329865612300E-002
105.1658860 3.94154502052657E-002 4.01274757072779E-002
105.2658806 3.93128395378562E-002 4.00223396711066E-002
105.3658828 3.92105829243807E-002 3.99175687946158E-002
105.4658774 3.91086943575768E-002 3.98131773931753E-002
105.5658720 3.90071644218866E-002 3.97091557983841E-002
105.6658666 3.89059915252022E-002 3.96055023579160E-002
105.7658612 3.88051740839453E-002 3.95022154283538E-002
105.8658634 3.87047028715955E-002 3.93992855365628E-002
105.9658580 3.86045916511280E-002 3.92967267615695E-002
106.0658527 3.85048311858761E-002 3.91945296200025E-002
106.1658473 3.84054199258477E-002 3.90926925035239E-002
106.2658419 3.83063563293163E-002 3.89912138124274E-002
106.3658442 3.82076313442752E-002 3.88900842540547E-002
106.4658389 3.81092585085955E-002 3.87893176759052E-002
106.5658335 3.80112287601963E-002 3.86889047751512E-002
106.6658282 3.79135405899009E-002 3.85888439860765E-002
106.7658229 3.78161924965441E-002 3.84891337513295E-002
106.8658252 3.77191755984501E-002 3.83897649543706E-002
106.9658199 3.76225032129328E-002 3.82907512158729E-002
107.0658146 3.75261664483163E-002 3.81920834091979E-002
107.1658093 3.74301638349858E-002 3.80937600099334E-002
107.2658040 3.73344939110921E-002 3.79957795017740E-002
107.3658063 3.72391479612280E-002 3.78981329400684E-002
107.4658011 3.71441390865898E-002 3.78008337232519E-002
107.5657958 3.70494585618466E-002 3.77038728966476E-002
107.6657905 3.69551049557355E-002 3.76072489758761E-002
107.7657853 3.68610768445220E-002 3.75109604844159E-002
107.8657877 3.67673656751227E-002 3.74149986453964E-002
107.9657824 3.66739843369496E-002 3.73193766394944E-002
108.0657772 3.65809242670750E-002 3.72240856798897E-002
108.1657720 3.64881840714195E-002 3.71291243210090E-002
108.2657667 3.63957623632040E-002 3.70344911248966E-002
108.3657692 3.63036507478371E-002 3.69401774784742E-002
108.4657639 3.62118619071781E-002 3.68461963490326E-002
108.5657587 3.61203874368724E-002 3.67525391136222E-002
108.6657536 3.60292259788975E-002 3.66592043642918E-002
108.7657484 3.59383761823101E-002 3.65661907004761E-002
108.8657508 3.58478298072883E-002 3.64734896690149E-002
108.9657456 3.57575993322709E-002 3.63811140280828E-002
109.0657405 3.56676765077560E-002 3.62890553147284E-002
