0.0053140 1.19658555397060E+001 3.48098807346725E+003
0.0210792 4.57499158576874E+001 3.39776395755212E+003
0.0467942 9.57249653596359E+001 3.26774749485115E+003
0.0817065 1.54497094633060E+002 3.10187080121773E+003
0.1249105 2.14820144999391E+002 2.91212440633436E+003
0.1754417 2.70945966449710E+002 2.70975855804063E+003
0.2323515 3.19162561963005E+002 2.50416549091320E+003
0.2947571 3.57683347116955E+002 2.30245033738243E+003
0.3618673 3.86199817728699E+002 2.10950252043508E+003
0.4329916 4.05361930739743E+002 1.92833400297410E+003
0.5075377 4.16333003236899E+002 1.76050806073105E+003
0.5850032 4.20469422920243E+002 1.60654782527586E+003
0.6649650 4.19119042833365E+002 1.46627789134554E+003
0.7470680 4.13511030980540E+002 1.33908550285878E+003
0.8310139 4.04707548813803E+002 1.22411068789060E+003
0.9165527 3.93593055188000E+002 1.12037570366759E+003
1.0034738 3.80884171198725E+002 1.02687077896752E+003
1.0915995 3.67149152163270E+002 9.42607737340791E+002
1.1807797 3.52830359394693E+002 8.66650949082383E+002
1.2708868 3.38266441042217E+002 7.98134401248057E+002
1.3618115 3.23712205325480E+002 7.36268166024617E+002
1.4534610 3.09355673353909E+002 6.80338917401691E+002
1.5457546 2.95332536013849E+002 6.29707842896781E+002
1.6386236 2.81737537785274E+002 5.83804814813635E+002
1.7320075 2.68634095049586E+002 5.42123569140398E+002
1.8258543 2.56061497727739E+002 5.04214819448252E+002
1.9201186 2.44040866264421E+002 4.69680632522176E+002
2.0147601 2.32579812287779E+002 4.38168965181213E+002
2.1097440 2.21675804185987E+002 4.09367876512343E+002
2.2050388 2.11319142680557E+002 3.83001390578476E+002
2.3006174 2.01494897966514E+002 3.58824750056849E+002
2.3964555 1.92184618630877E+002 3.36620869708686E+002
2.4925310 1.83367629667960E+002 3.16197135559172E+002
2.5888248 1.75021815157726E+002 2.97382109728844E+002
2.6853193 1.67124487531057E+002 2.80023346714582E+002
2.7819988 1.59652765032015E+002 2.63984814412940E+002
2.8788497 1.52584015702579E+002 2.49145070158298E+002
2.9758588 1.45896175560374E+002 2.35395627880279E+002
3.0730149 1.39567822685672E+002 2.22639209061891E+002
3.1703074 1.33578432001888E+002 2.10788687522061E+002
3.2677268 1.27908346845199E+002 1.99765716851633E+002
3.3652646 1.22538883606179E+002 1.89499844081776E+002
3.4629133 1.17452309364216E+002 1.79927548804193E+002
3.5606650 1.12631934596348E+002 1.70991645788165E+002
3.6585133 1.08061950545883E+002 1.62640329397454E+002
3.7564523 1.03727500165688E+002 1.54826759272052E+002
3.8544764 9.96146189608295E+001 1.47508484872014E+002
3.9525810 9.57101781211784E+001 1.40646948060637E+002
4.0507604 9.20019166174170E+001 1.34207200574406E+002
4.1490108 8.84782869407099E+001 1.28157344389926E+002
4.2473280 8.51284876108129E+001 1.22468342661361E+002
4.3457083 8.19424016897762E+001 1.17113700521854E+002
4.4441489 7.89105413378284E+001 1.12069188306691E+002
4.5426454 7.60240649750961E+001 1.07312710943372E+002
4.6411954 7.32746523419269E+001 1.02823963145914E+002
4.7397961 7.06545265691080E+001 9.85843480823512E+001
4.8384450 6.81564048208489E+001 9.45767928673218E+001
4.9371399 6.57734545889536E+001 9.07855881625506E+001
5.0358779 6.34993079060822E+001 8.71963315889672E+001
5.1346571 6.13279644146682E+001 8.37957047398300E+001
5.2334756 5.92538103562982E+001 8.05714435486115E+001
5.3323316 5.72715817197926E+001 7.75122272286705E+001
5.4312238 5.53763318573378E+001 7.46075815503746E+001
5.5301496 5.35634452564489E+001 7.18478585087877E+001
5.6291079 5.18285628891444E+001 6.92240856355956E+001
5.7280973 5.01675996985202E+001 6.67279609720657E+001
5.8271164 4.85767176303821E+001 6.43517835955006E+001
5.9261644 4.70523020276023E+001 6.20883930515221E+001
6.0252392 4.55909750531968E+001 5.99311666326368E+001
6.1243401 4.41895378448609E+001 5.78739135178887E+001
6.2234659 4.28449866356971E+001 5.59108810597546E+001
6.3226158 4.15544930102783E+001 5.40367097320508E+001
6.4217891 4.03153866625061E+001 5.22463938369287E+001
6.5209840 3.91251681360561E+001 5.05352870461723E+001
6.6202001 3.79814634915788E+001 4.88990254851187E+001
6.7194366 3.68820389646695E+001 4.73335387594686E+001
6.8186927 3.58247863729894E+001 4.58350197482760E+001
6.9179682 3.48077103912215E+001 4.43998982595399E+001
7.0172613 3.38289403417436E+001 4.30248501061470E+001
7.1165720 3.28866942056947E+001 4.17067395782661E+001
7.2158999 3.19792875274377E+001 4.04426260644248E+001
7.3152432 3.11051437129170E+001 3.92297726823264E+001
7.4146030 3.02627420415739E+001 3.80655690347688E+001
7.5139770 2.94506746436299E+001 3.69476056928845E+001
7.6133666 2.86675773141788E+001 3.58735744512960E+001
7.7127702 2.79121799262687E+001 3.48413341075545E+001
7.8121865 2.71832777822020E+001 3.38488674920791E+001
7.9116168 2.64797080033703E+001 3.28942463870439E+001
8.0110589 2.58003939027950E+001 3.19756890489321E+001
8.1105143 2.51442878146015E+001 3.10914800561855E+001
8.2099815 2.45104138060597E+001 3.02400257989709E+001
8.3094593 2.38978442760056E+001 2.94198205917685E+001
8.4089492 2.33056805659155E+001 2.86294188697082E+001
8.5084489 2.27330907312345E+001 2.78674839106750E+001
8.6079599 2.21792618554593E+001 2.71327225324420E+001
8.7074812 2.16434364306263E+001 2.64239320554975E+001
8.8070112 2.11248930332657E+001 2.57399731280406E+001
8.9065517 2.06229302279550E+001 2.50797473124453E+001
9.0061006 2.01368988823153E+001 2.44422384968992E+001
9.1056593 1.96661620507067E+001 2.38264590493643E+001
9.2052267 1.92101261218882E+001 2.32314897277465E+001
9.3048016 1.87682247034153E+001 2.26564575701398E+001
9.4043856 1.83399051263499E+001 2.21005175605760E+001
9.5039766 1.79246562282694E+001 2.15628879729509E+001
9.6035763 1.75219743406065E+001 2.10428055025631E+001
9.7031836 1.71313900893855E+001 2.05395593371527E+001
9.8027972 1.67524548340825E+001 2.00524729401692E+001
9.9024188 1.63847292521403E+001 1.95808888626847E+001
10.0020464 1.60278073394762E+001 1.91241990433365E+001
10.1016817 1.56812873664471E+001 1.86818070712351E+001
10.2013235 1.53447950493003E+001 1.82531574095142E+001
10.3009707 1.50179720451639E+001 1.78377202194275E+001
10.4006251 1.47004662180629E+001 1.74349786393576E+001
10.5002846 1.43919524672056E+001 1.70444548794912E+001
10.5999509 1.40921077632634E+001 1.66656782182143E+001
10.6996230 1.38006312745609E+001 1.62982101865722E+001
10.7992996 1.35172345338436E+001 1.59416318017209E+001
10.8989827 1.32416330776756E+001 1.55955328089913E+001
10.9986702 1.29735646015952E+001 1.52595342574456E+001
11.0983637 1.27127673744084E+001 1.49332611555952E+001
11.1980623 1.24589977966321E+001 1.46163642760955E+001
11.2977649 1.22120219391800E+001 1.43085093225753E+001
11.3974732 1.19716083149664E+001 1.40093677539562E+001
11.4971853 1.17375437709103E+001 1.37186364027720E+001
11.5969029 1.15096147197336E+001 1.34360139538478E+001
11.6966250 1.12876225229355E+001 1.31612199081695E+001
11.7963505 1.10713761649319E+001 1.28939853187779E+001
11.8960812 1.08606859660067E+001 1.26340449050717E+001
11.9958151 1.06553775494678E+001 1.23811541751234E+001
12.0955540 1.04552754396666E+001 1.21350690683881E+001
12.1952970 1.02602165932884E+001 1.18955625207151E+001
12.2950428 1.00700440206032E+001 1.16624164866027E+001
12.3947934 9.88460128717707E+000 1.14354151159549E+001
12.4945468 9.70374483661594E+000 1.12143597602726E+001
12.5943047 9.52732958848920E+000 1.09990512546926E+001
12.6940662 9.35522088645062E+000 1.07893044479975E+001
12.7938302 9.18728891518918E+000 1.05849412891141E+001
12.8935986 9.02340386776271E+000 1.03857848869354E+001
12.9933693 8.86344685744495E+000 1.01916727144608E+001
13.0931443 8.70729721595341E+000 1.00024411083082E+001
13.1929224 8.55484308211399E+000 9.81793806454449E+000
13.2927027 8.40597649174262E+000 9.63801721294738E+000
13.3924871 8.26058911036045E+000 9.46253261682852E+000
13.4922734 8.11858192946604E+000 9.29135043587229E+000
13.5920637 7.97985401830096E+000 9.12433530096014E+000
13.6918568 7.84431194029860E+000 8.96136162562687E+000
13.7916517 7.71186541555565E+000 8.80230832643282E+000
13.8914504 7.58242353667389E+000 8.64705424751441E+000
13.9912508 7.45590341354837E+000 8.49548849952410E+000
14.0910548 7.33222017408843E+000 8.34749843001299E+000
14.1908615 7.21129536586135E+000 8.20297965888166E+000
14.2906697 7.09305310853741E+000 8.06183143010963E+000
14.3904813 6.97741672486189E+000 7.92395256727600E+000
14.4902944 6.86431647240413E+000 7.78925067065084E+000
14.5901109 6.75368062258551E+000 7.65763145271304E+000
14.6899298 6.64544298042426E+000 7.52900767217752E+000
14.7897500 6.53953945846449E+000 7.40329502333131E+000
14.8895734 6.43590506628360E+000 7.28040854561833E+000
14.9893980 6.33448084649686E+000 7.16027083198366E+000
15.0892259 6.23520588893423E+000 7.04280253844290E+000
15.1890558 6.13802408117341E+000 6.92793036360069E+000
15.2888878 6.04288014899794E+000 6.81558233878990E+000
15.3887200 5.94972232524693E+000 6.70569096276580E+000
15.4885562 5.85849521601108E+000 6.59818477176562E+000
15.5883943 5.76915039875893E+000 6.49300082517406E+000
15.6882343 5.68163921911913E+000 6.39007619127748E+000
15.7880763 5.59591452989486E+000 6.28934998541982E+000
15.8879183 5.51193222232304E+000 6.19076515279082E+000
15.9877640 5.42964479990194E+000 6.09426091364137E+000
16.0876115 5.34901093834603E+000 5.99978397294127E+000
16.1874608 5.26998899803419E+000 5.90728089133387E+000
16.2873119 5.19253859634840E+000 5.81669992063956E+000
16.3871628 5.11662199718608E+000 5.72799261594683E+000
16.4870172 5.04219830585786E+000 5.64110704378848E+000
16.5868734 4.96923211541241E+000 5.55599787542007E+000
16.6867312 4.89768764712669E+000 5.47261952942732E+000
16.7865905 4.82753017547424E+000 5.39092782882045E+000
16.8864496 4.75872729169090E+000 5.31088146198863E+000
16.9863121 4.69124364569186E+000 5.23243585866532E+000
17.0861762 4.62504878580283E+000 5.15555230307210E+000
17.1860417 4.56011185233286E+000 5.08019175185001E+000
17.2859087 4.49640287190390E+000 5.00631633367320E+000
17.3857753 4.43389390885695E+000 4.93389067609245E+000
17.4856452 4.37255429057265E+000 4.86287636817014E+000
17.5855166 4.31235773293705E+000 4.79324021024146E+000
17.6853893 4.25327752260337E+000 4.72494862506049E+000
17.7852633 4.19528769522143E+000 4.65796901804401E+000
17.8851368 4.13836408673916E+000 4.59227098484689E+000
17.9850136 4.08247998725740E+000 4.52782129121319E+000
18.0848916 4.02761263215109E+000 4.46459135978583E+000
18.1847709 3.97373881748334E+000 4.40255220416628E+000
18.2846515 3.92083597480093E+000 4.34167566550014E+000
18.3845314 3.86888313289328E+000 4.28193551374831E+000
18.4844144 3.81785695267809E+000 4.22330288503660E+000
18.5842986 3.76773765339016E+000 4.16575309222155E+000
18.6841841 3.71850501307085E+000 4.10926102141968E+000
18.7840706 3.67013935099235E+000 4.05380225859958E+000
18.8839565 3.62262240914888E+000 3.99935409589423E+000
18.9838453 3.57593372689912E+000 3.94589137489709E+000
19.0837353 3.53005606270247E+000 3.89339269610597E+000
19.1836263 3.48497173791586E+000 3.84183622574604E+000
19.2835185 3.44066353653408E+000 3.79120072428354E+000
19.3834098 3.39711551457496E+000 3.74146646772880E+000
19.4833041 3.35430967849544E+000 3.69261145220761E+000
19.5831994 3.31223095533407E+000 3.64461706758531E+000
19.6830957 3.27086384340589E+000 3.59746426937566E+000
19.7829930 3.23019323786254E+000 3.55113451959252E+000
19.8828894 3.19020517516949E+000 3.50561063178720E+000
19.9827887 3.15088378382386E+000 3.46087329804816E+000
20.0826889 3.11221584923806E+000 3.41690628375301E+000
20.1825901 3.07418773949195E+000 3.37369292525383E+000
20.2824922 3.03678616419625E+000 3.33121699219524E+000
20.3823934 2.99999886042361E+000 3.28946346398707E+000
20.4822973 2.96381178811727E+000 3.24841534533526E+000
20.5822022 2.92821333044703E+000 3.20805843193689E+000
20.6821079 2.89319146668807E+000 3.16837809964527E+000
20.7820145 2.85873447098879E+000 3.12936009627457E+000
20.8819201 2.82483154539069E+000 3.09099125630477E+000
20.9818284 2.79147023563306E+000 3.05325657527073E+000
21.0817375 2.75864030288401E+000 3.01614359010409E+000
21.1816475 2.72633111917346E+000 2.97963942975902E+000
21.2815583 2.69453231190212E+000 2.94373154356701E+000
21.3814680 2.66323434895149E+000 2.90840836018616E+000
21.4813803 2.63242615344799E+000 2.87365659479324E+000
21.5812935 2.60209867859855E+000 2.83946528252306E+000
21.6812074 2.57224250399892E+000 2.80582306419964E+000
21.7811221 2.54284843105639E+000 2.77271885747691E+000
21.8810357 2.51390802463837E+000 2.74014246536142E+000
21.9809519 2.48541140783038E+000 2.70808209326233E+000
22.0808688 2.45735056798791E+000 2.67652806944861E+000
22.1807864 2.42971713474334E+000 2.64547034267944E+000
22.2807048 2.40250293093639E+000 2.61489910164872E+000
22.3806219 2.37570047476597E+000 2.58480533781491E+000
22.4805416 2.34930093771974E+000 2.55517855204609E+000
22.5804621 2.32329720680896E+000 2.52601019209699E+000
22.6803832 2.29768182726702E+000 2.49729134164825E+000
22.7803050 2.27244751307661E+000 2.46901329294855E+000
22.8802255 2.24758761316549E+000 2.44116806816489E+000
22.9801486 2.22309421754966E+000 2.41374629768124E+000
23.0800723 2.19896099797647E+000 2.38674040119761E+000
23.1799967 2.17518130019473E+000 2.36014245003791E+000
23.2799217 2.15174861772614E+000 2.33394469733940E+000
23.3798454 2.12865702527270E+000 2.30814006168138E+000
23.4797716 2.10589941974218E+000 2.28272016111052E+000
23.5796984 2.08347015912842E+000 2.25767826150676E+000
23.6796259 2.06136329087937E+000 2.23300729605882E+000
23.7795539 2.03957299217263E+000 2.20870035687564E+000
23.8794806 2.01809397337438E+000 2.18475114425172E+000
23.9794098 1.99691984203843E+000 2.16115214224635E+000
24.0793395 1.97604555775323E+000 2.13789735538073E+000
24.1792698 1.95546578457364E+000 2.11498047095574E+000
24.2792007 1.93517530072024E+000 2.09239531554383E+000
24.3791302 1.91516937464005E+000 2.07013627289797E+000
24.4790621 1.89544224131853E+000 2.04819658844329E+000
24.5789946 1.87598938897812E+000 2.02657091311308E+000
24.6789277 1.85680602480252E+000 2.00525359573300E+000
24.7788612 1.83788745667920E+000 1.98423910748696E+000
24.8787934 1.81922944415664E+000 1.96352243116688E+000
24.9787279 1.80082677750562E+000 1.94309748327621E+000
25.0786630 1.78267541053039E+000 1.92295948183290E+000
25.1785986 1.76477102992400E+000 1.90310335740125E+000
25.2785347 1.74710941140891E+000 1.88352414830382E+000
25.3784693 1.72968674765894E+000 1.86421736363634E+000
25.4784064 1.71249832151307E+000 1.84517751285877E+000
25.5783439 1.69554049772740E+000 1.82640031265415E+000
25.6782819 1.67880938727815E+000 1.80788120637929E+000
25.7782204 1.66230118002122E+000 1.78961573251210E+000
25.8781574 1.64601245144590E+000 1.77159986361396E+000
25.9780968 1.62993892229895E+000 1.75382863431981E+000
26.0780366 1.61407732083773E+000 1.73629820080832E+000
26.1779769 1.59842413426171E+000 1.71900445949045E+000
26.2779176 1.58297591980418E+000 1.70194339093138E+000
26.3778568 1.56772959200633E+000 1.68511137672859E+000
26.4777984 1.55268126176550E+000 1.66850391772548E+000
26.5777404 1.53782797952671E+000 1.65211755829488E+000
26.6776829 1.52316656678812E+000 1.63594859600791E+000
26.7776257 1.50869390735413E+000 1.61999340304845E+000
26.8775671 1.49440721665909E+000 1.60424872278525E+000
26.9775108 1.48030295392503E+000 1.58871047084075E+000
27.0774549 1.46637845573071E+000 1.57337553519167E+000
27.1773994 1.45263084121543E+000 1.55824056937737E+000
27.2773442 1.43905728505850E+000 1.54330229322841E+000
27.3772876 1.42565527024022E+000 1.52855777074172E+000
27.4772333 1.41242156759090E+000 1.51400328735199E+000
27.5771793 1.39935376828879E+000 1.49963603579016E+000
27.6771257 1.38644925698972E+000 1.48545298611361E+000
27.7770725 1.37370546795208E+000 1.47145116739633E+000
27.8770178 1.36112012249563E+000 1.45762792836542E+000
27.9769653 1.34869027075550E+000 1.44397988485739E+000
28.0769132 1.33641373086845E+000 1.43050450043090E+000
28.1768615 1.32428812479334E+000 1.41719902714354E+000
28.2768101 1.31231111887024E+000 1.40406076969561E+000
28.3767572 1.30048064712420E+000 1.39108733015177E+000
28.4767065 1.28879401051240E+000 1.37827562012984E+000
28.5766562 1.27724922985096E+000 1.36562334432295E+000
28.6766062 1.26584413957094E+000 1.35312800651890E+000
28.7765565 1.25457661388346E+000 1.34078715755121E+000
28.8765053 1.24344477697377E+000 1.32859862530946E+000
28.9764563 1.23244615545428E+000 1.31655958671193E+000
29.0764077 1.22157895145103E+000 1.30466796154194E+000
29.1763593 1.21084118996884E+000 1.29292147871494E+000
29.2763113 1.20023093172992E+000 1.28131790926695E+000
29.3762617 1.18974647121206E+000 1.26985528274918E+000
29.4762144 1.17938553840053E+000 1.25853101448618E+000
29.5761673 1.16914649788592E+000 1.24734321645996E+000
29.6761206 1.15902754589629E+000 1.23628981928519E+000
29.7760741 1.14902691078291E+000 1.22536879135405E+000
29.8760261 1.13914303977410E+000 1.21457834261439E+000
29.9759803 1.12937384646055E+000 1.20391610301764E+000
30.0759347 1.11971784124626E+000 1.19338035658364E+000
30.1758895 1.11017337445071E+000 1.18296921495110E+000
30.2758445 1.10073882533083E+000 1.17268082369904E+000
30.3757980 1.09141277834802E+000 1.16251355442047E+000
30.4757536 1.08219331312829E+000 1.15246523062574E+000
30.5757095 1.07307907114966E+000 1.14253429058175E+000
30.6756657 1.06406854162720E+000 1.13271900867001E+000
30.7756221 1.05516023988458E+000 1.12301768981543E+000
30.8755770 1.04635287386495E+000 1.11342885068954E+000
30.9755340 1.03764467358346E+000 1.10395048965899E+000
31.0754913 1.02903439852168E+000 1.09458118350890E+000
31.1754469 1.02052082476145E+000 1.08531952880786E+000
31.2754067 1.01210210608064E+000 1.07616344709633E+000
31.3753629 1.00377754611856E+000 1.06711211237977E+000
31.4753231 9.95545193705538E-001 1.05816333589861E+000
31.5752798 9.87404383141878E-001 1.04931632815022E+000
31.6752368 9.79353526693027E-001 1.04056929900568E+000
31.7751978 9.71391071700817E-001 1.03192049844603E+000
31.8751552 9.63516395931675E-001 1.02336918865337E+000
31.9751168 9.55727689339646E-001 1.01491334334772E+000
32.0750747 9.48024357078614E-001 1.00655225724774E+000
32.1750329 9.40404931105939E-001 9.98284278548703E-001
32.2749952 9.32867975531077E-001 9.90107792124657E-001
32.3749539 9.25412934353264E-001 9.82022138802746E-001
32.4749166 9.18038126329348E-001 9.74025440239636E-001
32.5748758 9.10743019946897E-001 9.66117066304666E-001
32.6748352 9.03526256139387E-001 9.58295490834743E-001
32.7747986 8.96386505354104E-001 9.50559221258431E-001
32.8747585 8.89323270828876E-001 9.42907668623511E-001
32.9747223 8.82334989048575E-001 9.35339089487331E-001
33.0746827 8.75421185168263E-001 9.27852920848188E-001
33.1746432 8.68580599482352E-001 9.20447750835487E-001
33.2746078 8.61811999414933E-001 9.13122198387984E-001
33.3745687 8.55114941237116E-001 9.05875737317367E-001
33.4745337 8.48487969190932E-001 8.98706747376449E-001
33.5744951 8.41930659181466E-001 8.91614725588101E-001
33.6744568 8.35441842222700E-001 8.84598364201292E-001
33.7744224 8.29020374300431E-001 8.77656383762585E-001
33.8743844 8.22665859206321E-001 8.70788314237968E-001
33.9743505 8.16376939948369E-001 8.63992648047957E-001
34.0743130 8.10153237921917E-001 8.57268935939218E-001
34.1742756 8.03993667082298E-001 8.50615965146794E-001
34.2742423 7.97897164400584E-001 8.44032548932153E-001
34.3742054 7.91863376285228E-001 8.37518267548829E-001
34.4741725 7.85891036389937E-001 8.31071716600982E-001
34.5741359 7.79979806919233E-001 8.24692494963451E-001
34.6740996 7.74128677757925E-001 8.18379476644108E-001
34.7740673 7.68336660030770E-001 8.12131559620407E-001
34.8740313 7.62603438395537E-001 8.05948369219152E-001
34.9739994 7.56927829806959E-001 7.99828595670892E-001
35.0739638 7.51309533107573E-001 7.93771881002775E-001
35.1739284 7.45747607781353E-001 7.87777178598412E-001
35.2738971 7.40241132937750E-001 7.81843463945394E-001
35.3738621 7.34789827589349E-001 7.75970402803524E-001
35.4738310 7.29392585339040E-001 7.70156772296911E-001
35.5737964 7.24049137946191E-001 7.64402253174709E-001
35.6737620 7.18758608770762E-001 7.58705871524217E-001
35.7737315 7.13520139328301E-001 7.53066673842086E-001
35.8736974 7.08333479509460E-001 7.47484362186584E-001
35.9736673 7.03197593530500E-001 7.41957793577148E-001
36.0736335 6.98112242744101E-001 7.36486683535592E-001
36.1735999 6.93076609204711E-001 7.31070124826061E-001
36.2735704 6.88089891782266E-001 7.25707229080489E-001
36.3735371 6.83151868138226E-001 7.20397730967323E-001
36.4735079 6.78261567620520E-001 7.15140561058742E-001
36.5734750 6.73418778203531E-001 7.09935466124510E-001
36.6734423 6.68622735938729E-001 7.04781600153831E-001
36.7734135 6.63872692469682E-001 6.99678134599419E-001
36.8733811 6.59168450448626E-001 6.94624833445942E-001
36.9733527 6.54509099369134E-001 6.89620695061835E-001
37.0733206 6.49894451167528E-001 6.84665494315541E-001
37.1732887 6.45323791628021E-001 6.79758441482902E-001
37.2732608 6.40796421008592E-001 6.74898763022289E-001
37.3732292 6.36312164462451E-001 6.70086249289573E-001
37.4732015 6.31870167087672E-001 6.65319961217713E-001
37.5731702 6.27470262399458E-001 6.60599698956961E-001
37.6731391 6.23111782038703E-001 6.55924724590352E-001
37.7731119 6.18794071096491E-001 6.51294315213402E-001
37.8730811 6.14516974994892E-001 6.46708284917330E-001
37.9730543 6.10279690295234E-001 6.42165752438452E-001
38.0730237 6.06082069954369E-001 6.37666540686641E-001
38.1729934 6.01923487942249E-001 6.33209959483659E-001
38.2729669 5.97803330741007E-001 6.28795332593628E-001
38.3729369 5.93721462038581E-001 6.24422495481590E-001
38.4729107 5.89677126078254E-001 6.20090620348614E-001
38.5728809 5.85670193339955E-001 6.15799550603596E-001
38.6728513 5.81700076908245E-001 6.11548640107084E-001
38.7728256 5.77766201519223E-001 6.07337255682031E-001
38.8727962 5.73868447327655E-001 6.03165252049458E-001
38.9727708 5.70006102801919E-001 5.99031850916620E-001
39.0727417 5.66179054221201E-001 5.94936914163342E-001
39.1727127 5.62386750852064E-001 5.90879836319947E-001
39.2726877 5.58628652822024E-001 5.86860023980673E-001
39.3726590 5.54904655135390E-001 5.82877349221429E-001
39.4726343 5.51214087321632E-001 5.78931079639353E-001
39.5726059 5.47556849908989E-001 5.75021093763998E-001
39.6725776 5.43932425667419E-001 5.71146823724042E-001
39.7725533 5.40340307500769E-001 5.67307712887280E-001
39.8725252 5.36780403807776E-001 5.63503648976454E-001
39.9725012 5.33252082279657E-001 5.59733942170929E-001
40.0724734 5.29755256298490E-001 5.55998486013132E-001
40.1724458 5.26289439688220E-001 5.52296747426630E-001
40.2724221 5.22854155737273E-001 5.48628203816084E-001
40.3723947 5.19449324928548E-001 5.44992757015092E-001
40.4723712 5.16074350455177E-001 5.41389756756342E-001
40.5723441 5.12729157296349E-001 5.37819110122697E-001
40.6723171 5.09413288087665E-001 5.34280316270750E-001
40.7722940 5.06126294312216E-001 5.30772884140737E-001
40.8722673 5.02868107356305E-001 5.27296728294741E-001
40.9722444 4.99638163472164E-001 5.23851235241914E-001
41.0722179 4.96436398103248E-001 5.20436324279936E-001
41.1721915 4.93262380641809E-001 5.17051524454685E-001
41.2721690 4.90115688758302E-001 5.13696373953245E-001
41.3721428 4.86996263677604E-001 5.10370798821065E-001
41.4721206 4.83903572465109E-001 5.07074219795102E-001
41.5720946 4.80837560006623E-001 5.03806567193481E-001
41.6720688 4.77797820565706E-001 5.00567397804788E-001
41.7720469 4.74783956158310E-001 4.97356276966415E-001
41.8720213 4.71795916886914E-001 4.94173141084821E-001
41.9719996 4.68833198562966E-001 4.91017442782986E-001
42.0719743 4.65895754592127E-001 4.87889122322550E-001
42.1719490 4.62983202377781E-001 4.84787762266680E-001
42.2719276 4.60095166589540E-001 4.81712953180503E-001
42.3719026 4.57231605339669E-001 4.78664640819061E-001
42.4718815 4.54392041281171E-001 4.75642307537336E-001
42.5718566 4.51576435506279E-001 4.72645902568760E-001
42.6718319 4.48784426966383E-001 4.69675032444651E-001
42.7718111 4.46015661429151E-001 4.66729311192968E-001
42.8717866 4.43270104232440E-001 4.63808693003435E-001
42.9717660 4.40547303114359E-001 4.60912687979646E-001
43.0717417 4.37847226100532E-001 4.58041253449430E-001
43.1717175 4.35169532225482E-001 4.55194018252516E-001
43.2716972 4.32513886923167E-001 4.52370618257859E-001
43.3716732 4.29880262047979E-001 4.49571015264359E-001
43.4716531 4.27268228801613E-001 4.46794745296062E-001
43.5716293 4.24677761461916E-001 4.44041772982469E-001
43.6716056 4.22108537797163E-001 4.41311747945206E-001
43.7715858 4.19560241588543E-001 4.38604326402357E-001
43.8715623 4.17032850565484E-001 4.35919477015867E-001
43.9715428 4.14525957894878E-001 4.33256760043469E-001
44.0715195 4.12039543490394E-001 4.30616146699654E-001
44.1714963 4.09573302609892E-001 4.27997305982591E-001
44.2714770 4.07126936165389E-001 4.25399913085806E-001
44.3714539 4.04700427180682E-001 4.22823942859509E-001
44.4714348 4.02293389401918E-001 4.20268978237281E-001
44.5714120 3.99905807820520E-001 4.17734996370309E-001
44.6713893 3.97537394035690E-001 4.15221684338216E-001
44.7713704 3.95187864967504E-001 4.12728735043898E-001
44.8713479 3.92857208408242E-001 4.10256128915228E-001
44.9713293 3.90545057400201E-001 4.07803470121489E-001
45.0713069 3.88251401507048E-001 4.05370741163807E-001
45.1712846 3.85975967608643E-001 4.02957646008659E-001
45.2712662 3.83718487595825E-001 4.00563894100308E-001
45.3712441 3.81478953552871E-001 3.98189470891482E-001
45.4712259 3.79257016629245E-001 3.95834000454561E-001
45.5712040 3.77052670502746E-001 3.93497470109282E-001
45.6711822 3.74865656353210E-001 3.91179599606046E-001
45.7711643 3.72695720083058E-001 3.88880113851951E-001
45.8711426 3.70542857636646E-001 3.86599002823850E-001
45.9711248 3.68406737167856E-001 3.84335909262997E-001
46.0711034 3.66287356053296E-001 3.82090824826372E-001
46.1710820 3.64184468865266E-001 3.79863484029074E-001
46.2710644 3.62097834630034E-001 3.77653626244230E-001
46.3710432 3.60027452760363E-001 3.75461245519039E-001
46.4710259 3.57973007390905E-001 3.73286002119503E-001
46.5710048 3.55934499220385E-001 3.71127891603548E-001
46.6709838 3.53911695373049E-001 3.68986662308256E-001
46.7709667 3.51904367176703E-001 3.66862067150680E-001
46.8709459 3.49912517157203E-001 3.64754103836987E-001
46.9709290 3.47935844478936E-001 3.62662449096363E-001
47.0709083 3.45974352820987E-001 3.60587101992083E-001
47.1708877 3.44027821080404E-001 3.58527823810500E-001
47.2708710 3.42096032124190E-001 3.56484380158863E-001
47.3708506 3.40178991268865E-001 3.54456772029201E-001
47.4708341 3.38276411824239E-001 3.52444691628101E-001
47.5708138 3.36388300139583E-001 3.50448141165342E-001
47.6707936 3.34514446161924E-001 3.48466894067963E-001
47.7707773 3.32654643590112E-001 3.46500727842293E-001
47.8707573 3.30808900238661E-001 3.44549646427731E-001
47.9707411 3.28976942739861E-001 3.42613356592056E-001
48.0707212 3.27158779831600E-001 3.40691863365953E-001
48.1707014 3.25354211839738E-001 3.38784951567335E-001
48.2706855 3.23563042638138E-001 3.36892409867920E-001
48.3706658 3.21785282273579E-001 3.35014244847273E-001
48.4706500 3.20020669934386E-001 3.33150176982134E-001
48.5706305 3.18269216491386E-001 3.31300213828563E-001
48.6706110 3.16530732025632E-001 3.29464150899471E-001
48.7705955 3.14805029975582E-001 3.27641787350963E-001
48.8705762 3.13092122378958E-001 3.25833132123902E-001
48.9705608 3.11391760265737E-001 3.24037918610611E-001
49.0705416 3.09703956407477E-001 3.22256156624220E-001
49.1705225 3.08028530060470E-001 3.20487651726298E-001
49.2705073 3.06365303660045E-001 3.18732212924738E-001
49.3704883 3.04714291015675E-001 3.16989851268486E-001
49.4704733 3.03075254332617E-001 3.15260312326275E-001
49.5704545 3.01448208072236E-001 3.13543607924671E-001
49.6704357 2.99832980126322E-001 3.11839553073091E-001
49.7704208 2.98229401398653E-001 3.10147966043115E-001
49.8704022 2.96637487271342E-001 3.08468859761807E-001
49.9703875 2.95057010502866E-001 3.06801991285113E-001
50.0703690 2.93487987052783E-001 3.05147374231745E-001
50.1703506 2.91930252945686E-001 3.03504832500058E-001
50.2703361 2.90383647061604E-001 3.01874193078167E-001
50.3703178 2.88848186174392E-001 3.00255470562373E-001
50.4703034 2.87323653014630E-001 2.98648432852726E-001
50.5702853 2.85810064865982E-001 2.97053095159084E-001
50.6702672 2.84307265417315E-001 2.95469289748405E-001
50.7702530 2.82815101066101E-001 2.93896851815893E-001
50.8702350 2.81333589813593E-001 2.92335797437336E-001
50.9702209 2.79862523819201E-001 2.90785904756351E-001
51.0702031 2.78401921532538E-001 2.89247190391338E-001
51.1701853 2.76951633869731E-001 2.87719494493077E-001
51.2701714 2.75511514317718E-001 2.86202659989176E-001
51.3701538 2.74081581955834E-001 2.84696704262529E-001
51.4701400 2.72661637864078E-001 2.83201415139114E-001
51.5701225 2.71251701514315E-001 2.81716810479981E-001
51.6701050 2.69851630642041E-001 2.80242737867747E-001
51.7700914 2.68461285424149E-001 2.78779047519806E-001
51.8700741 2.67080685882407E-001 2.77325757969544E-001
51.9700606 2.65709641541591E-001 2.75882666200479E-001
52.0700434 2.64348172765287E-001 2.74449791165603E-001
52.1700263 2.62996143727369E-001 2.73026987457658E-001
52.2700130 2.61653420921495E-001 2.71614112170803E-001
52.3699959 2.60320025188648E-001 2.70211184846644E-001
52.4699827 2.58995774052629E-001 2.68818011135096E-001
52.5699658 2.57680688650175E-001 2.67434610944176E-001
52.6699489 2.56374639237444E-001 2.66060845483010E-001
52.7699359 2.55077498276013E-001 2.64696578336861E-001
52.8699192 2.53789287314170E-001 2.63341829926311E-001
52.9699063 2.52509831456867E-001 2.61996414107723E-001
53.0698897 2.51239152506318E-001 2.60660351619776E-001
53.1698731 2.49977126467905E-001 2.59333509920097E-001
53.2698603 2.48723631444824E-001 2.58015758724681E-001
53.3698439 2.47478689591047E-001 2.56707119215700E-001
53.4698313 2.46242133200684E-001 2.55407413024941E-001
53.5698149 2.45013984643662E-001 2.54116661608795E-001
53.6697986 2.43794125362878E-001 2.52834738329436E-001
53.7697861 2.42582438797722E-001 2.51561518696628E-001
53.8697699 2.41378947615612E-001 2.50297024547532E-001
53.9697576 2.40183490931853E-001 2.49041084885170E-001
54.0697415 2.38996091595351E-001 2.47793721781085E-001
54.1697254 2.37816636194601E-001 2.46554814180204E-001
54.2697133 2.36645013219124E-001 2.45324243070767E-001
54.3696973 2.35481245766075E-001 2.44102030848153E-001
54.4696852 2.34325179426343E-001 2.42888013507341E-001
54.5696694 2.33176837447311E-001 2.41682213641930E-001
54.6696536 2.32036111289496E-001 2.40484515478331E-001
54.7696417 2.30902894224463E-001 2.39294805188069E-001
54.8696260 2.29777209703180E-001 2.38113105636904E-001
54.9696142 2.28658909467287E-001 2.36939259455651E-001
55.0695986 2.27548017089630E-001 2.35773289675479E-001
55.1695831 2.26444428646237E-001 2.34615085522067E-001
55.2695714 2.25348041939294E-001 2.33464538073658E-001
55.3695560 2.24258880704754E-001 2.32321670586709E-001
55.4695444 2.23176802529519E-001 2.31186331993272E-001
55.5695291 2.22101831245732E-001 2.30058545685461E-001
55.6695138 2.21033867304238E-001 2.28938205623669E-001
55.7695023 2.19972812801929E-001 2.27825207533585E-001
55.8694872 2.18918691697379E-001 2.26719574990108E-001
55.9694758 2.17871367135289E-001 2.25621162911962E-001
56.0694607 2.16830863147158E-001 2.24529994982730E-001
56.1694457 2.15797084332681E-001 2.23445969649382E-001
56.2694345 2.14769936861949E-001 2.22368987041841E-001
56.3694196 2.13749444859689E-001 2.21299070987964E-001
56.4694085 2.12735476757738E-001 2.20236082097232E-001
56.5693936 2.11728056732696E-001 2.19180044281748E-001
56.6693788 2.10727093320837E-001 2.18130860242170E-001
56.7693678 2.09732496557345E-001 2.17088434284374E-001
56.8693531 2.08744290682021E-001 2.16052790429864E-001
56.9693423 2.07762349158837E-001 2.15023794700339E-001
57.0693276 2.06786696260433E-001 2.14001471179432E-001
57.1693130 2.05817244260130E-001 2.12985726602779E-001
57.2693023 2.04853906862589E-001 2.11976469237812E-001
57.3692878 2.03896708376509E-001 2.10973723245998E-001
57.4692772 2.02945527057626E-001 2.09977359798930E-001
57.5692628 2.02000387230288E-001 2.08987403100198E-001
57.6692484 2.01061204717214E-001 2.08003763714911E-001
57.7692379 2.00127896708545E-001 2.07026353670574E-001
57.8692236 1.99200487540189E-001 2.06055197220085E-001
57.9692132 1.98278860032930E-001 2.05090170437710E-001
58.0691990 1.97363038522815E-001 2.04131297600391E-001
58.1691849 1.96452942205380E-001 2.03178492909484E-001
58.2691746 1.95548491583089E-001 2.02231671963127E-001
58.3691605 1.94649710981460E-001 2.01290859061794E-001
58.4691503 1.93756487572375E-001 2.00355934949330E-001
58.5691363 1.92868845667515E-001 1.99426923933934E-001
58.6691224 1.91986707668974E-001 1.98503743671446E-001
58.7691123 1.91109997228493E-001 1.97586313152400E-001
58.8690985 1.90238738627336E-001 1.96674656685275E-001
58.9690885 1.89372823186468E-001 1.95768659463590E-001
59.0690747 1.88512275160745E-001 1.94868345788832E-001
59.1690610 1.87657020002192E-001 1.93973636600236E-001
59.2690511 1.86806984358217E-001 1.93084454112953E-001
59.3690374 1.85962192435376E-001 1.92200822607805E-001
59.4690277 1.85122539512875E-001 1.91322631520401E-001
59.5690141 1.84288049759565E-001 1.90449905111321E-001
59.6690006 1.83458651529779E-001 1.89582567442062E-001
59.7689909 1.82634274321794E-001 1.88720543794373E-001
59.8689774 1.81814942240119E-001 1.87863858389320E-001
59.9689678 1.81000554341810E-001 1.87012404708552E-001
60.0689545 1.80191134683548E-001 1.86166206940987E-001
60.1689411 1.79386614382746E-001 1.85325192118548E-001
60.2689316 1.78586925651992E-001 1.84489288440668E-001
60.3689184 1.77792092469252E-001 1.83658520039821E-001
60.4689090 1.77002017498839E-001 1.82832784258436E-001
60.5688958 1.76216724661833E-001 1.82012105186150E-001
60.6688827 1.75436147707370E-001 1.81196412682170E-001
60.7688734 1.74660221433486E-001 1.80385637723205E-001
60.8688603 1.73888969669703E-001 1.79579804327269E-001
60.9688511 1.73122298526183E-001 1.78778813522423E-001
61.0688381 1.72360231767480E-001 1.77982689274276E-001
61.1688251 1.71602705650445E-001 1.77191364134288E-001
61.2688160 1.70849657436900E-001 1.76404771723990E-001
61.3688031 1.70101110788401E-001 1.75622935923789E-001
61.4687941 1.69356975108158E-001 1.74845761281699E-001
61.5687813 1.68617273985560E-001 1.74073271617165E-001
61.6687685 1.67881946068048E-001 1.73305402046471E-001
61.7687596 1.67150930966317E-001 1.72542088710951E-001
61.8687469 1.66424252156592E-001 1.71783355332735E-001
61.9687381 1.65701822190414E-001 1.71029109822991E-001
62.0687254 1.64983664465459E-001 1.70279375835266E-001
62.1687128 1.64269719909075E-001 1.69534090930328E-001
62.2687041 1.63559930372235E-001 1.68793193651263E-001
62.3686916 1.62854319130443E-001 1.68056707543521E-001
62.4686829 1.62152801746444E-001 1.67324543732952E-001
62.5686704 1.61455401411558E-001 1.66596725689648E-001
62.6686580 1.60762061228398E-001 1.65873193305186E-001
62.7686494 1.60072725185533E-001 1.65153887412863E-001
62.8686371 1.59387416344168E-001 1.64438831365109E-001
62.9686286 1.58706053148252E-001 1.63727939361810E-001
63.0686163 1.58028658569842E-001 1.63021234674043E-001
63.1686040 1.57355177787839E-001 1.62318659416739E-001
63.2685918 1.56685582300960E-001 1.61620183175335E-001
63.3685872 1.56019793212061E-001 1.60925722980011E-001
63.4685751 1.55357884101256E-001 1.60235354911576E-001
63.5685630 1.54699776271121E-001 1.59548996222871E-001
63.6685509 1.54045442206254E-001 1.58866617563282E-001
63.7685388 1.53394854631442E-001 1.58188189841322E-001
63.8685344 1.52747937297543E-001 1.57513632909374E-001
63.9685224 1.52104762106412E-001 1.56843021107335E-001
64.0685105 1.51465252994394E-001 1.56176274494458E-001
64.1684986 1.50829383622784E-001 1.55513364989323E-001
64.2684867 1.50197127881077E-001 1.54854264756564E-001
64.3684824 1.49568412056585E-001 1.54198896350318E-001
64.4684706 1.48943306415235E-001 1.53547332413232E-001
64.5684588 1.48321737416550E-001 1.52899495691594E-001
64.6684470 1.47703679839976E-001 1.52255359309327E-001
64.7684353 1.47089108681858E-001 1.51614896624085E-001
64.8684312 1.46477952660024E-001 1.50978032777448E-001
64.9684195 1.45870280445854E-001 1.50344838757545E-001
65.0684079 1.45266020917004E-001 1.49715239884380E-001
65.1683963 1.44665149915848E-001 1.49089210427027E-001
65.2683847 1.44067643490989E-001 1.48466724876667E-001
65.3683808 1.43473432690125E-001 1.47847710853797E-001
65.4683692 1.42882584630514E-001 1.47232237733802E-001
65.5683578 1.42295030508137E-001 1.46620233302802E-001
65.6683463 1.41710747176167E-001 1.46011672918247E-001
65.7683349 1.41129711683941E-001 1.45406532148736E-001
65.8683311 1.40551857313366E-001 1.44804740990587E-001
65.9683197 1.39977249667059E-001 1.44206367247281E-001
66.0683084 1.39405822164432E-001 1.43611341068820E-001
66.1682971 1.38837552620248E-001 1.43019638847466E-001
66.2682858 1.38272419035924E-001 1.42431237176281E-001
66.3682821 1.37710356836611E-001 1.41846068329443E-001
66.4682709 1.37151430148820E-001 1.41264198578412E-001
66.5682597 1.36595574525150E-001 1.40685560339913E-001
66.6682485 1.36042768695468E-001 1.40110130990451E-001
66.7682374 1.35492991567312E-001 1.39537888097561E-001
66.8682339 1.34946180622543E-001 1.38968766120155E-001
66.9682228 1.34402398549166E-001 1.38402829836609E-001
67.0682118 1.33861582947101E-001 1.37840013837981E-001
67.1682007 1.33323713417395E-001 1.37280296437270E-001
67.2681897 1.32788769730271E-001 1.36723656129274E-001
67.3681864 1.32256691341948E-001 1.36170029469056E-001
67.4681754 1.31727539538598E-001 1.35619479779917E-001
67.5681645 1.31201253885731E-001 1.35071943739362E-001
67.6681536 1.30677814814049E-001 1.34527400551769E-001
67.7681428 1.30157202915399E-001 1.33985829594593E-001
67.8681396 1.29639359541949E-001 1.33447169434769E-001
67.9681288 1.29124344613795E-001 1.32911481977592E-001
68.0681180 1.28612099584212E-001 1.32378705903385E-001
68.1681072 1.28102605674284E-001 1.31848821265262E-001
68.2680965 1.27595844258646E-001 1.31321808281172E-001
68.3680934 1.27091758510738E-001 1.30797607449700E-001
68.4680827 1.26590407019431E-001 1.30276279294288E-001
68.5680721 1.26091733051627E-001 1.29757764418451E-001
68.6680615 1.25595718581639E-001 1.29242043683724E-001
68.7680509 1.25102345730143E-001 1.28729098108682E-001
68.8680479 1.24611559420693E-001 1.28218870047165E-001
68.9680374 1.24123416944898E-001 1.27711418676006E-001
69.0680269 1.23637863312635E-001 1.27206686446078E-001
69.1680164 1.23154881216282E-001 1.26704654989202E-001
69.2680059 1.22674453487773E-001 1.26205306086862E-001
69.3680031 1.22196526732953E-001 1.25708583875378E-001
69.4679927 1.21721156979248E-001 1.25214546219322E-001
69.5679823 1.21248290912161E-001 1.24723137344672E-001
69.6679719 1.20777911908836E-001 1.24234339617448E-001
69.7679615 1.20310003479530E-001 1.23748135546351E-001
69.8679589 1.19844513847701E-001 1.23264470980823E-001
69.9679486 1.19381497808823E-001 1.22783402506643E-001
70.0679383 1.18920903659781E-001 1.22304876056026E-001
70.1679281 1.18462715430949E-001 1.21828874695027E-001
70.2679178 1.18006917279710E-001 1.21355381625774E-001
70.3679153 1.17553458985441E-001 1.20884344344710E-001
70.4679051 1.17102394143037E-001 1.20415818191421E-001
70.5678949 1.16653672599483E-001 1.19949750738685E-001
70.6678848 1.16207279008500E-001 1.19486125720247E-001
70.7678747 1.15763198145034E-001 1.19024926999658E-001
70.8678723 1.15321381285500E-001 1.18566103657295E-001
70.9678622 1.14881880854772E-001 1.18109709818303E-001
71.0678522 1.14444648191438E-001 1.17655694633383E-001
71.1678422 1.14009668544242E-001 1.17204042473319E-001
71.2678322 1.13576927277664E-001 1.16754737832766E-001
71.3678299 1.13146377108957E-001 1.16307731315868E-001
71.4678200 1.12718069322713E-001 1.15863075864239E-001
71.5678100 1.12291956693274E-001 1.15420722146730E-001
71.6678002 1.11868025037547E-001 1.14980655142118E-001
71.7677903 1.11446260282973E-001 1.14542859947427E-001
71.8677881 1.11026616533967E-001 1.14107288633137E-001
71.9677783 1.10609143963784E-001 1.13673992987428E-001
72.0677685 1.10193796729181E-001 1.13242925140240E-001
72.1677587 1.09780561189752E-001 1.12814070650807E-001
72.2677489 1.09369423810682E-001 1.12387415191274E-001
72.3677468 1.08960340032275E-001 1.11962912243625E-001
72.4677371 1.08553358944620E-001 1.11540612471901E-001
72.5677275 1.08148436035926E-001 1.11120469412641E-001
72.6677178 1.07745558184294E-001 1.10702469179420E-001
72.7677082 1.07344712368732E-001 1.10286597993665E-001
72.8677062 1.06945855316426E-001 1.09872810696484E-001
72.9676966 1.06549035061716E-001 1.09461156856295E-001
73.0676870 1.06154208375549E-001 1.09051591364183E-001
73.1676774 1.05761362631584E-001 1.08644100863286E-001
73.2676679 1.05370485299940E-001 1.08238672099792E-001
73.3676660 1.04981534347841E-001 1.07835261223894E-001
73.4676565 1.04594556780548E-001 1.07433916736131E-001
73.5676471 1.04209510605174E-001 1.07034594832392E-001
73.6676376 1.03826383669145E-001 1.06637282661862E-001
73.7676282 1.03445163912119E-001 1.06241967472218E-001
73.8676264 1.03065810496562E-001 1.05848606674907E-001
73.9676171 1.02688369424605E-001 1.05457247729586E-001
74.0676077 1.02312799894983E-001 1.05067848089397E-001
74.1675984 1.01939090208186E-001 1.04680395387246E-001
74.2675890 1.01567228752926E-001 1.04294877350205E-001
74.3675874 1.01197175844053E-001 1.03911252605240E-001
74.4675781 1.00828976505812E-001 1.03529567597391E-001
74.5675688 1.00462591085942E-001 1.03149780991584E-001
74.6675596 1.00098008318331E-001 1.02771880883243E-001
74.7675504 9.97352170212678E-002 1.02395855457846E-001
74.8675488 9.93741786209805E-002 1.02021664514134E-001
74.9675396 9.90149371883823E-002 1.01649353508088E-001
75.0675305 9.86574541794315E-002 1.01278882272918E-001
75.1675213 9.83017187427125E-002 1.00910239346422E-001
75.2675122 9.79477201075871E-002 1.00543413352544E-001
75.3675108 9.75954207724002E-002 1.00178365219946E-001
75.4675017 9.72448638786221E-002 9.98151394404122E-002
75.5674926 9.68960119513782E-002 9.94536969738108E-002
75.6674836 9.65488545361742E-002 9.90940267811691E-002
75.7674746 9.62033812558428E-002 9.87361179059454E-002
75.8674732 9.58595556432550E-002 9.83799323666673E-002
75.9674642 9.55174199336715E-002 9.80255137151014E-002
76.0674553 9.51769376839875E-002 9.76728239979323E-002
76.1674463 9.48380988197206E-002 9.73218525812158E-002
76.2674374 9.45008933404335E-002 9.69725889099071E-002
76.3674361 9.41652857775145E-002 9.66249960540460E-002
76.4674273 9.38313174826128E-002 9.62791166489038E-002
76.5674184 9.34989530085673E-002 9.59349137898309E-002
76.6674096 9.31681826448192E-002 9.55923772306025E-002
76.7674007 9.28389967517311E-002 9.52514968005347E-002
76.8673996 9.25113608247069E-002 9.49122365844485E-002
76.9673908 9.21853153537629E-002 9.45746383239993E-002
77.0673820 9.18608258533500E-002 9.42386661266598E-002
77.1673732 9.15378829615208E-002 9.39043101174598E-002
77.2673645 9.12164773842764E-002 9.35715604937731E-002
77.3673634 9.08965755479658E-002 9.32403823200130E-002
77.4673547 9.05782171023500E-002 9.29108164664715E-002
77.5673461 9.02613684905815E-002 9.25828280177311E-002
77.6673374 8.99460206847465E-002 9.22564074544068E-002
77.7673288 8.96321647220487E-002 9.19315453264160E-002
77.8673278 8.93197679280768E-002 9.16082076440418E-002
77.9673192 8.90088691331263E-002 9.12864344278555E-002
78.0673106 8.86994356774957E-002 9.09661917059919E-002
78.1673020 8.83914588534210E-002 9.06474702997361E-002
78.2672935 8.80849300155602E-002 9.03302610967798E-002
78.3672925 8.77798173583340E-002 9.00145310209490E-002
78.4672840 8.74761589127930E-002 8.97003192641444E-002
78.5672755 8.71739228861136E-002 8.93875927658798E-002
78.6672671 8.68731008774567E-002 8.90763426739088E-002
78.7672586 8.65736845458363E-002 8.87665601996333E-002
78.8672578 8.62756429253336E-002 8.84582131494232E-002
78.9672493 8.59790132674205E-002 8.81513399069816E-002
79.0672409 8.56837646171110E-002 8.78459082923471E-002
79.1672325 8.53898888678885E-002 8.75419097662144E-002
79.2672242 8.50973779706405E-002 8.72393358502991E-002
79.3672234 8.48062017711157E-002 8.69381552037814E-002
79.4672151 8.45163967603338E-002 8.66384054220779E-002
79.5672068 8.42279327932762E-002 8.63400551761533E-002
79.6671985 8.39408020457358E-002 8.60430962267553E-002
79.7671902 8.36549967485750E-002 8.57475203931488E-002
79.8671895 8.33704875323393E-002 8.54532971587948E-002
79.9671813 8.30873101461992E-002 8.51604633501892E-002
80.0671730 8.28054352283472E-002 8.48689884608201E-002
80.1671648 8.25248552254322E-002 8.45788645392054E-002
80.2671566 8.22455626369459E-002 8.42900836899930E-002
80.3671560 8.19675288524298E-002 8.40026161935436E-002
80.4671478 8.16907888972983E-002 8.37164981262671E-002
80.5671397 8.14153141672629E-002 8.34316997769130E-002
80.6671315 8.11410973689037E-002 8.31482134700589E-002
80.7671234 8.08681312595205E-002 8.28660315841368E-002
80.8671229 8.05963879628706E-002 8.25851251701204E-002
80.9671148 8.03259017982107E-002 8.23055295726525E-002
81.0671067 8.00566448940923E-002 8.20272158495681E-002
81.1670987 7.97886102066051E-002 8.17501765903380E-002
81.2670906 7.95217907405317E-002 8.14744044361166E-002
81.3670902 7.92561593300394E-002 8.11998711832469E-002
81.4670822 7.89917496053444E-002 8.09266114624224E-002
81.5670742 7.87285344041260E-002 8.06545970754240E-002
81.6670662 7.84665069220380E-002 8.03838208659638E-002
81.7670583 7.82056604014933E-002 8.01142757273670E-002
81.8670579 7.79459683641914E-002 7.98459341770970E-002
81.9670500 7.76874637679573E-002 7.95788301492285E-002
82.0670421 7.74301201368102E-002 7.93129361653374E-002
82.1670342 7.71739308964743E-002 7.90482453132139E-002
82.2670263 7.69188895175866E-002 7.87847507282846E-002
82.3670260 7.66649701873884E-002 7.85224256258348E-002
82.4670182 7.64122052075092E-002 7.82613032601767E-002
82.5670103 7.61605687664008E-002 7.80013568494744E-002
82.6670025 7.59100545107932E-002 7.77425797158955E-002
82.7669947 7.56606561305658E-002 7.74849652273577E-002
82.8669945 7.54123484573581E-002 7.72284872745750E-002
82.9669867 7.51651631523590E-002 7.69731784484947E-002
83.0669790 7.49190750473865E-002 7.67190126415613E-002
83.1669712 7.46740780015195E-002 7.64659834010594E-002
83.2669635 7.44301659153012E-002 7.62140843182223E-002
83.3669634 7.41873142444345E-002 7.59632899376652E-002
83.4669556 7.39455540249932E-002 7.57136322029200E-002
83.5669479 7.37048607119005E-002 7.54650856592647E-002
83.6669403 7.34652283683129E-002 7.52176440702573E-002
83.7669326 7.32266510972420E-002 7.49713012416842E-002
83.8669326 7.29891049588919E-002 7.47260323513599E-002
83.9669249 7.27526203791311E-002 7.44818687109172E-002
84.0669173 7.25171734164945E-002 7.42387854978415E-002
84.1669097 7.22827583303129E-002 7.39967766835168E-002
84.2669021 7.20493694182338E-002 7.37558362799117E-002
84.3669022 7.18169833261392E-002 7.35159400781283E-002
84.4668946 7.15856298841980E-002 7.32771187729943E-002
84.5668870 7.13552857357976E-002 7.30393481543609E-002
84.6668795 7.11259453288887E-002 7.28026223933672E-002
84.7668720 7.08976031482679E-002 7.25669357001658E-002
84.8668721 7.06702364073776E-002 7.23322644599880E-002
84.9668646 7.04438743548004E-002 7.20986387655416E-002
85.0668571 7.02184942007190E-002 7.18660349999520E-002
85.1668496 6.99940905744812E-002 7.16344475263993E-002
85.2668422 6.97706581408745E-002 7.14038707455758E-002
85.3668424 6.95481746634595E-002 7.11742816184049E-002
85.4668349 6.93266688229644E-002 7.09457096497620E-002
85.5668275 6.91061183789817E-002 7.07181317976713E-002
85.6668201 6.88865181353487E-002 7.04915426099801E-002
85.7668127 6.86678629299982E-002 7.02659366706122E-002
85.8668130 6.84501310598120E-002 7.00412914984355E-002
85.9668056 6.82333506510263E-002 6.98176360243934E-002
86.0667983 6.80174999958997E-002 6.95949477637201E-002
86.1667909 6.78025740661522E-002 6.93732214418786E-002
86.2667836 6.75885678663120E-002 6.91524518190360E-002
86.3667839 6.73754602104042E-002 6.89326169549153E-002
86.4667766 6.71632786831753E-002 6.87137452200550E-002
86.5667694 6.69520020934218E-002 6.84958146698649E-002
86.6667621 6.67416255744237E-002 6.82788202006798E-002
86.7667548 6.65321442910385E-002 6.80627567422250E-002
86.8667552 6.63235375588476E-002 6.78476028786216E-002
86.9667480 6.61158324337613E-002 6.76333864331645E-002
87.0667408 6.59090082255733E-002 6.74200859850326E-002
87.1667336 6.57030602230739E-002 6.72076965949804E-002
87.2667264 6.54979837454514E-002 6.69962133558963E-002
87.3667268 6.52937585948231E-002 6.67856153604449E-002
87.4667197 6.50904113105778E-002 6.65759298974861E-002
87.5667125 6.48879216885299E-002 6.63671360541615E-002
87.6667054 6.46862851671872E-002 6.61592290494712E-002
87.7666983 6.44854972143274E-002 6.59522041333465E-002
87.8666988 6.42855381041251E-002 6.57460408917186E-002
87.9666917 6.40864338714333E-002 6.55407660914776E-002
88.0666846 6.38881647836498E-002 6.53363593124965E-002
88.1666775 6.36907264234539E-002 6.51328159261111E-002
88.2666705 6.34941144017145E-002 6.49301313334369E-002
88.3666710 6.32983094507043E-002 6.47282855989488E-002
88.4666640 6.31033371124071E-002 6.45273049796986E-002
88.5666570 6.29091781118832E-002 6.43271695336095E-002
88.6666500 6.27158281706720E-002 6.41278747786949E-002
88.7666429 6.25232830374672E-002 6.39294162616459E-002
88.8666436 6.23315238891786E-002 6.37317745112867E-002
88.9666366 6.21405757862765E-002 6.35349752866393E-002
89.0666296 6.19504198980588E-002 6.33389991095232E-002
89.1666227 6.17610520798364E-002 6.31438416392111E-002
89.2666157 6.15724682130825E-002 6.29494985625973E-002
89.3666164 6.13846499063599E-002 6.27559508591702E-002
89.4666095 6.11976217496803E-002 6.25632238014152E-002
89.5666026 6.10113653436288E-002 6.23712983613994E-002
89.6665957 6.08258766724118E-002 6.21801703344648E-002
89.7665889 6.06411517454475E-002 6.19898355425633E-002
89.8665896 6.04571725904250E-002 6.18002754026478E-002
89.9665828 6.02739633376594E-002 6.16115147118556E-002
90.0665759 6.00915060065278E-002 6.14235348793368E-002
90.1665691 5.99097967054592E-002 6.12363318315300E-002
90.2665622 5.97288315671831E-002 6.10499015205146E-002
90.3665631 5.95485930264260E-002 6.08642257879746E-002
90.4665563 5.93691047642852E-002 6.06793289665914E-002
90.5665495 5.91903492068710E-002 6.04951928898975E-002
90.6665427 5.90123225823549E-002 6.03118136106630E-002
90.7665359 5.88350211423356E-002 6.01291872063696E-002
90.8665368 5.86584277169090E-002 5.99472959311462E-002
90.9665301 5.84825655481574E-002 5.97661636638227E-002
91.0665233 5.83074174572838E-002 5.95857726500584E-002
91.1665166 5.81329797879070E-002 5.94061190643871E-002
91.2665099 5.79592489062350E-002 5.92271991051636E-002
91.3665108 5.77862080264690E-002 5.90489954271043E-002
91.4665041 5.76138799616104E-002 5.88715314655124E-002
91.5664975 5.74422479167173E-002 5.86947898663453E-002
91.6664908 5.72713083467357E-002 5.85187669215211E-002
91.7664842 5.71010577283974E-002 5.83434589459251E-002
91.8664851 5.69314796491314E-002 5.81688489834148E-002
91.9664785 5.67625965025335E-002 5.79949600358205E-002
92.0664719 5.65943918666636E-002 5.78217751379781E-002
92.1664653 5.64268623038431E-002 5.76492906949906E-002
92.2664587 5.62600043974080E-002 5.74775031341091E-002
92.3664597 5.60938020975098E-002 5.73063958772807E-002
92.4664531 5.59282773877605E-002 5.71359915026524E-002
92.5664466 5.57634142087396E-002 5.69662734229126E-002
92.6664400 5.55992092263516E-002 5.67972381523209E-002
92.7664335 5.54356591267758E-002 5.66288822264992E-002
92.8664346 5.52727482127376E-002 5.64611894348111E-002
92.9664281 5.51104980670422E-002 5.62941819412552E-002
93.0664215 5.49488929826613E-002 5.61278435257223E-002
93.1664150 5.47879297254433E-002 5.59621708077643E-002
93.2664086 5.46276050808014E-002 5.57971604275410E-002
93.3664097 5.44679036942287E-002 5.56327965315234E-002
93.4664032 5.43088467566625E-002 5.54691008788467E-002
93.5663968 5.41504189036805E-002 5.53060576063178E-002
93.6663903 5.39926169975818E-002 5.51436634350716E-002
93.7663839 5.38354379195487E-002 5.49819151061281E-002
93.8663851 5.36788666483648E-002 5.48207971131048E-002
93.9663787 5.35229239918069E-002 5.46603308193188E-002
94.0663723 5.33675949186010E-002 5.45005007085526E-002
94.1663659 5.32128763841426E-002 5.43413035999653E-002
94.2663595 5.30587653620560E-002 5.41827363319060E-002
94.3663607 5.29052471552551E-002 5.40247837355145E-002
94.4663544 5.27523421968387E-002 5.38674667870988E-002
94.5663480 5.26000357795378E-002 5.37107703078121E-002
94.6663417 5.24483249486238E-002 5.35546912114204E-002
94.7663353 5.22972067669676E-002 5.33992264302123E-002
94.8663366 5.21466668527568E-002 5.32443611235467E-002
94.9663303 5.19967252726768E-002 5.30901158893056E-002
95.0663240 5.18473676346233E-002 5.29364758767276E-002
95.1663177 5.16985910706495E-002 5.27834380909042E-002
95.2663114 5.15503927298042E-002 5.26309995548091E-002
95.3663128 5.14027585369842E-002 5.24791457470269E-002
95.4663065 5.12557082005135E-002 5.23278968953744E-002
95.5663002 5.11092276349037E-002 5.21772384681997E-002
95.6662940 5.09633140560175E-002 5.20271675587681E-002
95.7662878 5.08179646961329E-002 5.18776812776124E-002
95.8662892 5.06731657785721E-002 5.17287654138470E-002
95.9662829 5.05289366611444E-002 5.15804398333698E-002
96.0662767 5.03852635567080E-002 5.14326903149585E-002
96.1662705 5.02421437620789E-002 5.12855140370251E-002
96.2662643 5.00995745899307E-002 5.11389081946579E-002
96.3662658 4.99575425539979E-002 5.09928588790914E-002
96.4662596 4.98160666692209E-002 5.08473856022425E-002
96.5662535 4.96751334388048E-002 5.07024744449233E-002
96.6662473 4.95347402377740E-002 5.05581226677839E-002
96.7662412 4.93948844564740E-002 5.04143275475825E-002
96.8662427 4.92555528912978E-002 5.02710754695387E-002
96.9662365 4.91167642217692E-002 5.01283855993234E-002
97.0662304 4.89785052336990E-002 4.99862443116625E-002
97.1662243 4.88407733776808E-002 4.98446489466484E-002
97.2662182 4.87035661191142E-002 4.97035968599359E-002
97.3662198 4.85668705295470E-002 4.95630747228598E-002
97.4662137 4.84307049603496E-002 4.94231013623830E-002
97.5662076 4.82950564724463E-002 4.92836634392876E-002
97.6662016 4.81599225894629E-002 4.91447583704216E-002
97.7661955 4.80253008493355E-002 4.90063835876706E-002
97.8661971 4.78911785915037E-002 4.88685260408684E-002
97.9661911 4.77575738462639E-002 4.87312042256169E-002
98.0661851 4.76244739424019E-002 4.85944050811505E-002
98.1661791 4.74918764741357E-002 4.84581260984897E-002
98.2661730 4.73597790495168E-002 4.83223647831879E-002
98.3661747 4.72281692688450E-002 4.81871083562069E-002
98.4661687 4.70970648482439E-002 4.80523749889484E-002
98.5661627 4.69664533773397E-002 4.79181518917395E-002
98.6661568 4.68363325185955E-002 4.77844366272890E-002
98.7661508 4.67066999478491E-002 4.76512267723534E-002
98.8661525 4.65775435194522E-002 4.75185098118871E-002
98.9661465 4.64488806420834E-002 4.73863036000718E-002
99.0661406 4.63206991594104E-002 4.72545956112026E-002
99.1661347 4.61929967998831E-002 4.71233834772874E-002
99.2661288 4.60657713048854E-002 4.69926648439154E-002
99.3661305 4.59390107762267E-002 4.68624274531249E-002
99.4661246 4.58127323217005E-002 4.67326888486825E-002
99.5661187 4.56869240324304E-002 4.66034367619521E-002
99.6661128 4.55615837006808E-002 4.64746688919430E-002
99.7661070 4.54367091312255E-002 4.63463829507962E-002
99.8661087 4.53122886669447E-002 4.62185669309439E-002
99.9661029 4.51883391211419E-002 4.60912380723715E-002
100.0660970 4.50648488260185E-002 4.59643843568313E-002
100.1660912 4.49418156355623E-002 4.58380035481222E-002
100.2660854 4.48192374158613E-002 4.57120934227429E-002
100.3660872 4.46971027446786E-002 4.55866422170395E-002
100.4660814 4.45754281470653E-002 4.54616668736851E-002
100.5660756 4.44542021901194E-002 4.53371556183483E-002
100.6660698 4.43334227875392E-002 4.52131062774901E-002
100.7660640 4.42130878647301E-002 4.50895166898553E-002
100.8660658 4.40931862283415E-002 4.49663753294265E-002
100.9660601 4.39737341212539E-002 4.48436988478715E-002
101.0660543 4.38547203394737E-002 4.47214757085063E-002
101.1660486 4.37361428544716E-002 4.45997037984057E-002
101.2660428 4.36179996490465E-002 4.44783810165277E-002
101.3660447 4.35002797529237E-002 4.43574960684098E-002
101.4660390 4.33829991327445E-002 4.42370653208647E-002
101.5660333 4.32661468076191E-002 4.41170774687814E-002
101.6660275 4.31497208049247E-002 4.39975304578765E-002
101.7660218 4.30337191630016E-002 4.38784222453646E-002
101.8660238 4.29181311290178E-002 4.37597417624436E-002
101.9660181 4.28029723991616E-002 4.36415050970703E-002
102.0660124 4.26882322100201E-002 4.35237011698190E-002
102.1660067 4.25739086430795E-002 4.34063279831498E-002
102.2660011 4.24599997904377E-002 4.32893835506494E-002
102.3660031 4.23464951112444E-002 4.31728570234639E-002
102.4659974 4.22334100368786E-002 4.30567642165438E-002
102.5659918 4.21207340159488E-002 4.29410942704431E-002
102.6659861 4.20084651823190E-002 4.28258452425366E-002
102.7659805 4.18966016801261E-002 4.27110152009687E-002
102.8659825 4.17851331752065E-002 4.25965935112952E-002
102.9659769 4.16740748396349E-002 4.24825957211677E-002
103.0659713 4.15634163287519E-002 4.23690111855871E-002
103.1659657 4.14531558271308E-002 4.22558380150822E-002
103.2659601 4.13432915292916E-002 4.21430743306067E-002
103.3659622 4.12338133026220E-002 4.20307097067572E-002
103.4659566 4.11247360652640E-002 4.19187594294526E-002
103.5659511 4.10160496741592E-002 4.18072130627769E-002
103.6659455 4.09077523629830E-002 4.16960687687164E-002
103.7659400 4.07998423750431E-002 4.15853247193499E-002
103.8659421 4.06923097742970E-002 4.14749706931076E-002
103.9659365 4.05851692301945E-002 4.13650217196066E-002
104.0659310 4.04784107963020E-002 4.12554675668124E-002
104.1659255 4.03720327538473E-002 4.11463064465334E-002
104.2659200 4.02660333933876E-002 4.10375365803510E-002
104.3659221 4.01604029706183E-002 4.09291479454790E-002
104.4659166 4.00551559114104E-002 4.08211553205309E-002
104.5659112 3.99502824611268E-002 4.07135486723082E-002
104.6659057 3.98457809470543E-002 4.06063262608660E-002
104.7659002 3.97416497055170E-002 4.04994863557242E-002
104.8659024 3.96378791792592E-002 4.03930191279812E-002
104.9658969 3.95344835555633E-002 4.02869391104168E-002
105.0658915 3.94314532669037E-002 4.01812364637739E-002
105.1658860 3.93287866851862E-002 4.00759094948355E-002
105.2658806 3.92264821910722E-002 3.99709565195526E-002
105.3658828 3.91245304098049E-002 3.98663678981551E-002
105.4658774 3.90229452949478E-002 3.97621579226338E-002
105.5658720 3.89217174615403E-002 3.96583169429240E-002
105.6658666 3.88208453247186E-002 3.95548433110727E-002
105.7658612 3.87203273081027E-002 3.94517353880081E-002
105.8658634 3.86201542150186E-002 3.93489837184798E-002
105.9658580 3.85203397700636E-002 3.92466023586125E-002
106.0658527 3.84208747664291E-002 3.91445818429256E-002
106.1658473 3.83217576611423E-002 3.90429205673181E-002
106.2658419 3.82229869194525E-002 3.89416169362940E-002
106.3658442 3.81245535184809E-002 3.88406616746466E-002
106.4658389 3.80264709584984E-002 3.87400686074391E-002
106.5658335 3.79287302065637E-002 3.86398284493021E-002
106.6658282 3.78313297603035E-002 3.85399396386250E-002
106.7658229 3.77342681253134E-002 3.84404006221365E-002
106.8658252 3.76375364483477E-002 3.83412023003279E-002
106.9658199 3.75411480098794E-002 3.82423582718911E-002
107.0658146 3.74450939466750E-002 3.81438594272258E-002
107.1658093 3.73493727957141E-002 3.80457042458990E-002
107.2658040 3.72539831017013E-002 3.79478912155597E-002
107.3658063 3.71589161769820E-002 3.78504114081796E-002
107.4658011 3.70641850866522E-002 3.77532782006565E-002
107.5657958 3.69697811331471E-002 3.76564826549442E-002
107.6657905 3.68757028915964E-002 3.75600232905202E-002
107.7657853 3.67819489446191E-002 3.74638986346958E-002
107.8657877 3.66885107662269E-002 3.73680999268279E-002
107.9657824 3.65954012104548E-002 3.72726403264887E-002
108.0657772 3.65026117414836E-002 3.71775110630928E-002
108.1657720 3.64101409714323E-002 3.70827106948059E-002
108.2657667 3.63179875196820E-002 3.69882377873882E-002
108.3657692 3.62261430180974E-002 3.68940837436039E-002
108.4657639 3.61346201138673E-002 3.68002615100624E-002
108.5657587 3.60434104291069E-002 3.67067624796643E-002
108.6657536 3.59525126118043E-002 3.66135852480837E-002
108.7657484 3.58619253169899E-002 3.65207284183582E-002
108.8657508 3.57716403306774E-002 3.64281835527965E-002
108.9657456 3.56816700973247E-002 3.63359633893046E-002
109.0657405 3.55920063932792E-002 3.62440594804080E-002
