0.0053140 5.95929465041007E+000 2.38510890810350E+003
0.0210792 2.29391387999803E+001 2.33534984033995E+003
0.0467942 4.85141658697076E+001 2.25718441647561E+003
0.0817065 7.94031666675745E+001 2.15667364667665E+003
0.1249105 1.12238439705745E+002 2.04056923010134E+003
0.1754417 1.44157674264100E+002 1.91534104041918E+003
0.2323515 1.73100183489218E+002 1.78654111584902E+003
0.2947571 1.97839430520784E+002 1.65852286355702E+003
0.3618673 2.17853472161900E+002 1.53443127900121E+003
0.4329916 2.33134108802175E+002 1.41634890436912E+003
0.5075377 2.44000639422506E+002 1.30550621336966E+003
0.5850032 2.50949668196478E+002 1.20249462942339E+003
0.6649650 2.54547937341144E+002 1.10745326057343E+003
0.7470680 2.55363359062076E+002 1.02021783192983E+003
0.8310139 2.53925153190855E+002 9.40434047050306E+002
0.9165527 2.50704215200500E+002 8.67638384771815E+002
1.0034738 2.46106381757909E+002 8.01314628575092E+002
1.0915995 2.40473359196772E+002 7.40931683939251E+002
1.1807797 2.34087709411569E+002 6.85967536126002E+002
1.2708868 2.27179739202067E+002 6.35924418261404E+002
1.3618115 2.19934814511654E+002 5.90336790770278E+002
1.4534610 2.12500383956242E+002 5.48775022032332E+002
1.5457546 2.04992490221056E+002 5.10846981842938E+002
1.6386236 1.97501256367373E+002 4.76196562268674E+002
1.7320075 1.90095831356507E+002 4.44502604432583E+002
1.8258543 1.82828301872713E+002 4.15475925817378E+002
1.9201186 1.75737098343874E+002 3.88856964962025E+002
2.0147601 1.68849800543709E+002 3.64413256308225E+002
2.1097440 1.62185271805738E+002 3.41936381887802E+002
2.2050388 1.55755619044163E+002 3.21239965593449E+002
2.3006174 1.49567559303059E+002 3.02156992882499E+002
2.3964555 1.43623661688038E+002 2.84537892820381E+002
2.4925310 1.37923344249813E+002 2.68248749663595E+002
2.5888248 1.32463542271597E+002 2.53169311934151E+002
2.6853193 1.27239428343410E+002 2.39191780376299E+002
2.7819988 1.22244806039070E+002 2.26219191456308E+002
2.8788497 1.17472536744382E+002 2.14164330103369E+002
2.9758588 1.12914875392405E+002 2.02948735753702E+002
3.0730149 1.08563630822695E+002 1.92501558967983E+002
3.1703074 1.04410439098581E+002 1.82758937747123E+002
3.2677268 1.00446833920262E+002 1.73663076605790E+002
3.3652646 9.66643992327917E+001 1.65161691294977E+002
3.4629133 9.30548255873098E+001 1.57207365116433E+002
3.5606650 8.96100405550443E+001 1.49757183270515E+002
3.6585133 8.63221509138590E+001 1.42772049408374E+002
3.7564523 8.31835442109947E+001 1.36216435106607E+002
3.8544764 8.01868924660840E+001 1.30057981505042E+002
3.9525810 7.73251518257602E+001 1.24267153387120E+002
4.0507604 7.45916229931696E+001 1.18817063998548E+002
4.1490108 7.19798708719610E+001 1.13683056802348E+002
4.2473280 6.94837773803580E+001 1.08842592211519E+002
4.3457083 6.70975222127056E+001 1.04275018046681E+002
4.4441489 6.48155647712700E+001 9.99613698919881E+001
4.5426454 6.26326782099416E+001 9.58842914516255E+001
4.6411954 6.05438741249802E+001 9.20277673446525E+001
4.7397961 5.85444357818044E+001 8.83770774544601E+001
4.8384450 5.66298958119590E+001 8.49186599371717E+001
4.9371399 5.47960162933277E+001 8.16399918970036E+001
5.0358779 5.30388119731557E+001 7.85295573909502E+001
5.1346571 5.13544865886558E+001 7.55766693307285E+001
5.2334756 4.97394571956397E+001 7.27714567120611E+001
5.3323316 4.81903345272117E+001 7.01047798559271E+001
5.4312238 4.67039057000270E+001 6.75681565072656E+001
5.5301496 4.52771523078405E+001 6.51537533950269E+001
5.6291079 4.39071983762720E+001 6.28542628060280E+001
5.7280973 4.25913298853196E+001 6.06629053733546E+001
5.8271164 4.13269788584918E+001 5.85733757636204E+001
5.9261644 4.01117094379268E+001 5.65797952997972E+001
6.0252392 3.89432330111169E+001 5.46767148720358E+001
6.1243401 3.78193660575037E+001 5.28590263829539E+001
6.2234659 3.67380465515634E+001 5.11219724311816E+001
6.3226158 3.56973214449825E+001 4.94611103320392E+001
6.4217891 3.46953357441691E+001 4.78722807321957E+001
6.5209840 3.37303455586830E+001 4.63516156498758E+001
6.6202001 3.28006839102138E+001 4.48954729887218E+001
6.7194366 3.19047748054639E+001 4.35004487922806E+001
6.8186927 3.10411234610529E+001 4.21633526575797E+001
6.9179682 3.02083077877086E+001 4.08811862942007E+001
7.0172613 2.94049897852994E+001 3.96511535237801E+001
7.1165720 2.86298876426144E+001 3.84706105721885E+001
7.2158999 2.78817844176971E+001 3.73370734732481E+001
7.3152432 2.71595379084576E+001 3.62482272612040E+001
7.4146030 2.64620389438880E+001 3.52018579303051E+001
7.5139770 2.57882595837997E+001 3.41959204711732E+001
7.6133666 2.51371968584152E+001 3.32284502822919E+001
7.7127702 2.45079154976421E+001 3.22976232926842E+001
7.8121865 2.38995250667911E+001 3.14017182099160E+001
7.9116168 2.33111610015549E+001 3.05390856184065E+001
8.0110589 2.27420224010639E+001 2.97082006629059E+001
8.1105143 2.21913248963411E+001 2.89075912980874E+001
8.2099815 2.16583370294350E+001 2.81358890792350E+001
8.3094593 2.11423612553006E+001 2.73917991020983E+001
8.4089492 2.06427181001632E+001 2.66740752706610E+001
8.5084489 2.01587784865154E+001 2.59815649925482E+001
8.6079599 1.96899239536361E+001 2.53131503238897E+001
8.7074812 1.92355778041396E+001 2.46677910423953E+001
8.8070112 1.87951891871463E+001 2.40445003419133E+001
8.9065517 1.83682197565715E+001 2.34423247279898E+001
9.0061006 1.79541714646985E+001 2.28603820858568E+001
9.1056593 1.75525527509975E+001 2.22978128638542E+001
9.2052267 1.71629053481181E+001 2.17538167634944E+001
9.3048016 1.67847908415613E+001 2.12276328230642E+001
9.4043856 1.64177793460431E+001 2.07185228542080E+001
9.5039766 1.60614735209933E+001 2.02258040071397E+001
9.6035763 1.57154796427183E+001 1.97488078817009E+001
9.7031836 1.53794307883118E+001 1.92869119268500E+001
9.8027972 1.50529754029225E+001 1.88395229290420E+001
9.9024188 1.47357676194170E+001 1.84060632060229E+001
10.0020464 1.44274881064475E+001 1.79859985917549E+001
10.1016817 1.41278191667597E+001 1.75788038878818E+001
10.2013235 1.38364648819199E+001 1.71839898633316E+001
10.3009707 1.35531413207962E+001 1.68010894238810E+001
10.4006251 1.32775682087146E+001 1.64296459861163E+001
10.5002846 1.30094871062609E+001 1.60692376366680E+001
10.5999509 1.27486398511031E+001 1.57194477120357E+001
10.6996230 1.24947861394012E+001 1.53798881241733E+001
10.7992996 1.22476950868216E+001 1.50501876697300E+001
10.8989827 1.20071380148741E+001 1.47299821514540E+001
10.9986702 1.17729043691877E+001 1.44189353290980E+001
11.0983637 1.15447829569512E+001 1.41167136892162E+001
11.1980623 1.13225773557019E+001 1.38230066892466E+001
11.2977649 1.11060985974725E+001 1.35375167946593E+001
11.3974732 1.08951588870214E+001 1.32599510179046E+001
11.4971853 1.06895855967283E+001 1.29900391670518E+001
11.5969029 1.04892048565457E+001 1.27275120700222E+001
11.6966250 1.02938551126362E+001 1.24721192222385E+001
11.7963505 1.01033807508302E+001 1.22236202340357E+001
11.8960812 9.91762659771456E+000 1.19817775318974E+001
11.9958151 9.73645027163121E+000 1.17463723209095E+001
12.0955540 9.55970776416905E+000 1.15171856804560E+001
12.1952970 9.38726541615089E+000 1.12940140140059E+001
12.2950428 9.21899433191488E+000 1.10766616585612E+001
12.3947934 9.05476554240751E+000 1.08649345480374E+001
12.4945468 8.89446094508141E+000 1.06586542328895E+001
12.5943047 8.73796058083669E+000 1.04576413805508E+001
12.6940662 8.58515325033137E+000 1.02617293562069E+001
12.7938302 8.43593159822342E+000 1.00707577980226E+001
12.8935986 8.29018783950665E+000 9.88456708384834E+000
12.9933693 8.14782348311442E+000 9.70301069251236E+000
13.0931443 8.00873805985098E+000 9.52594073192641E+000
13.1929224 7.87283856575007E+000 9.35321992335729E+000
13.2927027 7.74003511718448E+000 9.18471598560860E+000
13.3924871 7.61023715915124E+000 9.02029677766517E+000
13.4922734 7.48336213632470E+000 8.85984123837269E+000
13.5920637 7.35932546890514E+000 8.70322663501080E+000
13.6918568 7.23804898009563E+000 8.55033917789387E+000
13.7916517 7.11945704028009E+000 8.40106908698465E+000
13.8914504 7.00347318988579E+000 8.25530630729513E+000
13.9912508 6.89002789611247E+000 8.11295022477870E+000
14.0910548 6.77904960702811E+000 7.97389838317801E+000
14.1908615 6.67047229586071E+000 7.83805591861087E+000
14.2906697 6.56423202628889E+000 7.70533120563836E+000
14.3904813 6.46026393368932E+000 7.57563206110514E+000
14.4902944 6.35850918471529E+000 7.44887440227927E+000
14.5901109 6.25890696710329E+000 7.32497222347690E+000
14.6899298 6.16140126335306E+000 7.20384600990906E+000
14.7897500 6.06593778033472E+000 7.08541887871439E+000
14.8895734 5.97246124177377E+000 6.96961320177973E+000
14.9893980 5.88092165040404E+000 6.85635834607681E+000
15.0892259 5.79126709312770E+000 6.74558173656487E+000
15.1890558 5.70344983996928E+000 6.63721638364120E+000
15.2888878 5.61742277823709E+000 6.53119644920250E+000
15.3887200 5.53314183219186E+000 6.42746020994843E+000
15.4885562 5.45055951472184E+000 6.32594210416392E+000
15.5883943 5.36963452199684E+000 6.22658452304950E+000
15.6882343 5.29032522354504E+000 6.12932977867626E+000
15.7880763 5.21259124077434E+000 6.03412203207648E+000
15.8879183 5.13639484220465E+000 5.94090898347028E+000
15.9877640 5.06169511748011E+000 5.84963473263253E+000
16.0876115 4.98845665607693E+000 5.76025038165198E+000
16.1874608 4.91664366671106E+000 5.67270682577603E+000
16.2873119 4.84622140799215E+000 5.58695649208150E+000
16.3871628 4.77715745722437E+000 5.50295486965547E+000
16.4870172 4.70941643274648E+000 5.42065408076480E+000
16.5868734 4.64296786379057E+000 5.34001244178199E+000
16.6867312 4.57778086429958E+000 5.26098797289187E+000
16.7865905 4.51382543248825E+000 5.18353996976993E+000
16.8864496 4.45107360704874E+000 5.10763039189431E+000
16.9863121 4.38949467419710E+000 5.03321805710393E+000
17.0861762 4.32906232110520E+000 4.96026728620328E+000
17.1860417 4.26974979972627E+000 4.88874204305120E+000
17.2859087 4.21153110983981E+000 4.81860735863213E+000
17.3857753 4.15438205475904E+000 4.74983059333336E+000
17.4856452 4.09827587817853E+000 4.68237618020252E+000
17.5855166 4.04318978121363E+000 4.61621346100792E+000
17.6853893 3.98910052065961E+000 4.55131138110837E+000
17.7852633 3.93598548822139E+000 4.48763978271461E+000
17.8851368 3.88382367632191E+000 4.42517055494898E+000
17.9850136 3.83259169719269E+000 4.36387286170769E+000
18.0848916 3.78226973305692E+000 4.30372026206916E+000
18.1847709 3.73283752068905E+000 4.24468589506914E+000
18.2846515 3.68427533792383E+000 4.18674365674371E+000
18.3845314 3.63656488887290E+000 4.12986925005202E+000
18.4844144 3.58968566391906E+000 4.07403584211412E+000
18.5842986 3.54362038365005E+000 4.01922054931774E+000
18.6841841 3.49835132788425E+000 3.96540005609931E+000
18.7840706 3.45386123917535E+000 3.91255168847650E+000
18.8839565 3.41013413562793E+000 3.86065437441770E+000
18.9838453 3.36715197574175E+000 3.80968468268101E+000
19.0837353 3.32489964908197E+000 3.75962274235856E+000
19.1836263 3.28336161328979E+000 3.71044824731304E+000
19.2835185 3.24252272311336E+000 3.66214143729559E+000
19.3834098 3.20236897804658E+000 3.61468397805384E+000
19.4833041 3.16288446047925E+000 3.56805534029465E+000
19.5831994 3.12405591956183E+000 3.52223821439314E+000
19.6830957 3.08586968428717E+000 3.47721485851115E+000
19.7829930 3.04831242555579E+000 3.43296799701349E+000
19.8828894 3.01137184502311E+000 3.38948162848956E+000
19.9827887 2.97503385887326E+000 3.34673770870420E+000
20.0826889 2.93928681572727E+000 3.30472111351698E+000
20.1825901 2.90411865779318E+000 3.26341629411889E+000
20.2824922 2.86951762258931E+000 3.22280810127028E+000
20.3823934 2.83547287865604E+000 3.18288252844451E+000
20.4822973 2.80197193058960E+000 3.14362366718115E+000
20.5822022 2.76900450700772E+000 3.10501826469008E+000
20.6821079 2.73655994512568E+000 3.06705265425046E+000
20.7820145 2.70462783799498E+000 3.02971351276864E+000
20.8819201 2.67319862210039E+000 2.99298854541332E+000
20.9818284 2.64226118215123E+000 2.95686368567563E+000
21.0817375 2.61180644093822E+000 2.92132728849308E+000
21.1816475 2.58182494559024E+000 2.88636730779442E+000
21.2815583 2.55230746551991E+000 2.85197199398994E+000
21.3814680 2.52324553637178E+000 2.81813052573819E+000
21.4813803 2.49462924554358E+000 2.78483043035644E+000
21.5812935 2.46645055214305E+000 2.75206144844294E+000
21.6812074 2.43870105568610E+000 2.71981293393242E+000
21.7811221 2.41137254936049E+000 2.68807449736319E+000
21.8810357 2.38445752430582E+000 2.65683658978071E+000
21.9809519 2.35794711898453E+000 2.62608812201684E+000
22.0808688 2.33183419429527E+000 2.59582003259437E+000
22.1807864 2.30611126764689E+000 2.56602288856882E+000
22.2807048 2.28077102564520E+000 2.53668747975044E+000
22.3806219 2.25580679225962E+000 2.50780535919540E+000
22.4805416 2.23121062703230E+000 2.47936664235643E+000
22.5804621 2.20697617765614E+000 2.45136330641945E+000
22.6803832 2.18309676425029E+000 2.42378697272250E+000
22.7803050 2.15956585513189E+000 2.39662945653045E+000
22.8802255 2.13637750205029E+000 2.36988326807950E+000
22.9801486 2.11352457385311E+000 2.34353957475531E+000
23.0800723 2.09100140643420E+000 2.31759125685375E+000
23.1799967 2.06880202368670E+000 2.29203085454766E+000
23.2799217 2.04692057963280E+000 2.26685107730567E+000
23.3798454 2.02535176357730E+000 2.24204526903079E+000
23.4797716 2.00408915727599E+000 2.21760551829396E+000
23.5796984 1.98312770005315E+000 2.19352549275984E+000
23.6796259 1.96246203435168E+000 2.16979853556709E+000
23.7795539 1.94208691715236E+000 2.14641813803955E+000
23.8794806 1.92199759760810E+000 2.12337837208664E+000
23.9794098 1.90218828701162E+000 2.10067213515230E+000
24.0793395 1.88265445503169E+000 2.07829378314343E+000
24.1792698 1.86339128904623E+000 2.05623736274105E+000
24.2792007 1.84439407748178E+000 2.03449705066426E+000
24.3791302 1.82565856223284E+000 2.01306755617106E+000
24.4790621 1.80717951182644E+000 1.99194248881033E+000
24.5789946 1.78895286309705E+000 1.97111680758488E+000
24.6789277 1.77097428460215E+000 1.95058517715535E+000
24.7788612 1.75323953424671E+000 1.93034237657593E+000
24.8787934 1.73574478856477E+000 1.91038367444493E+000
24.9787279 1.71848531044867E+000 1.89070330879792E+000
25.0786630 1.70145744914458E+000 1.87129676838937E+000
25.1785986 1.68465729903129E+000 1.85215926201682E+000
25.2785347 1.66808103365955E+000 1.83328609934703E+000
25.3784693 1.65172521377135E+000 1.81467304100941E+000
25.4784064 1.63558554181880E+000 1.79631488106832E+000
25.5783439 1.61965873189008E+000 1.77820757468004E+000
25.6782819 1.60394125599922E+000 1.76034681087727E+000
25.7782204 1.58842965646203E+000 1.74272836783934E+000
25.8781574 1.57312083434900E+000 1.72534843999494E+000
25.9780968 1.55801088377798E+000 1.70820231448025E+000
26.0780366 1.54309684225270E+000 1.69128635799276E+000
26.1779769 1.52837551737910E+000 1.67459668435607E+000
26.2779176 1.51384377931442E+000 1.65812948635345E+000
26.3778568 1.49949883119001E+000 1.64188134170514E+000
26.4777984 1.48533711683562E+000 1.62584797577467E+000
26.5777404 1.47135596101103E+000 1.61002611917184E+000
26.6776829 1.45755247014552E+000 1.59441226228316E+000
26.7776257 1.44392380643223E+000 1.57900296558039E+000
26.8775671 1.43046744161460E+000 1.56379514615904E+000
26.9775108 1.41718013239923E+000 1.54878491971225E+000
27.0774549 1.40405945916949E+000 1.53396933931105E+000
27.1773994 1.39110279495053E+000 1.51934522985142E+000
27.2773442 1.37830756257427E+000 1.50490947856504E+000
27.3772876 1.36567147309583E+000 1.49065930364655E+000
27.4772333 1.35319156368559E+000 1.47659116918627E+000
27.5771793 1.34086564261891E+000 1.46270241455704E+000
27.6771257 1.32869132120841E+000 1.44899016240830E+000
27.7770725 1.31666625533411E+000 1.43545159094235E+000
27.8770178 1.30478836964206E+000 1.42208418601593E+000
27.9769653 1.29305495318300E+000 1.40888472332003E+000
28.0769132 1.28146401776177E+000 1.39585079691458E+000
28.1768615 1.27001338806049E+000 1.38297979500333E+000
28.2768101 1.25870092871103E+000 1.37026915539294E+000
28.3767572 1.24752475532597E+000 1.35771660232758E+000
28.4767065 1.23648238357727E+000 1.34531919073602E+000
28.5766562 1.22557200735346E+000 1.33307474166336E+000
28.6766062 1.21479164272801E+000 1.32098088059829E+000
28.7765565 1.20413934164635E+000 1.30903527740176E+000
28.8765053 1.19361339074733E+000 1.29723586901987E+000
28.9764563 1.18321150995743E+000 1.28557996109312E+000
29.0764077 1.17293205633379E+000 1.27406557732696E+000
29.1763593 1.16277321791787E+000 1.26269055562290E+000
29.2763113 1.15273321501512E+000 1.25145277364672E+000
29.3762617 1.14281048768253E+000 1.24035035846331E+000
29.4762144 1.13300294025666E+000 1.22938084122721E+000
29.5761673 1.12330907624860E+000 1.21854242690113E+000
29.6761206 1.11372723846959E+000 1.20783314387099E+000
29.7760741 1.10425579879657E+000 1.19725105621946E+000
29.8760261 1.09489333512702E+000 1.18679446123474E+000
29.9759803 1.08563791856727E+000 1.17646109328193E+000
30.0759347 1.07648818428518E+000 1.16624931971127E+000
30.1758895 1.06744261460557E+000 1.15615734002147E+000
30.2758445 1.05849971807871E+000 1.14618338581042E+000
30.3757980 1.04965819663638E+000 1.13632590702789E+000
30.4757536 1.04091627244477E+000 1.12658282146845E+000
30.5757095 1.03227269920543E+000 1.11695264220167E+000
30.6756657 1.02372608519904E+000 1.10743372269291E+000
30.7756221 1.01527506240489E+000 1.09802444531879E+000
30.8755770 1.00691844453164E+000 1.08872339715972E+000
30.9755340 9.98654590789252E-001 1.07952866186170E+000
31.0754913 9.90482361754654E-001 1.07043888346278E+000
31.1754469 9.82400632890412E-001 1.06145272461305E+000
31.2754067 9.74407687923989E-001 1.05256819235221E+000
31.3753629 9.66502901326527E-001 1.04378450839989E+000
31.4753231 9.58684455226601E-001 1.03509957146873E+000
31.5752798 9.50951751610949E-001 1.02651263762454E+000
31.6752368 9.43303315949711E-001 1.01802199125073E+000
31.7751978 9.35737706008850E-001 1.00962595498783E+000
31.8751552 9.28254362803279E-001 1.00132383356191E+000
31.9751168 9.20851597845183E-001 9.93113680304568E-001
32.0750747 9.13528876753723E-001 9.84994830583522E-001
32.1750329 9.06284834470471E-001 9.76965700248413E-001
32.2749952 8.99118135582897E-001 9.69024740161340E-001
32.3749539 8.92028280625805E-001 9.61171329125572E-001
32.4749166 8.85013699371746E-001 9.53403661366398E-001
32.5748758 8.78073914377630E-001 9.45721143053374E-001
32.6748352 8.71207660399175E-001 9.38122309543520E-001
32.7747986 8.64413699443255E-001 9.30605728284384E-001
32.8747585 8.57691585332472E-001 9.23170844258230E-001
32.9747223 8.51039856084757E-001 9.15815980269782E-001
33.0746827 8.44458085251579E-001 9.08540605767453E-001
33.1746432 8.37945098723165E-001 9.01343364904590E-001
33.2746078 8.31499747473358E-001 8.94222931289297E-001
33.3745687 8.25121633075634E-001 8.87178809086555E-001
33.4745337 8.18809392761954E-001 8.80209438613565E-001
33.5744951 8.12562645795367E-001 8.73314345929937E-001
33.6744568 8.06380301387589E-001 8.66492274376027E-001
33.7744224 8.00261291869053E-001 8.59741994365439E-001
33.8743844 7.94205261638513E-001 8.53063063039867E-001
33.9743505 7.88210938985129E-001 8.46454028266715E-001
34.0743130 7.82277984181485E-001 8.39914466799063E-001
34.1742756 7.76405382717274E-001 8.33443212529545E-001
34.2742423 7.70592141417054E-001 8.27039124268851E-001
34.3742054 7.64837943117663E-001 8.20701806622980E-001
34.4741725 7.59141599787466E-001 8.14429906027406E-001
34.5741359 7.53502808518496E-001 8.08223044669584E-001
34.6740996 7.47920624719321E-001 8.02080139223323E-001
34.7740673 7.42394123511534E-001 7.96000129327080E-001
34.8740313 7.36923022257771E-001 7.89982662148500E-001
34.9739994 7.31506209922364E-001 7.84026474580146E-001
35.0739638 7.26143416678527E-001 7.78131229564104E-001
35.1739284 7.20833762104319E-001 7.72295919550881E-001
35.2738971 7.15576384014204E-001 7.66519558182464E-001
35.3738621 7.10371030803792E-001 7.60801830822303E-001
35.4738310 7.05216662370913E-001 7.55141557484713E-001
35.5737964 7.00113038631014E-001 7.49538437697061E-001
35.6737620 6.95059338126283E-001 7.43991533363731E-001
35.7737315 6.90054756289066E-001 7.38499925968683E-001
35.8736974 6.85099069426165E-001 7.33063335178703E-001
35.9736673 6.80191302861949E-001 7.27680657486244E-001
36.0736335 6.75331243268557E-001 7.22351625284913E-001
36.1735999 6.70518123433099E-001 7.17075364217266E-001
36.2735704 6.65751191803819E-001 7.11851018038032E-001
36.3735371 6.61030249805581E-001 7.06678337242877E-001
36.4735079 6.56354383180202E-001 7.01556288776669E-001
36.5734750 6.51723402684163E-001 6.96484634578101E-001
36.6734423 6.47136591065391E-001 6.91462558853759E-001
36.7734135 6.42593245609470E-001 6.86489262584708E-001
36.8733811 6.38093190357669E-001 6.81564523990672E-001
36.9733527 6.33635566907049E-001 6.76687374996049E-001
37.0733206 6.29220207703994E-001 6.71857604115495E-001
37.1732887 6.24846441563111E-001 6.67074449429343E-001
37.2732608 6.20513610808365E-001 6.62337164571301E-001
37.3732292 6.16221559854615E-001 6.57645552707663E-001
37.4732015 6.11969481993657E-001 6.52998705764830E-001
37.5731702 6.07757229214261E-001 6.48396436176211E-001
37.6731391 6.03584172853592E-001 6.43838031638541E-001
37.7731119 5.99449696815827E-001 6.39322794285800E-001
37.8730811 5.95353663876737E-001 6.34850549743596E-001
37.9730543 5.91295315223945E-001 6.30420445407360E-001
38.0730237 5.87274520460734E-001 6.26032315248748E-001
38.1729934 5.83290690217305E-001 6.21685492711512E-001
38.2729669 5.79343246826245E-001 6.17379324655170E-001
38.3729369 5.75432069616440E-001 6.13113656935070E-001
38.4729107 5.71556444198361E-001 6.08887688282227E-001
38.5728809 5.67716256057563E-001 6.04701272071825E-001
38.6728513 5.63910952170902E-001 6.00553783973413E-001
38.7728256 5.60139990423375E-001 5.96444612136264E-001
38.8727962 5.56403265071776E-001 5.92373620644970E-001
38.9727708 5.52700102970644E-001 5.88340055792247E-001
39.0727417 5.49030403929996E-001 5.84343788440710E-001
39.1727127 5.45393648582130E-001 5.80384233277334E-001
39.2726877 5.41789327737066E-001 5.76460816610059E-001
39.3726590 5.38217349117213E-001 5.72573418956083E-001
39.4726343 5.34677077908299E-001 5.68721330720028E-001
39.5726059 5.31168426842692E-001 5.64904438530485E-001
39.6725776 5.27690907747191E-001 5.61122193165041E-001
39.7725533 5.24244041953829E-001 5.57374056233432E-001
39.8725252 5.20827749333861E-001 5.53659923070508E-001
39.9725012 5.17441430731958E-001 5.49979125035460E-001
40.0724734 5.14085010539862E-001 5.46331562974940E-001
40.1724458 5.10758029525983E-001 5.42716721084020E-001
40.2724221 5.07460037344133E-001 5.39134093664527E-001
40.3723947 5.04190964827772E-001 5.35583589416069E-001
40.4723712 5.00950246026298E-001 5.32064577759369E-001
40.5723441 4.97737815852323E-001 5.28576972366103E-001
40.6723171 4.94553241951182E-001 5.25120288404602E-001
40.7722940 4.91396100281709E-001 5.21694050482118E-001
40.8722673 4.88266331569404E-001 5.18298179354858E-001
40.9722444 4.85163400811980E-001 5.14932079851202E-001
41.0722179 4.82087252415871E-001 5.11595677213187E-001
41.1721915 4.79037479009120E-001 5.08288515344958E-001
41.2721690 4.76013681005041E-001 5.05010146974075E-001
41.3721428 4.73015808055361E-001 5.01760503734585E-001
41.4721206 4.70043354029375E-001 4.98539023425316E-001
41.5720946 4.67096271900189E-001 4.95345641727778E-001
41.6720688 4.64174177538920E-001 4.92179929231527E-001
41.7720469 4.61276694113562E-001 4.89041464781645E-001
41.8720213 4.58403779329866E-001 4.85930189827078E-001
41.9719996 4.55554954015353E-001 4.82845572896439E-001
42.0719743 4.52730178872291E-001 4.79787559090630E-001
42.1719490 4.49929091415570E-001 4.76755743803614E-001
42.2719276 4.47151336004954E-001 4.73749730160375E-001
42.3719026 4.44396877612027E-001 4.70769468465554E-001
42.4718815 4.41665262257940E-001 4.67814455915404E-001
42.5718566 4.38956457617108E-001 4.64884646109456E-001
42.6718319 4.36270121376440E-001 4.61979657518659E-001
42.7718111 4.33605917648982E-001 4.59099115860055E-001
42.8717866 4.30963817959477E-001 4.56242979427828E-001
42.9717660 4.28343391893674E-001 4.53410772186033E-001
43.0717417 4.25744613413482E-001 4.50602455401163E-001
43.1717175 4.23167159022124E-001 4.47817669033158E-001
43.2716972 4.20610711260681E-001 4.45056059839259E-001
43.3716732 4.18075247562273E-001 4.42317593320556E-001
43.4716531 4.15560359571927E-001 4.39601818456829E-001
43.5716293 4.13066026919486E-001 4.36908703429869E-001
43.6716056 4.10591943674493E-001 4.34237908227316E-001
43.7715858 4.08137809583972E-001 4.31589099218365E-001
43.8715623 4.05703607405761E-001 4.28962248403398E-001
43.9715428 4.03288949451837E-001 4.26356928160513E-001
44.0715195 4.00893820459030E-001 4.23773112907038E-001
44.1714963 3.98517930909599E-001 4.21210481312300E-001
44.2714770 3.96160996628494E-001 4.18668718041674E-001
44.3714539 3.93823005169672E-001 4.16147800954699E-001
44.4714348 3.91503588223054E-001 4.13647324333245E-001
44.5714120 3.89202735124330E-001 4.11167268215098E-001
44.6713893 3.86920171702846E-001 4.08707328710249E-001
44.7713704 3.84655628819353E-001 4.06267207566943E-001
44.8713479 3.82409098344967E-001 4.03846887924465E-001
44.9713293 3.80180230153119E-001 4.01445984586132E-001
45.0713069 3.77969017717867E-001 3.99064482653339E-001
45.1712846 3.75775201230404E-001 3.96702094531452E-001
45.2712662 3.73598525623640E-001 3.94358537931709E-001
45.3712441 3.71438986651682E-001 3.92033800748426E-001
45.4712259 3.69296251263685E-001 3.89727517026647E-001
45.5712040 3.67170316654585E-001 3.87439676427004E-001
45.6711822 3.65060936465698E-001 3.85170006592318E-001
45.7711643 3.62967868810249E-001 3.82918240162233E-001
45.8711426 3.60891112931611E-001 3.80684369310701E-001
45.9711248 3.58830351826352E-001 3.78468046138678E-001
46.0711034 3.56785586031626E-001 3.76269264408980E-001
46.1710820 3.54756581794463E-001 3.74087766023791E-001
46.2710644 3.52743109582290E-001 3.71923297594516E-001
46.3710432 3.50745171770576E-001 3.69775855143829E-001
46.4710259 3.48762466447944E-001 3.67645107728835E-001
46.5710048 3.46794997150207E-001 3.65531052800179E-001
46.6709838 3.44842541947384E-001 3.63433445614324E-001
46.7709667 3.42904882895241E-001 3.61352045869077E-001
46.8709459 3.40982025177213E-001 3.59286853045097E-001
46.9709290 3.39073681085669E-001 3.57237552134773E-001
47.0709083 3.37179856843277E-001 3.55204143900806E-001
47.1708877 3.35300341616888E-001 3.53186396115677E-001
47.2708710 3.33434928340013E-001 3.51184080743517E-001
47.3708506 3.31583624709835E-001 3.49197200368521E-001
47.4708341 3.29746156395816E-001 3.47225454969942E-001
47.5708138 3.27922532024414E-001 3.45268848281612E-001
47.6707936 3.26112551185094E-001 3.43327159815024E-001
47.7707773 3.24316017029270E-001 3.41400173040362E-001
47.8707573 3.22532939500731E-001 3.39487893323733E-001
47.9707411 3.20763056876148E-001 3.37590034749394E-001
48.0707212 3.19006379928729E-001 3.35706603712913E-001
48.1707014 3.17262718044067E-001 3.33837390743954E-001
48.2706855 3.15531883978273E-001 3.31982190113362E-001
48.3706658 3.13813889679132E-001 3.30141009677224E-001
48.4706500 3.12108485312946E-001 3.28313576804154E-001
48.5706305 3.10415683566226E-001 3.26499900270604E-001
48.6706110 3.08735303038099E-001 3.24699780955130E-001
48.7705955 3.07067165519064E-001 3.22913023274228E-001
48.8705762 3.05411284740540E-001 3.21139637308917E-001
48.9705608 3.03767422089118E-001 3.19379362947884E-001
49.0705416 3.02135591952556E-001 3.17632211093448E-001
49.1705225 3.00515621601325E-001 3.15897992351160E-001
49.2705073 2.98907341329499E-001 3.14176520674459E-001
49.3704883 2.97310766451945E-001 3.12467808128609E-001
49.4704733 2.95725668950725E-001 3.10771606410004E-001
49.5704545 2.94152064722197E-001 3.09087928315238E-001
49.6704357 2.92589789203211E-001 3.07416593598537E-001
49.7704208 2.91038680696993E-001 3.05757425184158E-001
49.8704022 2.89498755919982E-001 3.04110436903004E-001
49.9703875 2.87969796866029E-001 3.02475391594702E-001
50.0703690 2.86451820765062E-001 3.00852303739756E-001
50.1703506 2.84944670749670E-001 2.99241001702861E-001
50.2703361 2.83448192671362E-001 2.97641316852172E-001
50.3703178 2.81962404482910E-001 2.96053264585656E-001
50.4703034 2.80487097644296E-001 2.94476618265891E-001
50.5702853 2.79022290559993E-001 2.92911393866203E-001
50.6702672 2.77567833619363E-001 2.91357427860494E-001
50.7702530 2.76123579792299E-001 2.89814559570021E-001
50.8702350 2.74689548117776E-001 2.88282805779418E-001
50.9702209 2.73265539011436E-001 2.86761949794766E-001
51.0702031 2.71851571907824E-001 2.85252008908608E-001
51.1701853 2.70447504043352E-001 2.83752827236864E-001
51.2701714 2.69053195105007E-001 2.82264251596408E-001
51.3701538 2.67668665081576E-001 2.80786299994652E-001
51.4701400 2.66293722866474E-001 2.79318765139477E-001
51.5701225 2.64928388793064E-001 2.77861665484925E-001
51.6701050 2.63572526562130E-001 2.76414852353188E-001
51.7700914 2.62226002202900E-001 2.74978179630008E-001
51.8700741 2.60888836530072E-001 2.73551666396685E-001
51.9700606 2.59560846467153E-001 2.72135114256127E-001
52.0700434 2.58242053127097E-001 2.70728542680595E-001
52.1700263 2.56932326317384E-001 2.69331809791834E-001
52.2700130 2.55631538059098E-001 2.67944776146109E-001
52.3699959 2.54339709880316E-001 2.66567461763343E-001
52.4699827 2.53056666314957E-001 2.65199676667047E-001
52.5699658 2.51782429147288E-001 2.63841441217540E-001
52.6699489 2.50516873956966E-001 2.62492619956243E-001
52.7699359 2.49259878429185E-001 2.61153079737837E-001
52.8699192 2.48011464703214E-001 2.59822841398011E-001
52.9699063 2.46771464529705E-001 2.58501722936423E-001
53.0698897 2.45539900265931E-001 2.57189745483230E-001
53.1698731 2.44316652950639E-001 2.55886779644474E-001
53.2698603 2.43101605626377E-001 2.54592698225424E-001
53.3698439 2.41894780950841E-001 2.53307522765957E-001
53.4698313 2.40696017521883E-001 2.52031078825224E-001
53.5698149 2.39505338180547E-001 2.50763388195866E-001
53.6697986 2.38322629131475E-001 2.49504327216461E-001
53.7697861 2.37147778487255E-001 2.48253774317523E-001
53.8697699 2.35980809339831E-001 2.47011751641799E-001
53.9697576 2.34821566787170E-001 2.45778091917091E-001
54.0697415 2.33670074073122E-001 2.44552817501052E-001
54.1697254 2.32526222293466E-001 2.43335810154004E-001
54.2697133 2.31389904361571E-001 2.42126953627178E-001
54.3696973 2.30261143727271E-001 2.40926270574230E-001
54.4696852 2.29139791662438E-001 2.39733600524734E-001
54.5696694 2.28025871740303E-001 2.38548966312892E-001
54.6696536 2.26919279690148E-001 2.37372254829707E-001
54.7696417 2.25819912973619E-001 2.36203354861913E-001
54.8696260 2.24727795329212E-001 2.35042289490627E-001
54.9696142 2.23642783895931E-001 2.33888904702591E-001
55.0695986 2.22564902509829E-001 2.32743223728303E-001
55.1695831 2.21494051291971E-001 2.31605138316690E-001
55.2695714 2.20430132015341E-001 2.30474542022685E-001
55.3695560 2.19373168644370E-001 2.29351458279177E-001
55.4695444 2.18323023896526E-001 2.28235739206203E-001
55.5695291 2.17279721810397E-001 2.27127408357778E-001
55.6695138 2.16243166671886E-001 2.26026362084987E-001
55.7695023 2.15213264342862E-001 2.24932498460293E-001
55.8694872 2.14190038956892E-001 2.23845841199745E-001
55.9694758 2.13173358538113E-001 2.22766248252089E-001
56.0694607 2.12163247273074E-001 2.21693743428890E-001
56.1694457 2.11159613399337E-001 2.20628227443425E-001
56.2694345 2.10162366658662E-001 2.19569602650465E-001
56.3694196 2.09171531302367E-001 2.18517892987053E-001
56.4694085 2.08186980405201E-001 2.17472961944030E-001
56.5693936 2.07208738252314E-001 2.16434833530769E-001
56.6693788 2.06236716832555E-001 2.15403412597435E-001
56.7693678 2.05270829571121E-001 2.14378605560259E-001
56.8693531 2.04311100790631E-001 2.13360436520999E-001
56.9693423 2.03357408375079E-001 2.12348774242724E-001
57.0693276 2.02409776663620E-001 2.11343642878536E-001
57.1693130 2.01468121207942E-001 2.10344951203848E-001
57.2693023 2.00532358931907E-001 2.09352609488868E-001
57.3692878 1.99602514187487E-001 2.08366641949154E-001
57.4692772 1.98678469440280E-001 2.07386922365754E-001
57.5692628 1.97760249043189E-001 2.06413474986604E-001
57.6692484 1.96847771933414E-001 2.05446212313430E-001
57.7692379 1.95940958359597E-001 2.04485048275376E-001
57.8692236 1.95039832665235E-001 2.03530007155782E-001
57.9692132 1.94144281682698E-001 2.02580967514016E-001
58.0691990 1.93254329742354E-001 2.01637953648662E-001
58.1691849 1.92369898999958E-001 2.00700881600669E-001
58.2691746 1.91490912865201E-001 1.99769668774671E-001
58.3691605 1.90617395639029E-001 1.98844339480241E-001
58.4691503 1.89749238317752E-001 1.97924776829023E-001
58.5691363 1.88886465176531E-001 1.97011005130373E-001
58.6691224 1.88029001432398E-001 1.96102943788411E-001
58.7691123 1.87176773501846E-001 1.95200513510620E-001
58.8690985 1.86329805612618E-001 1.94303738595335E-001
58.9690885 1.85487992733349E-001 1.93412506493157E-001
59.0690747 1.84651359054632E-001 1.92526841488281E-001
59.1690610 1.83819832706535E-001 1.91646666182228E-001
59.2690511 1.82993342966954E-001 1.90771904422773E-001
59.3690374 1.82171913962916E-001 1.89902580463269E-001
59.4690277 1.81355444454262E-001 1.89038585891856E-001
59.5690141 1.80543958520675E-001 1.88179944935218E-001
59.6690006 1.79737387065465E-001 1.87326583236122E-001
59.7689909 1.78935662090805E-001 1.86478427629482E-001
59.8689774 1.78138807598344E-001 1.85635502293325E-001
59.9689678 1.77346725967859E-001 1.84797702763049E-001
60.0689545 1.76559441144536E-001 1.83965053178756E-001
60.1689411 1.75776886673027E-001 1.83137482077274E-001
60.2689316 1.74998997150386E-001 1.82314919136289E-001
60.3689184 1.74225796430843E-001 1.81497388431265E-001
60.4689090 1.73457190352052E-001 1.80684789264996E-001
60.5688958 1.72693202703640E-001 1.79877145664934E-001
60.6688827 1.71933769547079E-001 1.79074388923157E-001
60.7688734 1.71178827952156E-001 1.78276451423972E-001
60.8688603 1.70428401606012E-001 1.77483357115871E-001
60.9688511 1.69682399650780E-001 1.76695008898960E-001
61.0688381 1.68940845701755E-001 1.75911430664695E-001
61.1688251 1.68203678219630E-001 1.75132556329438E-001
61.2688160 1.67470836631539E-001 1.74358320855637E-001
61.3688031 1.66742344440052E-001 1.73588748042999E-001
61.4687941 1.66018113946490E-001 1.72823744228003E-001
61.5687813 1.65298168575149E-001 1.72063333145269E-001
61.6687685 1.64582449074813E-001 1.71307451211801E-001
61.7687596 1.63870897120925E-001 1.70556035846894E-001
61.8687469 1.63163536015986E-001 1.69809110682017E-001
61.9687381 1.62460281082839E-001 1.69066585337675E-001
62.0687254 1.61761155540027E-001 1.68328483373085E-001
62.1687128 1.61066102319365E-001 1.67594743589117E-001
62.2687041 1.60375065241508E-001 1.66865305747341E-001
62.3686916 1.59688067395205E-001 1.66140193293693E-001
62.4686829 1.59005026994314E-001 1.65419318988415E-001
62.5686704 1.58325967038624E-001 1.64702706198833E-001
62.6686580 1.57650832543601E-001 1.63990295999336E-001
62.7686494 1.56979569377599E-001 1.63282030385492E-001
62.8686371 1.56312200403583E-001 1.62577932602384E-001
62.9686286 1.55648646602648E-001 1.61877918413257E-001
63.0686163 1.54988930744422E-001 1.61182010978972E-001
63.1686040 1.54332999833985E-001 1.60490153543101E-001
63.2685918 1.53680826502585E-001 1.59802316395832E-001
63.3685872 1.53032334288730E-001 1.59118418067577E-001
63.4685751 1.52387595242843E-001 1.58438533717877E-001
63.5685630 1.51746533089878E-001 1.57762582091355E-001
63.6685509 1.51109121401186E-001 1.57090534513394E-001
63.7685388 1.50475333977191E-001 1.56422362561529E-001
63.8685344 1.49845096901341E-001 1.55757987524208E-001
63.9685224 1.49218480584315E-001 1.55097482843143E-001
64.0685105 1.48595411282669E-001 1.54440770005778E-001
64.1684986 1.47975863690176E-001 1.53787821572619E-001
64.2684867 1.47359812718332E-001 1.53138610343652E-001
64.3684824 1.46747186889185E-001 1.52493060248193E-001
64.4684706 1.46138055015145E-001 1.51851243053295E-001
64.5684588 1.45532345778931E-001 1.51213082873081E-001
64.6684470 1.44930034941278E-001 1.50578553441285E-001
64.7684353 1.44331098469936E-001 1.49947628719175E-001
64.8684312 1.43735467224527E-001 1.49320235165705E-001
64.9684195 1.43143208459716E-001 1.48696442915504E-001
65.0684079 1.42554253184188E-001 1.48076178599104E-001
65.1683963 1.41968578173306E-001 1.47459417065104E-001
65.2683847 1.41386160399334E-001 1.46846133378364E-001
65.3683808 1.40806932963441E-001 1.46236256421855E-001
65.4683692 1.40230961602121E-001 1.45629854739060E-001
65.5683578 1.39658179554783E-001 1.45026857372187E-001
65.6683463 1.39088564561997E-001 1.44427240229639E-001
65.7683349 1.38522094551686E-001 1.43830979425446E-001
65.8683311 1.37958704775264E-001 1.43238006166239E-001
65.9683197 1.37398459489682E-001 1.42648387444693E-001
66.0683084 1.36841294074484E-001 1.42062054615162E-001
66.1682971 1.36287187188774E-001 1.41478984593892E-001
66.2682858 1.35736117669989E-001 1.40899154492715E-001
66.3682821 1.35188022832924E-001 1.40322497746536E-001
66.4682709 1.34642965492681E-001 1.39749079836610E-001
66.5682597 1.34100883082755E-001 1.39178834334824E-001
66.6682485 1.33561755136676E-001 1.38611739116201E-001
66.7682374 1.33025561357781E-001 1.38047772241872E-001
66.8682339 1.32492241041592E-001 1.37486869284313E-001
66.9682228 1.31961855598122E-001 1.36929094251807E-001
67.0682118 1.31434344432779E-001 1.36374382843787E-001
67.1682007 1.30909687911829E-001 1.35822713847712E-001
67.2681897 1.30387866563282E-001 1.35274066228191E-001
67.3681864 1.29868821584684E-001 1.34728377608988E-001
67.4681754 1.29352613016803E-001 1.34185710562924E-001
67.5681645 1.28839182158851E-001 1.33646002831363E-001
67.6681536 1.28328510170398E-001 1.33109234070408E-001
67.7681428 1.27820578365128E-001 1.32575384104841E-001
67.8681396 1.27315329767663E-001 1.32044392527602E-001
67.9681288 1.26812823084461E-001 1.31516320512635E-001
68.0681180 1.26313001434130E-001 1.30991107761741E-001
68.1681072 1.25815846732236E-001 1.30468734758266E-001
68.2680965 1.25321341041245E-001 1.29949182146232E-001
68.3680934 1.24829429141439E-001 1.29432391409568E-001
68.4680827 1.24340168439008E-001 1.28918422359018E-001
68.5680721 1.23853503801047E-001 1.28407216579218E-001
68.6680615 1.23369417863814E-001 1.27898755341603E-001
68.7680509 1.22887893403632E-001 1.27393020070716E-001
68.8680479 1.22408876888370E-001 1.26889954067011E-001
68.9680374 1.21932424457119E-001 1.26389615812804E-001
69.0680269 1.21458482657861E-001 1.25891948701639E-001
69.1680164 1.20987034814114E-001 1.25396934756001E-001
69.2680059 1.20518064382994E-001 1.24904556144318E-001
69.3680031 1.20051519455045E-001 1.24414757912617E-001
69.4679927 1.19587454934562E-001 1.23927597248667E-001
69.5679823 1.19125818985944E-001 1.23443019284471E-001
69.6679719 1.18666595588308E-001 1.22961006758507E-001
69.7679615 1.18209768848239E-001 1.22481542548408E-001
69.8679589 1.17755288417037E-001 1.22004573378145E-001
69.9679486 1.17303207995661E-001 1.21530155173948E-001
70.0679383 1.16853477303416E-001 1.21058234739116E-001
70.1679281 1.16406080945019E-001 1.20588795494923E-001
70.2679178 1.15961003646840E-001 1.20121820995374E-001
70.3679153 1.15518196561853E-001 1.19657259577889E-001
70.4679051 1.15077712218301E-001 1.19195165939311E-001
70.5678949 1.14639501831700E-001 1.18735488490179E-001
70.6678848 1.14203550603924E-001 1.18278211303123E-001
70.7678747 1.13769843852996E-001 1.17823318577416E-001
70.8678723 1.13338334177152E-001 1.17370760202403E-001
70.9678622 1.12909072961742E-001 1.16920589676849E-001
71.0678522 1.12482012862440E-001 1.16472756957421E-001
71.1678422 1.12057139651315E-001 1.16027246738310E-001
71.2678322 1.11634439211359E-001 1.15584043834582E-001
71.3678299 1.11213865532210E-001 1.15143099628801E-001
71.4678200 1.10795468885339E-001 1.14704466452134E-001
71.5678100 1.10379203313052E-001 1.14268095749047E-001
71.6678002 1.09965055132031E-001 1.13833972807053E-001
71.7677903 1.09553010764931E-001 1.13402083029070E-001
71.8677881 1.09143025541331E-001 1.12972379234833E-001
71.9677783 1.08735148647067E-001 1.12544912617586E-001
72.0677685 1.08329335459931E-001 1.12119636053902E-001
72.1677587 1.07925572816950E-001 1.11696535397839E-001
72.2677489 1.07523847656418E-001 1.11275596613668E-001
72.3677468 1.07124116598686E-001 1.10856773904774E-001
72.4677371 1.06726427771434E-001 1.10440117355357E-001
72.5677275 1.06330737839057E-001 1.10025581220908E-001
72.6677178 1.05937034135890E-001 1.09613151896625E-001
72.7677082 1.05545304093065E-001 1.09202815883001E-001
72.8677062 1.05155505574696E-001 1.08794528715935E-001
72.9676966 1.04767685677043E-001 1.08388339398691E-001
73.0676870 1.04381802304374E-001 1.07984203514856E-001
73.1676774 1.03997843266450E-001 1.07582107976666E-001
73.2676679 1.03615796465593E-001 1.07182039796978E-001
73.3676660 1.03235620964723E-001 1.06783955795344E-001
73.4676565 1.02857362854696E-001 1.06387903921441E-001
73.5676471 1.02480981234951E-001 1.05993841038377E-001
73.6676376 1.02106464369901E-001 1.05601754552544E-001
73.7676282 1.01733800612482E-001 1.05211631966521E-001
73.8676264 1.01362950181421E-001 1.04823431336797E-001
73.9676171 1.00993958187477E-001 1.04437199586073E-001
74.0676077 1.00626784882496E-001 1.04052894810535E-001
74.1675984 1.00261418965793E-001 1.03670504889005E-001
74.2675890 9.98978492213776E-002 1.03290017792279E-001
74.3675874 9.95360369826297E-002 1.02911392769107E-001
74.4675781 9.91760264048290E-002 1.02534675741108E-001
74.5675688 9.88177788513019E-002 1.02159825993125E-001
74.6675596 9.84612834374967E-002 1.01786831855769E-001
74.7675504 9.81065293599166E-002 1.01415681747626E-001
74.8675488 9.77534790272028E-002 1.01046336066971E-001
74.9675396 9.74021756631017E-002 1.00678839759528E-001
75.0675305 9.70525817032368E-002 1.00313153256295E-001
75.1675213 9.67046866613446E-002 9.99492653200651E-002
75.2675122 9.63584801287546E-002 9.95871647977971E-002
75.3675108 9.60139255516503E-002 9.92268131963965E-002
75.4675017 9.56710652455353E-002 9.88682545101914E-002
75.5674926 9.53298626808060E-002 9.85114502756619E-002
75.6674836 9.49903077525146E-002 9.81563896691386E-002
75.7674746 9.46523904300113E-002 9.78030619475029E-002
75.8674732 9.43160751608918E-002 9.74514296871394E-002
75.9674642 9.39814033750711E-002 9.71015359548136E-002
76.0674553 9.36483395417718E-002 9.67533433535450E-002
76.1674463 9.33168739212119E-002 9.64068414554776E-002
76.2674374 9.29869968447728E-002 9.60620199098667E-002
76.3674361 9.26586737268441E-002 9.57188423250871E-002
76.4674273 9.23319451337860E-002 9.53773508635239E-002
76.5674184 9.20067764991997E-002 9.50375091574410E-002
76.6674096 9.16831584330996E-002 9.46993071579365E-002
76.7674007 9.13610816136792E-002 9.43627348899477E-002
76.8673996 9.10405123889419E-002 9.40277569579303E-002
76.9673908 9.07214904831226E-002 9.36944146424359E-002
77.0673820 9.04039822611813E-002 9.33626725692444E-002
77.1673732 9.00879786682963E-002 9.30325210523675E-002
77.2673645 8.97734707149836E-002 9.27039504765422E-002
77.3673634 8.94604256510486E-002 9.23769264078964E-002
77.4673547 8.91488823794429E-002 9.20514892670781E-002
77.5673461 8.88388081648245E-002 9.17276046391453E-002
77.6673374 8.85301942736003E-002 9.14052631857560E-002
77.7673288 8.82230320348088E-002 9.10844556363296E-002
77.8673278 8.79172895695495E-002 9.07651484856868E-002
77.9673192 8.76130049797608E-002 9.04473813159011E-002
78.0673106 8.73101463994309E-002 9.01311206384876E-002
78.1673020 8.70087054029209E-002 8.98163574482160E-002
78.2672935 8.67086736246450E-002 8.95030828047949E-002
78.3672925 8.64100200277293E-002 8.91912641001176E-002
78.4672840 8.61127819328137E-002 8.88809400984274E-002
78.5672755 8.58169283140808E-002 8.85720782062255E-002
78.6672671 8.55224510411969E-002 8.82646697375510E-002
78.7672586 8.52293420414232E-002 8.79587060686936E-002
78.8672578 8.49375710918275E-002 8.76541554582932E-002
78.9672493 8.46471747509252E-002 8.73510558729390E-002
79.0672409 8.43581228051317E-002 8.70493755839319E-002
79.1672325 8.40704074073611E-002 8.67491062113941E-002
79.2672242 8.37840207657793E-002 8.64502394351361E-002
79.3672234 8.34989334444376E-002 8.61527443514524E-002
79.4672151 8.32151812583752E-002 8.58566581488997E-002
79.5672068 8.29327347793976E-002 8.55619499346170E-002
79.6671985 8.26515864321708E-002 8.52686116222435E-002
79.7671902 8.23717286943782E-002 8.49766351826654E-002
79.8671895 8.20931328911702E-002 8.46859905219130E-002
79.9671813 8.18158341122475E-002 8.43967140695955E-002
80.0671730 8.15398036890298E-002 8.41087757408938E-002
80.1671648 8.12650343069712E-002 8.38221677309867E-002
80.2671566 8.09915187024111E-002 8.35368822899717E-002
80.3671560 8.07192289367390E-002 8.32528901068164E-002
80.4671478 8.04481993919587E-002 8.29702268707439E-002
80.5671397 8.01784021343460E-002 8.26888632782931E-002
80.6671315 7.99098300996825E-002 8.24087917947614E-002
80.7671234 7.96424762726020E-002 8.21300049381456E-002
80.8671229 7.93763134268502E-002 8.18524741546184E-002
80.9671148 7.91113752538931E-002 8.15762344110702E-002
81.0671067 7.88476345310747E-002 8.13012571597735E-002
81.1670987 7.85850844345226E-002 8.10275351252522E-002
81.2670906 7.83237181872761E-002 8.07550610826119E-002
81.3670902 7.80635092524869E-002 8.04838072105163E-002
81.4670822 7.78044906477732E-002 8.02138077710831E-002
81.5670742 7.75466358386861E-002 7.99450349477044E-002
81.6670662 7.72899382321718E-002 7.96774817137389E-002
81.7670583 7.70343912802346E-002 7.94111410911068E-002
81.8670579 7.67799691133722E-002 7.91459859672194E-002
81.9670500 7.65267040915899E-002 7.88820499165005E-002
82.0670421 7.62745703466693E-002 7.86193058298137E-002
82.1670342 7.60235615072777E-002 7.83577469194355E-002
82.2670263 7.57736712453711E-002 7.80973664442758E-002
82.3670260 7.55248743375822E-002 7.78381379776765E-002
82.4670182 7.52772025020965E-002 7.75800944229812E-002
82.5670103 7.50306305157938E-002 7.73232093557958E-002
82.6670025 7.47851522203743E-002 7.70674762178492E-002
82.7669947 7.45407614991361E-002 7.68128884956616E-002
82.8669945 7.42974337544482E-002 7.65594204265730E-002
82.9669867 7.40552000780398E-002 7.63071042590071E-002
83.0669790 7.38140358715635E-002 7.60559142314624E-002
83.1669712 7.35739351814519E-002 7.58058440060812E-002
83.2669635 7.33348920941205E-002 7.55568872880392E-002
83.3669634 7.30968826180513E-002 7.53090189575857E-002
83.4669556 7.28599372334628E-002 7.50622706239446E-002
83.5669479 7.26240319472263E-002 7.48166171674966E-002
83.6669403 7.23891610025754E-002 7.45720524621649E-002
83.7669326 7.21553186811826E-002 7.43285704232267E-002
83.8669326 7.19224815787611E-002 7.40861465535589E-002
83.9669249 7.16906795785594E-002 7.38448118384782E-002
84.0669173 7.14598892738499E-002 7.36045417800387E-002
84.1669097 7.12301050970860E-002 7.33653304556977E-002
84.2669021 7.10013215176844E-002 7.31271719826611E-002
84.3669022 7.07735157004154E-002 7.28900424669227E-002
84.4668946 7.05467169457050E-002 7.26539722847693E-002
84.5668870 7.03209024151138E-002 7.24189375404856E-002
84.6668795 7.00960667230668E-002 7.21849325071818E-002
84.7668720 6.98722045195410E-002 7.19519514961833E-002
84.8668721 6.96492935208684E-002 7.17199711978256E-002
84.9668646 6.94273624584172E-002 7.14890213938402E-002
85.0668571 6.92063890445971E-002 7.12590787720318E-002
85.1668496 6.89863680688731E-002 7.10301377936305E-002
85.2668422 6.87672943549126E-002 7.08021929566159E-002
85.3668424 6.85491461537608E-002 7.05752215175944E-002
85.4668349 6.83319516411229E-002 7.03492526778250E-002
85.5668275 6.81156890634628E-002 7.01242636906217E-002
85.6668201 6.79003533786549E-002 6.99002491981328E-002
85.7668127 6.76859395774851E-002 6.96772038778536E-002
85.8668130 6.74724264294843E-002 6.94551055352646E-002
85.9668056 6.72598415677277E-002 6.92339828048544E-002
86.0667983 6.70481637565560E-002 6.90138134881054E-002
86.1667909 6.68373881159093E-002 6.87945924011964E-002
86.2667836 6.66275097974030E-002 6.85763143943119E-002
86.3667839 6.64185080734195E-002 6.83589578050528E-002
86.4667766 6.62104100470882E-002 6.81425507144708E-002
86.5667694 6.60031949850393E-002 6.79270714555165E-002
86.6667621 6.57968581632063E-002 6.77125150118101E-002
86.7667548 6.55913948880164E-002 6.74988763996950E-002
86.8667552 6.53867849196371E-002 6.72861344727553E-002
86.9667480 6.51830548435961E-002 6.70743167715807E-002
87.0667408 6.49801844137906E-002 6.68634021445020E-002
87.1667336 6.47781690563363E-002 6.66533857362772E-002
87.2667264 6.45770042267096E-002 6.64442627231593E-002
87.3667268 6.43766701583416E-002 6.62360124591686E-002
87.4667197 6.41771929311726E-002 6.60286619570593E-002
87.5667125 6.39785527718860E-002 6.58221905650416E-002
87.6667054 6.37807452512146E-002 6.56165935829780E-002
87.7666983 6.35837659681667E-002 6.54118663410499E-002
87.8666988 6.33875956154364E-002 6.52079886787315E-002
87.9666917 6.31922597790703E-002 6.50049870932297E-002
88.0666846 6.29977391445766E-002 6.48028414176956E-002
88.1666775 6.28040294219744E-002 6.46015471013198E-002
88.2666705 6.26111263485202E-002 6.44010996224870E-002
88.3666710 6.24190110626697E-002 6.42014792916831E-002
88.4666640 6.22277086679588E-002 6.40027121025280E-002
88.5666570 6.20372002952549E-002 6.38047783587127E-002
88.6666500 6.18474817887582E-002 6.36076736532258E-002
88.7666429 6.16585490189108E-002 6.34113936071720E-002
88.8666436 6.14703835569071E-002 6.32159189881252E-002
88.9666366 6.12830100348533E-002 6.30212752977600E-002
89.0666296 6.10964100159876E-002 6.28274432964219E-002
89.1666227 6.09105794737984E-002 6.26344187156002E-002
89.2666157 6.07255144070628E-002 6.24421973138685E-002
89.3666164 6.05411968071499E-002 6.22507603024614E-002
89.4666095 6.03576508455240E-002 6.20601327024399E-002
89.5666026 6.01748585052617E-002 6.18702957174123E-002
89.6665957 5.99928158844513E-002 6.16812452122948E-002
89.7665889 5.98115191055548E-002 6.14929770780986E-002
89.8665896 5.96309505679925E-002 6.13054729567669E-002
89.9665828 5.94511339930896E-002 6.11187573997790E-002
90.0665759 5.92720517716673E-002 6.09328120410880E-002
90.1665691 5.90937001219183E-002 6.07476328741746E-002
90.2665622 5.89160752855328E-002 6.05632159176663E-002
90.3665631 5.87391600582798E-002 6.03795432317196E-002
90.4665563 5.85629777215723E-002 6.01966389089715E-002
90.5665495 5.83875110623018E-002 6.00144850012559E-002
90.6665427 5.82127564144556E-002 5.98330776259576E-002
90.7665359 5.80387101346779E-002 5.96524129246999E-002
90.8665368 5.78653554037897E-002 5.94724733637940E-002
90.9665301 5.76927150732492E-002 5.92932825874910E-002
91.0665233 5.75207723147476E-002 5.91148230534765E-002
91.1665166 5.73495235739332E-002 5.89370909985722E-002
91.2665099 5.71789653183051E-002 5.87600826829673E-002
91.3665108 5.70090811028271E-002 5.85837809674884E-002
91.4665041 5.68398933587004E-002 5.84082090581818E-002
91.5664975 5.66713856315316E-002 5.82333498069740E-002
91.6664908 5.65035544746649E-002 5.80591995658397E-002
91.7664842 5.63363964625213E-002 5.78857547092857E-002
91.8664851 5.61698955136723E-002 5.77129984814177E-002
91.9664785 5.60040736485058E-002 5.75409536599915E-002
92.0664719 5.58389147760312E-002 5.73696034799631E-002
92.1664653 5.56744155534837E-002 5.71989444043523E-002
92.2664587 5.55105726584332E-002 5.70289729179091E-002
92.3664597 5.53473703628810E-002 5.68596726371679E-002
92.4664531 5.51848302855998E-002 5.66910659212480E-002
92.5664466 5.50229366888456E-002 5.65231363773096E-002
92.6664400 5.48616863300933E-002 5.63558805754758E-002
92.7664335 5.47010759864406E-002 5.61892951068314E-002
92.8664346 5.45410902734841E-002 5.60233639498595E-002
92.9664281 5.43817504173409E-002 5.58581090544457E-002
93.0664215 5.42230410236999E-002 5.56935143894972E-002
93.1664150 5.40649589467709E-002 5.55295766284588E-002
93.2664086 5.39075010597025E-002 5.53662924649996E-002
93.3664097 5.37506523121832E-002 5.52036462294273E-002
93.4664032 5.35944335464023E-002 5.50416594715521E-002
93.5663968 5.34388297019961E-002 5.48803165119250E-002
93.6663903 5.32838377265445E-002 5.47196141236838E-002
93.7663839 5.31294545859096E-002 5.45595490994819E-002
93.8663851 5.29756655546847E-002 5.44001061116696E-002
93.9663787 5.28224910996335E-002 5.42413063189015E-002
94.0663723 5.26699164851714E-002 5.40831343836110E-002
94.1663659 5.25179387490166E-002 5.39255871751444E-002
94.2663595 5.23665549465388E-002 5.37686615816841E-002
94.3663607 5.22157506683553E-002 5.36123426081690E-002
94.4663544 5.20655460140872E-002 5.34566510307879E-002
94.5663480 5.19159265640636E-002 5.33015718444206E-002
94.6663417 5.17668894430378E-002 5.31471020112778E-002
94.7663353 5.16184317928076E-002 5.29932385117526E-002
94.8663366 5.14705395114260E-002 5.28399666742342E-002
94.9663303 5.13232323394421E-002 5.26873069009106E-002
95.0663240 5.11764961645262E-002 5.25352445099873E-002
95.1663177 5.10303281954839E-002 5.23837765533267E-002
95.2663114 5.08847256575838E-002 5.22329001003467E-002
95.3663128 5.07396747480072E-002 5.20826007940512E-002
95.4663065 5.05951948560960E-002 5.19328986708746E-002
95.5663002 5.04512721685691E-002 5.17837793635296E-002
95.6662940 5.03079039754195E-002 5.16352400104447E-002
95.7662878 5.01650875825435E-002 5.14872777670018E-002
95.8662892 5.00228094782153E-002 5.13398785822754E-002
95.9662829 4.98810887082330E-002 5.11930621349824E-002
96.0662767 4.97399117503424E-002 5.10468143638139E-002
96.1662705 4.95992759729696E-002 5.09011324908003E-002
96.2662643 4.94591787599062E-002 5.07560137543465E-002
96.3662658 4.93196068827449E-002 5.06114444013342E-002
96.4662596 4.91805790512085E-002 5.04674437605930E-002
96.5662535 4.90420820263070E-002 5.03239980685429E-002
96.6662473 4.89041132522527E-002 5.01811046279677E-002
96.7662412 4.87666701881061E-002 5.00387607574697E-002
96.8662427 4.86297398812535E-002 4.98969529937431E-002
96.9662365 4.84933407126223E-002 4.97557003233610E-002
97.0662304 4.83574597189744E-002 4.96149892724912E-002
97.1662243 4.82220944177626E-002 4.94748172219334E-002
97.2662182 4.80872423407908E-002 4.93351815677708E-002
97.3662198 4.79528908039562E-002 4.91960691287751E-002
97.4662137 4.78190578664863E-002 4.90574985566998E-002
97.5662076 4.76857308336227E-002 4.89194566597377E-002
97.6662016 4.75529072936112E-002 4.87819408940724E-002
97.7661955 4.74205848485702E-002 4.86449487306572E-002
97.8661971 4.72887510758572E-002 4.85084672628551E-002
97.9661911 4.71574237199163E-002 4.83725148148483E-002
98.0661851 4.70265903474288E-002 4.82370784693805E-002
98.1661791 4.68962486150788E-002 4.81021557554888E-002
98.2661730 4.67663961929629E-002 4.79677442164856E-002
98.3661747 4.66370209130720E-002 4.78338312130795E-002
98.4661687 4.65081402118098E-002 4.77004347489464E-002
98.5661627 4.63797419104797E-002 4.75675421741460E-002
98.6661568 4.62518237319391E-002 4.74351510881352E-002
98.7661508 4.61243834120154E-002 4.73032591041710E-002
98.8661525 4.59974090307207E-002 4.71718538432924E-002
98.9661465 4.58709177229929E-002 4.70409529955566E-002
99.0661406 4.57448975581547E-002 4.69105441713343E-002
99.1661347 4.56193463230571E-002 4.67806250381614E-002
99.2661288 4.54942618170952E-002 4.66511932769168E-002
99.3661305 4.53696323618986E-002 4.65222367621772E-002
99.4661246 4.52454747973489E-002 4.63937728770955E-002
99.5661187 4.51217774343924E-002 4.62657894855701E-002
99.6661128 4.49985381217761E-002 4.61382843209643E-002
99.7661070 4.48757547203812E-002 4.60112551295439E-002
99.8661087 4.47534157872500E-002 4.58846900328450E-002
99.9661029 4.46315378734589E-002 4.57586061136623E-002
100.0660970 4.45101095253805E-002 4.56329914828524E-002
100.1660912 4.43891286516389E-002 4.55078439374388E-002
100.2660854 4.42685931725975E-002 4.53831612869239E-002
100.3660872 4.41484918746993E-002 4.52589318934307E-002
100.4660814 4.40288410263111E-002 4.51351725457793E-002
100.5660756 4.39096294032271E-002 4.50118715954199E-002
100.6660698 4.37908549720044E-002 4.48890269009508E-002
100.7660640 4.36725157105593E-002 4.47666363330413E-002
100.8660658 4.35546006289089E-002 4.46446884882278E-002
100.9660601 4.34371257186553E-002 4.45231998675796E-002
101.0660543 4.33200799791947E-002 4.44021590569750E-002
101.1660486 4.32034614331449E-002 4.42815639745793E-002
101.2660428 4.30872681141175E-002 4.41614125502365E-002
101.3660447 4.29714892500562E-002 4.40416936089140E-002
101.4660390 4.28561405615963E-002 4.39224233700004E-002
101.5660333 4.27412112660947E-002 4.38035906478268E-002
101.6660275 4.26266994404272E-002 4.36851934181927E-002
101.7660218 4.25126031721111E-002 4.35672296681986E-002
101.8660238 4.23989119015411E-002 4.34496884454450E-002
101.9660181 4.22856410840424E-002 4.33325856935599E-002
102.0660124 4.21727801494625E-002 4.32159104495362E-002
102.1660067 4.20603272271988E-002 4.30996607449462E-002
102.2660011 4.19482804569501E-002 4.29838346222994E-002
102.3660031 4.18366294862534E-002 4.28684213462095E-002
102.4659974 4.17253895106412E-002 4.27534365903185E-002
102.5659918 4.16145501671478E-002 4.26388696086667E-002
102.6659861 4.15041096360188E-002 4.25247184868068E-002
102.7659805 4.13940661074740E-002 4.24109813208781E-002
102.8659825 4.12844094310437E-002 4.22976475870590E-002
102.9659769 4.11751545478506E-002 4.21847326946377E-002
103.0659713 4.10662912969722E-002 4.20722261092594E-002
103.1659657 4.09578179078898E-002 4.19601259687301E-002
103.2659601 4.08497326197434E-002 4.18484304211049E-002
103.3659622 4.07420254790629E-002 4.17371291488437E-002
103.4659566 4.06347111778129E-002 4.16262373023755E-002
103.5659511 4.05277797521246E-002 4.15157445536724E-002
103.6659455 4.04212294791611E-002 4.14056490911302E-002
103.7659400 4.03150586454399E-002 4.12959491130679E-002
103.8659421 4.02092574896454E-002 4.11866345031032E-002
103.9659365 4.01038404597091E-002 4.10777201581666E-002
104.0659310 3.99987977839753E-002 4.09691959514385E-002
104.1659255 3.98941277857905E-002 4.08610601203007E-002
104.2659200 3.97898287975628E-002 4.07533109117445E-002
104.3659221 3.96858912454304E-002 4.06459384055761E-002
104.4659166 3.95823293382922E-002 4.05389572504572E-002
104.5659112 3.94791334920088E-002 4.04323575158112E-002
104.6659057 3.93763020746657E-002 4.03261374864606E-002
104.7659002 3.92738334631278E-002 4.02202954565353E-002
104.8659024 3.91717182664253E-002 4.01148216972078E-002
104.9658969 3.90699704593050E-002 4.00097306139753E-002
105.0658915 3.89685806405854E-002 3.99050124676864E-002
105.1658860 3.88675472216983E-002 3.98006655891145E-002
105.2658806 3.87668686225825E-002 3.96966883180496E-002
105.3658828 3.86665356307327E-002 3.95930711123521E-002
105.4658774 3.85665619915070E-002 3.94898281393349E-002
105.5658720 3.84669384822570E-002 3.93869498465974E-002
105.6658666 3.83676635564181E-002 3.92844346094280E-002
105.7658612 3.82687356756691E-002 3.91822808118502E-002
105.8658634 3.81701458016713E-002 3.90804790938727E-002
105.9658580 3.80719074550428E-002 3.89790433894845E-002
106.0658527 3.79740115873741E-002 3.88779643284993E-002
106.1658473 3.78764566928077E-002 3.87772403293352E-002
106.2658419 3.77792412734762E-002 3.86768698188745E-002
106.3658442 3.76823564610347E-002 3.85768436148675E-002
106.4658389 3.75858155558999E-002 3.84771754227231E-002
106.5658335 3.74896096797304E-002 3.83778560500659E-002
106.6658282 3.73937373661262E-002 3.82788839571081E-002
106.7658229 3.72981971564323E-002 3.81802576122641E-002
106.8658252 3.72029803482455E-002 3.80819680067487E-002
106.9658199 3.71081000262116E-002 3.79840286220205E-002
107.0658146 3.70135474780080E-002 3.78864304392407E-002
107.1658093 3.69193212754856E-002 3.77891719591265E-002
107.2658040 3.68254199980044E-002 3.76922516903457E-002
107.3658063 3.67318351051673E-002 3.75956607934237E-002
107.4658011 3.66385794701750E-002 3.74994125303893E-002
107.5657958 3.65456445427906E-002 3.74034980517894E-002
107.6657905 3.64530289319517E-002 3.73079158976033E-002
107.7657853 3.63607312538771E-002 3.72126646155174E-002
107.8657877 3.62687431263541E-002 3.71177355313352E-002
107.9657824 3.61770772153608E-002 3.70231416920678E-002
108.0657772 3.60857251289262E-002 3.69288744136177E-002
108.1657720 3.59946855119509E-002 3.68349322740264E-002
108.2657667 3.59039570163964E-002 3.67413138588077E-002
108.3657692 3.58135314145210E-002 3.66480106551263E-002
108.4657639 3.57234211692046E-002 3.65550354992840E-002
108.5657587 3.56336180430302E-002 3.64623798686239E-002
108.6657536 3.55441207157764E-002 3.63700423780921E-002
108.7657484 3.54549278740706E-002 3.62780216498802E-002
108.8657508 3.53660314410338E-002 3.61863093287095E-002
108.9657456 3.52774436804751E-002 3.60949180443788E-002
109.0657405 3.51891565059252E-002 3.60038394318694E-002
