0.0053140 1.25823596333801E+002 1.11665640912387E+004
0.0210792 4.63215418745077E+002 1.07657038045731E+004
0.0467942 9.14128648387624E+002 1.01519457904795E+004
0.0817065 1.37041187507672E+003 9.39125281438677E+003
0.1249105 1.75275334761896E+003 8.55214533584507E+003
0.1754417 2.02352064516460E+003 7.69404126488907E+003
0.2323515 2.17924385427978E+003 6.86136259314653E+003
0.2947571 2.23613323436169E+003 6.08280352587298E+003
0.3618673 2.21764862390524E+003 5.37372527022345E+003
0.4329916 2.14690781437387E+003 4.73967358531006E+003
0.5075377 2.04325142704496E+003 4.17976300029941E+003
0.5850032 1.92137913650708E+003 3.68936197620371E+003
0.6649650 1.79173759217954E+003 3.26199071429388E+003
0.7470680 1.66134974011187E+003 2.89054260157842E+003
0.8310139 1.53468216125359E+003 2.56801218601212E+003
0.9165527 1.41438446980830E+003 2.28788075031818E+003
1.0034738 1.30186333891563E+003 2.04429139490273E+003
1.0915995 1.19770319027374E+003 1.83209725943099E+003
1.1807797 1.10196266671262E+003 1.64683856997889E+003
1.2708868 1.01437942989668E+003 1.48468736138700E+003
1.3618115 9.34506854005783E+002 1.34237584417373E+003
1.4534610 8.61803896346724E+002 1.21712290053716E+003
1.5457546 7.95694044067426E+002 1.10656672769827E+003
1.6386236 7.35600191825185E+002 1.00870029630540E+003
1.7320075 6.80967527055876E+002 9.21818829345563E+002
1.8258543 6.31274542804995E+002 8.44471043538374E+002
1.9201186 5.86039383458797E+002 7.75419931439602E+002
2.0147601 5.44822057389206E+002 7.13609369350003E+002
2.1097440 5.07223238429731E+002 6.58134628005619E+002
2.2050388 4.72883175980898E+002 6.08219787785833E+002
2.3006174 4.41478401248830E+002 5.63196886296865E+002
2.3964555 4.12719036367530E+002 5.22489736873834E+002
2.4925310 3.86345891219627E+002 4.85600253175582E+002
2.5888248 3.62126992917345E+002 4.52096140254401E+002
2.6853193 3.39855250303427E+002 4.21601830679520E+002
2.7819988 3.19345406388014E+002 3.93789694667967E+002
2.8788497 3.00431830540128E+002 3.68373397564840E+002
2.9758588 2.82966467107856E+002 3.45102222591385E+002
3.0730149 2.66816584652106E+002 3.23755729985834E+002
3.1703074 2.51863376732367E+002 3.04140025686907E+002
3.2677268 2.38000143499297E+002 2.86083844355895E+002
3.3652646 2.25131082630028E+002 2.69435734764487E+002
3.4629133 2.13169985674589E+002 2.54061356340685E+002
3.5606650 2.02039393492367E+002 2.39841558647974E+002
3.6585133 1.91669310826113E+002 2.26670048714056E+002
3.7564523 1.81996604747810E+002 2.14452061436607E+002
3.8544764 1.72964209207198E+002 2.03102880082987E+002
3.9525810 1.64520435445342E+002 1.92546575547727E+002
4.0507604 1.56618554942958E+002 1.82715154366599E+002
4.1490108 1.49216049183962E+002 1.73547346473111E+002
4.2473280 1.42274322513823E+002 1.64988017930618E+002
4.3457083 1.35758261010379E+002 1.56987428537395E+002
4.4441489 1.29635849722482E+002 1.49500594487695E+002
4.5426454 1.23877972721753E+002 1.42486901177385E+002
4.6411954 1.18457958200184E+002 1.35909426718695E+002
4.7397961 1.13351447736651E+002 1.29734680533128E+002
4.8384450 1.08536144070625E+002 1.23932208701021E+002
4.9371399 1.03991591843194E+002 1.18474253201288E+002
5.0358779 9.96990858980902E+001 1.13335575591587E+002
5.1346571 9.56413829994862E+001 1.08493054300756E+002
5.2334756 9.18026478378198E+001 1.03925571462355E+002
5.3323316 8.81683035324182E+001 9.96137917979903E+001
5.4312238 8.47249014564232E+001 9.55399708915942E+001
5.5301496 8.14600833596924E+001 9.16878777400675E+001
5.6291079 7.83623905788444E+001 8.80425408745163E+001
5.7280973 7.54212473397426E+001 8.45902042549374E+001
5.8271164 7.26268688350184E+001 8.13181973249618E+001
5.9261644 6.99701810908868E+001 7.82148220187388E+001
6.0252392 6.74428097010899E+001 7.52693226441187E+001
6.1243401 6.50369484188919E+001 7.24717176121463E+001
6.2234659 6.27453601868429E+001 6.98127877499356E+001
6.3226158 6.05613185678864E+001 6.72839965499684E+001
6.4217891 5.84785566589360E+001 6.48774207038627E+001
6.5209840 5.64912687099485E+001 6.25857427564303E+001
6.6202001 5.45940163462554E+001 6.04021346556085E+001
6.7194366 5.27817375638835E+001 5.83202610259344E+001
6.8186927 5.10497081335042E+001 5.63342282531513E+001
6.9179682 4.93935079322041E+001 5.44385400968032E+001
7.0172613 4.78090284670049E+001 5.26281010903688E+001
7.1165720 4.62924038469882E+001 5.08981329241093E+001
7.2158999 4.48400160959410E+001 4.92441764890377E+001
7.3152432 4.34485027939824E+001 4.76620967415748E+001
7.4146030 4.21146664091304E+001 4.61479761997213E+001
7.5139770 4.08355579200677E+001 4.46982069846112E+001
7.6133666 3.96083608735501E+001 4.33093564796628E+001
7.7127702 3.84304651776740E+001 4.19782485741611E+001
7.8121865 3.72994165062624E+001 4.07019040406588E+001
7.9116168 3.62128751148548E+001 3.94774921277354E+001
8.0110589 3.51686802057510E+001 3.83024013357854E+001
8.1105143 3.41647576335012E+001 3.71741337553085E+001
8.2099815 3.31991820454957E+001 3.60903735412975E+001
8.3094593 3.22701374287600E+001 3.50489411078628E+001
8.4089492 3.13758848441437E+001 3.40477557767024E+001
8.5084489 3.05148168370864E+001 3.30848956134670E+001
8.6079599 2.96853828587376E+001 3.21585128980286E+001
8.7074812 2.88861417271389E+001 3.12668918794750E+001
8.8070112 2.81157302995983E+001 3.04084128529004E+001
8.9065517 2.73728377215974E+001 2.95815227234692E+001
9.0061006 2.66562515562301E+001 2.87847856707655E+001
9.1056593 2.59647967334786E+001 2.80168145352553E+001
9.2052267 2.52973800052450E+001 2.72763196662193E+001
9.3048016 2.46529646765822E+001 2.65620802471248E+001
9.4043856 2.40305497244521E+001 2.58729206771254E+001
9.5039766 2.34292090564857E+001 2.52077536015908E+001
9.6035763 2.28480409647022E+001 2.45655235145946E+001
9.7031836 2.22862059608028E+001 2.39452482325058E+001
9.8027972 2.17429061146802E+001 2.33459956548139E+001
9.9024188 2.12173678879775E+001 2.27668645197493E+001
10.0020464 2.07088756901879E+001 2.22070210949657E+001
10.1016817 2.02167296091942E+001 2.16656523105794E+001
10.2013235 1.97402777627758E+001 2.11420011271008E+001
10.3009707 1.92788992017263E+001 2.06353474515618E+001
10.4006251 1.88319896280583E+001 2.01449922482104E+001
10.5002846 1.83989902071875E+001 1.96702889598707E+001
10.5999509 1.79793519047969E+001 1.92106041832702E+001
10.6996230 1.75725632809500E+001 1.87653479708260E+001
10.7992996 1.71781361936151E+001 1.83339579776898E+001
10.8989827 1.67955937922781E+001 1.79158861910948E+001
10.9986702 1.64244953705417E+001 1.75106259612334E+001
11.0983637 1.60644060367442E+001 1.71176787208213E+001
11.1980623 1.57149207054974E+001 1.67365800690809E+001
11.2977649 1.53756520312902E+001 1.63668864687152E+001
11.3974732 1.50462202219431E+001 1.60081640505753E+001
11.4971853 1.47262745731433E+001 1.56600119735616E+001
11.5969029 1.44154674897000E+001 1.53220340421493E+001
11.6966250 1.41134752903704E+001 1.49938612645835E+001
11.7963505 1.38199879389386E+001 1.46751405890615E+001
11.8960812 1.35347003310905E+001 1.43655253753675E+001
11.9958151 1.32573310364950E+001 1.40646956729819E+001
12.0955540 1.29875999016031E+001 1.37723338473400E+001
12.1952970 1.27252461716392E+001 1.34881441776739E+001
12.2950428 1.24700196861884E+001 1.32118432432126E+001
12.3947934 1.22216733720753E+001 1.29431517497766E+001
12.4945468 1.19799796248744E+001 1.26818122095101E+001
12.5943047 1.17447108847692E+001 1.24275678775488E+001
12.6940662 1.15156554894352E+001 1.21801798528706E+001
12.7938302 1.12926100744721E+001 1.19394188136611E+001
12.8935986 1.10753730630484E+001 1.17050579569376E+001
12.9933693 1.08637590429870E+001 1.14768884777489E+001
13.0931443 1.06575818293323E+001 1.12547012617722E+001
13.1929224 1.04566683892182E+001 1.10383018702925E+001
13.2927027 1.02608522422276E+001 1.08275033891628E+001
13.3924871 1.00699677810855E+001 1.06221202913714E+001
13.4922734 9.88386293918822E+000 1.04219820443393E+001
13.5920637 9.70238434752723E+000 1.02269171137817E+001
13.6918568 9.52538961397512E+000 1.00367661475873E+001
13.7916517 9.35274156010835E+000 9.85137575176485E+000
13.8914504 9.18430324025785E+000 9.67059312482832E+000
13.9912508 9.01994914464842E+000 9.49427806574854E+000
14.0910548 8.85955213147267E+000 9.32228892924522E+000
14.1908615 8.70299429549809E+000 9.15449426967356E+000
14.2906697 8.55016190968009E+000 8.99076739457960E+000
14.3904813 8.40094103526462E+000 8.83098164946114E+000
14.4902944 8.25522746525962E+000 8.67502105338642E+000
14.5901109 8.11291516994382E+000 8.52276791212066E+000
14.6899298 7.97390595104227E+000 8.37411313957676E+000
14.7897500 7.83810498111547E+000 8.22895146826032E+000
14.8895734 7.70541691715429E+000 8.08717728587454E+000
14.9893980 7.57575475607511E+000 7.94869408849976E+000
15.0892259 7.44902957754764E+000 7.81340351018684E+000
15.1890558 7.32515914842099E+000 7.68121450405173E+000
15.2888878 7.20406283032181E+000 7.55203789336914E+000
15.3887200 7.08566495065031E+000 7.42578995885892E+000
15.4885562 6.96988571322353E+000 7.30238273901279E+000
15.5883943 6.85665464292629E+000 7.18173835791019E+000
15.6882343 6.74590140444956E+000 7.06377922660256E+000
15.7880763 6.63755799206053E+000 6.94843037128271E+000
15.8879183 6.53156063958426E+000 6.83562145856575E+000
15.9877640 6.42784169231487E+000 6.72527813925294E+000
16.0876115 6.32634165367511E+000 6.61733486277815E+000
16.1874608 6.22700097629816E+000 6.51172613406482E+000
16.2873119 6.12976203077001E+000 6.40838860357409E+000
16.3871628 6.03457083017417E+000 6.30726289358394E+000
16.4870172 5.94136973777127E+000 6.20828584679272E+000
16.5868734 5.85010829344728E+000 6.11140202279307E+000
16.6867312 5.76073585013738E+000 6.01655587016563E+000
16.7865905 5.67320334832140E+000 5.92369360757677E+000
16.8864496 5.58746487661521E+000 5.83276487431830E+000
16.9863121 5.50347110910600E+000 5.74371576694275E+000
17.0861762 5.42117906292023E+000 5.65649918366360E+000
17.1860417 5.34054547259207E+000 5.57106779347426E+000
17.2859087 5.26152839339547E+000 5.48737573340844E+000
17.3857753 5.18408861666370E+000 5.40538010355794E+000
17.4856452 5.10818374661065E+000 5.32503469278010E+000
17.5855166 5.03377701836609E+000 5.24629931247564E+000
17.6853893 4.96083131902026E+000 5.16913346257295E+000
17.7852633 4.88931063973590E+000 5.09349786661887E+000
17.8851368 4.81918136206438E+000 5.01935582886620E+000
17.9850136 4.75040689727154E+000 4.94666756480527E+000
18.0848916 4.68295567583333E+000 4.87539864541440E+000
18.1847709 4.61679573723503E+000 4.80551427473442E+000
18.2846515 4.55189604813616E+000 4.73698068152943E+000
18.3845314 4.48822767387422E+000 4.66976635377460E+000
18.4844144 4.42575891428359E+000 4.60383690195915E+000
18.5842986 4.36446256025308E+000 4.53916271787942E+000
18.6841841 4.30431098546313E+000 4.47571379087168E+000
18.7840706 4.24527734560117E+000 4.41346097229011E+000
18.8839565 4.18733664745566E+000 4.35237710077897E+000
18.9838453 4.13046132438840E+000 4.29243233645859E+000
19.0837353 4.07462784259483E+000 4.23360112403070E+000
19.1836263 4.01981223724888E+000 4.17585748502759E+000
19.2835185 3.96599120582410E+000 4.11917616922957E+000
19.3834098 3.91314308563980E+000 4.06353368242878E+000
19.4833041 3.86124381985281E+000 4.00890403812441E+000
19.5831994 3.81027298510370E+000 3.95526510264875E+000
19.6830957 3.76020972234213E+000 3.90259430941225E+000
19.7829930 3.71103373564762E+000 3.85086970956659E+000
19.8828894 3.66272618775966E+000 3.80007091252219E+000
19.9827887 3.61526601395905E+000 3.75017520894518E+000
20.0826889 3.56863543348345E+000 3.70116336539994E+000
20.1825901 3.52281623189258E+000 3.65301571382682E+000
20.2824922 3.47779067535735E+000 3.60571311220213E+000
20.3823934 3.43354233255733E+000 3.55923780682311E+000
20.4822973 3.39005269933486E+000 3.51356988645840E+000
20.5822022 3.34730624834127E+000 3.46869258532261E+000
20.6821079 3.30528702538479E+000 3.42458870715918E+000
20.7820145 3.26397948793216E+000 3.38124150531410E+000
20.8819201 3.22336926076214E+000 3.33863547472298E+000
20.9818284 3.18344003896819E+000 3.29675310221117E+000
21.0817375 3.14417822352484E+000 3.25557972921102E+000
21.1816475 3.10556979881312E+000 3.21510027503246E+000
21.2815583 3.06760110302368E+000 3.17530004461895E+000
21.3814680 3.03025952409254E+000 3.13616545723607E+000
21.4813803 2.99353065263777E+000 3.09768106230336E+000
21.5812935 2.95740254532653E+000 3.05983400692596E+000
21.6812074 2.92186285483346E+000 3.02261102737694E+000
21.7811221 2.88689953892273E+000 2.98599919181330E+000
21.8810357 2.85250150244270E+000 2.94998657185420E+000
21.9809519 2.81865597522108E+000 2.91455949707947E+000
22.0808688 2.78535244011380E+000 2.87970666700276E+000
22.1807864 2.75257999013421E+000 2.84541638359025E+000
22.2807048 2.72032798220204E+000 2.81167723535792E+000
22.3806219 2.68858663032119E+000 2.77847871732193E+000
22.4805416 2.65734458641737E+000 2.74580870052180E+000
22.5804621 2.62659256563425E+000 2.71365722337097E+000
22.6803832 2.59632090836814E+000 2.68201394130007E+000
22.7803050 2.56652018398655E+000 2.65086875791455E+000
22.8802255 2.53718173974411E+000 2.62021239818443E+000
22.9801486 2.50829546510208E+000 2.59003407212821E+000
23.0800723 2.47985314310062E+000 2.56032497642137E+000
23.1799967 2.45184619762091E+000 2.53107594006524E+000
23.2799217 2.42426625177986E+000 2.50227800763870E+000
23.3798454 2.39710563664117E+000 2.47392297005767E+000
23.4797716 2.37035532177037E+000 2.44600120395745E+000
23.5796984 2.34400801826648E+000 2.41850491092428E+000
23.6796259 2.31805609381491E+000 2.39142594052249E+000
23.7795539 2.29249208994480E+000 2.36475633011208E+000
23.8794806 2.26730919415620E+000 2.33848879703825E+000
23.9794098 2.24249932138782E+000 2.31261473733316E+000
24.0793395 2.21805599146531E+000 2.28712722687937E+000
24.1792698 2.19397239645556E+000 2.26201900523648E+000
24.2792007 2.17024188051854E+000 2.23728297600615E+000
24.3791302 2.14685837868852E+000 2.21291266389971E+000
24.4790621 2.12381463560814E+000 2.18890035819265E+000
24.5789946 2.10110487768294E+000 2.16523989746398E+000
24.6789277 2.07872301894428E+000 2.14192479949829E+000
24.7788612 2.05666310682911E+000 2.11894872575024E+000
24.8787934 2.03491973051633E+000 2.09630590637609E+000
24.9787279 2.01348636474589E+000 2.07398941545558E+000
25.0786630 1.99235785480855E+000 2.05199375862191E+000
25.1785986 1.97152874860736E+000 2.03031313591534E+000
25.2785347 1.95099371134882E+000 2.00894187352266E+000
25.3784693 1.93074790603860E+000 1.98787481953975E+000
25.4784064 1.91078545148790E+000 1.96710573935854E+000
25.5783439 1.89110173637135E+000 1.94662972346119E+000
25.6782819 1.87169186647596E+000 1.92644157150112E+000
25.7782204 1.85255105097922E+000 1.90653619416201E+000
25.8781574 1.83367495744573E+000 1.88690898213696E+000
25.9780968 1.81505827425116E+000 1.86755431129191E+000
26.0780366 1.79669686827277E+000 1.84846778610392E+000
26.1779769 1.77858633745573E+000 1.82964473447343E+000
26.2779176 1.76072237108201E+000 1.81108058225563E+000
26.3778568 1.74310108137743E+000 1.79277119769320E+000
26.4777984 1.72571766157644E+000 1.77471149703435E+000
26.5777404 1.70856840033895E+000 1.75689753751607E+000
26.6776829 1.69164933076830E+000 1.73932511349072E+000
26.7776257 1.67495656683479E+000 1.72199010592524E+000
26.8775671 1.65848661349687E+000 1.70488880430414E+000
26.9775108 1.64223511250639E+000 1.68801660432088E+000
27.0774549 1.62619872534546E+000 1.67136996291311E+000
27.1773994 1.61037387071708E+000 1.65494508723793E+000
27.2773442 1.59475703907436E+000 1.63873826120693E+000
27.3772876 1.57934508297664E+000 1.62274614668028E+000
27.4772333 1.56413404351077E+000 1.60696456568164E+000
27.5771793 1.54912091238977E+000 1.59139032875885E+000
27.6771257 1.53430245072170E+000 1.57602000918316E+000
27.7770725 1.51967548340706E+000 1.56085024838595E+000
27.8770178 1.50523717128757E+000 1.54587803809118E+000
27.9769653 1.49098391174684E+000 1.53109958023970E+000
28.0769132 1.47691298959062E+000 1.51651199885596E+000
28.1768615 1.46302147059486E+000 1.50211219259066E+000
28.2768101 1.44930647736580E+000 1.48789712074567E+000
28.3767572 1.43576544469424E+000 1.47386406783733E+000
28.4767065 1.42239508850992E+000 1.46000957506919E+000
28.5766562 1.40919295425419E+000 1.44633104491424E+000
28.6766062 1.39615637932587E+000 1.43282566578072E+000
28.7765565 1.38328275184935E+000 1.41949068015246E+000
28.8765053 1.37056975051727E+000 1.40632363293712E+000
28.9764563 1.35801437661722E+000 1.39332136890744E+000
29.0764077 1.34561440779738E+000 1.38048153834402E+000
29.1763593 1.33336742407916E+000 1.36780158819132E+000
29.2763113 1.32127105084486E+000 1.35527901369837E+000
29.3762617 1.30932318433599E+000 1.34291159178262E+000
29.4762144 1.29752108195607E+000 1.33069643937740E+000
29.5761673 1.28586272860683E+000 1.31863142770927E+000
29.6761206 1.27434592142688E+000 1.30671423483466E+000
29.7760741 1.26296849819161E+000 1.29494258203879E+000
29.8760261 1.25172854953008E+000 1.28331445333519E+000
29.9759803 1.24062356314197E+000 1.27182721011933E+000
30.0759347 1.22965170923451E+000 1.26047892096576E+000
30.1758895 1.21881097958543E+000 1.24926747090285E+000
30.2758445 1.20809940244068E+000 1.23819078371420E+000
30.3757980 1.19751524241959E+000 1.22724702859477E+000
30.4757536 1.18705619467245E+000 1.21643378692397E+000
30.5757095 1.17672059536893E+000 1.20574930385127E+000
30.6756657 1.16650661107590E+000 1.19519165008433E+000
30.7756221 1.15641244114284E+000 1.18475893113535E+000
30.8755770 1.14643650618111E+000 1.17444948206557E+000
30.9755340 1.13657668853716E+000 1.16426108256172E+000
31.0754913 1.12683147326287E+000 1.15419213602588E+000
31.1754469 1.11719936680515E+000 1.14424106871969E+000
31.2754067 1.10767817451185E+000 1.13440558344113E+000
31.3753629 1.09826700503759E+000 1.12468473014024E+000
31.4753231 1.08896355085401E+000 1.11507609668151E+000
31.5752798 1.07976696005848E+000 1.10557877513613E+000
31.6752368 1.07067534124652E+000 1.09619078469361E+000
31.7751978 1.06168684565232E+000 1.08691018943659E+000
31.8751552 1.05280067721593E+000 1.07773614104998E+000
31.9751168 1.04401470163322E+000 1.06866641023792E+000
32.0750747 1.03532815798503E+000 1.05970018618608E+000
32.1750329 1.02673930257190E+000 1.05083564419753E+000
32.2749952 1.01824643064557E+000 1.04207100054887E+000
32.3749539 1.00984883106773E+000 1.03340549753196E+000
32.4749166 1.00154452709090E+000 1.02483707200098E+000
32.5748758 9.93332838920815E-001 1.01636499967453E+000
32.6748352 9.85212156884513E-001 1.00798759738462E+000
32.7747986 9.77180906946373E-001 9.99703219418033E-001
32.8747585 9.69238453738954E-001 9.91511188857107E-001
32.9747223 9.61382964043497E-001 9.83409593778458E-001
33.0746827 9.53613830480656E-001 9.75397787093339E-001
33.1746432 9.45929565177394E-001 9.67474214139511E-001
33.2746078 9.38328712914749E-001 9.59637354544890E-001
33.3745687 9.30810706004235E-001 9.51886603509322E-001
33.4745337 9.23373842174052E-001 9.44220186956707E-001
33.5744951 9.16017578753102E-001 9.36637526733709E-001
33.6744568 9.08740538720911E-001 9.29137185034661E-001
33.7744224 9.01541375020825E-001 9.21717755493055E-001
33.8743844 8.94419580477331E-001 9.14378697752196E-001
33.9743505 8.87373572461798E-001 9.07118363578382E-001
34.0743130 8.80402866182678E-001 8.99936236443250E-001
34.1742756 8.73506185653766E-001 8.92830984959990E-001
34.2742423 8.66682282422686E-001 8.85801306608198E-001
34.3742054 8.59930703471979E-001 8.78846718674713E-001
34.4741725 8.53249975643830E-001 8.71965687975195E-001
34.5741359 8.46639665967140E-001 8.65157753124912E-001
34.6740996 8.40098590670094E-001 8.58421679788323E-001
34.7740673 8.33625591316294E-001 8.51756260170858E-001
34.8740313 8.27220263403069E-001 8.45161063169178E-001
34.9739994 8.20881234074609E-001 8.38634660929018E-001
35.0739638 8.14608116796828E-001 8.32176641455142E-001
35.1739284 8.08399812076898E-001 8.25785859042701E-001
35.2738971 8.02255243765406E-001 8.19461192422599E-001
35.3738621 7.96174050856603E-001 8.13202256740352E-001
35.4738310 7.90154952519548E-001 8.07007720705530E-001
35.5737964 7.84197603867911E-001 8.00877216597176E-001
35.6737620 7.78300982537311E-001 7.94809679760073E-001
35.7737315 7.72464087699098E-001 7.88804068065988E-001
35.8736974 7.66686597377050E-001 7.82860038139913E-001
35.9736673 7.60967315281612E-001 7.76976347336465E-001
36.0736335 7.55305933908250E-001 7.71152667655932E-001
36.1735999 7.49701501568164E-001 7.65388008657197E-001
36.2735704 7.44153086465445E-001 7.59681400692875E-001
36.3735371 7.38660401671278E-001 7.54032537619118E-001
36.4735079 7.33222328661560E-001 7.48440258271581E-001
36.5734750 7.27838593509190E-001 7.42904270314235E-001
36.6734423 7.22508309369251E-001 7.37423651347664E-001
36.7734135 7.17230607794567E-001 7.31997498190041E-001
36.8733811 7.12005233349993E-001 7.26625538139959E-001
36.9733527 7.06831139132822E-001 7.21306685023507E-001
37.0733206 7.01708081396738E-001 7.16040678548042E-001
37.1732887 6.96635232862965E-001 7.10826658774295E-001
37.2732608 6.91611783287830E-001 7.05663783545272E-001
37.3732292 6.86637505554865E-001 7.00551810219271E-001
37.4732015 6.81711418803848E-001 6.95489721723959E-001
37.5731702 6.76833306433257E-001 6.90477286576273E-001
37.6731391 6.72002395947494E-001 6.85513702242773E-001
37.7731119 6.67217930642513E-001 6.80598182663430E-001
37.8730811 6.62479708880811E-001 6.75730512232639E-001
37.9730543 6.57786810772006E-001 6.70909737629362E-001
38.0730237 6.53139044142848E-001 6.66135653288371E-001
38.1729934 6.48535686940541E-001 6.61407509498955E-001
38.2729669 6.43976031767469E-001 6.56724571828665E-001
38.3729369 6.39459899922618E-001 6.52086649002496E-001
38.4729107 6.34986427867001E-001 6.47492846583172E-001
38.5728809 6.30555445422457E-001 6.42942982334725E-001
38.6728513 6.26166277035109E-001 6.38436355207850E-001
38.7728256 6.21818260766513E-001 6.33972278338775E-001
38.8727962 6.17511238573482E-001 6.29550582359742E-001
38.9727708 6.13244399058068E-001 6.25170427283097E-001
39.0727417 6.09017591855644E-001 6.20831651882574E-001
39.1727127 6.04830184323098E-001 6.16533599987043E-001
39.2726877 6.00681556480198E-001 6.12275628610544E-001
39.3726590 5.96571568897405E-001 6.08057588119795E-001
39.4726343 5.92499458474632E-001 6.03878688932236E-001
39.5726059 5.88465092702984E-001 5.99738788750789E-001
39.6725776 5.84467878581527E-001 5.95637272838672E-001
39.7725533 5.80507234898493E-001 5.91573538727332E-001
39.8725252 5.76583039002447E-001 5.87547454568001E-001
39.9725012 5.72694572578832E-001 5.83558277489459E-001
40.0724734 5.68841719215863E-001 5.79605882255966E-001
40.1724458 5.65023922573716E-001 5.75689692426357E-001
40.2724221 5.61240637299369E-001 5.71809142986211E-001
40.3723947 5.57491755869821E-001 5.67964118119672E-001
40.4723712 5.53776601542216E-001 5.64153918289350E-001
40.5723441 5.50095072420795E-001 5.60378433642399E-001
40.6723171 5.46446646104779E-001 5.56637123169187E-001
40.7722940 5.42830810442496E-001 5.52929456513665E-001
40.8722673 5.39247471555492E-001 5.49255332318092E-001
40.9722444 5.35695991328467E-001 5.45614091286889E-001
41.0722179 5.32176280959020E-001 5.42005637440564E-001
41.1721915 5.28687849496985E-001 5.38429462584475E-001
41.2721690 5.25230215562296E-001 5.34885068466374E-001
41.3721428 5.21803297585183E-001 5.31372366769603E-001
41.4721206 5.18406493377723E-001 5.27890735606440E-001
41.5720946 5.15039725949720E-001 5.24440091511997E-001
41.6720688 5.11702533524194E-001 5.21019956713492E-001
41.7720469 5.08394463268600E-001 5.17629862725627E-001
41.8720213 5.05115444718303E-001 5.14269732996724E-001
41.9719996 5.01864909133561E-001 5.10938980446555E-001
42.0719743 4.98642790181765E-001 5.07637532900830E-001
42.1719490 4.95448653172530E-001 5.04364940817402E-001
42.2719276 4.92282071782754E-001 5.01120763337855E-001
42.3719026 4.89142985567782E-001 4.97904934525413E-001
42.4718815 4.86030856957265E-001 4.94716899718670E-001
42.5718566 4.82945629234848E-001 4.91556596930486E-001
42.6718319 4.79886892882919E-001 4.88423602840794E-001
42.7718111 4.76854246218193E-001 4.85317502256071E-001
42.8717866 4.73847637836890E-001 4.82238238817190E-001
42.9717660 4.70866559241239E-001 4.79185288084976E-001
43.0717417 4.67910962391312E-001 4.76158597263954E-001
43.1717175 4.64980461185064E-001 4.73157767413059E-001
43.2716972 4.62074676862139E-001 4.70182407203025E-001
43.3716732 4.59193566175606E-001 4.67232468916219E-001
43.4716531 4.56336647768886E-001 4.64307456313604E-001
43.5716293 4.53503881429688E-001 4.61407324892665E-001
43.6716056 4.50694902856483E-001 4.58531698398345E-001
43.7715858 4.47909354633584E-001 4.55680207711370E-001
43.8715623 4.45147200872220E-001 4.52852812910117E-001
43.9715428 4.42407985576175E-001 4.50049044092310E-001
44.0715195 4.39691675593752E-001 4.47268864236533E-001
44.1714963 4.36997926938027E-001 4.44511918217019E-001
44.2714770 4.34326402085720E-001 4.41777857603138E-001
44.3714539 4.31677071784172E-001 4.39066649505210E-001
44.4714348 4.29049503753897E-001 4.36377848638868E-001
44.5714120 4.26443671210197E-001 4.33711424729924E-001
44.6713893 4.23859249112320E-001 4.31067042349060E-001
44.7713704 4.21295918491746E-001 4.28444372353800E-001
44.8713479 4.18753656078801E-001 4.25843388195494E-001
44.9713293 4.16232051792238E-001 4.23263667620581E-001
45.0713069 4.13731084586818E-001 4.20705186438341E-001
45.1712846 4.11250447106509E-001 4.18167627595802E-001
45.2712662 4.08789837704291E-001 4.15650679948148E-001
45.3712441 4.06349238502366E-001 4.13154322662648E-001
45.4712259 4.03928260213505E-001 4.10678155049669E-001
45.5712040 4.01526886963861E-001 4.08222158401294E-001
45.6711822 3.99144827918181E-001 4.05786032823485E-001
45.7711643 3.96781797612863E-001 4.03369483978827E-001
45.8711426 3.94437783026731E-001 4.00972496184628E-001
45.9711248 3.92112414366813E-001 3.98594688958151E-001
46.0711034 3.89805680416163E-001 3.96236048530417E-001
46.1710820 3.87517305785352E-001 3.93896291042579E-001
46.2710644 3.85247020142979E-001 3.91575137865779E-001
46.3710432 3.82994814839574E-001 3.89272577954850E-001
46.4710259 3.80760338372263E-001 3.86988249777379E-001
46.5710048 3.78543583714814E-001 3.84722144010653E-001
46.6709838 3.76344289929949E-001 3.82473991792781E-001
46.7709667 3.74162200846613E-001 3.80243529188095E-001
46.8709459 3.71997311747545E-001 3.78030749324556E-001
46.9709290 3.69849288303364E-001 3.75835308455465E-001
47.0709083 3.67718127255962E-001 3.73657201257884E-001
47.1708877 3.65603581200866E-001 3.71496172906783E-001
47.2708710 3.63505407228084E-001 3.69351973220609E-001
47.3708506 3.61423604154063E-001 3.67224599079478E-001
47.4708341 3.59357853786613E-001 3.65113723442076E-001
47.5708138 3.57308156252510E-001 3.63019344580425E-001
47.6707936 3.55274276828774E-001 3.60941220817742E-001
47.7707773 3.53255985033628E-001 3.58879114857323E-001
47.8707573 3.51253282855773E-001 3.56833026949669E-001
47.9707411 3.49265867277587E-001 3.54802645755835E-001
48.0707212 3.47293741463076E-001 3.52787972775639E-001
48.1707014 3.45336682581758E-001 3.50788778657387E-001
48.2706855 3.43394471808105E-001 3.48804838183876E-001
48.3706658 3.41467113975093E-001 3.46836154629663E-001
48.4706500 3.39554320344761E-001 3.44882431426136E-001
48.5706305 3.37656096802852E-001 3.42943672967789E-001
48.6706110 3.35772231679543E-001 3.41019661464838E-001
48.7705955 3.33902517089417E-001 3.39110183032836E-001
48.8705762 3.32046960412050E-001 3.37215243656109E-001
48.9705608 3.30205286356482E-001 3.35334560669592E-001
49.0705416 3.28377503243816E-001 3.33468141060113E-001
49.1705225 3.26563409885506E-001 3.31615777891656E-001
49.2705073 3.24762808671364E-001 3.29777267919550E-001
49.3704883 3.22975709257317E-001 3.27952619552602E-001
49.4704733 3.21201849024047E-001 3.26141563222521E-001
49.5704545 3.19441238468000E-001 3.24344108234000E-001
49.6704357 3.17693686250722E-001 3.22560057847186E-001
49.7704208 3.15959004419464E-001 3.20789218813569E-001
49.8704022 3.14237204661095E-001 3.19031601707417E-001
49.9703875 3.12528036305376E-001 3.17286949305699E-001
50.0703690 3.10831511787961E-001 3.15555272981749E-001
50.1703506 3.09147449033617E-001 3.13836385580710E-001
50.2703361 3.07475669172554E-001 3.12130103252008E-001
50.3703178 3.05816185699699E-001 3.10436438500138E-001
50.4703034 3.04168759219995E-001 3.08755145746754E-001
50.5702853 3.02533403893829E-001 3.07086238207479E-001
50.6702672 3.00909946363104E-001 3.05429537744005E-001
50.7702530 2.99298216306369E-001 3.03784869347226E-001
50.8702350 2.97698228824149E-001 3.02152247238204E-001
50.9702209 2.96109755167594E-001 3.00531436829672E-001
51.0702031 2.94532811026992E-001 2.98922452973946E-001
51.1701853 2.92967231252863E-001 2.97325126020152E-001
51.2701714 2.91412853574200E-001 2.95739289282618E-001
51.3701538 2.89869694513204E-001 2.94164958504893E-001
51.4701400 2.88337535379737E-001 2.92601909480551E-001
51.5701225 2.86816393216995E-001 2.91050158511829E-001
51.6701050 2.85306110610224E-001 2.89509543942409E-001
51.7700914 2.83806532874828E-001 2.87979906927458E-001
51.8700741 2.82317677787587E-001 2.86461264556689E-001
51.9700606 2.80839336167935E-001 2.84953402434354E-001
52.0700434 2.79371526251175E-001 2.83456338142926E-001
52.1700263 2.77914097915345E-001 2.81969917561194E-001
52.2700130 2.76466903629461E-001 2.80493989235239E-001
52.3699959 2.75029962273082E-001 2.79028571440754E-001
52.4699827 2.73603073661552E-001 2.77573459059551E-001
52.5699658 2.72186257076195E-001 2.76128670800193E-001
52.6699489 2.70779369275408E-001 2.74694059647964E-001
52.7699359 2.69382269477879E-001 2.73269481120101E-001
52.8699192 2.67994977528038E-001 2.71854954532748E-001
52.9699063 2.66617301756327E-001 2.70450283546460E-001
53.0698897 2.65249262357384E-001 2.69055487855847E-001
53.1698731 2.63890722584799E-001 2.67670427152574E-001
53.2698603 2.62541548029653E-001 2.66294963533134E-001
53.3698439 2.61201759375979E-001 2.64929117221932E-001
53.4698313 2.59871173018945E-001 2.63572700191198E-001
53.5698149 2.58549809945961E-001 2.62225732994381E-001
53.6697986 2.57237539545859E-001 2.60888081655752E-001
53.7697861 2.55934233429503E-001 2.59559614484925E-001
53.8697699 2.54639913006752E-001 2.58240352494490E-001
53.9697576 2.53354402315357E-001 2.56930115530732E-001
54.0697415 2.52077723026030E-001 2.55628924890400E-001
54.1697254 2.50809750326234E-001 2.54336652580963E-001
54.2697133 2.49550361516829E-001 2.53053172782857E-001
54.3696973 2.48299578630194E-001 2.51778507187809E-001
54.4696852 2.47057232950710E-001 2.50512483105851E-001
54.5696694 2.45823346733003E-001 2.49255122472114E-001
54.6696536 2.44597800648168E-001 2.48006302950416E-001
54.7696417 2.43380477378425E-001 2.46765904271786E-001
54.8696260 2.42171399484894E-001 2.45533948708086E-001
54.9696142 2.40970405126963E-001 2.44310270648131E-001
55.0695986 2.39777517052957E-001 2.43094892570190E-001
55.1695831 2.38592621122641E-001 2.41887697488488E-001
55.2695714 2.37415605110571E-001 2.40688570384865E-001
55.3695560 2.36246492021495E-001 2.39497534021456E-001
55.4695444 2.35085126540803E-001 2.38314429504452E-001
55.5695291 2.33931531828664E-001 2.37139279768827E-001
55.6695138 2.32785598657139E-001 2.35971972892643E-001
55.7695023 2.31647219622271E-001 2.34812398827739E-001
55.8694872 2.30516418095245E-001 2.33660580744990E-001
55.9694758 2.29393044959467E-001 2.32516366128454E-001
56.0694607 2.28277123712718E-001 2.31379778291396E-001
56.1694457 2.27168549780231E-001 2.30250710107135E-001
56.2694345 2.26067220325575E-001 2.29129056234292E-001
56.3694196 2.24973159016381E-001 2.28014840178540E-001
56.4694085 2.23886222625663E-001 2.26907915482663E-001
56.5693936 2.22806434921523E-001 2.25808305767123E-001
56.6693788 2.21733695739268E-001 2.24715908448610E-001
56.7693678 2.20667906571720E-001 2.23630622645650E-001
56.8693531 2.19609091319532E-001 2.22552472131696E-001
56.9693423 2.18557112355149E-001 2.21481316208083E-001
57.0693276 2.17511993656036E-001 2.20417178738040E-001
57.1693130 2.16473639239373E-001 2.19359961445260E-001
57.2693023 2.15441954703536E-001 2.18309567676485E-001
57.3692878 2.14416964124777E-001 2.17266021412234E-001
57.4692772 2.13398535201777E-001 2.16229187429887E-001
57.5692628 2.12386692066189E-001 2.15199089777096E-001
57.6692484 2.11381342702714E-001 2.14175634262612E-001
57.7692379 2.10382396605153E-001 2.13158728243825E-001
57.8692236 2.09389877973395E-001 2.12148395853363E-001
57.9692132 2.08403659575014E-001 2.11144507078617E-001
58.0691990 2.07423765645937E-001 2.10147086098865E-001
58.1691849 2.06450107936936E-001 2.09156042599392E-001
58.2691746 2.05482599639731E-001 2.08171287743808E-001
58.3691605 2.04521265030876E-001 2.07192845767144E-001
58.4691503 2.03565981704277E-001 2.06220591616137E-001
58.5691363 2.02616773955036E-001 2.05254549553949E-001
58.6691224 2.01673557110556E-001 2.04294632946379E-001
58.7691123 2.00736247874728E-001 2.03340756571058E-001
58.8690985 1.99804870558352E-001 2.02392944720508E-001
58.9690885 1.98879307352915E-001 2.01451077064488E-001
59.0690747 1.97959582571981E-001 2.00515177906931E-001
59.1690610 1.97045614941339E-001 1.99585164109758E-001
59.2690511 1.96137324502266E-001 1.98660953883835E-001
59.3690374 1.95234735561544E-001 1.97742571538628E-001
59.4690277 1.94337734692391E-001 1.96829901243996E-001
59.5690141 1.93446346190129E-001 1.95922967305738E-001
59.6690006 1.92560492011124E-001 1.95021689908373E-001
59.7689909 1.91680095369479E-001 1.94125990525831E-001
59.8689774 1.90805180533488E-001 1.93235893447973E-001
59.9689678 1.89935638254314E-001 1.92351287134359E-001
60.0689545 1.89071492775989E-001 1.91472195857602E-001
60.1689411 1.88212669127390E-001 1.90598542961410E-001
60.2689316 1.87359093540426E-001 1.89730253022524E-001
60.3689184 1.86510790213895E-001 1.88867350278300E-001
60.4689090 1.85667653884407E-001 1.88009727279305E-001
60.5688958 1.84829708714995E-001 1.87157408233432E-001
60.6688827 1.83996882658078E-001 1.86310319489620E-001
60.7688734 1.83169104817261E-001 1.85468388576427E-001
60.8688603 1.82346399293999E-001 1.84631639649121E-001
60.9688511 1.81528664628414E-001 1.83799969161553E-001
61.0688381 1.80715924875886E-001 1.82973401228565E-001
61.1688251 1.79908110771902E-001 1.82151865059195E-001
61.2688160 1.79105154153972E-001 1.81335290991467E-001
61.3688031 1.78307079001255E-001 1.80523703072021E-001
61.4687941 1.77513787485350E-001 1.79717001480530E-001
61.5687813 1.76725303530106E-001 1.78915210213384E-001
61.6687685 1.75941560521552E-001 1.78118261202837E-001
61.7687596 1.75162492901099E-001 1.77326087462106E-001
61.8687469 1.74388124503288E-001 1.76538712905438E-001
61.9687381 1.73618360968434E-001 1.75756041270482E-001
62.0687254 1.72853226067526E-001 1.74978096412451E-001
62.1687128 1.72092655712036E-001 1.74204812857643E-001
62.2687041 1.71336586824551E-001 1.73436126167750E-001
62.3686916 1.70585043075082E-001 1.72672060103396E-001
62.4686829 1.69837933418597E-001 1.71912521801374E-001
62.5686704 1.69095281454218E-001 1.71157534955437E-001
62.6686580 1.68357025500714E-001 1.70407036563971E-001
62.7686494 1.67623104845940E-001 1.69660964617497E-001
62.8686371 1.66893542977659E-001 1.68919342704097E-001
62.9686286 1.66168252019597E-001 1.68182081209329E-001
63.0686163 1.65447255382115E-001 1.67449203647440E-001
63.1686040 1.64730493679652E-001 1.66720649373701E-001
63.2685918 1.64017935558361E-001 1.65996386241854E-001
63.3685872 1.63309496056383E-001 1.65276327622825E-001
63.4685751 1.62605252467587E-001 1.64560551807387E-001
63.5685630 1.61905120064127E-001 1.63848972410222E-001
63.6685509 1.61209068594556E-001 1.63141558420151E-001
63.7685388 1.60517068075884E-001 1.62438279102372E-001
63.8685344 1.59829036453995E-001 1.61739050807752E-001
63.9685224 1.59145049251499E-001 1.61043950030986E-001
64.0685105 1.58465024631731E-001 1.60352893349470E-001
64.1684986 1.57788933657990E-001 1.59665851105461E-001
64.2684867 1.57116747648417E-001 1.58982793903525E-001
64.3684824 1.56448387331799E-001 1.58303640945894E-001
64.4684706 1.55783926503800E-001 1.57628466976000E-001
64.5684588 1.55123286095217E-001 1.56957191406553E-001
64.6684470 1.54466438417623E-001 1.56289785864531E-001
64.7684353 1.53813356024607E-001 1.55626222225967E-001
64.8684312 1.53163962309422E-001 1.54966422422513E-001
64.9684195 1.52518329384153E-001 1.54310459490222E-001
65.0684079 1.51876380829674E-001 1.53658255556258E-001
65.1683963 1.51238090143185E-001 1.53009783467581E-001
65.2683847 1.50603431051806E-001 1.52365016307704E-001
65.3683808 1.49972329500845E-001 1.51723878621986E-001
65.4683692 1.49344855961237E-001 1.51086441782046E-001
65.5683578 1.48720936552492E-001 1.50452630514800E-001
65.6683463 1.48100545898365E-001 1.49822418826157E-001
65.7683349 1.47483658841133E-001 1.49195780946797E-001
65.8683311 1.46870203771408E-001 1.48572643925929E-001
65.9683197 1.46260249560461E-001 1.47953077512740E-001
66.0683084 1.45653724760590E-001 1.47337008924987E-001
66.1682971 1.45050605066393E-001 1.46724413269971E-001
66.2682858 1.44450866380225E-001 1.46115265868653E-001
66.3682821 1.43854439436597E-001 1.45509496169758E-001
66.4682709 1.43261391547646E-001 1.44907172341094E-001
66.5682597 1.42671653597893E-001 1.44308223987797E-001
66.6682485 1.42085202300195E-001 1.43712627264262E-001
66.7682374 1.41502014565011E-001 1.43120358528054E-001
66.8682339 1.40922023374368E-001 1.42531349528276E-001
66.9682228 1.40345294520859E-001 1.41945666891465E-001
67.0682118 1.39771761125625E-001 1.41363242511811E-001
67.1682007 1.39201400870145E-001 1.40784053539550E-001
67.2681897 1.38634191623904E-001 1.40208077318187E-001
67.3681864 1.38070068524806E-001 1.39635247802959E-001
67.4681754 1.37509095884542E-001 1.39065630118297E-001
67.5681645 1.36951208969963E-001 1.38499158353962E-001
67.6681536 1.36396386384282E-001 1.37935810607634E-001
67.7681428 1.35844606909656E-001 1.37375565160909E-001
67.8681396 1.35295807752697E-001 1.36818358085543E-001
67.9681288 1.34750051781900E-001 1.36264253042076E-001
68.0681180 1.34207276323335E-001 1.35713186226927E-001
68.1681072 1.33667460857646E-001 1.35165136639500E-001
68.2680965 1.33130585035859E-001 1.34620083454282E-001
68.3680934 1.32596588050342E-001 1.34077964774280E-001
68.4680827 1.32065531363176E-001 1.33538842833436E-001
68.5680721 1.31537354277324E-001 1.33002655850213E-001
68.6680615 1.31012037108988E-001 1.32469383682538E-001
68.7680509 1.30489560336655E-001 1.31939006355064E-001
68.8680479 1.29969865059474E-001 1.31411463920895E-001
68.9680374 1.29453011368977E-001 1.30886817223743E-001
69.0680269 1.28938940466641E-001 1.30365006423572E-001
69.1680164 1.28427633464621E-001 1.29846012195982E-001
69.2680059 1.27919071629703E-001 1.29329815375400E-001
69.3680031 1.27413197892610E-001 1.28816357887753E-001
69.4679927 1.26910071009281E-001 1.28305699221977E-001
69.5679823 1.26409634005043E-001 1.27797781402838E-001
69.6679719 1.25911868750545E-001 1.27292585884972E-001
69.7679615 1.25416757263817E-001 1.26790094274369E-001
69.8679589 1.24924244235499E-001 1.26290250296177E-001
69.9679486 1.24434387120007E-001 1.25793112119112E-001
70.0679383 1.23947130695370E-001 1.25298623559665E-001
70.1679281 1.23462457555274E-001 1.24806766814952E-001
70.2679178 1.22980350433926E-001 1.24317524226373E-001
70.3679153 1.22500755713586E-001 1.23830841248153E-001
70.4679051 1.22023729580334E-001 1.23346774762462E-001
70.5678949 1.21549218497077E-001 1.22865270307868E-001
70.6678848 1.21077205746975E-001 1.22386310789367E-001
70.7678747 1.20607674747207E-001 1.21909879249541E-001
70.8678723 1.20140573506527E-001 1.21435922804830E-001
70.9678622 1.19675956975009E-001 1.20964497083655E-001
71.0678522 1.19213773235761E-001 1.20495549280261E-001
71.1678422 1.18754006229620E-001 1.20029062974757E-001
71.2678322 1.18296640025290E-001 1.19565021878497E-001
71.3678299 1.17841624195899E-001 1.19103374706366E-001
71.4678200 1.17389012487001E-001 1.18644175864987E-001
71.5678100 1.16938754540195E-001 1.18187374140944E-001
71.6678002 1.16490834923875E-001 1.17732953758421E-001
71.7677903 1.16045238328470E-001 1.17280899066837E-001
71.8677881 1.15601915832207E-001 1.16831160318691E-001
71.9677783 1.15160920006769E-001 1.16383790729914E-001
72.0677685 1.14722201993365E-001 1.15938740618996E-001
72.1677587 1.14285746959391E-001 1.15495994824785E-001
72.2677489 1.13851540188752E-001 1.15055538305665E-001
72.3677468 1.13419534208194E-001 1.14617322793692E-001
72.4677371 1.12989780445372E-001 1.14181400344388E-001
72.5677275 1.12562231484877E-001 1.13747722750468E-001
72.6677178 1.12136873066041E-001 1.13316275437559E-001
72.7677082 1.11713691039459E-001 1.12887043945425E-001
72.8677062 1.11292639326365E-001 1.12459981430246E-001
72.9676966 1.10873768239427E-001 1.12035138816621E-001
73.0676870 1.10457031752928E-001 1.11612469316405E-001
73.1676774 1.10042416152458E-001 1.11191958915566E-001
73.2676679 1.09629907829892E-001 1.10773593709083E-001
73.3676660 1.09219462049340E-001 1.10357328224321E-001
73.4676565 1.08811128036751E-001 1.09943212283648E-001
73.5676471 1.08404861104800E-001 1.09531200465452E-001
73.6676376 1.08000648060970E-001 1.09121279290952E-001
73.7676282 1.07598475814307E-001 1.08713435385523E-001
73.8676264 1.07198300922474E-001 1.08307624597135E-001
73.9676171 1.06800171552209E-001 1.07903895673852E-001
74.0676077 1.06404044305552E-001 1.07502204510316E-001
74.1675984 1.06009906488753E-001 1.07102538139199E-001
74.2675890 1.05617745505140E-001 1.06704883692710E-001
74.3675874 1.05227519158785E-001 1.06309198291086E-001
74.4675781 1.04839274583976E-001 1.05915529635255E-001
74.5675688 1.04452969625246E-001 1.05523834888065E-001
74.6675596 1.04068592065654E-001 1.05134101571036E-001
74.7675504 1.03686129781080E-001 1.04746317300849E-001
74.8675488 1.03305541776915E-001 1.04360440423792E-001
74.9675396 1.02926874181038E-001 1.03976517620095E-001
75.0675305 1.02550086035649E-001 1.03594507274858E-001
75.1675213 1.02175165579757E-001 1.03214397376993E-001
75.2675122 1.01802101141150E-001 1.02836176006409E-001
75.3675108 1.01430852883412E-001 1.02459802691244E-001
75.4675017 1.01061465953346E-001 1.02085323116751E-001
75.5674926 1.00693900547930E-001 1.01712696846332E-001
75.6674836 1.00328145342306E-001 1.01341912315902E-001
75.7674746 9.99641890965542E-002 1.00972958048418E-001
75.8674732 9.96019930911839E-002 1.00605794711583E-001
75.9674642 9.92416015165650E-002 1.00240467020691E-001
76.0674553 9.88829756834081E-002 9.98769356753920E-002
76.1674463 9.85261046841559E-002 9.95151895392309E-002
76.2674374 9.81709776925311E-002 9.91552175590354E-002
76.3674361 9.78175570664684E-002 9.87969815015995E-002
76.4674273 9.74658860638737E-002 9.84405251365999E-002
76.5674184 9.71159270699005E-002 9.80858102596837E-002
76.6674096 9.67676695763810E-002 9.77328261436061E-002
76.7674007 9.64211031529531E-002 9.73815621408339E-002
76.8673996 9.60761911971514E-002 9.70319810785088E-002
76.9673908 9.57329760577341E-002 9.66841258043650E-002
77.0673820 9.53914211566702E-002 9.63379591715051E-002
77.1673732 9.50515163681490E-002 9.59934708443831E-002
77.2673645 9.47132516408594E-002 9.56506505637654E-002
77.3673634 9.43765913757080E-002 9.53094621800388E-002
77.4673547 9.40415770349828E-002 9.49699476420223E-002
77.5673461 9.37081730414241E-002 9.46320708233619E-002
77.6673374 9.33763696353730E-002 9.42958217635509E-002
77.7673288 9.30461571285248E-002 9.39611905751620E-002
77.8673278 9.27175008904463E-002 9.36281420962832E-002
77.9673192 9.23904415190127E-002 9.32967173992163E-002
78.0673106 9.20649444031961E-002 9.29668813427858E-002
78.1673020 9.17410001340676E-002 9.26386243256731E-002
78.2672935 9.14185993710573E-002 9.23119368165613E-002
78.3672925 9.10977084191248E-002 9.19867846071805E-002
78.4672840 9.07783670331847E-002 9.16632079150992E-002
78.5672755 9.04605415353346E-002 9.13411725504282E-002
78.6672671 9.01442228526927E-002 9.10206692559489E-002
78.7672586 8.98294019778860E-002 9.07016888415148E-002
78.8672578 8.95160461193720E-002 9.03841980198499E-002
78.9672493 8.92041942099691E-002 9.00682361749768E-002
79.0672409 8.88938134731568E-002 8.97537700358014E-002
79.1672325 8.85848951581195E-002 8.94407906748393E-002
79.2672242 8.82774305768348E-002 8.91292892288888E-002
79.3672234 8.79713878106709E-002 8.88192333003636E-002
79.4672151 8.76668049906429E-002 8.85106614603467E-002
79.5672068 8.73636502111662E-002 8.82035413253816E-002
79.6671985 8.70619150301729E-002 8.78978642840363E-002
79.7671902 8.67615910658016E-002 8.75936217865039E-002
79.8671895 8.64626472429888E-002 8.72907822948627E-002
79.9671813 8.61651209106829E-002 8.69893835872983E-002
80.0671730 8.58689810050254E-002 8.66893941381038E-002
80.1671648 8.55742193800059E-002 8.63908056388647E-002
80.2671566 8.52808279473542E-002 8.60936098402594E-002
80.3671560 8.49887764474203E-002 8.57977760352250E-002
80.4671478 8.46981014662801E-002 8.55033412285408E-002
80.5671397 8.44087727537705E-002 8.52102747235724E-002
80.6671315 8.41207824478420E-002 8.49185685025008E-002
80.7671234 8.38341227418350E-002 8.46282146041861E-002
80.8671229 8.35487641644876E-002 8.43391831247789E-002
80.9671148 8.32647425576727E-002 8.40515103146101E-002
81.0671067 8.29820284580131E-002 8.37651662785930E-002
81.1670987 8.27006142758878E-002 8.34801432776626E-002
81.2670906 8.24204924748244E-002 8.31964336271315E-002
81.3670902 8.21416343460013E-002 8.29140081998249E-002
81.4670822 8.18640750052464E-002 8.26329025100641E-002
81.5670742 8.15877857501294E-002 8.23530874378842E-002
81.6670662 8.13127592524594E-002 8.20745555116825E-002
81.7670583 8.10389882350559E-002 8.17972993120395E-002
81.8670579 8.07664447266176E-002 8.15212904629712E-002
81.9670500 8.04951631345880E-002 8.12465637607229E-002
82.0670421 8.02251154926664E-002 8.09730908350737E-002
82.1670342 7.99562947235992E-002 8.07008644711132E-002
82.2670263 7.96886937991034E-002 8.04298775040205E-002
82.3670260 7.94222854614581E-002 8.01601022845254E-002
82.4670182 7.91571034269010E-002 7.98915729082398E-002
82.5670103 7.88931204414163E-002 7.96242617303089E-002
82.6670025 7.86303296686757E-002 7.93581617822389E-002
82.7669947 7.83687243193742E-002 7.90932661436275E-002
82.8669945 7.81082778263669E-002 7.88295478684007E-002
82.9669867 7.78490232313947E-002 7.85670403685041E-002
83.0669790 7.75909339698120E-002 7.83057167010237E-002
83.1669712 7.73340034366586E-002 7.80455701340759E-002
83.2669635 7.70782250721394E-002 7.77865939819615E-002
83.3669634 7.68235729775734E-002 7.75287619792012E-002
83.4669556 7.65700795364580E-002 7.72721068705770E-002
83.5669479 7.63177188514901E-002 7.70166023926022E-002
83.6669403 7.60664845399533E-002 7.67622420406416E-002
83.7669326 7.58163702625209E-002 7.65090193544234E-002
83.8669326 7.55673507677172E-002 7.62569087273360E-002
83.9669249 7.53194577966062E-002 7.60059422530521E-002
84.0669173 7.50726660980469E-002 7.57560943258662E-002
84.1669097 7.48269695028525E-002 7.55073586594527E-002
84.2669021 7.45823618835297E-002 7.52597290101095E-002
84.3669022 7.43388186153629E-002 7.50131804092012E-002
84.4668946 7.40963708123633E-002 7.47677443149071E-002
84.5668870 7.38549938491810E-002 7.45233957584886E-002
84.6668795 7.36146817618334E-002 7.42801286633905E-002
84.7668720 7.33754286264122E-002 7.40379369940202E-002
84.8668721 7.31372104252940E-002 7.37967963996245E-002
84.9668646 7.29000576604004E-002 7.35567377180812E-002
85.0668571 7.26639463125740E-002 7.33177365975964E-002
85.1668496 7.24288706150823E-002 7.30797871632279E-002
85.2668422 7.21948248397187E-002 7.28428835794085E-002
85.3668424 7.19617855570283E-002 7.26070020939355E-002
85.4668349 7.17297826714001E-002 7.23721729391654E-002
85.5668275 7.14987927510102E-002 7.21383723609842E-002
85.6668201 7.12688102187732E-002 7.19055946782668E-002
85.7668127 7.10398295346493E-002 7.16738342477459E-002
85.8668130 7.08118278391389E-002 7.14430678971662E-002
85.9668056 7.05848344532610E-002 7.12133252677418E-002
86.0667983 7.03588265143736E-002 7.09845831844989E-002
86.1667909 7.01337986277688E-002 7.07568361526774E-002
86.2667836 6.99097454343701E-002 7.05300787139245E-002
86.3667839 6.96866446270987E-002 7.03042882580255E-002
86.4667766 6.94645249573851E-002 7.00794938490428E-002
86.5667694 6.92433641142915E-002 6.98556728732953E-002
86.6667621 6.90231568785372E-002 6.96328200152625E-002
86.7667548 6.88038980651188E-002 6.94109299944443E-002
86.8667552 6.85855659024952E-002 6.91899807454258E-002
86.9667480 6.83681885859165E-002 6.89700007687310E-002
87.0667408 6.81517443393194E-002 6.87509679947864E-002
87.1667336 6.79362281122009E-002 6.85328772804966E-002
87.2667264 6.77216348870411E-002 6.83157235164594E-002
87.3667268 6.75079434115736E-002 6.80994851654571E-002
87.4667197 6.72951813379174E-002 6.78841901777210E-002
87.5667125 6.70833274086712E-002 6.76698170112345E-002
87.6667054 6.68723767357485E-002 6.74563606888079E-002
87.7666983 6.66623244628067E-002 6.72438162656750E-002
87.8666988 6.64531498411876E-002 6.70321627168220E-002
87.9666917 6.62448799925768E-002 6.68214274550780E-002
88.0666846 6.60374941626154E-002 6.66115894500383E-002
88.1666775 6.58309876195453E-002 6.64026438841810E-002
88.2666705 6.56253556621659E-002 6.61945859711926E-002
88.3666710 6.54205780303305E-002 6.59873951828531E-002
88.4666640 6.52166813276487E-002 6.57810984071342E-002
88.5666570 6.50136452877516E-002 6.55756751098792E-002
88.6666500 6.48114653293810E-002 6.53711206272635E-002
88.7666429 6.46101369007018E-002 6.51674303255075E-002
88.8666436 6.44096402155264E-002 6.49645841583343E-002
88.9666366 6.42100013714168E-002 6.47626085010667E-002
89.0666296 6.40112005754832E-002 6.45614833009886E-002
89.1666227 6.38132333913881E-002 6.43612040422564E-002
89.2666157 6.36160954111292E-002 6.41617662379581E-002
89.3666164 6.34197673084497E-002 6.39631503094441E-002
89.4666095 6.32242746865704E-002 6.37653821312717E-002
89.5666026 6.30295982120910E-002 6.35684421178894E-002
89.6665957 6.28357335882502E-002 6.33723258959615E-002
89.7665889 6.26426765455805E-002 6.31770291200168E-002
89.8665896 6.24504082042276E-002 6.29825326652308E-002
89.9665828 6.22589536844666E-002 6.27888619169609E-002
90.0665759 6.20682940988950E-002 6.25959977430559E-002
90.1665691 6.18784252852083E-002 6.24039359074447E-002
90.2665622 6.16893431073982E-002 6.22126722008998E-002
90.3665631 6.15010291189645E-002 6.20221879391097E-002
90.4665563 6.13135079683302E-002 6.18325080294913E-002
90.5665495 6.11267612010756E-002 6.16436137800171E-002
90.6665427 6.09407847844486E-002 6.14555010868586E-002
90.7665359 6.07555747110362E-002 6.12681658720517E-002
90.8665368 6.05711129551040E-002 6.10815898789572E-002
90.9665301 6.03874237040222E-002 6.08957975480126E-002
91.0665233 6.02044889237982E-002 6.07107706145062E-002
91.1665166 6.00223047065306E-002 6.05265051020393E-002
91.2665099 5.98408671687409E-002 6.03429970591389E-002
91.3665108 5.96601586933128E-002 6.01602286444490E-002
91.4665041 5.94802030170786E-002 5.99782238420984E-002
91.5664975 5.93009825143552E-002 5.97969648023332E-002
91.6664908 5.91224933975856E-002 5.96164476715713E-002
91.7664842 5.89447319027572E-002 5.94366686202567E-002
91.8664851 5.87676808096477E-002 5.92576102103599E-002
91.9664785 5.85913634147887E-002 5.90792959800908E-002
92.0664719 5.84157624891108E-002 5.89017084827263E-002
92.1664653 5.82408743610806E-002 5.87248439830780E-002
92.2664587 5.80666953818664E-002 5.85486987691213E-002
92.3664597 5.78932087168215E-002 5.83732557946124E-002
92.4664531 5.77204372321460E-002 5.81985381619584E-002
92.5664466 5.75483640840917E-002 5.80245288159534E-002
92.6664400 5.73769857130050E-002 5.78512241355616E-002
92.7664335 5.72062985811257E-002 5.76786205220844E-002
92.8664346 5.70362862284537E-002 5.75067013099209E-002
92.9664281 5.68669711005653E-002 5.73354891755267E-002
93.0664215 5.66983367281294E-002 5.71649674440956E-002
93.1664150 5.65303796593971E-002 5.69951326046774E-002
93.2664086 5.63630964637375E-002 5.68259811678650E-002
93.3664097 5.61964710452418E-002 5.66574968379403E-002
93.4664032 5.60305254383169E-002 5.64897018750009E-002
93.5663968 5.58652435375168E-002 5.63225799739041E-002
93.6663903 5.57006219951832E-002 5.61561277298828E-002
93.7663839 5.55366574840320E-002 5.59903417589514E-002
93.8663851 5.53733342620493E-002 5.58252061248814E-002
93.9663787 5.52106739616810E-002 5.56607426807557E-002
94.0663723 5.50486608311910E-002 5.54969354807243E-002
94.1663659 5.48872916233520E-002 5.53337812224585E-002
94.2663595 5.47265631105962E-002 5.51712766236808E-002
94.3663607 5.45664598949531E-002 5.50094060976114E-002
94.4663544 5.44070032158764E-002 5.48481910994185E-002
94.5663480 5.42481776655086E-002 5.46876160325252E-002
94.6663417 5.40899800935400E-002 5.45276776934477E-002
94.7663353 5.39324073686345E-002 5.43683728980517E-002
94.8663366 5.37754444273443E-002 5.42096863993038E-002
94.9663303 5.36191121248675E-002 5.40516392633219E-002
95.0663240 5.34633953877239E-002 5.38942162331198E-002
95.1663177 5.33082911591479E-002 5.37374142006079E-002
95.2663114 5.31537964006896E-002 5.35812300763739E-002
95.3663128 5.29998963742209E-002 5.34256489437534E-002
95.4663065 5.28466115591959E-002 5.32706914884489E-002
95.5663002 5.26939272073264E-002 5.31163427837061E-002
95.6662940 5.25418403521522E-002 5.29625998135176E-002
95.7662878 5.23903480448964E-002 5.28094595799065E-002
95.8662892 5.22394358638535E-002 5.26569074875129E-002
95.9662829 5.20891239210257E-002 5.25049638500366E-002
96.0662767 5.19393977844366E-002 5.23536140619074E-002
96.1662705 5.17902545748199E-002 5.22028551960189E-002
96.2662643 5.16416914299856E-002 5.20526843426738E-002
96.3662658 5.14936942360477E-002 5.19030872190525E-002
96.4662596 5.13462827456356E-002 5.17540837750476E-002
96.5662535 5.11994428344969E-002 5.16056597175252E-002
96.6662473 5.10531717075707E-002 5.14578122052237E-002
96.7662412 5.09074665862885E-002 5.13105384136941E-002
96.8662427 5.07623136562630E-002 5.11638243641810E-002
96.9662365 5.06177323186236E-002 5.10176896507563E-002
97.0662304 5.04737087485354E-002 5.08721202842613E-002
97.1662243 5.03302402322707E-002 5.07271135063431E-002
97.2662182 5.01873240720338E-002 5.05826665748885E-002
97.3662198 5.00449467448867E-002 5.04387658070078E-002
97.4662137 4.99031273081304E-002 5.02954304487344E-002
97.5662076 4.97618522283118E-002 5.01526468067005E-002
97.6662016 4.96211188702766E-002 5.00104122026406E-002
97.7661955 4.94809246142631E-002 4.98687239739779E-002
97.8661971 4.93412562209945E-002 4.97275687257573E-002
97.9661911 4.92021324114202E-002 4.95869653635571E-002
98.0661851 4.90635399356937E-002 4.94469004818823E-002
98.1661791 4.89254762345805E-002 4.93073714798431E-002
98.2661730 4.87879387637206E-002 4.91683757717081E-002
98.3661747 4.86509145599618E-002 4.90299002427828E-002
98.4661687 4.85144220151888E-002 4.88919634655809E-002
98.5661627 4.83784481556369E-002 4.87545523148185E-002
98.6661568 4.82429904954404E-002 4.86176642643738E-002
98.7661508 4.81080465631098E-002 4.84812968027748E-002
98.8661525 4.79736036643226E-002 4.83454370881591E-002
98.9661465 4.78396798690018E-002 4.82101033671807E-002
99.0661406 4.77062624721805E-002 4.80752827873500E-002
99.1661347 4.75733490589087E-002 4.79409728948069E-002
99.2661288 4.74409372281332E-002 4.78071712498509E-002
99.3661305 4.73090145472992E-002 4.76738652762625E-002
99.4661246 4.71775987712918E-002 4.75410729018576E-002
99.5661187 4.70466774568901E-002 4.74087815397621E-002
99.6661128 4.69162482577002E-002 4.72769888059664E-002
99.7661070 4.67863088407640E-002 4.71456923301497E-002
99.8661087 4.66568470284563E-002 4.70148797947740E-002
99.9661029 4.65278802673741E-002 4.68845688156626E-002
100.0660970 4.63993963692142E-002 4.67547470646061E-002
100.1660912 4.62713930538689E-002 4.66254122251262E-002
100.2660854 4.61438680542225E-002 4.64965619939803E-002
100.3660872 4.60168094409571E-002 4.63681843055716E-002
100.4660814 4.58902343589628E-002 4.62402964704045E-002
100.5660756 4.57641308682408E-002 4.61128864122027E-002
100.6660698 4.56384967527852E-002 4.59859518797882E-002
100.7660640 4.55133298091553E-002 4.58594906347824E-002
100.8660658 4.53886183499262E-002 4.57334908570012E-002
100.9660601 4.52643792246975E-002 4.56079695581369E-002
101.0660543 4.51406007353689E-002 4.54829149073266E-002
101.1660486 4.50172807279341E-002 4.53583247165455E-002
101.2660428 4.48944170605414E-002 4.52341968101482E-002
101.3660447 4.47719982814448E-002 4.51105196070393E-002
101.4660390 4.46500409512101E-002 4.49873098264434E-002
101.5660333 4.45285336074293E-002 4.48645558765956E-002
101.6660275 4.44074741560722E-002 4.47422556305570E-002
101.7660218 4.42868605148682E-002 4.46204069733650E-002
101.8660238 4.41666814617285E-002 4.44989985568857E-002
101.9660181 4.40469532742874E-002 4.43780468140630E-002
102.0660124 4.39276647198144E-002 4.42575403861099E-002
102.1660067 4.38088137623080E-002 4.41374772051846E-002
102.2660011 4.36903983771449E-002 4.40178552150328E-002
102.3660031 4.35724075660585E-002 4.38986632945446E-002
102.4659974 4.34548573297021E-002 4.37799175964169E-002
102.5659918 4.33377366591943E-002 4.36616069889101E-002
102.6659861 4.32210435746863E-002 4.35437294613644E-002
102.7659805 4.31047761073402E-002 4.34262830143322E-002
102.8659825 4.29889234770555E-002 4.33092567479735E-002
102.9659769 4.28735014133089E-002 4.31926665406228E-002
103.0659713 4.27584991254179E-002 4.30765014818400E-002
103.1659657 4.26439146878796E-002 4.29607596163023E-002
103.2659601 4.25297461858490E-002 4.28454389995385E-002
103.3659622 4.24159830519075E-002 4.27305289473998E-002
103.4659566 4.23026407500170E-002 4.26160450695985E-002
103.5659511 4.21897087022164E-002 4.25019766714215E-002
103.6659455 4.20771850356082E-002 4.23883218511064E-002
103.7659400 4.19650678876130E-002 4.22750787173952E-002
103.8659421 4.18533468981774E-002 4.21622367964218E-002
103.9659365 4.17420372712713E-002 4.20498114348752E-002
104.0659310 4.16311286363433E-002 4.19377921483670E-002
104.1659255 4.15206191714249E-002 4.18261770869833E-002
104.2659200 4.14105070645377E-002 4.17149644109803E-002
104.3659221 4.13007821578376E-002 4.16041438515306E-002
104.4659166 4.11914594006903E-002 4.14937304977619E-002
104.5659112 4.10825286248030E-002 4.13837140703709E-002
104.6659057 4.09739880575205E-002 4.12740927696435E-002
104.7659002 4.08658359358616E-002 4.11648648057131E-002
104.8659024 4.07580622991900E-002 4.10560201097044E-002
104.9658969 4.06506818475247E-002 4.09475735185131E-002
105.0658915 4.05436846098345E-002 4.08395149528393E-002
105.1658860 4.04370688612204E-002 4.07318426615796E-002
105.2658806 4.03308328861527E-002 4.06245549031668E-002
105.3658828 4.02249669163510E-002 4.05176418037441E-002
105.4658774 4.01194854076173E-002 4.04111179531746E-002
105.5658720 4.00143785813341E-002 4.03049734672324E-002
105.6658666 3.99096447588579E-002 4.01992066418929E-002
105.7658612 3.98052822706205E-002 4.00938157823680E-002
105.8658634 3.97012815359897E-002 3.99887912050324E-002
105.9658580 3.95976567715562E-002 3.98841472577903E-002
106.0658527 3.94943983864128E-002 3.97798742467075E-002
106.1658473 3.93915047467238E-002 3.96759705133612E-002
106.2658419 3.92889742274460E-002 3.95724344082763E-002
106.3658442 3.91867974310275E-002 3.94692564334147E-002
106.4658389 3.90849883397324E-002 3.93664506996730E-002
106.5658335 3.89835375457992E-002 3.92640076987672E-002
106.6658282 3.88824434588048E-002 3.91619258164530E-002
106.7658229 3.87817044968454E-002 3.90602034471547E-002
106.8658252 3.86813114410154E-002 3.89588312739137E-002
106.9658199 3.85812780440203E-002 3.88578231754509E-002
107.0658146 3.84815950768137E-002 3.87571698246291E-002
107.1658093 3.83822609910392E-002 3.86568696500086E-002
107.2658040 3.82832742465962E-002 3.85569210885504E-002
107.3658063 3.81846257989216E-002 3.84573150000000E-002
107.4658011 3.80863291758157E-002 3.83580650356191E-002
107.5657958 3.79883753226464E-002 3.82591620450448E-002
107.6657905 3.78907627318256E-002 3.81606044983182E-002
107.7657853 3.77934899037670E-002 3.80623908736216E-002
107.8657877 3.76965479640715E-002 3.79645122031576E-002
107.9657824 3.75999502201769E-002 3.78669819153321E-002
108.0657772 3.75036877876892E-002 3.77697910323120E-002
108.1657720 3.74077591985363E-002 3.76729380643414E-002
108.2657667 3.73121629924030E-002 3.75764215295560E-002
108.3657692 3.72168904609960E-002 3.74802326284910E-002
108.4657639 3.71219546958256E-002 3.73843845711906E-002
108.5657587 3.70273469786808E-002 3.72888685482301E-002
108.6657536 3.69330658797972E-002 3.71936831088242E-002
108.7657484 3.68391099769300E-002 3.70988268098376E-002
108.8657508 3.67454707239520E-002 3.70042910161338E-002
108.9657456 3.66521610007750E-002 3.69100887237825E-002
109.0657405 3.65591722514331E-002 3.68162112877649E-002
