0.0053140 1.77139805174788E+001 4.28647074516561E+003
0.0210792 6.74273867173929E+001 4.17603389702426E+003
0.0467942 1.40097829607850E+002 4.00407870703885E+003
0.0817065 2.24073048168538E+002 3.78573435592877E+003
0.1249105 3.08283833733620E+002 3.53743834110823E+003
0.1754417 3.84360245529358E+002 3.27441472849242E+003
0.2323515 4.47321666079926E+002 3.00915795700467E+003
0.2947571 4.95209623838910E+002 2.75090783996292E+003
0.3618673 5.28241302107358E+002 2.50582329319238E+003
0.4329916 5.47927041204571E+002 2.27751016299524E+003
0.5075377 5.56369272239391E+002 2.06765089785489E+003
0.5850032 5.55794373668948E+002 1.87658491346994E+003
0.6649650 5.48284098929601E+002 1.70378074309598E+003
0.7470680 5.35648889726736E+002 1.54818789087365E+003
0.8310139 5.19389845834472E+002 1.40848598095096E+003
0.9165527 5.00709585750173E+002 1.28324936358462E+003
1.0034738 4.80546285212226E+002 1.17105217140870E+003
1.0915995 4.59615580117695E+002 1.07053084641918E+003
1.1807797 4.38451969617322E+002 9.80417529075736E+002
1.2708868 4.17446229852826E+002 8.99556079979192E+002
1.3618115 3.96876975505361E+002 8.26905379682128E+002
1.4534610 3.76936494292186E+002 7.61535846329971E+002
1.5457546 3.57751766089525E+002 7.02623297071028E+002
1.6386236 3.39400444607246E+002 6.49438910975084E+002
1.7320075 3.21923920377334E+002 6.01340846054879E+002
1.8258543 3.05336785375269E+002 5.57763901175043E+002
1.9201186 2.89634440220561E+002 5.18211040639897E+002
2.0147601 2.74798860027382E+002 4.82245443059256E+002
2.1097440 2.60802604090074E+002 4.49482478700945E+002
2.2050388 2.47612291623918E+002 4.19583824116465E+002
2.3006174 2.35190733567131E+002 3.92251091993689E+002
2.3964555 2.23498784890571E+002 3.67221002409356E+002
2.4925310 2.12496688442868E+002 3.44261088080116E+002
2.5888248 2.02144792795452E+002 3.23165416899412E+002
2.6853193 1.92404400619902E+002 3.03751666265776E+002
2.7819988 1.83238027065214E+002 2.85857836735998E+002
2.8788497 1.74609763620602E+002 2.69339882108671E+002
2.9758588 1.66485505188919E+002 2.54069608763204E+002
3.0730149 1.58832898253377E+002 2.39932494709953E+002
3.1703074 1.51621525588794E+002 2.26826319913972E+002
3.2677268 1.44822762338558E+002 2.14659477599450E+002
3.3652646 1.38409806733933E+002 2.03349852421386E+002
3.4629133 1.32357569635616E+002 1.92823639297935E+002
3.5606650 1.26642711447405E+002 1.83014582077466E+002
3.6585133 1.21243384482509E+002 1.73862835027138E+002
3.7564523 1.16139261380041E+002 1.65314433405869E+002
3.8544764 1.11311415667336E+002 1.57320598255805E+002
3.9525810 1.06742211711303E+002 1.49837137016089E+002
4.0507604 1.02415304070877E+002 1.42824086987563E+002
4.1490108 9.83154235820091E+001 1.36245063859545E+002
4.2473280 9.44283861999927E+001 1.30067020503898E+002
4.3457083 9.07409953807961E+001 1.24259868890222E+002
4.4441489 8.72409549832499E+001 1.18796152823416E+002
4.5426454 8.39168687196203E+001 1.13650882826807E+002
4.6411954 8.07580780649271E+001 1.08801142376295E+002
4.7397961 7.77546720531705E+001 1.04225982337879E+002
4.8384450 7.48974164392907E+001 9.99062060100248E+001
4.9371399 7.21776912136238E+001 9.58241824687241E+001
5.0358779 6.95874956491085E+001 9.19637735057732E+001
5.1346571 6.71193278235706E+001 8.83100830221188E+001
5.2334756 6.47661976011101E+001 8.48494159911914E+001
5.3323316 6.25215768415944E+001 8.15691508969963E+001
5.4312238 6.03793557099726E+001 7.84576287191793E+001
5.5301496 5.83338519200107E+001 7.55041246522403E+001
5.6291079 5.63797207555918E+001 7.26986810046432E+001
5.7280973 5.45119698675180E+001 7.00320968395859E+001
5.8271164 5.27259243428593E+001 6.74958491646402E+001
5.9261644 5.10171961412341E+001 6.50820242507222E+001
6.0252392 4.93816954560602E+001 6.27833111089934E+001
6.1243401 4.78155625956182E+001 6.05928854072351E+001
6.2234659 4.63151831286760E+001 5.85044133630778E+001
6.3226158 4.48771631184263E+001 5.65120011957581E+001
6.4217891 4.34983074919597E+001 5.46101510464780E+001
6.5209840 4.21756320097533E+001 5.27937647766316E+001
6.6202001 4.09063108461036E+001 5.10580604097720E+001
6.7194366 3.96876911319264E+001 4.93985822028225E+001
6.8186927 3.85172751125722E+001 4.78111670841229E+001
6.9179682 3.73927045844208E+001 4.62919153832829E+001
7.0172613 3.63117725742480E+001 4.48371991965620E+001
7.1165720 3.52723823278806E+001 4.34436003796842E+001
7.2158999 3.42725560783179E+001 4.21079165823096E+001
7.3152432 3.33104453376355E+001 4.08271694230851E+001
7.4146030 3.23842727282149E+001 3.95985220747665E+001
7.5139770 3.14923938407051E+001 3.84193571606052E+001
7.6133666 3.06332203928449E+001 3.72871708033981E+001
7.7127702 2.98052749158153E+001 3.61996414029979E+001
7.8121865 2.90071586144329E+001 3.51545837294564E+001
7.9116168 2.82375249578417E+001 3.41499114908645E+001
8.0110589 2.74951277054365E+001 3.31836974210700E+001
8.1105143 2.67787578672609E+001 3.22540884929308E+001
8.2099815 2.60872899428552E+001 3.13593639068482E+001
8.3094593 2.54196559032685E+001 3.04978990704615E+001
8.4089492 2.47748236987687E+001 2.96681360847592E+001
8.5084489 2.41518380562602E+001 2.88686346057034E+001
8.6079599 2.35497682219905E+001 2.80980030106529E+001
8.7074812 2.29677472550747E+001 2.73549474317462E+001
8.8070112 2.24049507059441E+001 2.66382429953663E+001
8.9065517 2.18605789088479E+001 2.59467101341996E+001
9.0061006 2.13338918066160E+001 2.52792577764315E+001
9.1056593 2.08241652235614E+001 2.46348267628883E+001
9.2052267 2.03307244253393E+001 2.40124314708967E+001
9.3048016 1.98529264529958E+001 2.34111365016387E+001
9.4043856 1.93901453725942E+001 2.28300373760627E+001
9.5039766 1.89418021455270E+001 2.22682973553155E+001
9.6035763 1.85073277281096E+001 2.17251004186417E+001
9.7031836 1.80861918769517E+001 2.11996867547924E+001
9.8027972 1.76778883667321E+001 2.06913336162625E+001
9.9024188 1.72819225821319E+001 2.01993393794436E+001
10.0020464 1.68978372606142E+001 1.97230550733505E+001
10.1016817 1.65251811131142E+001 1.92618449252450E+001
10.2013235 1.61635336684010E+001 1.88151167649324E+001
10.3009707 1.58124927936431E+001 1.83823061199774E+001
10.4006251 1.54716641648959E+001 1.79628629025318E+001
10.5002846 1.51406835556830E+001 1.75562785298534E+001
10.5999509 1.48191899658580E+001 1.71620525352634E+001
10.6996230 1.45068471501688E+001 1.67797187379156E+001
10.7992996 1.42033329982746E+001 1.64088318964098E+001
10.8989827 1.39083305289359E+001 1.60489564777314E+001
10.9986702 1.36215472745066E+001 1.56996900925315E+001
11.0983637 1.33426921231996E+001 1.53606350214307E+001
11.1980623 1.30714940585796E+001 1.50314208454798E+001
11.2977649 1.28076930563146E+001 1.47116931460057E+001
11.3974732 1.25510323269155E+001 1.44011039461762E+001
11.4971853 1.23012752473040E+001 1.40993320528793E+001
11.5969029 1.20581852863849E+001 1.38060586060656E+001
11.6966250 1.18215423873161E+001 1.35209867378141E+001
11.7963505 1.15911351128909E+001 1.32438319279858E+001
11.8960812 1.13667539208538E+001 1.29743138054316E+001
11.9958151 1.11482060141011E+001 1.27121738819619E+001
12.0955540 1.09352978452310E+001 1.24571544238817E+001
12.1952970 1.07278494972436E+001 1.22090156049764E+001
12.2950428 1.05256878655106E+001 1.19675272160963E+001
12.3947934 1.03286407942371E+001 1.17324615832648E+001
12.4945468 1.01365501526237E+001 1.15036090932287E+001
12.5943047 9.94925651116901E+000 1.12807598306587E+001
12.6940662 9.76661181504819E+000 1.10637186077313E+001
12.7938302 9.58847343326704E+000 1.08522977912349E+001
12.8935986 9.41469901879477E+000 1.06463111468242E+001
12.9933693 9.24515806601832E+000 1.04455874861056E+001
13.0931443 9.07971842730678E+000 1.02499546231725E+001
13.1929224 8.91825752363695E+000 1.00592525968097E+001
13.2927027 8.76065712433507E+000 9.87332742783229E+000
13.3924871 8.60679881959680E+000 9.69202573781395E+000
13.4922734 8.45657427230652E+000 9.51520679133560E+000
13.5920637 8.30987330299809E+000 9.34272841066993E+000
13.6918568 8.16659384193143E+000 9.17445865273458E+000
13.7916517 8.02663732833647E+000 9.01027034673177E+000
13.8914504 7.88990470445932E+000 8.85003636546471E+000
13.9912508 7.75630554033922E+000 8.69364029063617E+000
14.0910548 7.62574746264870E+000 8.54096399098490E+000
14.1908615 7.49814501948932E+000 8.39189797237670E+000
14.2906697 7.37341560808609E+000 8.24633657457615E+000
14.3904813 7.25147591558530E+000 8.10417379625639E+000
14.4902944 7.13225006712975E+000 7.96531277395961E+000
14.5901109 7.01566021196580E+000 7.82965478141684E+000
14.6899298 6.90163444523307E+000 7.69710843554136E+000
14.7897500 6.79010318893388E+000 7.56758545355643E+000
14.8895734 6.68099601749891E+000 7.44099695075642E+000
14.9893980 6.57424895625258E+000 7.31726189325094E+000
15.0892259 6.46979606874731E+000 7.19629731791351E+000
15.1890558 6.36757655760107E+000 7.07802654790247E+000
15.2888878 6.26753059232526E+000 6.96237433829512E+000
15.3887200 6.16960211160857E+000 6.84927010001278E+000
15.4885562 6.07373132062444E+000 6.73863922080474E+000
15.5883943 5.97986582793579E+000 6.63041591310154E+000
15.6882343 5.88795306916290E+000 6.52453444782599E+000
15.7880763 5.79794213182364E+000 6.42093124979953E+000
15.8879183 5.70978535906989E+000 6.31954672855881E+000
15.9877640 5.62343160134967E+000 6.22031750702425E+000
16.0876115 5.53883624845782E+000 6.12318794728070E+000
16.1874608 5.45595441615985E+000 6.02810230250645E+000
16.2873119 5.37474259417117E+000 5.93500660279191E+000
16.3871628 5.29516009989685E+000 5.84385030969704E+000
16.4870172 5.21716299088603E+000 5.75457933538100E+000
16.5868734 5.14071312623611E+000 5.66714641279455E+000
16.6867312 5.06577202146539E+000 5.58150404709457E+000
16.7865905 4.99230234032091E+000 5.49760621707545E+000
16.8864496 4.92026921538718E+000 5.41540987375288E+000
16.9863121 4.84963474148722E+000 5.33486865064851E+000
17.0861762 4.78036618155017E+000 5.25594222033644E+000
17.1860417 4.71243040890850E+000 5.17858994483193E+000
17.2859087 4.64579526084333E+000 5.10277241437720E+000
17.3857753 4.58043074076609E+000 5.02845280770145E+000
17.4856452 4.51630402412725E+000 4.95559120892207E+000
17.5855166 4.45338690784918E+000 4.88415307195354E+000
17.6853893 4.39165077077161E+000 4.81410348430109E+000
17.7852633 4.33106780447622E+000 4.74540856200308E+000
17.8851368 4.27161210988526E+000 4.67803668694786E+000
17.9850136 4.21325515677423E+000 4.61195335809431E+000
18.0848916 4.15597256239644E+000 4.54712886816264E+000
18.1847709 4.09973951045523E+000 4.48353310765341E+000
18.2846515 4.04453187273013E+000 4.42113683224716E+000
18.3845314 3.99032721133480E+000 4.35991279060516E+000
18.4844144 3.93710064093877E+000 4.29983104781429E+000
18.5842986 3.88483101082192E+000 4.24086596442588E+000
18.6841841 3.83349673086203E+000 4.18299147784899E+000
18.7840706 3.78307679575813E+000 4.12618225637519E+000
18.8839565 3.73355170280917E+000 4.07041472920741E+000
18.9838453 3.68489967270726E+000 4.01566282858030E+000
19.0837353 3.63710229959879E+000 3.96190434910796E+000
19.1836263 3.59014073941940E+000 3.90911665235345E+000
19.2835185 3.54399664703009E+000 3.85727771982431E+000
19.3834098 3.49865301818548E+000 3.80636709552321E+000
19.4833041 3.45409073048696E+000 3.75636200038739E+000
19.5831994 3.41029371780047E+000 3.70724313965651E+000
19.6830957 3.36724548207014E+000 3.65899078370424E+000
19.7829930 3.32492995241124E+000 3.61158573078949E+000
19.8828894 3.28333225890501E+000 3.56501017117017E+000
19.9827887 3.24243556017200E+000 3.51924413358619E+000
20.0826889 3.20222579146692E+000 3.47427079964760E+000
20.1825901 3.16268846603609E+000 3.43007292017188E+000
20.2824922 3.12380946411622E+000 3.38663369713668E+000
20.3823934 3.08557574529844E+000 3.34393757731520E+000
20.4822973 3.04797243334345E+000 3.30196699568983E+000
20.5822022 3.01098718124608E+000 3.26070724843000E+000
20.6821079 2.97460723241614E+000 3.22014320920720E+000
20.7820145 2.93882014658649E+000 3.18026013864288E+000
20.8819201 2.90361445671190E+000 3.14104441448561E+000
20.9818284 2.86897698521498E+000 3.10248054124363E+000
21.0817375 2.83489686412840E+000 3.06455562696088E+000
21.1816475 2.80136282999095E+000 3.02725636843890E+000
21.2815583 2.76836389284999E+000 2.99056979547941E+000
21.3814680 2.73588994298484E+000 2.95448394380940E+000
21.4813803 2.70392927584127E+000 2.91898510398664E+000
21.5812935 2.67247230088497E+000 2.88406194171941E+000
21.6812074 2.64150904721238E+000 2.84970272473793E+000
21.7811221 2.61102978112247E+000 2.81589600827173E+000
21.8810357 2.58102556736451E+000 2.78263125622095E+000
21.9809519 2.55148598266804E+000 2.74989630562282E+000
22.0808688 2.52240254306857E+000 2.71768116555355E+000
22.1807864 2.49376639991466E+000 2.68597546166669E+000
22.2807048 2.46556891086641E+000 2.65476906860070E+000
22.3806219 2.43780215985217E+000 2.62405268427757E+000
22.4805416 2.41045684139460E+000 2.59381548900554E+000
22.5804621 2.38352543280786E+000 2.56404865393289E+000
22.6803832 2.35700006260485E+000 2.53474298209276E+000
22.7803050 2.33087303924108E+000 2.50588949278913E+000
22.8802255 2.30513733351349E+000 2.47747995336496E+000
22.9801486 2.27978461787569E+000 2.44950471442615E+000
23.0800723 2.25480820697951E+000 2.42195595529017E+000
23.1799967 2.23020108250289E+000 2.39482550281637E+000
23.2799217 2.20595638348740E+000 2.36810537225482E+000
23.3798454 2.18206785451626E+000 2.34178826035493E+000
23.4797716 2.15852802594698E+000 2.31586554028543E+000
23.5796984 2.13533094371626E+000 2.29033026845459E+000
23.6796259 2.11247033636552E+000 2.26517516452076E+000
23.7795539 2.08994007040807E+000 2.24039311269647E+000
23.8794806 2.06773456727492E+000 2.21597761965489E+000
23.9794098 2.04584711190928E+000 2.19192095453888E+000
24.0793395 2.02427239051841E+000 2.16821693885640E+000
24.1792698 2.00300478710808E+000 2.14485907290630E+000
24.2792007 1.98203880695337E+000 2.12184100109944E+000
24.3791302 1.96136946499409E+000 2.09915693775708E+000
24.4790621 1.94099071156316E+000 2.07679993918821E+000
24.5789946 1.92089779480823E+000 2.05476449602720E+000
24.6789277 1.90108567538982E+000 2.03304479291518E+000
24.7788612 1.88154942081148E+000 2.01163514102217E+000
24.8787934 1.86228456767537E+000 1.99053037451178E+000
24.9787279 1.84328565448274E+000 1.96972424305340E+000
25.0786630 1.82454842372342E+000 1.94921182392175E+000
25.1785986 1.80606834457219E+000 1.92898790317824E+000
25.2785347 1.78784098055329E+000 1.90904737824618E+000
25.3784693 1.76986232782685E+000 1.88938562753381E+000
25.4784064 1.75212744602601E+000 1.86999701296531E+000
25.5783439 1.73463251349245E+000 1.85087712736273E+000
25.6782819 1.71737344884375E+000 1.83202128660347E+000
25.7782204 1.70034625419914E+000 1.81342490480804E+000
25.8781574 1.68354733145502E+000 1.79508383936407E+000
25.9780968 1.66697220302880E+000 1.77699299413007E+000
26.0780366 1.65061743237581E+000 1.75914841603666E+000
26.1779769 1.63447933621636E+000 1.74154588877863E+000
26.2779176 1.61855430533005E+000 1.72418128291672E+000
26.3778568 1.60283910058986E+000 1.70705087832421E+000
26.4777984 1.58732965628383E+000 1.69015005966094E+000
26.5777404 1.57202287685942E+000 1.67347527473242E+000
26.6776829 1.55691543240928E+000 1.65702272122937E+000
26.7776257 1.54200405884659E+000 1.64078867381654E+000
26.8775671 1.52728583529910E+000 1.62476978582751E+000
26.9775108 1.51275706338974E+000 1.60896186943978E+000
27.0774549 1.49841495009974E+000 1.59336172709381E+000
27.1773994 1.48425647982975E+000 1.57796592363596E+000
27.2773442 1.47027869559568E+000 1.56277109226488E+000
27.3772876 1.45647895923427E+000 1.54777421712572E+000
27.4772333 1.44285390065445E+000 1.53297149135545E+000
27.5771793 1.42940099577238E+000 1.51836003176737E+000
27.6771257 1.41611750910242E+000 1.50393672949985E+000
27.7770725 1.40300075745843E+000 1.48969853651106E+000
27.8770178 1.39004835428912E+000 1.47564273056851E+000
27.9769653 1.37725722347291E+000 1.46176584498869E+000
28.0769132 1.36462508044282E+000 1.44806527581892E+000
28.1768615 1.35214943982891E+000 1.43453820475645E+000
28.2768101 1.33982786301280E+000 1.42118186772236E+000
28.3767572 1.32765818779108E+000 1.40799380360387E+000
28.4767065 1.31563760178728E+000 1.39497085009482E+000
28.5766562 1.30376403413873E+000 1.38211065173997E+000
28.6766062 1.29203522321800E+000 1.36941064947787E+000
28.7765565 1.28044894926550E+000 1.35686833268230E+000
28.8765053 1.26900325047216E+000 1.34448147289071E+000
28.9764563 1.25769555152932E+000 1.33224718067141E+000
29.0764077 1.24652397258279E+000 1.32016332212214E+000
29.1763593 1.23548645251318E+000 1.30822756991511E+000
29.2763113 1.22458096776097E+000 1.29643764006663E+000
29.3762617 1.21380573582383E+000 1.28479151177452E+000
29.4762144 1.20315839486542E+000 1.27328654070104E+000
29.5761673 1.19263723604487E+000 1.26192079082715E+000
29.6761206 1.18224037824010E+000 1.25069214234615E+000
29.7760741 1.17196597408147E+000 1.23959851430858E+000
29.8760261 1.16181240177235E+000 1.22863807159182E+000
29.9759803 1.15177749203709E+000 1.21780839040234E+000
30.0759347 1.14185968939809E+000 1.20710771176877E+000
30.1758895 1.13205727458907E+000 1.19653410204977E+000
30.2758445 1.12236855872461E+000 1.18608566249891E+000
30.3757980 1.11279206427501E+000 1.17576072430030E+000
30.4757536 1.10332579595609E+000 1.16555706246561E+000
30.5757095 1.09396833604428E+000 1.15547307669437E+000
30.6756657 1.08471811105276E+000 1.14550700063711E+000
30.7756221 1.07557357488445E+000 1.13565709933334E+000
30.8755770 1.06653337972193E+000 1.12592185316683E+000
30.9755340 1.05759568775200E+000 1.11629921666594E+000
31.0754913 1.04875920517573E+000 1.10678773196209E+000
31.1754469 1.04002265570995E+000 1.09738596157862E+000
31.2754067 1.03138412501645E+000 1.08809178314879E+000
31.3753629 1.02284287917039E+000 1.07890434599966E+000
31.4753231 1.01439689722065E+000 1.06982141648771E+000
31.5752798 1.00604547758167E+000 1.06084218154607E+000
31.6752368 9.97786973167388E-001 1.05196481277630E+000
31.7751978 9.89619773434696E-001 1.04318752284518E+000
31.8751552 9.81543222630874E-001 1.03450955194048E+000
31.9751168 9.73555447135094E-001 1.02592883295680E+000
32.0750747 9.65655820065671E-001 1.01744463960175E+000
32.1750329 9.57842819437465E-001 1.00905528534428E+000
32.2749952 9.50114956737851E-001 1.00075912119057E+000
32.3749539 9.42471646024243E-001 9.92555468343338E-001
32.4749166 9.34911148046013E-001 9.84442411267698E-001
32.5748758 9.27432902662324E-001 9.76419301077698E-001
32.6748352 9.20035501707815E-001 9.68484580051029E-001
32.7747986 9.12717567721792E-001 9.60636724829910E-001
32.8747585 9.05478577168587E-001 9.52875128933372E-001
32.9747223 8.98316913528079E-001 9.45198014986528E-001
33.0746827 8.91232076346242E-001 9.37604803228299E-001
33.1746432 8.84222761163256E-001 9.30094053064694E-001
33.2746078 8.77287691724742E-001 9.22664355408050E-001
33.3745687 8.70426400338326E-001 9.15315168397198E-001
33.4745337 8.63637382743315E-001 9.08044840781034E-001
33.5744951 8.56920191915021E-001 9.00852854591595E-001
33.6744568 8.50273618016423E-001 8.93737875897849E-001
33.7744224 8.43696477155661E-001 8.86698599695920E-001
33.8743844 8.37188351656494E-001 8.79734541924786E-001
33.9743505 8.30747840082736E-001 8.72844166636315E-001
34.0743130 8.24374543280724E-001 8.66027011155579E-001
34.1742756 8.18067337866966E-001 8.59281838822422E-001
34.2742423 8.11825124355764E-001 8.52607439572688E-001
34.3742054 8.05647529906888E-001 8.46003381094458E-001
34.4741725 7.99533247394082E-001 8.39468232998575E-001
34.5741359 7.93481920591061E-001 8.33001582132552E-001
34.6740996 7.87492505208936E-001 8.26602280664779E-001
34.7740673 7.81563978999284E-001 8.20269205249337E-001
34.8740313 7.75696009347139E-001 8.14001969947169E-001
34.9739994 7.69887375740485E-001 8.07799241139884E-001
35.0739638 7.64137760477967E-001 8.01660650067694E-001
35.1739284 7.58446191726458E-001 7.95585130127157E-001
35.2738971 7.52811718005883E-001 7.89571637287179E-001
35.3738621 7.47234042817561E-001 7.83619827198738E-001
35.4738310 7.41712025297872E-001 7.77728455075811E-001
35.5737964 7.36245382345185E-001 7.71897191985479E-001
35.6737620 7.30833208584213E-001 7.66125045699719E-001
35.7737315 7.25474617457488E-001 7.60411044825519E-001
35.8736974 7.20169344916495E-001 7.54754882343680E-001
35.9736673 7.14916323431703E-001 7.49155395119045E-001
36.0736335 7.09715300997449E-001 7.43612289976684E-001
36.1735999 7.04565433269751E-001 7.38124642876245E-001
36.2735704 6.99465893323718E-001 7.32691549032581E-001
36.3735371 6.94416446286303E-001 7.27312734957087E-001
36.4735079 6.89416092230326E-001 7.21987112659213E-001
36.5734750 6.84464607115035E-001 7.16714421091713E-001
36.6734423 6.79561202711414E-001 7.11493798806645E-001
36.7734135 6.74705106933432E-001 7.06324402172659E-001
36.8733811 6.69896111155248E-001 7.01205987839705E-001
36.9733527 6.65133277841999E-001 6.96137537058961E-001
37.0733206 6.60416408116832E-001 6.91118817668192E-001
37.1732887 6.55744765405593E-001 6.86149025745281E-001
37.2732608 6.51117628111352E-001 6.81227373872880E-001
37.3732292 6.46534811234235E-001 6.76353645807635E-001
37.4732015 6.41995434889566E-001 6.71526886679581E-001
37.5731702 6.37499322856040E-001 6.66746890311891E-001
37.6731391 6.33045786162868E-001 6.62012905714186E-001
37.7731119 6.28634149750140E-001 6.57324197203039E-001
37.8730811 6.24264249895177E-001 6.52680572928970E-001
37.9730543 6.19935260041637E-001 6.48081137022047E-001
38.0730237 6.15647024375250E-001 6.43525706695276E-001
38.1729934 6.11398897843558E-001 6.39013579718846E-001
38.2729669 6.07190248328363E-001 6.34544068074749E-001
38.3729369 6.03020931277492E-001 6.30117001877522E-001
38.4729107 5.98890169519117E-001 6.25731539812949E-001
38.5728809 5.94797825628484E-001 6.21387520158105E-001
38.6728513 5.90743295115578E-001 6.17084285651662E-001
38.7728256 5.86725985529103E-001 6.12821192241546E-001
38.8727962 5.82745769596070E-001 6.08598089827740E-001
38.9727708 5.78801915925865E-001 6.04414187598062E-001
39.0727417 5.74894303671318E-001 6.00269342807611E-001
39.1727127 5.71022365845003E-001 5.96162939711747E-001
39.2726877 5.67185546676031E-001 5.92094374856170E-001
39.3726590 5.63383734471096E-001 5.88063515971187E-001
39.4726343 5.59616240324647E-001 5.84069619044631E-001
39.5726059 5.55882958338371E-001 5.80112558436843E-001
39.6725776 5.52183356234172E-001 5.76191756773971E-001
39.7725533 5.48516912194789E-001 5.72306648129220E-001
39.8725252 5.44883528578150E-001 5.68457116307018E-001
39.9725012 5.41282555945029E-001 5.64642460710239E-001
40.0724734 5.37713901880671E-001 5.60862571121625E-001
40.1724458 5.34177066263480E-001 5.57116905667548E-001
40.2724221 5.30671558737295E-001 5.53404933146665E-001
40.3723947 5.27197294335524E-001 5.49726551858615E-001
40.4723712 5.23753660317411E-001 5.46081101522537E-001
40.5723441 5.20340576432432E-001 5.42468485830106E-001
40.6723171 5.16957572379734E-001 5.38888195785538E-001
40.7722940 5.13604186983295E-001 5.35339732352671E-001
40.8722673 5.10280346712706E-001 5.31823006905646E-001
40.9722444 5.06985472985020E-001 5.28337396639804E-001
41.0722179 5.03719496525101E-001 5.24882817793485E-001
41.1721915 5.00481974713355E-001 5.21458791850340E-001
41.2721690 4.97272473464237E-001 5.18064849597384E-001
41.3721428 4.94090929566301E-001 5.14700914203873E-001
41.4721206 4.90936796259724E-001 5.11366397735439E-001
41.5720946 4.87810014172723E-001 5.08061227749940E-001
41.6720688 4.84710166405115E-001 5.04784954014447E-001
41.7720469 4.81636844045371E-001 5.01537134994426E-001
41.8720213 4.78589993193119E-001 4.98317704501224E-001
41.9719996 4.75569096763954E-001 4.95126107077061E-001
42.0719743 4.72574104322039E-001 4.91962280493042E-001
42.1719490 4.69604622885757E-001 4.88825800786774E-001
42.2719276 4.66660266958128E-001 4.85716252135954E-001
42.3719026 4.63740991039959E-001 4.82633577954130E-001
42.4718815 4.60846305744500E-001 4.79577253058942E-001
42.5718566 4.57976168698280E-001 4.76547224436729E-001
42.6718319 4.55130209183485E-001 4.73543092548622E-001
42.7718111 4.52308063500683E-001 4.70564465480082E-001
42.8717866 4.49509693729901E-001 4.67611295308326E-001
42.9717660 4.46734636358903E-001 4.64683085100164E-001
43.0717417 4.43982856287233E-001 4.61779790156193E-001
43.1717175 4.41254003538805E-001 4.58901033664502E-001
43.2716972 4.38547734724171E-001 4.56046445960562E-001
43.3716732 4.35864018759592E-001 4.53215986937653E-001
43.4716531 4.33202416325062E-001 4.50409186044580E-001
43.5716293 4.30562898879461E-001 4.47626006082302E-001
43.6716056 4.27945135787017E-001 4.44866091405895E-001
43.7715858 4.25348802598435E-001 4.42129093076327E-001
43.8715623 4.22773874394217E-001 4.39414978036953E-001
43.9715428 4.20219934492752E-001 4.36723300396272E-001
44.0715195 4.17686960266618E-001 4.34054029719892E-001
44.1714963 4.15174639128806E-001 4.31406830094082E-001
44.2714770 4.12682664307532E-001 4.28781371901926E-001
44.3714539 4.10211016439416E-001 4.26177628444229E-001
44.4714348 4.07759300044680E-001 4.23595176898909E-001
44.5714120 4.05327497825205E-001 4.21033992930824E-001
44.6713893 4.02915314051306E-001 4.18493759034632E-001
44.7713704 4.00522458463778E-001 4.15974163622412E-001
44.8713479 3.98148916704751E-001 4.13475185725748E-001
44.9713293 3.95794313166890E-001 4.10996424122227E-001
45.0713069 3.93458635352152E-001 4.08537859973795E-001
45.1712846 3.91141603288071E-001 4.06099192963632E-001
45.2712662 3.88842942152245E-001 4.03680128340149E-001
45.3712441 3.86562642093539E-001 4.01280650298435E-001
45.4712259 3.84300346145722E-001 3.98900377856072E-001
45.5712040 3.82056046131333E-001 3.96539297126888E-001
45.6711822 3.79829476818427E-001 3.94197123856596E-001
45.7711643 3.77620377827065E-001 3.91873579028904E-001
45.8711426 3.75428743360823E-001 3.89568651488632E-001
45.9711248 3.73254233953027E-001 3.87281979234364E-001
46.0711034 3.71096845312172E-001 3.85013552837932E-001
46.1710820 3.68956326006395E-001 3.82763103067292E-001
46.2710644 3.66832429178328E-001 3.80530365624075E-001
46.3710432 3.64725152676434E-001 3.78315333537299E-001
46.4710259 3.62634173474365E-001 3.76117662619727E-001
46.5710048 3.60559490772459E-001 3.73937347453606E-001
46.6709838 3.58500866068267E-001 3.71774132867165E-001
46.7709667 3.56458065175246E-001 3.69627768339050E-001
46.8709459 3.54431089215037E-001 3.67498250660472E-001
46.9709290 3.52419630617923E-001 3.65385252376008E-001
47.0709083 3.50423691718573E-001 3.63288771672526E-001
47.1708877 3.48443046137200E-001 3.61208566548187E-001
47.2708710 3.46477471568763E-001 3.59144399387707E-001
47.3708506 3.44526972070825E-001 3.57096270361791E-001
47.4708341 3.42591254615982E-001 3.55063867741948E-001
47.5708138 3.40670324348822E-001 3.53047192951609E-001
47.6707936 3.38763966264060E-001 3.51046016334131E-001
47.7707773 3.36871969206075E-001 3.49060112373410E-001
47.8707573 3.34994339862262E-001 3.47089484272476E-001
47.9707411 3.33130798896998E-001 3.45133835096021E-001
48.0707212 3.31281353970324E-001 3.43193169170104E-001
48.1707014 3.29445800757070E-001 3.41267268418657E-001
48.2706855 3.27623938571479E-001 3.39355918676595E-001
48.3706658 3.25815776452910E-001 3.37459125864226E-001
48.4706500 3.24021047965673E-001 3.35576606971056E-001
48.5706305 3.22239763017917E-001 3.33708368922701E-001
48.6706110 3.20471727319582E-001 3.31854204514197E-001
48.7705955 3.18716750023489E-001 3.30013910237198E-001
48.8705762 3.16974842268633E-001 3.28187494443313E-001
48.9705608 3.15245749781480E-001 3.26374687238634E-001
49.0705416 3.13529484475494E-001 3.24575497873203E-001
49.1705225 3.11825861496137E-001 3.22789729354330E-001
49.2705073 3.10134699247883E-001 3.21017188185604E-001
49.3704883 3.08456010740203E-001 3.19257884890282E-001
49.4704733 3.06789553173764E-001 3.17511561938194E-001
49.5704545 3.05135340246838E-001 3.15778230653982E-001
49.6704357 3.03493195982584E-001 3.14057703644937E-001
49.7704208 3.01862947491044E-001 3.12349796827257E-001
49.8704022 3.00244609444002E-001 3.10654522660054E-001
49.9703875 2.98637949874360E-001 3.08971635275075E-001
50.0703690 2.97042984064876E-001 3.07301147844668E-001
50.1703506 2.95459544397067E-001 3.05642882006626E-001
50.2703361 2.93887466178059E-001 3.03996662532269E-001
50.3703178 2.92326765552847E-001 3.02362503602394E-001
50.4703034 2.90777220787057E-001 3.00740170355919E-001
50.5702853 2.89238848565950E-001 2.99129677606803E-001
50.6702672 2.87711489145513E-001 2.97530855493270E-001
50.7702530 2.86194985556148E-001 2.95943537122805E-001
50.8702350 2.84689355244259E-001 2.94367738203333E-001
50.9702209 2.83194386147920E-001 2.92803234269651E-001
51.0702031 2.81710096189563E-001 2.91250041590111E-001
51.1701853 2.80236333048472E-001 2.89707998309611E-001
51.2701714 2.78772947036495E-001 2.88176945388339E-001
51.3701538 2.77319956745354E-001 2.86656899884605E-001
51.4701400 2.75877159261600E-001 2.85147647157946E-001
51.5701225 2.74444573594628E-001 2.83649204761013E-001
51.6701050 2.73022054426039E-001 2.82161418385116E-001
51.7700914 2.71609458936826E-001 2.80684136392425E-001
51.8700741 2.70206806722231E-001 2.79217377031069E-001
51.9700606 2.68813903526902E-001 2.77760934951302E-001
52.0700434 2.67430769310734E-001 2.76314828835557E-001
52.1700263 2.66057265364575E-001 2.74878911492191E-001
52.2700130 2.64693255353547E-001 2.73453038264868E-001
52.3699959 2.63338759747595E-001 2.72037228445655E-001
52.4699827 2.61993592490214E-001 2.70631285475866E-001
52.5699658 2.60657774367845E-001 2.69235229027337E-001
52.6699489 2.59331172913303E-001 2.67848918624665E-001
52.7699359 2.58013657916061E-001 2.66472216200430E-001
52.8699192 2.56705250603762E-001 2.65105141958124E-001
52.9699063 2.55405772688363E-001 2.63747507662283E-001
53.0698897 2.54115245670265E-001 2.62399333846626E-001
53.1698731 2.52833542980848E-001 2.61060486377577E-001
53.2698603 2.51560540197510E-001 2.59730833409865E-001
53.3698439 2.50296259199340E-001 2.58410395938042E-001
53.4698313 2.49040529063140E-001 2.57098993611526E-001
53.5698149 2.47793371901051E-001 2.55796647710102E-001
53.6697986 2.46554666721719E-001 2.54503230092014E-001
53.7697861 2.45324294575669E-001 2.53218614791264E-001
53.8697699 2.44102277896971E-001 2.51942823484151E-001
53.9697576 2.42888452748526E-001 2.50675683293996E-001
54.0697415 2.41682841761414E-001 2.49417216141481E-001
54.1697254 2.40485329220743E-001 2.48167299549269E-001
54.2697133 2.39295801355408E-001 2.46925813109863E-001
54.3696973 2.38114281066914E-001 2.45692779082070E-001
54.4696852 2.36940611048617E-001 2.44468031677530E-001
54.5696694 2.35774814366326E-001 2.43251593362342E-001
54.6696536 2.34616780299803E-001 2.42043347017137E-001
54.7696417 2.33466399980157E-001 2.40843177492641E-001
54.8696260 2.32323696696898E-001 2.39651107540082E-001
54.9696142 2.31188519439678E-001 2.38466978097436E-001
55.0695986 2.30060891632653E-001 2.37290812089576E-001
55.1695831 2.28940707286067E-001 2.36122497468058E-001
55.2695714 2.27827862174339E-001 2.34961924060550E-001
55.3695560 2.26722379902961E-001 2.33809115028974E-001
55.4695444 2.25624115443716E-001 2.32663917697592E-001
55.5695291 2.24533092509856E-001 2.31526355371446E-001
55.6695138 2.23449209594312E-001 2.30396320803994E-001
55.7695023 2.22372366871940E-001 2.29273708536201E-001
55.8694872 2.21302588198939E-001 2.28158542066558E-001
55.9694758 2.20239734233674E-001 2.27050674785972E-001
56.0694607 2.19183828915748E-001 2.25950130308383E-001
56.1694457 2.18134774988207E-001 2.24856805936859E-001
56.2694345 2.17092476798366E-001 2.23770600678384E-001
56.3694196 2.16056958394014E-001 2.22691538300829E-001
56.4694085 2.15028085841893E-001 2.21619477961108E-001
56.5693936 2.14005883251147E-001 2.20554443517470E-001
56.6693788 2.12990257396517E-001 2.19496336585841E-001
56.7693678 2.11981116583661E-001 2.18445060407164E-001
56.8693531 2.10978484998451E-001 2.17400638957828E-001
56.9693423 2.09982233853980E-001 2.16362936877811E-001
57.0693276 2.08992387377536E-001 2.15331978211180E-001
57.1693130 2.08008856170305E-001 2.14307668664423E-001
57.2693023 2.07031552295069E-001 2.13289915494522E-001
57.3692878 2.06060500027400E-001 2.12278742831291E-001
57.4692772 2.05095575479812E-001 2.11274020531335E-001
57.5692628 2.04136802951270E-001 2.10275772771605E-001
57.6692484 2.03184096676434E-001 2.09283909140298E-001
57.7692379 2.02237372285993E-001 2.08298340705689E-001
57.8692236 2.01296654101514E-001 2.07319091701180E-001
57.9692132 2.00361822902089E-001 2.06346036948957E-001
58.0691990 1.99432903016413E-001 2.05379200710999E-001
58.1691849 1.98509812131063E-001 2.04418496260879E-001
58.2691746 1.97592469266624E-001 2.03463838285666E-001
58.3691605 1.96680898751214E-001 2.02515251077325E-001
58.4691503 1.95774985810832E-001 2.01572614186946E-001
58.5691363 1.94874754766060E-001 2.00635951918306E-001
58.6691224 1.93980126584506E-001 1.99705181045682E-001
58.7691123 1.93091023509067E-001 1.98780219693867E-001
58.8690985 1.92207469838868E-001 1.97861092172738E-001
58.9690885 1.91329355039449E-001 1.96947682539037E-001
59.0690747 1.90456703389196E-001 1.96040015099333E-001
59.1690610 1.89589438975803E-001 1.95138009954815E-001
59.2690511 1.88727487106635E-001 1.94241588497567E-001
59.3690374 1.87870872019839E-001 1.93350775018734E-001
59.4690277 1.87019487224641E-001 1.92465457869998E-001
59.5690141 1.86173356926577E-001 1.91585661325581E-001
59.6690006 1.85332408181765E-001 1.90711308649920E-001
59.7689909 1.84496569213291E-001 1.89842324341900E-001
59.8689774 1.83665864169579E-001 1.88978732640938E-001
59.9689678 1.82840190418469E-001 1.88120425994682E-001
60.0689545 1.82019572065123E-001 1.87267428613379E-001
60.1689411 1.81203938991092E-001 1.86419666770531E-001
60.2689316 1.80393222194927E-001 1.85577067920593E-001
60.3689184 1.79587445709558E-001 1.84739656221600E-001
60.4689090 1.78786510586450E-001 1.83907328029166E-001
60.5688958 1.77990440805733E-001 1.83080107461159E-001
60.6688827 1.77199168939503E-001 1.82257923654792E-001
60.7688734 1.76412628629463E-001 1.81440706877530E-001
60.8688603 1.75630843769981E-001 1.80628481179410E-001
60.9688511 1.74853718930621E-001 1.79821146646298E-001
61.0688381 1.74081277944429E-001 1.79018727278210E-001
61.1688251 1.73313455946743E-001 1.78221154938984E-001
61.2688160 1.72550189097529E-001 1.77428362574623E-001
61.3688031 1.71791501131998E-001 1.76640374103334E-001
61.4687941 1.71037299981156E-001 1.75857093173149E-001
61.5687813 1.70287609311298E-001 1.75078543643444E-001
61.6687685 1.69542366700792E-001 1.74304659975320E-001
61.7687596 1.68801510709930E-001 1.73535377666416E-001
61.8687469 1.68065064896427E-001 1.72770720481813E-001
61.9687381 1.67332940404396E-001 1.72010595472655E-001
62.0687254 1.66605160715889E-001 1.71255026337340E-001
62.1687128 1.65881665738735E-001 1.70503950012096E-001
62.2687041 1.65162396322121E-001 1.69757304426372E-001
62.3686916 1.64447375829994E-001 1.69015113173154E-001
62.4686829 1.63736518479041E-001 1.68277286556111E-001
62.5686704 1.63029847551571E-001 1.67543848094558E-001
62.6686580 1.62327305177525E-001 1.66814737084480E-001
62.7686494 1.61628834389655E-001 1.66089893773947E-001
62.8686371 1.60934458343744E-001 1.65369341566989E-001
62.9686286 1.60244094195859E-001 1.64652993877166E-001
63.0686163 1.59557765014880E-001 1.63940874028644E-001
63.1686040 1.58875415051345E-001 1.63232923568137E-001
63.2685918 1.58197015226264E-001 1.62529111725499E-001
63.3685872 1.57522485406374E-001 1.61829354776430E-001
63.4685751 1.56851899939563E-001 1.61133729261669E-001
63.5685630 1.56185178899136E-001 1.60442151683872E-001
63.6685509 1.55522294215446E-001 1.59754592351393E-001
63.7685388 1.54863218064728E-001 1.59071021835241E-001
63.8685344 1.54207873014304E-001 1.58391359265704E-001
63.9685224 1.53556331714519E-001 1.57715679431100E-001
64.0685105 1.52908516924564E-001 1.57043901672588E-001
64.1684986 1.52264401779297E-001 1.56375997584954E-001
64.2684867 1.51623959647139E-001 1.55711939012361E-001
64.3684824 1.50987115681778E-001 1.55051647817572E-001
64.4684706 1.50353940878764E-001 1.54395197080394E-001
64.5684588 1.49724360569946E-001 1.53742508859470E-001
64.6684470 1.49098349034550E-001 1.53093555971174E-001
64.7684353 1.48475880773762E-001 1.52448311468746E-001
64.8684312 1.47856883419180E-001 1.51806699831553E-001
64.9684195 1.47241426353360E-001 1.51168792473863E-001
65.0684079 1.46629437373285E-001 1.50534514056944E-001
65.1683963 1.46020891845835E-001 1.49903838557638E-001
65.2683847 1.45415765348900E-001 1.49276740177856E-001
65.3683808 1.44813987888977E-001 1.48653145903565E-001
65.4683692 1.44215627276477E-001 1.48033125525523E-001
65.5683578 1.43620613671361E-001 1.47416606198567E-001
65.6683463 1.43028923474650E-001 1.46803563002367E-001
65.7683349 1.42440533288037E-001 1.46193971230529E-001
65.8683311 1.41855375395023E-001 1.45587760271153E-001
65.9683197 1.41273516073779E-001 1.44984998332564E-001
66.0683084 1.40694887750145E-001 1.44385614959571E-001
66.1682971 1.40119467808765E-001 1.43789586280290E-001
66.2682858 1.39547233825198E-001 1.43196888626271E-001
66.3682821 1.38978120266880E-001 1.42607453688476E-001
66.4682709 1.38412191918695E-001 1.42021348132930E-001
66.5682597 1.37849383380037E-001 1.41438503795962E-001
66.6682485 1.37289672971469E-001 1.40858897802806E-001
66.7682374 1.36733039195245E-001 1.40282507472215E-001
66.8682339 1.36179418614220E-001 1.39709266703654E-001
66.9682228 1.35628874558007E-001 1.39139240660029E-001
67.0682118 1.35081343711727E-001 1.38572363375589E-001
67.1682007 1.34536805286790E-001 1.38008612924221E-001
67.2681897 1.33995238667579E-001 1.37447967563962E-001
67.3681864 1.33456582428142E-001 1.36890363313041E-001
67.4681754 1.32920898479906E-001 1.36335863869498E-001
67.5681645 1.32388125510140E-001 1.35784405376467E-001
67.6681536 1.31858243578496E-001 1.35235966810704E-001
67.7681428 1.31331232909364E-001 1.34690527324261E-001
67.8681396 1.30807034007810E-001 1.34148024968761E-001
67.9681288 1.30285707403239E-001 1.33608522014687E-001
68.0681180 1.29767193705494E-001 1.33071956629347E-001
68.1681072 1.29251473782187E-001 1.32538308649092E-001
68.2680965 1.28738528657882E-001 1.32007558077210E-001
68.3680934 1.28228300692317E-001 1.31479644917460E-001
68.4680827 1.27720849068127E-001 1.30954630049160E-001
68.5680721 1.27216116241939E-001 1.30432453583143E-001
68.6680615 1.26714083851227E-001 1.29913096174454E-001
68.7680509 1.26214733683043E-001 1.29396538637163E-001
68.8680479 1.25718009879061E-001 1.28882722849793E-001
68.9680374 1.25223970309508E-001 1.28371708335979E-001
69.0680269 1.24732559205583E-001 1.27863437073282E-001
69.1680164 1.24243758938563E-001 1.27357890496747E-001
69.2680059 1.23757552022327E-001 1.26855050192964E-001
69.3680031 1.23273884311169E-001 1.26354859841525E-001
69.4679927 1.22792812396382E-001 1.25857377644961E-001
69.5679823 1.22314282214909E-001 1.25362547374392E-001
69.6679719 1.21838276837694E-001 1.24870351208262E-001
69.7679615 1.21364779471680E-001 1.24380771469468E-001
69.8679589 1.20893737617697E-001 1.23893753568449E-001
69.9679486 1.20425206620712E-001 1.23409354420322E-001
70.0679383 1.19959134057774E-001 1.22927519520039E-001
70.1679281 1.19495503667175E-001 1.22448231754786E-001
70.2679178 1.19034299316944E-001 1.21971474149501E-001
70.3679153 1.18575470091417E-001 1.21497193778516E-001
70.4679051 1.18119070120988E-001 1.21025446302363E-001
70.5678949 1.17665048560208E-001 1.20556178873338E-001
70.6678848 1.17213389784091E-001 1.20089375054561E-001
70.7678747 1.16764078291456E-001 1.19625018540552E-001
70.8678723 1.16317064690007E-001 1.19163058005693E-001
70.9678622 1.15872401926487E-001 1.18703547887898E-001
71.0678522 1.15430040673204E-001 1.18246436933399E-001
71.1678422 1.14989965912870E-001 1.17791709350165E-001
71.2678322 1.14552162746382E-001 1.17339349471549E-001
71.3678299 1.14116583247410E-001 1.16889307511081E-001
71.4678200 1.13683279209147E-001 1.16441636715185E-001
71.5678100 1.13252202764629E-001 1.15996287363518E-001
71.6678002 1.12823339476748E-001 1.15553244279451E-001
71.7677903 1.12396675021254E-001 1.15112492406033E-001
71.8677881 1.11972162882974E-001 1.14673983437806E-001
71.9677783 1.11549853730857E-001 1.14237769460016E-001
72.0677685 1.11129701104199E-001 1.13803802227995E-001
72.1677587 1.10711691119978E-001 1.13372067152591E-001
72.2677489 1.10295810002972E-001 1.12942549758923E-001
72.3677468 1.09882012596819E-001 1.12515203167055E-001
72.4677371 1.09470348474737E-001 1.12090078330552E-001
72.5677275 1.09060772530257E-001 1.11667128425278E-001
72.6677178 1.08653271409681E-001 1.11246339423081E-001
72.7677082 1.08247831862316E-001 1.10827697404951E-001
72.8677062 1.07844410040590E-001 1.10411156863472E-001
72.9676966 1.07443054449741E-001 1.09996767649242E-001
73.0676870 1.07043721287815E-001 1.09584484305983E-001
73.1676774 1.06646397706941E-001 1.09174293341425E-001
73.2676679 1.06251070957698E-001 1.08766181367573E-001
73.3676660 1.05857698453493E-001 1.08360104198893E-001
73.4676565 1.05466327658586E-001 1.07956110610963E-001
73.5676471 1.05076916028011E-001 1.07554156465027E-001
73.6676376 1.04689451197412E-001 1.07154228780863E-001
73.7676282 1.04303920896556E-001 1.06756314677903E-001
73.8676264 1.03920283754118E-001 1.06360371244096E-001
73.9676171 1.03538586219654E-001 1.05966446207191E-001
74.0676077 1.03158786959728E-001 1.05574496697848E-001
74.1675984 1.02780874072312E-001 1.05184510225260E-001
74.2675890 1.02404835745392E-001 1.04796474393891E-001
74.3675874 1.02030631779183E-001 1.04410347518908E-001
74.4675781 1.01658307634093E-001 1.04026176306683E-001
74.5675688 1.01287823144742E-001 1.03643919111290E-001
74.6675596 1.00919166851297E-001 1.03263563909850E-001
74.7675504 1.00552327380032E-001 1.02885098770589E-001
74.8675488 1.00187265660871E-001 1.02508483191638E-001
74.9675396 9.98240261899347E-002 1.02133762883734E-001
75.0675305 9.94625699282932E-002 1.01760897380362E-001
75.1675213 9.91028858391739E-002 1.01389875106158E-001
75.2675122 9.87449629682042E-002 1.01020684572902E-001
75.3675108 9.83887633349701E-002 1.00653286419355E-001
75.4675017 9.80343304954951E-002 1.00287725385657E-001
75.5674926 9.76816264974681E-002 9.99239621426027E-002
75.6674836 9.73306407089905E-002 9.95619855429430E-002
75.7674746 9.69813625770335E-002 9.92017845228089E-002
75.8674732 9.66337551725105E-002 9.88433208210770E-002
75.9674642 9.62878611348703E-002 9.84866382316453E-002
76.0674553 9.59436435602860E-002 9.81316985223203E-002
76.1674463 9.56010922044342E-002 9.77784909555275E-002
76.2674374 9.52601968985044E-002 9.74270048734940E-002
76.3674361 9.49209217280200E-002 9.70772030764225E-002
76.4674273 9.45833084387375E-002 9.67291284356627E-002
76.5674184 9.42473211387847E-002 9.63827437774499E-002
76.6674096 9.39129499549577E-002 9.60380387563479E-002
76.7674007 9.35801850863710E-002 9.56950031033187E-002
76.8673996 9.32489915979825E-002 9.53536006427472E-002
76.9673908 9.29194103641110E-002 9.50138733464789E-002
77.0673820 9.25914064698389E-002 9.46757850622245E-002
77.1673732 9.22649703974221E-002 9.43393258200059E-002
77.2673645 9.19400926983950E-002 9.40044857230056E-002
77.3673634 9.16167393834391E-002 9.36712295842073E-002
77.4673547 9.12949504770810E-002 9.33395984983664E-002
77.5673461 9.09746920078120E-002 9.30095572992661E-002
77.6673374 9.06559547984409E-002 9.26810963765138E-002
77.7673288 9.03387297381613E-002 9.23542061897971E-002
77.8673278 9.00229837510626E-002 9.20288525066025E-002
77.9673192 8.97087560329311E-002 9.17050755663949E-002
78.0673106 8.93960135235050E-002 9.13828411550999E-002
78.1673020 8.90847473719525E-002 9.10621400068045E-002
78.2672935 8.87749487910697E-002 9.07429629227420E-002
78.3672925 8.84665855873658E-002 9.04252765922178E-002
78.4672840 8.81596961483615E-002 9.01091204206092E-002
78.5672755 8.78542482941978E-002 8.97944611134581E-002
78.6672671 8.75502334868827E-002 8.94812897349469E-002
78.7672586 8.72476432494253E-002 8.91695974136110E-002
78.8672578 8.69464462410305E-002 8.88593517292371E-002
78.9672493 8.66466800608667E-002 8.85505912737358E-002
79.0672409 8.63483133798888E-002 8.82432836410746E-002
79.1672325 8.60513379600625E-002 8.79374202118319E-002
79.2672242 8.57557456218529E-002 8.76329924282788E-002
79.3672234 8.54615058486399E-002 8.73299687306261E-002
79.4672151 8.51686554706074E-002 8.70283869173739E-002
79.5672068 8.48771639811300E-002 8.67282154409954E-002
79.6671985 8.45870234298551E-002 8.64294459854145E-002
79.7671902 8.42982259225434E-002 8.61320702937121E-002
79.8671895 8.40107417393776E-002 8.58360576376863E-002
79.9671813 8.37246069603930E-002 8.55414450419327E-002
80.0671730 8.34397918741302E-002 8.52482017887221E-002
80.1671648 8.31562888062141E-002 8.49563198528868E-002
80.2671566 8.28740901361077E-002 8.46657912659985E-002
80.3671560 8.25931669145173E-002 8.43765861037683E-002
80.4671478 8.23135544896505E-002 8.40887406358588E-002
80.5671397 8.20352239190458E-002 8.38022249467848E-002
80.6671315 8.17581677931440E-002 8.35170312904302E-002
80.7671234 8.14823787540549E-002 8.32331519751148E-002
80.8671229 8.12078285977717E-002 8.29505578538961E-002
80.9671148 8.09345519584934E-002 8.26692844599549E-002
81.0671067 8.06625206376241E-002 8.23893026535970E-002
81.1670987 8.03917274797741E-002 8.21106049564528E-002
81.2670906 8.01221653791527E-002 8.18331839423914E-002
81.3670902 7.98538068527985E-002 8.15570112163060E-002
81.4670822 7.95866858382336E-002 8.12821215928431E-002
81.5670742 7.93207748565835E-002 8.10084866826947E-002
81.6670662 7.90560669964692E-002 8.07360992644548E-002
81.7670583 7.87925553941356E-002 8.04649521668594E-002
81.8670579 7.85302132643738E-002 8.01950177221356E-002
81.9670500 7.82690738648874E-002 7.99263300438502E-002
82.0670421 7.80091104133218E-002 7.96588614686784E-002
82.1670342 7.77503162326133E-002 7.93926050218898E-002
82.2670263 7.74926846914358E-002 7.91275537768955E-002
82.3670260 7.72361896799466E-002 7.88636807697141E-002
82.4670182 7.69808637924281E-002 7.86010194298119E-002
82.5670103 7.67266809207449E-002 7.83395427963987E-002
82.6670025 7.64736346128919E-002 7.80792441316013E-002
82.7669947 7.62217184608008E-002 7.78201167437780E-002
82.8669945 7.59709070084720E-002 7.75621343501149E-002
82.9669867 7.57212322027191E-002 7.73053297124932E-002
83.0669790 7.54726685881837E-002 7.70496765501198E-002
83.1669712 7.52252099290792E-002 7.67951683526054E-002
83.2669635 7.49788500318366E-002 7.65417986539702E-002
83.3669634 7.47335640736034E-002 7.62895418308180E-002
83.4669556 7.44893833692407E-002 7.60384299935099E-002
83.5669479 7.42462830955462E-002 7.57884375195830E-002
83.6669403 7.40042572245084E-002 7.55395581171825E-002
83.7669326 7.37632997686905E-002 7.52917855371215E-002
83.8669326 7.35233865184792E-002 7.50450947945096E-002
83.9669249 7.32845481718792E-002 7.47995173638151E-002
84.0669173 7.30467605180070E-002 7.45550282600691E-002
84.1669097 7.28100177285585E-002 7.43116214014030E-002
84.2669021 7.25743140142343E-002 7.40692907469523E-002
84.3669022 7.23396257595067E-002 7.38280119302183E-002
84.4668946 7.21059830602097E-002 7.35878158049791E-002
84.5668870 7.18733622986915E-002 7.33486780037182E-002
84.6668795 7.16417578386448E-002 7.31105926463853E-002
84.7668720 7.14111640812660E-002 7.28735538923456E-002
84.8668721 7.11815579866802E-002 7.26375379741407E-002
84.9668646 7.09529690628391E-002 7.24025751396493E-002
85.0668571 7.07253742669514E-002 7.21686416195234E-002
85.1668496 7.04987681473355E-002 7.19357317277265E-002
85.2668422 7.02731452883787E-002 7.17038398161183E-002
85.3668424 7.00484832081146E-002 7.14729426976595E-002
85.4668349 6.98248108405145E-002 7.12430700287189E-002
85.5668275 6.96021056999621E-002 7.10141986195585E-002
85.6668201 6.93803625123531E-002 7.07863229706950E-002
85.7668127 6.91595760382798E-002 7.05594376190888E-002
85.8668130 6.89397243365991E-002 7.03335199401954E-002
85.9668056 6.87208357808294E-002 7.01085990128740E-002
86.0667983 6.85028884254986E-002 6.98846522091320E-002
86.1667909 6.82858771673384E-002 6.96616742089056E-002
86.2667836 6.80697969364636E-002 6.94396597271858E-002
86.3667839 6.78546263161005E-002 6.92185866846655E-002
86.4667766 6.76403931324769E-002 6.89984835963170E-002
86.5667694 6.74270759638620E-002 6.87793283786917E-002
86.6667621 6.72146698713733E-002 6.85611158843224E-002
86.7667548 6.70031699482559E-002 6.83438409994688E-002
86.8667552 6.67925552862534E-002 6.81274821734420E-002
86.9667480 6.65828531771127E-002 6.79120673705831E-002
87.0667408 6.63740427070409E-002 6.76975750354200E-002
87.1667336 6.61661190953697E-002 6.74840001865559E-002
87.2667264 6.59590775923558E-002 6.72713378750497E-002
87.3667268 6.57528977829869E-002 6.70595670628222E-002
87.4667197 6.55476064369948E-002 6.68487151764824E-002
87.5667125 6.53431831332958E-002 6.66387611725750E-002
87.6667054 6.51396232435278E-002 6.64297002295285E-002
87.7666983 6.49369221691033E-002 6.62215275570102E-002
87.8666988 6.47350599735329E-002 6.60142226141264E-002
87.9666917 6.45340629166662E-002 6.58078123023074E-002
88.0666846 6.43339110554498E-002 6.56022760747361E-002
88.1666775 6.41345999081721E-002 6.53976092636889E-002
88.2666705 6.39361250217939E-002 6.51938072315165E-002
88.3666710 6.37384669241579E-002 6.49908499196454E-002
88.4666640 6.35416513770398E-002 6.47887637165448E-002
88.5666570 6.33456589012655E-002 6.45875285572137E-002
88.6666500 6.31504851563572E-002 6.43871399220542E-002
88.7666429 6.29561258294540E-002 6.41875933204278E-002
88.8666436 6.27625618990470E-002 6.39888691617516E-002
88.9666366 6.25698186403326E-002 6.37909933334252E-002
89.0666296 6.23778770243694E-002 6.35939462379751E-002
89.1666227 6.21867328467251E-002 6.33977234984492E-002
89.2666157 6.19963819295730E-002 6.32023207657871E-002
89.3666164 6.18068056888552E-002 6.30077189035814E-002
89.4666095 6.16180289243781E-002 6.28139433097361E-002
89.5666026 6.14300330442703E-002 6.26209748405271E-002
89.6665957 6.12428139751743E-002 6.24288092564001E-002
89.7665889 6.10563676693685E-002 6.22374423446691E-002
89.8665896 6.08706759675152E-002 6.20468554097780E-002
89.9665828 6.06857632049233E-002 6.18570733714023E-002
90.0665759 6.05016112140930E-002 6.16680775262791E-002
90.1665691 6.03182160479774E-002 6.14798637672232E-002
90.2665622 6.01355737842372E-002 6.12924280129382E-002
90.3665631 5.99536666759697E-002 6.11057519958663E-002
90.4665563 5.97725186045918E-002 6.09198601684231E-002
90.5665495 5.95921118147215E-002 6.07347342549872E-002
90.6665427 5.94124424810561E-002 6.05503702759245E-002
90.7665359 5.92335068021107E-002 6.03667642765506E-002
90.8665368 5.90552874315621E-002 6.01838984049056E-002
90.9665301 5.88778078072606E-002 6.00017966568235E-002
91.0665233 5.87010505741145E-002 5.98204411719546E-002
91.1665166 5.85250120241881E-002 5.96398280935980E-002
91.2665099 5.83496884725089E-002 5.94599535891019E-002
91.3665108 5.81750629618884E-002 5.92808002101371E-002
91.4665041 5.80011584966650E-002 5.91023915063525E-002
91.5664975 5.78279581106196E-002 5.89247100207324E-002
91.6664908 5.76554582089846E-002 5.87477520150816E-002
91.7664842 5.74836552191367E-002 5.85715137743904E-002
91.8664851 5.73125325619722E-002 5.83959782424088E-002
91.9664785 5.71421128181079E-002 5.82211685327240E-002
92.0664719 5.69723793991723E-002 5.80470675801301E-002
92.1664653 5.68033288195390E-002 5.78736717606919E-002
92.2664587 5.66349576149403E-002 5.77009774728320E-002
92.3664597 5.64672495736854E-002 5.75289680412265E-002
92.4664531 5.63002268622044E-002 5.73576661532591E-002
92.5664466 5.61338732593258E-002 5.71870551244063E-002
92.6664400 5.59681853847003E-002 5.70171314409211E-002
92.7664335 5.58031598785843E-002 5.68478916106201E-002
92.8664346 5.56387808863919E-002 5.66793193283356E-002
92.9664281 5.54750701696525E-002 5.65114368648476E-002
93.0664215 5.53120118641087E-002 5.63442279055694E-002
93.1664150 5.51496026909809E-002 5.61776890430356E-002
93.2664086 5.49878393913722E-002 5.60118168905824E-002
93.3664097 5.48267064578424E-002 5.58465955027959E-002
93.4664032 5.46662252560658E-002 5.56820467432024E-002
93.5663968 5.45063802687599E-002 5.55181546567714E-002
93.6663903 5.43471683151568E-002 5.53549159385711E-002
93.7663839 5.41885862336764E-002 5.51923273037394E-002
93.8663851 5.40306188544004E-002 5.50303731565666E-002
93.9663787 5.38732871559585E-002 5.48690749624312E-002
94.0663723 5.37165759584387E-002 5.47084171158313E-002
94.1663659 5.35604821756683E-002 5.45483964107702E-002
94.2663595 5.34050027399956E-002 5.43890096606196E-002
94.3663607 5.32501228097221E-002 5.42302416096630E-002
94.4663544 5.30958629850158E-002 5.40721133340019E-002
94.5663480 5.29422084140516E-002 5.39146095679708E-002
94.6663417 5.27891561019715E-002 5.37577272010555E-002
94.7663353 5.26367030717980E-002 5.36014631414354E-002
94.8663366 5.24848348010602E-002 5.34458024640021E-002
94.9663303 5.23335715198262E-002 5.32907658642206E-002
95.0663240 5.21828986953822E-002 5.31363384068954E-002
95.1663177 5.20328134210342E-002 5.29825170736782E-002
95.2663114 5.18833128073537E-002 5.28292988642673E-002
95.3663128 5.17343826424021E-002 5.26766691750894E-002
95.4663065 5.15860427942947E-002 5.25246483293913E-002
95.5663002 5.14382790407499E-002 5.23732217133921E-002
95.6662940 5.12910885602112E-002 5.22223863977247E-002
95.7662878 5.11444685477964E-002 5.20721394704474E-002
95.8662892 5.09984050936904E-002 5.19224666407497E-002
95.9662829 5.08529177119936E-002 5.17733878678619E-002
96.0662767 5.07079924824628E-002 5.16248888506617E-002
96.1662705 5.05636266657704E-002 5.14769667457045E-002
96.2662643 5.04198175386960E-002 5.13296187263733E-002
96.3662658 5.02765514854137E-002 5.11828308061381E-002
96.4662596 5.01338476737447E-002 5.10366225882035E-002
96.5662535 4.99916924773635E-002 5.08909800756381E-002
96.6662473 4.98500832363774E-002 5.07459005079804E-002
96.7662412 4.97090173064545E-002 5.06013811410230E-002
96.8662427 4.95684813578887E-002 5.04574082843101E-002
96.9662365 4.94284942197605E-002 5.03140011928087E-002
97.0662304 4.92890425518058E-002 5.01711461655867E-002
97.1662243 4.91501237708799E-002 5.00288405223414E-002
97.2662182 4.90117353088744E-002 4.98870815984727E-002
97.3662198 4.88738641145877E-002 4.97458559916615E-002
97.4662137 4.87365286857070E-002 4.96051826162255E-002
97.5662076 4.85997159604263E-002 4.94650480593070E-002
97.6662016 4.84634234297663E-002 4.93254497180477E-002
97.7661955 4.83276485992798E-002 4.91863850047612E-002
97.8661971 4.81923786888987E-002 4.90478407975842E-002
97.9661911 4.80576318720789E-002 4.89098356775808E-002
98.0661851 4.79233953581128E-002 4.87723565122993E-002
98.1661791 4.77896667097033E-002 4.86354007737158E-002
98.2661730 4.76564435035998E-002 4.84989659484686E-002
98.3661747 4.75237132237336E-002 4.83630391877158E-002
98.4661687 4.73914937263091E-002 4.82276387464773E-002
98.5661627 4.72597724845934E-002 4.80927517652847E-002
98.6661568 4.71285471305827E-002 4.79583757884390E-002
98.7661508 4.69978153098533E-002 4.78245083744135E-002
98.8661525 4.68675647634270E-002 4.76911369401922E-002
98.9661465 4.67378130370628E-002 4.75582794217768E-002
99.0661406 4.66085478611037E-002 4.74259232254978E-002
99.1661347 4.64797669345416E-002 4.72940659655676E-002
99.2661288 4.63514679694993E-002 4.71627052698995E-002
99.3661305 4.62236389573999E-002 4.70318288143368E-002
99.4661246 4.60962971401912E-002 4.69014542227133E-002
99.5661187 4.59694304986115E-002 4.67715691602010E-002
99.6661128 4.58430367964377E-002 4.66421713086026E-002
99.7661070 4.57171138101456E-002 4.65132583629680E-002
99.8661087 4.55916497750796E-002 4.63848182512534E-002
99.9661029 4.54666616358452E-002 4.62568682918026E-002
100.0660970 4.53421376171054E-002 4.61293964018925E-002
100.1660912 4.52180755452943E-002 4.60024003286826E-002
100.2660854 4.50944732591292E-002 4.58758778321429E-002
100.3660872 4.49713192315991E-002 4.57498170858087E-002
100.4660814 4.48486301162752E-002 4.56242351090452E-002
100.5660756 4.47263943754758E-002 4.54991200647087E-002
100.6660698 4.46046098962446E-002 4.53744697631662E-002
100.7660640 4.44832745775080E-002 4.52502820271754E-002
100.8660658 4.43623771238180E-002 4.51265452695211E-002
100.9660601 4.42419339038622E-002 4.50032762169385E-002
101.0660543 4.41219336115403E-002 4.48804632715426E-002
101.1660486 4.40023741925341E-002 4.47581043048392E-002
101.2660428 4.38832536040224E-002 4.46361972003204E-002
101.3660447 4.37645607762266E-002 4.45147306038889E-002
101.4660390 4.36463117989497E-002 4.43937209558407E-002
101.5660333 4.35284955917857E-002 4.42731568914248E-002
101.6660275 4.34111101571560E-002 4.41530363412944E-002
101.7660218 4.32941535086086E-002 4.40333572477000E-002
101.8660238 4.31776147963212E-002 4.39141084837197E-002
101.9660181 4.30615098370634E-002 4.37953062092480E-002
102.0660124 4.29458277704173E-002 4.36769392867327E-002
102.1660067 4.28305666537161E-002 4.35590057040572E-002
102.2660011 4.27157245550620E-002 4.34415034603272E-002
102.3660031 4.26012908390517E-002 4.33244216500374E-002
102.4659974 4.24872810551284E-002 4.32077761585691E-002
102.5659918 4.23736845573302E-002 4.30915560698160E-002
102.6659861 4.22604994561415E-002 4.29757594270457E-002
102.7659805 4.21477238724709E-002 4.28603842843865E-002
102.8659825 4.20353473799649E-002 4.27454199521667E-002
102.9659769 4.19233852663071E-002 4.26308820469982E-002
103.0659713 4.18118270946284E-002 4.25167598686440E-002
103.1659657 4.17006710268676E-002 4.24030515139770E-002
103.2659601 4.15899152350558E-002 4.22897550903835E-002
103.3659622 4.14795494966827E-002 4.21768601186127E-002
103.4659566 4.13695888431035E-002 4.20643819521094E-002
103.5659511 4.12600230413400E-002 4.19523101010991E-002
103.6659455 4.11508503031507E-002 4.18406427143469E-002
103.7659400 4.10420688500671E-002 4.17293779507964E-002
103.8659421 4.09336686583718E-002 4.16185055363691E-002
103.9659365 4.08256645083904E-002 4.15080405668087E-002
104.0659310 4.07180463659904E-002 4.13979727575594E-002
104.1659255 4.06108124911747E-002 4.12883003076281E-002
104.2659200 4.05039611534110E-002 4.11790214258769E-002
104.3659221 4.03974825228764E-002 4.10701260383094E-002
104.4659166 4.02913911340372E-002 4.09616289883006E-002
104.5659112 4.01856771467118E-002 4.08535201914278E-002
104.6659057 4.00803388676292E-002 4.07457978953489E-002
104.7659002 3.99753746126863E-002 4.06384603572656E-002
104.8659024 3.98707747412011E-002 4.05314976983257E-002
104.9658969 3.97665535468260E-002 4.04249245147385E-002
105.0658915 3.96627013785816E-002 4.03187309172812E-002
105.1658860 3.95592165884590E-002 4.02129152007291E-002
105.2658806 3.94560975373306E-002 4.01074756691017E-002
105.3658828 3.93533347690440E-002 4.00024026339006E-002
105.4658774 3.92509423413608E-002 3.98977104492462E-002
105.5658720 3.91489107878953E-002 3.97933894163292E-002
105.6658666 3.90472385044893E-002 3.96894378755644E-002
105.7658612 3.89459238955893E-002 3.95858541763216E-002
105.8658634 3.88449576850965E-002 3.94826288158079E-002
105.9658580 3.87443536996865E-002 3.93797759110093E-002
106.0658527 3.86441026530950E-002 3.92772859488853E-002
106.1658473 3.85442029836529E-002 3.91751573140652E-002
106.2658419 3.84446531380296E-002 3.90733883998542E-002
106.3658442 3.83454440158346E-002 3.89719698846540E-002
106.4658389 3.82465892173480E-002 3.88709156531509E-002
106.5658335 3.81480796320849E-002 3.87702163735662E-002
106.6658282 3.80499137395520E-002 3.86698704733688E-002
106.7658229 3.79520900273383E-002 3.85698763884351E-002
106.8658252 3.78545995665435E-002 3.84702249739827E-002
106.9658199 3.77574557356302E-002 3.83709298871178E-002
107.0658146 3.76606495956773E-002 3.82719819729475E-002
107.1658093 3.75641796661013E-002 3.81733797004553E-002
107.2658040 3.74680444741523E-002 3.80751215467724E-002
107.3658063 3.73722352583250E-002 3.79771985396816E-002
107.4658011 3.72767651797333E-002 3.78796241133155E-002
107.5657958 3.71816254669272E-002 3.77823892854195E-002
107.6657905 3.70868146780103E-002 3.76854925652124E-002
107.7657853 3.69923313786805E-002 3.75889324698109E-002
107.8657877 3.68981669708502E-002 3.74927001954359E-002
107.9657824 3.68043344026474E-002 3.73968089577432E-002
108.0657772 3.67108250661183E-002 3.73012499429916E-002
108.1657720 3.66176375568740E-002 3.72060216994019E-002
108.2657667 3.65247704778892E-002 3.71111227828511E-002
108.3657692 3.64322153906305E-002 3.70165445539905E-002
108.4657639 3.63399850345005E-002 3.69223000143888E-002
108.5657587 3.62480709611800E-002 3.68283805148131E-002
108.6657536 3.61564718026495E-002 3.67347846412956E-002
108.7657484 3.60651861980298E-002 3.66415109872910E-002
108.8657508 3.59742058645895E-002 3.65485510739891E-002
108.9657456 3.58835433371645E-002 3.64559176931573E-002
109.0657405 3.57931903233202E-002 3.63636023561809E-002
