0.0053140 4.84129561170568E+001 7.15424778815143E+003
0.0210792 1.81685282201086E+002 6.93321321265220E+003
0.0467942 3.69221695077061E+002 6.59213275678138E+003
0.0817065 5.74043257447153E+002 6.16454934686805E+003
0.1249105 7.64505538459931E+002 5.68599400052172E+003
0.1754417 9.20441532613543E+002 5.18823095229046E+003
0.2323515 1.03346118089666E+003 4.69611107755621E+003
0.2947571 1.10393536656283E+003 4.22683679586807E+003
0.3618673 1.13725890359219E+003 3.79078963205234E+003
0.4329916 1.14083518625249E+003 3.39303122135262E+003
0.5075377 1.12216369647476E+003 3.03487971599549E+003
0.5850032 1.08786564268505E+003 2.71524950317861E+003
0.6649650 1.04333200019649E+003 2.43166524473514E+003
0.7470680 9.92717370795152E+002 2.18096526347801E+003
0.8310139 9.39093001486989E+002 1.95976101817511E+003
0.9165527 8.84649331643260E+002 1.76471308662509E+003
1.0034738 8.30894259425472E+002 1.59268601166366E+003
1.0915995 7.78824168217216E+002 1.44082333106738E+003
1.1807797 7.29061475386322E+002 1.30657258093258E+003
1.2708868 6.81961515954270E+002 1.18768335094114E+003
1.3618115 6.37692392665759E+002 1.08218807305086E+003
1.4534610 5.96293745595504E+002 9.88375672827532E+002
1.5457546 5.57720061396374E+002 9.04764445182998E+002
1.6386236 5.21870534315084E+002 8.30072341709175E+002
1.7320075 4.88611422170406E+002 7.63192351241165E+002
1.8258543 4.57790509094442E+002 7.03167480859754E+002
1.9201186 4.29247741992392E+002 6.49170369023838E+002
2.0147601 4.02822379908180E+002 6.00485273314383E+002
2.1097440 3.78357097720097E+002 5.56491358052127E+002
2.2050388 3.55701364938960E+002 5.16650019247623E+002
2.3006174 3.34712715088417E+002 4.80492477135483E+002
2.3964555 3.15257811019367E+002 4.47610193652937E+002
2.4925310 2.97212882906678E+002 4.17646600063377E+002
2.5888248 2.80463358682901E+002 3.90289353366717E+002
2.6853193 2.64903917374570E+002 3.65264767929198E+002
2.7819988 2.50437762634264E+002 3.42332106858333E+002
2.8788497 2.36976232124620E+002 3.21279332974163E+002
2.9758588 2.24438320629959E+002 3.01919420788630E+002
3.0730149 2.12749889795827E+002 2.84086750553923E+002
3.1703074 2.01843346861794E+002 2.67634681877322E+002
3.2677268 1.91656905428799E+002 2.52432845404733E+002
3.3652646 1.82134189369344E+002 2.38365250914054E+002
3.4629133 1.73223687066972E+002 2.25328403756132E+002
3.5606650 1.64878477812056E+002 2.13230012358375E+002
3.6585133 1.57055571811779E+002 2.01987287070077E+002
3.7564523 1.49715711620520E+002 1.91526041466520E+002
3.8544764 1.42822989659231E+002 1.81779627608702E+002
3.9525810 1.36344510289821E+002 1.72688023847110E+002
4.0507604 1.30250231839503E+002 1.64197246297106E+002
4.1490108 1.24512528104607E+002 1.56258426287396E+002
4.2473280 1.19106084346644E+002 1.48827406466513E+002
4.3457083 1.14007657941926E+002 1.41864187269279E+002
4.4441489 1.09195868467300E+002 1.35332449896426E+002
4.5426454 1.04651118487522E+002 1.29199285561759E+002
4.6411954 1.00355302702334E+002 1.23434662134755E+002
4.7397961 9.62917623535621E+001 1.18011244367440E+002
4.8384450 9.24451362532760E+001 1.12904090830531E+002
4.9371399 8.88012304622920E+001 1.08090391537936E+002
5.0358779 8.53469841758955E+001 1.03549345231890E+002
5.1346571 8.20702726176613E+001 9.92618323269353E+001
5.2334756 7.89598932147866E+001 9.52103392641315E+001
5.3323316 7.60054713945960E+001 9.13787843810697E+001
5.4312238 7.31973782541400E+001 8.77523666599932E+001
5.5301496 7.05267205217670E+001 8.43175136575626E+001
5.6291079 6.79852031350731E+001 8.10616701204396E+001
5.7280973 6.55651314858631E+001 7.79732714060312E+001
5.8271164 6.32593504053242E+001 7.50416388886803E+001
5.9261644 6.10611908684232E+001 7.22568889109892E+001
6.0252392 5.89644721572855E+001 6.96099148374515E+001
6.1243401 5.69634032173105E+001 6.70922439907454E+001
6.2234659 5.50525923809102E+001 6.46960341067864E+001
6.3226158 5.32270067771431E+001 6.24140078959398E+001
6.4217891 5.14819368950982E+001 6.02393960090980E+001
6.5209840 4.98130044991815E+001 5.81659354803942E+001
6.6202001 4.82160898538199E+001 5.61877689732361E+001
6.7194366 4.66873443954001E+001 5.42994516822950E+001
6.8186927 4.52231629860982E+001 5.24959088351978E+001
6.9179682 4.38201597049683E+001 5.07723986341033E+001
7.0172613 4.24751780897892E+001 4.91245182914093E+001
7.1165720 4.11852361019267E+001 4.75481306158519E+001
7.2158999 3.99475336518493E+001 4.60393681594894E+001
7.3152432 3.87594620331247E+001 4.45946398538863E+001
7.4146030 3.76185291275425E+001 4.32105357182751E+001
7.5139770 3.65224331359761E+001 4.18839126574337E+001
7.6133666 3.54689655147385E+001 4.06117732331848E+001
7.7127702 3.44560760700969E+001 3.93913413954339E+001
7.8121865 3.34818313929464E+001 3.82200092492171E+001
7.9116168 3.25443809010627E+001 3.70952937597564E+001
8.0110589 3.16420137594686E+001 3.60149027956358E+001
8.1105143 3.07730805727615E+001 3.49766390451890E+001
8.2099815 2.99360482502537E+001 3.39784638313076E+001
8.3094593 2.91294670522100E+001 3.30184558305784E+001
8.4089492 2.83519435317259E+001 3.20947773444673E+001
8.5084489 2.76021887204869E+001 3.12057301473968E+001
8.6079599 2.68789541328449E+001 3.03496781184524E+001
8.7074812 2.61810781911704E+001 2.95251011126248E+001
8.8070112 2.55074596913510E+001 2.87305623280150E+001
8.9065517 2.48570359004061E+001 2.79646815088619E+001
9.0061006 2.42288235105130E+001 2.72261822831465E+001
9.1056593 2.36218657426086E+001 2.65138290115383E+001
9.2052267 2.30352718064334E+001 2.58264724164689E+001
9.3048016 2.24681952426425E+001 2.51630233567266E+001
9.4043856 2.19198159492744E+001 2.45224311781191E+001
9.5039766 2.13893751431705E+001 2.39037239794704E+001
9.6035763 2.08761311967569E+001 2.33059564540853E+001
9.7031836 2.03793933368561E+001 2.27282486984408E+001
9.8027972 1.98985037547185E+001 2.21697648334870E+001
9.9024188 1.94328226790889E+001 2.16296952607765E+001
10.0020464 1.89817583594376E+001 2.11072910561006E+001
10.1016817 1.85447298626346E+001 2.06018204417035E+001
10.2013235 1.81211959902716E+001 2.01126019446139E+001
10.3009707 1.77106403442680E+001 1.96389867513738E+001
10.4006251 1.73125587992727E+001 1.91803439832449E+001
10.5002846 1.69264853360238E+001 1.87360902052040E+001
10.5999509 1.65519604484796E+001 1.83056527664281E+001
10.6996230 1.61885560765828E+001 1.78884982644946E+001
10.7992996 1.58358630216884E+001 1.74841178223258E+001
10.8989827 1.54934803347325E+001 1.70920147358803E+001
10.9986702 1.51610376761988E+001 1.67117299078531E+001
11.0983637 1.48381682925453E+001 1.63428107192792E+001
11.1980623 1.45245306137122E+001 1.59848355794173E+001
11.2977649 1.42197975594360E+001 1.56374015224846E+001
11.3974732 1.39236474759144E+001 1.53001137467923E+001
11.4971853 1.36357835759189E+001 1.49726076355393E+001
11.5969029 1.33559106711468E+001 1.46545221301076E+001
11.6966250 1.30837539650373E+001 1.43455210019905E+001
11.7963505 1.28190498972201E+001 1.40452823142857E+001
11.8960812 1.25615383455636E+001 1.37534894880668E+001
11.9958151 1.23109796007289E+001 1.34698504529875E+001
12.0955540 1.20671342118534E+001 1.31940747193511E+001
12.1952970 1.18297794098044E+001 1.29258918925854E+001
12.2950428 1.15987012150687E+001 1.26650426505301E+001
12.3947934 1.13736876840015E+001 1.24112710569432E+001
12.4945468 1.11545437920300E+001 1.21643412877012E+001
12.5943047 1.09410738797902E+001 1.19240177680403E+001
12.6940662 1.07330960651560E+001 1.16900813567282E+001
12.7938302 1.05304353981167E+001 1.14623215678575E+001
12.8935986 1.03329179763183E+001 1.12405299130257E+001
12.9933693 1.01403840464079E+001 1.10245145705384E+001
13.0931443 9.95267263745754E+000 1.08140830825403E+001
13.1929224 9.76963425815916E+000 1.06090565608030E+001
13.2927027 9.59112492628510E+000 1.04092629395172E+001
13.3924871 9.41700101368578E+000 1.02145311736058E+001
13.4922734 9.24713082282927E+000 1.00247041549155E+001
13.5920637 9.08138107183650E+000 9.83962356242961E+000
13.6918568 8.91962812309405E+000 9.65914238084535E+000
13.7916517 8.76175274862694E+000 9.48311901445887E+000
13.8914504 8.60763559163892E+000 9.31141220379159E+000
13.9912508 8.45716743268007E+000 9.14389244132631E+000
14.0910548 8.31023725143805E+000 8.98042864442590E+000
14.1908615 8.16674219228941E+000 8.82089922867675E+000
14.2906697 8.02658295304413E+000 8.66518694629305E+000
14.3904813 7.88965977102649E+000 8.51317440984201E+000
14.4902944 7.75588155852809E+000 8.36475421825441E+000
14.5901109 7.62515531467961E+000 8.21981718200597E+000
14.6899298 7.49739500023244E+000 8.07826215321970E+000
14.7897500 7.37251745758956E+000 7.93999147780112E+000
14.8895734 7.25043884584420E+000 7.80490703568501E+000
14.9893980 7.13108279668791E+000 7.67291925371074E+000
15.0892259 7.01437098817670E+000 7.54393666006548E+000
15.1890558 6.90023107381156E+000 7.41787464051059E+000
15.2888878 6.78859200497377E+000 7.29465025174231E+000
15.3887200 6.67938714726962E+000 7.17418564913096E+000
15.4885562 6.57254590453505E+000 7.05639883648262E+000
15.5883943 6.46800612784524E+000 6.94121734300339E+000
15.6882343 6.36570565583859E+000 6.82856887930351E+000
15.7880763 6.26558434125330E+000 6.71838356343594E+000
15.8879183 6.16758582429970E+000 6.61059586100829E+000
15.9877640 6.07165002376159E+000 6.50513631812831E+000
16.0876115 5.97772428100171E+000 6.40194380971865E+000
16.1874608 5.88575577733992E+000 6.30095719003322E+000
16.2873119 5.79569335947886E+000 6.20211729315858E+000
16.3871628 5.70748914335581E+000 6.10536868412616E+000
16.4870172 5.62109176155513E+000 6.01065224600598E+000
16.5868734 5.53645640011695E+000 5.91791618207929E+000
16.6867312 5.45353798084298E+000 5.82710853029404E+000
16.7865905 5.37229280962919E+000 5.73817896564270E+000
16.8864496 5.29268003020011E+000 5.65108038422587E+000
16.9863121 5.21465553378904E+000 5.56576223550236E+000
17.0861762 5.13818102351117E+000 5.48218043355194E+000
17.1860417 5.06321786640732E+000 5.40029062516216E+000
17.2859087 4.98972858542086E+000 5.32004981770366E+000
17.3857753 4.91767817990291E+000 5.24141781523110E+000
17.4856452 4.84702861735085E+000 5.16435120335954E+000
17.5855166 4.77774704088350E+000 5.08881230220043E+000
17.6853893 4.70980020983294E+000 5.01476309442421E+000
17.7852633 4.64315585331483E+000 4.94216669903353E+000
17.8851368 4.57778387222847E+000 4.87098867611813E+000
17.9850136 4.51365134433908E+000 4.80119158542984E+000
18.0848916 4.45072997428725E+000 4.73274309468022E+000
18.1847709 4.38899105317479E+000 4.66561048768801E+000
18.2846515 4.32840668930292E+000 4.59976200171148E+000
18.3845314 4.26895090452917E+000 4.53516801534858E+000
18.4844144 4.21059509357950E+000 4.47179611318459E+000
18.5842986 4.15331480247414E+000 4.40961844730839E+000
18.6841841 4.09708514727415E+000 4.34860675709416E+000
18.7840706 4.04188193553648E+000 4.28873358542091E+000
18.8839565 3.98768266828514E+000 4.22997336237938E+000
18.9838453 3.93446240249757E+000 4.17229791780605E+000
19.0837353 3.88219993238335E+000 4.11568318055463E+000
19.1836263 3.83087361561785E+000 4.06010465101845E+000
19.2835185 3.78046239733128E+000 4.00553850957473E+000
19.3834098 3.73094672756821E+000 3.95196260718265E+000
19.4833041 3.68230478268731E+000 3.89935237554131E+000
19.5831994 3.63451811422350E+000 3.84768693739920E+000
19.6830957 3.58756783781633E+000 3.79694498094752E+000
19.7829930 3.54143557006580E+000 3.74710577212394E+000
19.8828894 3.49610427015934E+000 3.69815006182617E+000
19.9827887 3.45155478167899E+000 3.65005635011336E+000
20.0826889 3.40777100551595E+000 3.60280647129219E+000
20.1825901 3.36473641252955E+000 3.55638182607804E+000
20.2824922 3.32243490232746E+000 3.51076430793365E+000
20.3823934 3.28085157670559E+000 3.46593713544730E+000
20.4822973 3.23996956825033E+000 3.42188143265690E+000
20.5822022 3.19977478671823E+000 3.37858134452675E+000
20.6821079 3.16025272141705E+000 3.33602058850482E+000
20.7820145 3.12138922987054E+000 3.29418330381804E+000
20.8819201 3.08317124982020E+000 3.25305481654726E+000
20.9818284 3.04558388518866E+000 3.21261850296686E+000
21.0817375 3.00861476928844E+000 3.17286048408512E+000
21.1816475 2.97225112714819E+000 3.13376646310089E+000
21.2815583 2.93648050107395E+000 3.09532250549711E+000
21.3814680 2.90129140718381E+000 3.05751574346323E+000
21.4813803 2.86667065287864E+000 3.02033149325308E+000
21.5812935 2.83260735504265E+000 2.98375757151189E+000
21.6812074 2.79909023616361E+000 2.94778138929781E+000
21.7811221 2.76610829298212E+000 2.91239066988277E+000
21.8810357 2.73365140285308E+000 2.87757409840707E+000
21.9809519 2.70170784994880E+000 2.84331866778126E+000
22.0808688 2.67026803212727E+000 2.80961365440476E+000
22.1807864 2.63932196781256E+000 2.77644794298516E+000
22.2807048 2.60885991321241E+000 2.74381068814812E+000
22.3806219 2.57887292320933E+000 2.71169191454262E+000
22.4805416 2.54935056617838E+000 2.68008006884189E+000
22.5804621 2.52028434931600E+000 2.64896568804357E+000
22.6803832 2.49166541593708E+000 2.61833893238708E+000
22.7803050 2.46348511612206E+000 2.58819019617441E+000
22.8802255 2.43573552632465E+000 2.55851066296264E+000
22.9801486 2.40840733498601E+000 2.52929004383408E+000
23.0800723 2.38149301274790E+000 2.50051996764621E+000
23.1799967 2.35498468215099E+000 2.47219170199506E+000
23.2799217 2.32887464603324E+000 2.44429671803927E+000
23.3798454 2.30315586958925E+000 2.41682720490861E+000
23.4797716 2.27782002095972E+000 2.38977397667701E+000
23.5796984 2.25286040981991E+000 2.36312961061395E+000
23.6796259 2.22827001348560E+000 2.33688633843334E+000
23.7795539 2.20404196691302E+000 2.31103656938227E+000
23.8794806 2.18017001054816E+000 2.28557336754909E+000
23.9794098 2.15664667180948E+000 2.26048851193919E+000
24.0793395 2.13346599298397E+000 2.23577540589214E+000
24.1792698 2.11062169950700E+000 2.21142712284589E+000
24.2792007 2.08810765500164E+000 2.18743689148743E+000
24.3791302 2.06591827790718E+000 2.16379853925337E+000
24.4790621 2.04404685129217E+000 2.14050469162058E+000
24.5789946 2.02248805875108E+000 2.11754947333382E+000
24.6789277 2.00123628216182E+000 2.09492669464814E+000
24.7788612 1.98028602483939E+000 2.07263030193205E+000
24.8787934 1.95963229962609E+000 2.05065479031008E+000
24.9787279 1.93926905580150E+000 2.02899352977617E+000
25.0786630 1.91919153970925E+000 2.00764127667134E+000
25.1785986 1.89939471064152E+000 1.98659248788097E+000
25.2785347 1.87987363486348E+000 1.96584173992417E+000
25.3784693 1.86062384757600E+000 1.94538411338500E+000
25.4784064 1.84163988685723E+000 1.92521363476649E+000
25.5783439 1.82291749402195E+000 1.90532561472352E+000
25.6782819 1.80445213746386E+000 1.88571507901716E+000
25.7782204 1.78623938002625E+000 1.86637715880995E+000
25.8781574 1.76827521700805E+000 1.84730744926511E+000
25.9780968 1.75055470809924E+000 1.82850055720926E+000
26.0780366 1.73307403095352E+000 1.80995228092472E+000
26.1779769 1.71582910385884E+000 1.79165814782669E+000
26.2779176 1.69881592868143E+000 1.77361377840746E+000
26.3778568 1.68203090687327E+000 1.75581522114611E+000
26.4777984 1.66546956127035E+000 1.73825759706099E+000
26.5777404 1.64912845501499E+000 1.72093713436572E+000
26.6776829 1.63300390484222E+000 1.70384980385964E+000
26.7776257 1.61709230160448E+000 1.68699165871895E+000
26.8775671 1.60139040604975E+000 1.67035914765022E+000
26.9775108 1.58589415315332E+000 1.65394784830669E+000
27.0774549 1.57060044733616E+000 1.63775436878772E+000
27.1773994 1.55550595896552E+000 1.62177507263654E+000
27.2773442 1.54060742427268E+000 1.60600639645996E+000
27.3772876 1.52590192250290E+000 1.59044514307236E+000
27.4772333 1.51138575616202E+000 1.57508729654043E+000
27.5771793 1.49705613242134E+000 1.55992980133271E+000
27.6771257 1.48291003614943E+000 1.54496936961789E+000
27.7770725 1.46894451086207E+000 1.53020277850233E+000
27.8770178 1.45515691869535E+000 1.51562714474588E+000
27.9769653 1.44154389057940E+000 1.50123881489980E+000
28.0769132 1.42810290278190E+000 1.48703503187240E+000
28.1768615 1.41483122042599E+000 1.47301281792927E+000
28.2768101 1.40172616095726E+000 1.45916925316730E+000
28.3767572 1.38878533825767E+000 1.44550173323565E+000
28.4767065 1.37600567732035E+000 1.43200692865399E+000
28.5766562 1.36338489404777E+000 1.41868234763478E+000
28.6766062 1.35092050377848E+000 1.40552528881596E+000
28.7765565 1.33861006861843E+000 1.39253310243792E+000
28.8765053 1.32645142689370E+000 1.37970343237110E+000
28.9764563 1.31444176740107E+000 1.36703323925550E+000
29.0764077 1.30257901983104E+000 1.35452026759583E+000
29.1763593 1.29086092333214E+000 1.34216206281686E+000
29.2763113 1.27928525893099E+000 1.32995621647421E+000
29.3762617 1.26785006541464E+000 1.31790059377216E+000
29.4762144 1.25655276867909E+000 1.30599241565906E+000
29.5761673 1.24539148948027E+000 1.29422963747591E+000
29.6761206 1.23436416751699E+000 1.28261002542390E+000
29.7760741 1.22346878005387E+000 1.27113138701842E+000
29.8760261 1.21270354522819E+000 1.25979178517504E+000
29.9759803 1.20206610241883E+000 1.24858867483676E+000
30.0759347 1.19155474343097E+000 1.23752019979873E+000
30.1758895 1.18116758798343E+000 1.22658432412341E+000
30.2758445 1.17090278955009E+000 1.21577904893872E+000
30.3757980 1.16075872699936E+000 1.20510261407516E+000
30.4757536 1.15073323226540E+000 1.19455268519610E+000
30.5757095 1.14082475053634E+000 1.18412757483176E+000
30.6756657 1.13103156339441E+000 1.17382542467685E+000
30.7756221 1.12135198280279E+000 1.16364440973629E+000
30.8755770 1.11178453190830E+000 1.15358292841123E+000
30.9755340 1.10232721661911E+000 1.14363883645777E+000
31.0754913 1.09297861988447E+000 1.13381059773469E+000
31.1754469 1.08373734431628E+000 1.12409669787890E+000
31.2754067 1.07460131889795E+000 1.11449491570109E+000
31.3753629 1.06556972225160E+000 1.10500434456914E+000
31.4753231 1.05664037313500E+000 1.09562264990554E+000
31.5752798 1.04781248644227E+000 1.08634896522112E+000
31.6752368 1.03908427854121E+000 1.07718137597391E+000
31.7751978 1.03045400573813E+000 1.06811801084616E+000
31.8751552 1.02192093430321E+000 1.05915806017695E+000
31.9751168 1.01348304473030E+000 1.05029936511393E+000
32.0750747 1.00513963563362E+000 1.04154115175355E+000
32.1750329 9.96889061050326E-001 1.03288165544713E+000
32.2749952 9.88729711543753E-001 1.02431915102212E+000
32.3749539 9.80660931566213E-001 1.01585291522437E+000
32.4749166 9.72680848888979E-001 1.00748094899176E+000
32.5748758 9.64788836837738E-001 9.99202560958005E-001
32.6748352 9.56983374511487E-001 9.91016122452105E-001
32.7747986 9.49262974464849E-001 9.82920040911839E-001
32.8747585 9.41627050964639E-001 9.74913670164386E-001
32.9747223 9.34073866097205E-001 9.66995156674784E-001
33.0746827 9.26602859931584E-001 9.59163882738694E-001
33.1746432 9.19212625344973E-001 9.51418343227920E-001
33.2746078 9.11901785902423E-001 9.43757066092465E-001
33.3745687 9.04669818277731E-001 9.36179473996585E-001
33.4745337 8.97515107231507E-001 9.28683846143475E-001
33.5744951 8.90437152518264E-001 9.21269630639769E-001
33.6744568 8.83434650677703E-001 9.13935434769326E-001
33.7744224 8.76506326438402E-001 9.06679896162048E-001
33.8743844 8.69651712314273E-001 8.99502499020158E-001
33.9743505 8.62869305268895E-001 8.92401643798239E-001
34.0743130 8.56158658481880E-001 8.85376837459006E-001
34.1742756 8.49518563072087E-001 8.78426789718342E-001
34.2742423 8.42947836087331E-001 8.71550238170985E-001
34.3742054 8.36446060052075E-001 8.64746722085693E-001
34.4741725 8.30011834698397E-001 8.58014752834191E-001
34.5741359 8.23644761070584E-001 8.51353890065639E-001
34.6740996 8.17343716697406E-001 8.44762936965151E-001
34.7740673 8.11107602989670E-001 8.38240722365213E-001
34.8740313 8.04936047300525E-001 8.31786834855670E-001
34.9739994 7.98827743616956E-001 8.25399887413105E-001
35.0739638 7.92782335902753E-001 8.19079486892706E-001
35.1739284 7.86798780738182E-001 8.12824521886895E-001
35.2738971 7.80876056728749E-001 8.06633904614016E-001
35.3738621 7.75013831444312E-001 8.00507267877405E-001
35.4738310 7.69210885432435E-001 7.94443317853969E-001
35.5737964 7.63466901172923E-001 7.88441703730438E-001
35.6737620 7.57780907659580E-001 7.82501392243816E-001
35.7737315 7.52151954224602E-001 7.76621371923060E-001
35.8736974 7.46579744544779E-001 7.70801315238679E-001
35.9736673 7.41063138764041E-001 7.65040013971098E-001
36.0736335 7.35601853952339E-001 7.59337155297621E-001
36.1735999 7.30194985520242E-001 7.53691777547305E-001
36.2735704 7.24841647682069E-001 7.48102939174834E-001
36.3735371 7.19541576554943E-001 7.42570348266225E-001
36.4735079 7.14293705566684E-001 7.37092875328543E-001
36.5734750 7.09097782873255E-001 7.31670241659165E-001
36.6734423 7.03952964876802E-001 7.26301551258835E-001
36.7734135 6.98858425385090E-001 7.20985926737734E-001
36.8733811 6.93813929680645E-001 7.15723108182308E-001
36.9733527 6.88818478745394E-001 7.10512038592100E-001
37.0733206 6.83871848690109E-001 7.05352469929538E-001
37.1732887 6.78973251993641E-001 7.00243566510280E-001
37.2732608 6.74121917264965E-001 6.95184509877924E-001
37.3732292 6.69317636023713E-001 6.90175068890135E-001
37.4732015 6.64559471597905E-001 6.85214253379492E-001
37.5731702 6.59847225252146E-001 6.80301842885875E-001
37.6731391 6.55180161083440E-001 6.75437057186349E-001
37.7731119 6.50557558153761E-001 6.70619132025424E-001
37.8730811 6.45979231598721E-001 6.65847862144318E-001
37.9730543 6.41444302352364E-001 6.61122319063895E-001
38.0730237 6.36952594324935E-001 6.56442307139276E-001
38.1729934 6.32503419181694E-001 6.51807097205488E-001
38.2729669 6.28096102487122E-001 6.47215974913403E-001
38.3729369 6.23730480644265E-001 6.42668758302810E-001
38.4729107 6.19405727873392E-001 6.38164575899766E-001
38.5728809 6.15121688482135E-001 6.33703254400950E-001
38.6728513 6.10877718020595E-001 6.29284111699007E-001
38.7728256 6.06673184962052E-001 6.24906479448946E-001
38.8727962 6.02507944870598E-001 6.20570196672775E-001
38.9727708 5.98381221310949E-001 6.16274444633333E-001
39.0727417 5.94292876970930E-001 6.12019070151351E-001
39.1727127 5.90242307931205E-001 6.07803434538304E-001
39.2726877 5.86228922300634E-001 6.03626911903098E-001
39.3726590 5.82252592913398E-001 5.99489360172286E-001
39.4726343 5.78312589077350E-001 5.95390009450109E-001
39.5726059 5.74408790048966E-001 5.91328724691594E-001
39.6725776 5.70540629381195E-001 5.87304907313002E-001
39.7725533 5.66707551833549E-001 5.83317970643118E-001
39.8725252 5.62909445811198E-001 5.79367789647711E-001
39.9725012 5.59145623070928E-001 5.75453639713081E-001
40.0724734 5.55415977809541E-001 5.71575402141500E-001
40.1724458 5.51719978260571E-001 5.67732515432064E-001
40.2724221 5.48057103108927E-001 5.63924429183908E-001
40.3723947 5.44427254802748E-001 5.60151033725828E-001
40.4723712 5.40829784530884E-001 5.56411646469954E-001
40.5723441 5.37264599965607E-001 5.52706163459390E-001
40.6723171 5.33731201469702E-001 5.49034057517200E-001
40.7722940 5.30229099162432E-001 5.45394811819618E-001
40.8722673 5.26758208159584E-001 5.41788330550931E-001
40.9722444 5.23317916316034E-001 5.38213970166672E-001
41.0722179 5.19908143460630E-001 5.34671640005521E-001
41.1721915 5.16528419751109E-001 5.31160844692887E-001
41.2721690 5.13178284461549E-001 5.27681098520031E-001
41.3721428 5.09857664136536E-001 5.24232318169764E-001
41.4721206 5.06565980758041E-001 5.20813896406230E-001
41.5720946 5.03303165123095E-001 5.17425754562353E-001
41.6720688 5.00068775046286E-001 5.14067426758513E-001
41.7720469 4.96862376868223E-001 5.10738456147710E-001
41.8720213 4.93683907445512E-001 5.07438770688878E-001
41.9719996 4.90532820554191E-001 5.04167796944233E-001
42.0719743 4.87409056887872E-001 5.00925467068303E-001
42.1719490 4.84312199957487E-001 4.97711342562758E-001
42.2719276 4.81241841255026E-001 4.94524993377874E-001
42.3719026 4.78197926941655E-001 4.91366357646685E-001
42.4718815 4.75179940441356E-001 4.88234893422280E-001
42.5718566 4.72187831377344E-001 4.85130542623326E-001
42.6718319 4.69221207157324E-001 4.82052892194457E-001
42.7718111 4.66279682666449E-001 4.79001536989704E-001
42.8717866 4.63363212460972E-001 4.75976424321999E-001
42.9717660 4.60471307636560E-001 4.72977041612706E-001
43.0717417 4.57603925872867E-001 4.70003339590345E-001
43.1717175 4.54760696820818E-001 4.67054928863111E-001
43.2716972 4.51941257142921E-001 4.64131427450245E-001
43.3716732 4.49145568968964E-001 4.61232790947019E-001
43.4716531 4.46373169244583E-001 4.58358534188254E-001
43.5716293 4.43624022916922E-001 4.55508615850585E-001
43.6716056 4.40897780359203E-001 4.52682668570561E-001
43.7715858 4.38194098524855E-001 4.49880331934739E-001
43.8715623 4.35512946374606E-001 4.47101569009889E-001
43.9715428 4.32853885023132E-001 4.44345920242156E-001
44.0715195 4.30216885971765E-001 4.41613351477609E-001
44.1714963 4.27601618915708E-001 4.38903515876954E-001
44.2714770 4.25007759730550E-001 4.36216073123946E-001
44.3714539 4.22435283536338E-001 4.33550993023916E-001
44.4714348 4.19883774064232E-001 4.30907839971274E-001
44.5714120 4.17353208724485E-001 4.28286586277488E-001
44.6713893 4.14843275243759E-001 4.25686904242353E-001
44.7713704 4.12353667158177E-001 4.23108472292948E-001
44.8713479 4.09884365139337E-001 4.20551266310234E-001
44.9713293 4.07434974099532E-001 4.18014873100699E-001
45.0713069 4.05005476773889E-001 4.15499270804276E-001
45.1712846 4.02595577730064E-001 4.13004149583255E-001
45.2712662 4.00204987000744E-001 4.10529205360005E-001
45.3712441 3.97833690258804E-001 4.08074419491197E-001
45.4712259 3.95481312269427E-001 4.05639399775011E-001
45.5712040 3.93147840563712E-001 4.03224129603331E-001
45.6711822 3.90832995451129E-001 4.00828315823202E-001
45.7711643 3.88536502386058E-001 3.98451670700739E-001
45.8711426 3.86258351544194E-001 3.96094180525125E-001
45.9711248 3.83998186313349E-001 3.93755472771716E-001
46.0711034 3.81755998541411E-001 3.91435535562240E-001
46.1710820 3.79531523263839E-001 3.89134091340955E-001
46.2710644 3.77324500363218E-001 3.86850867654221E-001
46.3710432 3.75134924066340E-001 3.84585855231671E-001
46.4710259 3.72962455243116E-001 3.82338700008162E-001
46.5710048 3.70807089623888E-001 3.80109394362223E-001
46.6709838 3.68668576030486E-001 3.77897675330164E-001
46.7709667 3.66546667854617E-001 3.75703284755510E-001
46.8709459 3.64441362964621E-001 3.73526217362397E-001
46.9709290 3.62352338654245E-001 3.71366136416219E-001
47.0709083 3.60279594142440E-001 3.69223038123519E-001
47.1708877 3.58222891167516E-001 3.67096673182809E-001
47.2708710 3.56181995779316E-001 3.64986796825242E-001
47.3708506 3.54156909116280E-001 3.62893407365138E-001
47.4708341 3.52147323913201E-001 3.60816184350783E-001
47.5708138 3.50153242520385E-001 3.58755127427912E-001
47.6707936 3.48174438786597E-001 3.56710000096314E-001
47.7707773 3.46210690631209E-001 3.54680570132539E-001
47.8707573 3.44262002125752E-001 3.52666839074375E-001
47.9707411 3.42328080532599E-001 3.50668501779982E-001
48.0707212 3.40408931009241E-001 3.48685560981582E-001
48.1707014 3.38504338767425E-001 3.46717792182443E-001
48.2706855 3.36614092864640E-001 3.44764974923950E-001
48.3706658 3.34738199999650E-001 3.42827113634633E-001
48.4706500 3.32876381112680E-001 3.40903917578057E-001
48.5706305 3.31028643874162E-001 3.38995392252882E-001
48.6706110 3.29194784165084E-001 3.37101324425947E-001
48.7705955 3.27374601502133E-001 3.35221504679449E-001
48.8705762 3.25568104933649E-001 3.33355940030684E-001
48.9705608 3.23775028286622E-001 3.31504353307193E-001
49.0705416 3.21995381477284E-001 3.29666752483557E-001
49.1705225 3.20228970411470E-001 3.27842934903404E-001
49.2705073 3.18475604434375E-001 3.26032701517627E-001
49.3704883 3.16735294691787E-001 3.24236061658152E-001
49.4704733 3.15007787160396E-001 3.22452750933053E-001
49.5704545 3.13293093759637E-001 3.20682779529081E-001
49.6704357 3.11591029821175E-001 3.18925954728667E-001
49.7704208 3.09901413932350E-001 3.17182087226966E-001
49.8704022 3.08224259107422E-001 3.15451188421603E-001
49.9703875 3.06559322785502E-001 3.13733005971181E-001
50.0703690 3.04906618668895E-001 3.12027552035099E-001
50.1703506 3.03265970957815E-001 3.10334643241471E-001
50.2703361 3.01637206936185E-001 3.08654099449125E-001
50.3703178 3.00020341278752E-001 3.06985933895310E-001
50.4703034 2.98415142245708E-001 3.05329905608398E-001
50.5702853 2.96821625122083E-001 3.03686028502898E-001
50.6702672 2.95239622457796E-001 3.02054128000765E-001
50.7702530 2.93668969725378E-001 3.00434032584265E-001
50.8702350 2.92109683071112E-001 2.98825757124913E-001
50.9702209 2.90561540977359E-001 2.97229071385550E-001
51.0702031 2.89024560130045E-001 2.95643990838176E-001
51.1701853 2.87498580945390E-001 2.94070349184777E-001
51.2701714 2.85983446611181E-001 2.92507983027982E-001
51.3701538 2.84479174573588E-001 2.90956908687024E-001
51.4701400 2.82985552977431E-001 2.89416906065879E-001
51.5701225 2.81502599744339E-001 2.87887992014515E-001
51.6701050 2.80030162706107E-001 2.86370008036181E-001
51.7700914 2.78568092324390E-001 2.84862798385059E-001
51.8700741 2.77116407189296E-001 2.83366380658626E-001
51.9700606 2.75674904584654E-001 2.81880544347450E-001
52.0700434 2.74243603517725E-001 2.80405307516375E-001
52.1700263 2.72822358815323E-001 2.78940519023471E-001
52.2700130 2.71411027801083E-001 2.77486030337283E-001
52.3699959 2.70009630067373E-001 2.76041860179557E-001
52.4699827 2.68617971547158E-001 2.74607807108803E-001
52.5699658 2.67236072196990E-001 2.73183890256567E-001
52.6699489 2.65863793446023E-001 2.71769965419158E-001
52.7699359 2.64500999095251E-001 2.70365890871473E-001
52.8699192 2.63147709610605E-001 2.68971686319659E-001
52.9699063 2.61803739115400E-001 2.67587158904727E-001
53.0698897 2.60469108391639E-001 2.66212328690329E-001
53.1698731 2.59143685103915E-001 2.64847058022003E-001
53.2698603 2.57827339171163E-001 2.63491211599971E-001
53.3698439 2.56520091815984E-001 2.62144809987718E-001
53.4698313 2.55221764922098E-001 2.60807668454106E-001
53.5698149 2.53932379984483E-001 2.59479807872626E-001
53.6697986 2.52651810560117E-001 2.58161096774548E-001
53.7697861 2.51379932349796E-001 2.56851405929333E-001
53.8697699 2.50116767226638E-001 2.55550756642403E-001
53.9697576 2.48862144431573E-001 2.54258971884356E-001
54.0697415 2.47616086070426E-001 2.52976073227488E-001
54.1697254 2.46378471271593E-001 2.51701935048903E-001
54.2697133 2.45149181203258E-001 2.50436433854303E-001
54.3696973 2.43928238292684E-001 2.49179591586260E-001
54.4696852 2.42715478759657E-001 2.47931238517473E-001
54.5696694 2.41510925228140E-001 2.46691396818226E-001
54.6696536 2.40314462097453E-001 2.45459946393417E-001
54.7696417 2.39125975708719E-001 2.44236769173383E-001
54.8696260 2.37945488955882E-001 2.43021887642711E-001
54.9696142 2.36772844682313E-001 2.41815139001164E-001
55.0695986 2.35608065945985E-001 2.40616545925500E-001
55.1695831 2.34451042135629E-001 2.39425993550632E-001
55.2695714 2.33301664489434E-001 2.38243368939743E-001
55.3695560 2.32159956288679E-001 2.37068695033107E-001
55.4695444 2.31025766666509E-001 2.35901815605357E-001
55.5695291 2.29899119038601E-001 2.34742753756692E-001
55.6695138 2.28779907519203E-001 2.33591399573051E-001
55.7695023 2.27668027984935E-001 2.32447644977062E-001
55.8694872 2.26563504032462E-001 2.31311513286368E-001
55.9694758 2.25466190770865E-001 2.30182854519541E-001
56.0694607 2.24376111904349E-001 2.29061692124903E-001
56.1694457 2.23293166025140E-001 2.27947920877875E-001
56.2694345 2.22217253405673E-001 2.26841437304192E-001
56.3694196 2.21148397892794E-001 2.25742265027858E-001
56.4694085 2.20086460276278E-001 2.24650260000224E-001
56.5693936 2.19031464486178E-001 2.23565445949468E-001
56.6693788 2.17983313360373E-001 2.22487722095138E-001
56.7693678 2.16941911339376E-001 2.21416989325598E-001
56.8693531 2.15907282461154E-001 2.20353271506862E-001
56.9693423 2.14879292918272E-001 2.19296430230322E-001
57.0693276 2.13857966809878E-001 2.18246489442156E-001
57.1693130 2.12843211001311E-001 2.17203352575748E-001
57.2693023 2.11834933887279E-001 2.16166924656345E-001
57.3692878 2.10833159643414E-001 2.15137229733696E-001
57.4692772 2.09837759603325E-001 2.14114134763659E-001
57.5692628 2.08848757983913E-001 2.13097663854417E-001
57.6692484 2.07866065472949E-001 2.12087724436892E-001
57.7692379 2.06889594218321E-001 2.11084225461177E-001
57.8692236 2.05919368485004E-001 2.10087191108027E-001
57.9692132 2.04955264500978E-001 2.09096493438192E-001
58.0691990 2.03997306554482E-001 2.08112156671207E-001
58.1691849 2.03045408962952E-001 2.07134092032267E-001
58.2691746 2.02099487438443E-001 2.06162212197035E-001
58.3691605 2.01159566291615E-001 2.05196541429591E-001
58.4691503 2.00225526412223E-001 2.04236956650943E-001
58.5691363 1.99297392117943E-001 2.03283482146199E-001
58.6691224 1.98375081174515E-001 2.02336032743699E-001
58.7691123 1.97458512680337E-001 2.01394524657279E-001
58.8690985 1.96547710952355E-001 2.00458982191280E-001
58.9690885 1.95642561322663E-001 1.99529286896282E-001
59.0690747 1.94743088100572E-001 1.98605463081628E-001
59.1690610 1.93849212329422E-001 1.97687428998992E-001
59.2690511 1.92960856326551E-001 1.96775104224054E-001
59.3690374 1.92078044379689E-001 1.95868513062567E-001
59.4690277 1.91200666056120E-001 1.94967541477023E-001
59.5690141 1.90328745622751E-001 1.94072213763731E-001
59.6690006 1.89462207239744E-001 1.93182451428421E-001
59.7689909 1.88600976285707E-001 1.92298177242627E-001
59.8689774 1.87745076987200E-001 1.91419415478505E-001
59.9689678 1.86894402951057E-001 1.90546056304980E-001
60.0689545 1.86048978371159E-001 1.89678123971764E-001
60.1689411 1.85208730372994E-001 1.88815543079211E-001
60.2689316 1.84373587247848E-001 1.87958239438347E-001
60.3689184 1.83543573132407E-001 1.87106237256236E-001
60.4689090 1.82718585488171E-001 1.86259430714154E-001
60.5688958 1.81898648408513E-001 1.85417843985037E-001
60.6688827 1.81083691841404E-001 1.84581404613615E-001
60.7688734 1.80273646850707E-001 1.83750041303047E-001
60.8688603 1.79468537457487E-001 1.82923778167011E-001
60.9688511 1.78668264803119E-001 1.82102513215722E-001
61.0688381 1.77872852855828E-001 1.81286270518247E-001
61.1688251 1.77082234251335E-001 1.80474980422032E-001
61.2688160 1.76296342693902E-001 1.79668574383411E-001
61.3688031 1.75515202065939E-001 1.78867076397312E-001
61.4687941 1.74738717023342E-001 1.78070388129464E-001
61.5687813 1.73966911387168E-001 1.77278533520801E-001
61.6687685 1.73199720353717E-001 1.76491445587840E-001
61.7687596 1.72437080142900E-001 1.75709058408993E-001
61.8687469 1.71679014477901E-001 1.74931395837747E-001
61.9687381 1.70925431372648E-001 1.74158363031285E-001
62.0687254 1.70176354481388E-001 1.73389983780714E-001
62.1687128 1.69431721440918E-001 1.72626193645487E-001
62.2687041 1.68691470868987E-001 1.71866929202347E-001
62.3686916 1.67955626311239E-001 1.71112214143085E-001
62.4686829 1.67224098991457E-001 1.70361956961059E-001
62.5686704 1.66496912379607E-001 1.69616181278214E-001
62.6686580 1.65774006439540E-001 1.68874825077815E-001
62.7686494 1.65055322075530E-001 1.68137827318073E-001
62.8686371 1.64340882639430E-001 1.67405211511059E-001
62.9686286 1.63630602424496E-001 1.66676889339261E-001
63.0686163 1.62924504700937E-001 1.65952884238274E-001
63.1686040 1.62222531652419E-001 1.65233136502633E-001
63.2685918 1.61524652909182E-001 1.64517614576796E-001
63.3685872 1.60830785590769E-001 1.63806233075725E-001
63.4685751 1.60141005731359E-001 1.63099069544689E-001
63.5685630 1.59455230672543E-001 1.62396038835157E-001
63.6685509 1.58773431106576E-001 1.61697110502329E-001
63.7685388 1.58095577984374E-001 1.61002254371880E-001
63.8685344 1.57421591243589E-001 1.60311387984894E-001
63.9685224 1.56751545178603E-001 1.59624587109136E-001
64.0685105 1.56085359933368E-001 1.58941769505465E-001
64.1684986 1.55423007467050E-001 1.58262906053697E-001
64.2684867 1.54764459984427E-001 1.57587967890396E-001
64.3684824 1.54109640121033E-001 1.56916875356976E-001
64.4684706 1.53458620475103E-001 1.56249702488130E-001
64.5684588 1.52811323873792E-001 1.55586369829452E-001
64.6684470 1.52167723479461E-001 1.54926849518330E-001
64.7684353 1.51527792687789E-001 1.54271113935962E-001
64.8684312 1.50891456718090E-001 1.53619086104761E-001
64.9684195 1.50258786515165E-001 1.52970838369846E-001
65.0684079 1.49629707476259E-001 1.52326293943272E-001
65.1683963 1.49004193906866E-001 1.51685426156814E-001
65.2683847 1.48382220334200E-001 1.51048208573865E-001
65.3683808 1.47763714453023E-001 1.50414566784578E-001
65.4683692 1.47148745596462E-001 1.49784571487059E-001
65.5683578 1.46537241624441E-001 1.49158148447545E-001
65.6683463 1.45929177928935E-001 1.48535272132633E-001
65.7683349 1.45324530112699E-001 1.47915917229032E-001
65.8683311 1.44723228243037E-001 1.47300011787098E-001
65.9683197 1.44125340082215E-001 1.46687624899533E-001
66.0683084 1.43530795850790E-001 1.46078684780134E-001
66.1682971 1.42939571973764E-001 1.45473166974129E-001
66.2682858 1.42351645076590E-001 1.44871047236007E-001
66.3682821 1.41766947501322E-001 1.44272255974171E-001
66.4682709 1.41185545479233E-001 1.43676860716583E-001
66.5682597 1.40607371494520E-001 1.43084792023295E-001
66.6682485 1.40032402954749E-001 1.42496026465143E-001
66.7682374 1.39460617458188E-001 1.41910540811988E-001
66.8682339 1.38891949528673E-001 1.41328267733193E-001
66.9682228 1.38326463905401E-001 1.40749273231700E-001
67.0682118 1.37764095243983E-001 1.40173490117516E-001
67.1682007 1.37204821886894E-001 1.39600895937039E-001
67.2681897 1.36648622358103E-001 1.39031468426016E-001
67.3681864 1.36095433274800E-001 1.38465142422469E-001
67.4681754 1.35545317922095E-001 1.37901982443092E-001
67.5681645 1.34998213039275E-001 1.37341923456282E-001
67.6681536 1.34454097858701E-001 1.36784943936722E-001
67.7681428 1.33912951785528E-001 1.36231022539313E-001
67.8681396 1.33374713446166E-001 1.35680096182939E-001
67.9681288 1.32839444708683E-001 1.35132227935882E-001
68.0681180 1.32307084312554E-001 1.34587354837818E-001
68.1681072 1.31777612337474E-001 1.34045456247056E-001
68.2680965 1.31251009027701E-001 1.33506511693484E-001
68.3680934 1.30727214938778E-001 1.32970460093310E-001
68.4680827 1.30206290557864E-001 1.32437363103312E-001
68.5680721 1.29688176545131E-001 1.31907159751540E-001
68.6680615 1.29172853787369E-001 1.31379830237710E-001
68.7680509 1.28660303328153E-001 1.30855354924956E-001
68.8680479 1.28150467575889E-001 1.30333674647281E-001
68.9680374 1.27643405672051E-001 1.29814849685949E-001
69.0680269 1.27139060121799E-001 1.29298820978449E-001
69.1680164 1.26637412580960E-001 1.28785569525988E-001
69.2680059 1.26138444854780E-001 1.28275076485467E-001
69.3680031 1.25642101131876E-001 1.27767284532947E-001
69.4679927 1.25148439242362E-001 1.27262252609264E-001
69.5679823 1.24657403464250E-001 1.26759923486163E-001
69.6679719 1.24168976186387E-001 1.26260278928577E-001
69.7679615 1.23683139940069E-001 1.25763300849829E-001
69.8679589 1.23199840624878E-001 1.25268933695886E-001
69.9679486 1.22719134793016E-001 1.24777235101342E-001
70.0679383 1.22240968426589E-001 1.24288149600563E-001
70.1679281 1.21765324613365E-001 1.23801659686471E-001
70.2679178 1.21292186576969E-001 1.23317747993465E-001
70.3679153 1.20821501861930E-001 1.22836360668648E-001
70.4679051 1.20353325775115E-001 1.22357554073687E-001
70.5678949 1.19887605937159E-001 1.21881274437277E-001
70.6678848 1.19424326102468E-001 1.21407504946500E-001
70.7678747 1.18963470155048E-001 1.20936228923366E-001
70.8678723 1.18504987221412E-001 1.20467394150548E-001
70.9678622 1.18048931394824E-001 1.20001055749231E-001
71.0678522 1.17595251871904E-001 1.19537161577323E-001
71.1678422 1.17143933043104E-001 1.19075695484024E-001
71.2678322 1.16694959422552E-001 1.18616641447259E-001
71.3678299 1.16248281658668E-001 1.18159948822732E-001
71.4678200 1.15803952662004E-001 1.17705671522747E-001
71.5678100 1.15361923145488E-001 1.17253758972303E-001
71.6678002 1.14922178106623E-001 1.16804195652362E-001
71.7677903 1.14484702660977E-001 1.16356966166735E-001
71.8677881 1.14049448921540E-001 1.15912021384483E-001
71.9677783 1.13616468646224E-001 1.15469414039796E-001
72.0677685 1.13185714007293E-001 1.15029095065485E-001
72.1677587 1.12757170581818E-001 1.14591049545501E-001
72.2677489 1.12330824059611E-001 1.14155262681076E-001
72.3677468 1.11906627963477E-001 1.13721686797671E-001
72.4677371 1.11484632927972E-001 1.13290373481315E-001
72.5677275 1.11064792530283E-001 1.12861275116033E-001
72.6677178 1.10647092900983E-001 1.12434377361493E-001
72.7677082 1.10231520278332E-001 1.12009665989354E-001
72.8677062 1.09818029542660E-001 1.11587094727091E-001
72.9676966 1.09406670233652E-001 1.11166714041726E-001
73.0676870 1.08997397281450E-001 1.10748477714454E-001
73.1676774 1.08590197345395E-001 1.10332371954784E-001
73.2676679 1.08185057187720E-001 1.09918383079201E-001
73.3676660 1.07781932996312E-001 1.09506466165246E-001
73.4676565 1.07380873243713E-001 1.09096670589306E-001
73.5676471 1.06981834163352E-001 1.08688951478114E-001
73.6676376 1.06584802919862E-001 1.08283295566472E-001
73.7676282 1.06189766776222E-001 1.07879689691400E-001
73.8676264 1.05796683180114E-001 1.07478090230862E-001
73.9676171 1.05405599563916E-001 1.07078545498223E-001
74.0676077 1.05016473416862E-001 1.06681011916409E-001
74.1675984 1.04629292386594E-001 1.06285476722214E-001
74.2675890 1.04244044214779E-001 1.05891927250140E-001
74.3675874 1.03860687563226E-001 1.05500321131118E-001
74.4675781 1.03479268850399E-001 1.05110705642360E-001
74.5675688 1.03099746775932E-001 1.04723038455810E-001
74.6675596 1.02722109449309E-001 1.04337307288137E-001
74.7675504 1.02346345069934E-001 1.03953499949424E-001
74.8675488 1.01972413470068E-001 1.03571575278202E-001
74.9675396 1.01600360079792E-001 1.03191579541666E-001
75.0675305 1.01230144765709E-001 1.02813471615668E-001
75.1675213 1.00861756079035E-001 1.02437239675737E-001
75.2675122 1.00495182657006E-001 1.02062871986744E-001
75.3675108 1.00130385460539E-001 1.01690328551417E-001
75.4675017 9.97674089561787E-002 1.01319654652367E-001
75.5674926 9.94062141359295E-002 1.00950810326193E-001
75.6674836 9.90467899736287E-002 1.00583784187323E-001
75.7674746 9.86891255254272E-002 1.00218564935656E-001
75.8674732 9.83331828408957E-002 9.98551136965905E-002
75.9674642 9.79790054472075E-002 9.94934747928899E-002
76.0674553 9.76265554219818E-002 9.91336093806012E-002
76.1674463 9.72758221435082E-002 9.87755064940780E-002
76.2674374 9.69267950688644E-002 9.84191552494643E-002
76.3674361 9.65794372979781E-002 9.80645178550810E-002
76.4674273 9.62337914421550E-002 9.77116376979082E-002
76.5674184 9.58898206265322E-002 9.73604770139043E-002
76.6674096 9.55475146165722E-002 9.70110252393106E-002
76.7674007 9.52068632531720E-002 9.66632718886582E-002
76.8673996 9.48678306499377E-002 9.63171802151327E-002
76.9673908 9.45304585251688E-002 9.59727926933369E-002
77.0673820 9.41947110150287E-002 9.56300726012811E-002
77.1673732 9.38605782557148E-002 9.52890097599389E-002
77.2673645 9.35280504556686E-002 9.49495940652447E-002
77.3673634 9.31970927070339E-002 9.46117897787972E-002
77.4673547 9.28677458573405E-002 9.42756384855880E-002
77.5673461 9.25399750188129E-002 9.39411044694145E-002
77.6673374 9.22137706827411E-002 9.36081779196616E-002
77.7673288 9.18891234096226E-002 9.32768490975076E-002
77.8673278 9.15659992364626E-002 9.29470832380415E-002
77.9673192 9.12444381616478E-002 9.26189210587868E-002
78.0673106 9.09244062399521E-002 9.22923278145784E-002
78.1673020 9.06058943028682E-002 9.19672940476817E-002
78.2672935 9.02888932482042E-002 9.16438103691391E-002
78.3672925 8.99733700255439E-002 9.13218429540609E-002
78.4672840 8.96593638051649E-002 9.10014316740385E-002
78.5672755 8.93468415522616E-002 9.06825427216384E-002
78.6672671 8.90357944243499E-002 9.03651669772202E-002
78.7672586 8.87262136425083E-002 9.00492953870500E-002
78.8672578 8.84180670379418E-002 8.97348950341731E-002
78.9672493 8.81113929732766E-002 8.94220049651948E-002
79.0672409 8.78061592933141E-002 8.91105922784795E-002
79.1672325 8.75023574680890E-002 8.88006481784020E-002
79.2672242 8.71999790285751E-002 8.84921639325091E-002
79.3672234 8.68989926579041E-002 8.81851075010117E-002
79.4672151 8.65994359309476E-002 8.78795171259011E-002
79.5672068 8.63012775425545E-002 8.75753607807125E-002
79.6671985 8.60045092624108E-002 8.72726299804251E-002
79.7671902 8.57091229186414E-002 8.69713163005848E-002
79.8671895 8.54150880178138E-002 8.66713885490527E-002
79.9671813 8.51224413663953E-002 8.63728841830192E-002
80.0671730 8.48311524809174E-002 8.60757720218084E-002
80.1671648 8.45412134184539E-002 8.57800438782257E-002
80.2671566 8.42526162921345E-002 8.54856916231604E-002
80.3671560 8.39653314046166E-002 8.51926848838026E-002
80.4671478 8.36793948127842E-002 8.49010603518117E-002
80.5671397 8.33947768276246E-002 8.46107876641056E-002
80.6671315 8.31114697819075E-002 8.43218589191362E-002
80.7671234 8.28294660621870E-002 8.40342662710735E-002
80.8671229 8.25487367409577E-002 8.37479801392538E-002
80.9671148 8.22693171438252E-002 8.34630364685474E-002
81.0671067 8.19911783500904E-002 8.31794056864005E-002
81.1670987 8.17143129570703E-002 8.28970801653006E-002
81.2670906 8.14387136136990E-002 8.26160523311964E-002
81.3670902 8.11643521370967E-002 8.23362933694730E-002
81.4670822 8.08912631393952E-002 8.20578384964406E-002
81.5670742 8.06194184431014E-002 8.17806589040850E-002
81.6670662 8.03488108994446E-002 8.15047472278566E-002
81.7670583 8.00794334092031E-002 8.12300961545140E-002
81.8670579 7.98112585099054E-002 8.09566776104276E-002
81.9670500 7.95443201175261E-002 8.06845261010770E-002
82.0670421 7.92785907736586E-002 8.04136135580282E-002
82.1670342 7.90140635732962E-002 8.01439328691307E-002
82.2670263 7.87507316590082E-002 7.98754769714890E-002
82.3670260 7.84885682654616E-002 7.96082185083823E-002
82.4670182 7.82276066293185E-002 7.93421912917048E-002
82.5670103 7.79678199880795E-002 7.90773679686226E-002
82.6670025 7.77092016708174E-002 7.88137416693054E-002
82.7669947 7.74517450522961E-002 7.85513055712174E-002
82.8669945 7.71954240419567E-002 7.82900330114121E-002
82.9669867 7.69402712135326E-002 7.80299571249724E-002
83.0669790 7.66862604781532E-002 7.77710512516201E-002
83.1669712 7.64333853897232E-002 7.75133087542246E-002
83.2669635 7.61816395460406E-002 7.72567230410786E-002
83.3669634 7.59309975098184E-002 7.70012681207734E-002
83.4669556 7.56814912078000E-002 7.67469764678972E-002
83.5669479 7.54330952033224E-002 7.64938220925762E-002
83.6669403 7.51858032662922E-002 7.62417985811946E-002
83.7669326 7.49396092087918E-002 7.59908995637729E-002
83.8669326 7.46944882261303E-002 7.57410996990625E-002
83.9669249 7.44504716135652E-002 7.54924308170284E-002
84.0669173 7.42075345660400E-002 7.52448675769030E-002
84.1669097 7.39656710610289E-002 7.49984037798134E-002
84.2669021 7.37248751165402E-002 7.47530332688167E-002
84.3669022 7.34851225405912E-002 7.45087313322656E-002
84.4668946 7.32464440120365E-002 7.42655291709423E-002
84.5668870 7.30088153376085E-002 7.40234020727011E-002
84.6668795 7.27722306942897E-002 7.37823440450332E-002
84.7668720 7.25366842980282E-002 7.35423491357291E-002
84.8668721 7.23021525504143E-002 7.33033932429673E-002
84.9668646 7.20686655285737E-002 7.30655069533676E-002
85.0668571 7.18361996319588E-002 7.28286661637009E-002
85.1668496 7.16047492293580E-002 7.25928650798158E-002
85.2668422 7.13743087270261E-002 7.23580979463024E-002
85.3668424 7.11448551017112E-002 7.21243412521376E-002
85.4668349 7.09164178430864E-002 7.18916249843919E-002
85.5668275 7.06889739249712E-002 7.16599256297909E-002
85.6668201 7.04625179005967E-002 7.14292375848886E-002
85.7668127 7.02370443592267E-002 7.11995552834915E-002
85.8668130 7.00125308350402E-002 7.09708557870619E-002
85.9668056 6.97890062441485E-002 7.07431684973397E-002
86.0667983 6.95664481170696E-002 7.05164704727537E-002
86.1667909 6.93448511844360E-002 7.02907562932481E-002
86.2667836 6.91242102115424E-002 7.00660205745954E-002
86.3667839 6.89045032729301E-002 6.98422409331154E-002
86.4667766 6.86857587246647E-002 6.96194461990503E-002
86.5667694 6.84679546369483E-002 6.93976139849615E-002
86.6667621 6.82510859110806E-002 6.91767390471882E-002
86.7667548 6.80351474817122E-002 6.89568161765352E-002
86.8667552 6.78201179473080E-002 6.87378235272055E-002
86.9667480 6.76060251170398E-002 6.85197893714042E-002
87.0667408 6.73928475844064E-002 6.83026918589052E-002
87.1667336 6.71805804149319E-002 6.80865259157510E-002
87.2667264 6.69692187062365E-002 6.78712865011473E-002
87.3667268 6.67587415648723E-002 6.76569522908312E-002
87.4667197 6.65491762659166E-002 6.74435510120691E-002
87.5667125 6.63405019103764E-002 6.72310613355495E-002
87.6667054 6.61327137218351E-002 6.70194783506168E-002
87.7666983 6.59258069547704E-002 6.68087971785316E-002
87.8666988 6.57197612085628E-002 6.65989970008157E-002
87.9666917 6.55146032366507E-002 6.63901050125435E-002
88.0666846 6.53103126323355E-002 6.61821003896155E-002
88.1666775 6.51068847713577E-002 6.59749783785519E-002
88.2666705 6.49043150592031E-002 6.57687342565956E-002
88.3666710 6.47025835733736E-002 6.55633476958766E-002
88.4666640 6.45017165577912E-002 6.53588453716820E-002
88.5666570 6.43016940833871E-002 6.51552069499931E-002
88.6666500 6.41025116724092E-002 6.49524278286412E-002
88.7666429 6.39041648757496E-002 6.47505034350386E-002
88.8666436 6.37066342348540E-002 6.45494139172957E-002
88.9666366 6.35099454959273E-002 6.43491854429860E-002
89.0666296 6.33140791933926E-002 6.41497981535856E-002
89.1666227 6.31190309905942E-002 6.39512475926227E-002
89.2666157 6.29247965784661E-002 6.37535293321125E-002
89.3666164 6.27313569487272E-002 6.35566239820445E-002
89.4666095 6.25387373613505E-002 6.33605572140298E-002
89.5666026 6.23469188006173E-002 6.31653096309769E-002
89.6665957 6.21558970657852E-002 6.29708769167339E-002
89.7665889 6.19656679826917E-002 6.27772547825880E-002
89.8665896 6.17762129801438E-002 6.25844242868100E-002
89.9665828 6.15875568430628E-002 6.23924106164873E-002
90.0665759 6.13996809924381E-002 6.22011948223994E-002
90.1665691 6.12125813584749E-002 6.20107727235641E-002
90.2665622 6.10262538969904E-002 6.18211401654337E-002
90.3665631 6.08406804611605E-002 6.16322786414450E-002
90.4665563 6.06558853717391E-002 6.14442128652972E-002
90.5665495 6.04718504737365E-002 6.12569243225600E-002
90.6665427 6.02885718235471E-002 6.10704089624855E-002
90.7665359 6.01060455022490E-002 6.08846627597986E-002
90.8665368 5.99242537751142E-002 6.06996676304497E-002
90.9665301 5.97432205093256E-002 6.05154478255895E-002
91.0665233 5.95629279616723E-002 6.03319852529583E-002
91.1665166 5.93833723101760E-002 6.01492759873132E-002
91.2665099 5.92045497566529E-002 5.99673161279618E-002
91.3665108 5.90264429666261E-002 5.97860880011594E-002
91.4665041 5.88490753640249E-002 5.96056154060627E-002
91.5664975 5.86724296056011E-002 5.94258806604038E-002
91.6664908 5.84965019866305E-002 5.92468799599113E-002
91.7664842 5.83212888253301E-002 5.90686095239803E-002
91.8664851 5.81467731760402E-002 5.88910520773877E-002
91.9664785 5.79729780294829E-002 5.87142309775722E-002
92.0664719 5.77998864309654E-002 5.85381289405031E-002
92.1664653 5.76274947888233E-002 5.83627422785338E-002
92.2664587 5.74557995335156E-002 5.81880673268362E-002
92.3664597 5.72847840971599E-002 5.80140871973344E-002
92.4664531 5.71144710470535E-002 5.78408248157548E-002
92.5664466 5.69448438060447E-002 5.76682632849559E-002
92.6664400 5.67758988915060E-002 5.74963990297471E-002
92.7664335 5.66076328421487E-002 5.73252284969434E-002
92.8664346 5.64400294572055E-002 5.71547351746328E-002
92.9664281 5.62731108900770E-002 5.69849415665736E-002
93.0664215 5.61068609305139E-002 5.68158311515551E-002
93.1664150 5.59412762010660E-002 5.66474004628441E-002
93.2664086 5.57763533448690E-002 5.64796460549336E-002
93.3664097 5.56120765179726E-002 5.63125517814676E-002
93.4664032 5.54484674691590E-002 5.61461397337263E-002
93.5663968 5.52855103448051E-002 5.59803937558456E-002
93.6663903 5.51232018689342E-002 5.58153104857138E-002
93.7663839 5.49615387854333E-002 5.56508865816964E-002
93.8663851 5.48005055972183E-002 5.54871062527479E-002
93.9663787 5.46401236574919E-002 5.53239911869122E-002
94.0663723 5.44803774593270E-002 5.51615255834477E-002
94.1663659 5.43212638246660E-002 5.49997061811823E-002
94.2663595 5.41627795946206E-002 5.48385297387029E-002
94.3663607 5.40049096093588E-002 5.46779808103747E-002
94.4663544 5.38476748353064E-002 5.45180806900075E-002
94.5663480 5.36910601026372E-002 5.43588139221028E-002
94.6663417 5.35350623277997E-002 5.42001773428948E-002
94.7663353 5.33796784457452E-002 5.40421678076865E-002
94.8663366 5.32248936246000E-002 5.38847702066872E-002
94.9663303 5.30707284525894E-002 5.37280054482414E-002
95.0663240 5.29171680877132E-002 5.35718584125466E-002
95.1663177 5.27642095376481E-002 5.34163260298501E-002
95.2663114 5.26118498279350E-002 5.32614052488064E-002
95.3663128 5.24600744456738E-002 5.31070812862216E-002
95.4663065 5.23089036092449E-002 5.29533746735177E-002
95.5663002 5.21583227955063E-002 5.28002706173589E-002
95.6662940 5.20083291002161E-002 5.26477661387482E-002
95.7662878 5.18589196363817E-002 5.24958582764599E-002
95.8662892 5.17100802013903E-002 5.23445325649573E-002
95.9662829 5.15618306519175E-002 5.21938091670625E-002
96.0662767 5.14141567750083E-002 5.20436736069836E-002
96.1662705 5.12670557514785E-002 5.18941229933503E-002
96.2662643 5.11205247788033E-002 5.17451544519528E-002
96.3662658 5.09745499562547E-002 5.15967538262677E-002
96.4662596 5.08291507867363E-002 5.14489409186256E-002
96.5662535 5.06843133590932E-002 5.13017015621505E-002
96.6662473 5.05400349362940E-002 5.11550329500926E-002
96.7662412 5.03963127973989E-002 5.10089322922762E-002
96.8662427 5.02531333354388E-002 5.08633857328309E-002
96.9662365 5.01105157072743E-002 5.07184127214976E-002
97.0662304 4.99684462954380E-002 5.05739993919700E-002
97.1662243 4.98269224422590E-002 5.04301430192312E-002
97.2662182 4.96859415056130E-002 5.02868408942738E-002
97.3662198 4.95454901644270E-002 5.01440794537938E-002
97.4662137 4.94055872370514E-002 5.00018778026415E-002
97.5662076 4.92662193918565E-002 4.98602223670075E-002
97.6662016 4.91273840478485E-002 4.97191105008317E-002
97.7661955 4.89890786390561E-002 4.95785395735216E-002
97.8661971 4.88512901226935E-002 4.94384963065147E-002
97.9661911 4.87140369859428E-002 4.92989994672749E-002
98.0661851 4.85773061754157E-002 4.91600357666777E-002
98.1661791 4.84410951842154E-002 4.90216026349518E-002
98.2661730 4.83054015199632E-002 4.88836975172724E-002
98.3661747 4.81702124107973E-002 4.87463074122472E-002
98.4661687 4.80355460198871E-002 4.86094507572663E-002
98.5661627 4.79013895647329E-002 4.84731145403310E-002
98.6661568 4.77677406100537E-002 4.83372962653936E-002
98.7661508 4.76345967346024E-002 4.82019934508514E-002
98.8661525 4.75019454303118E-002 4.80671933651537E-002
98.9661465 4.73698045433144E-002 4.79329141227458E-002
99.0661406 4.72381615548810E-002 4.77991429814372E-002
99.1661347 4.71070140989604E-002 4.76658775164366E-002
99.2661288 4.69763598230690E-002 4.75331153169162E-002
99.3661305 4.68461864760324E-002 4.74008439140724E-002
99.4661246 4.67165115937461E-002 4.72690811063542E-002
99.5661187 4.65873229143593E-002 4.71378144142952E-002
99.6661128 4.64586181387550E-002 4.70070414819882E-002
99.7661070 4.63303949809352E-002 4.68767599670259E-002
99.8661087 4.62026414399348E-002 4.67469576564826E-002
99.9661029 4.60753747480417E-002 4.66176520395850E-002
100.0660970 4.59485828936086E-002 4.64888308927315E-002
100.1660912 4.58222636422442E-002 4.63604919266166E-002
100.2660854 4.56964147722447E-002 4.62326328649882E-002
100.3660872 4.55710245263800E-002 4.61052417441466E-002
100.4660814 4.54461098397946E-002 4.59783357507006E-002
100.5660756 4.53216589445795E-002 4.58519029102702E-002
100.6660698 4.51976696689435E-002 4.57259409979551E-002
100.7660640 4.50741398533677E-002 4.56004478014796E-002
100.8660658 4.49510579780858E-002 4.54754115999266E-002
100.9660601 4.48284406874017E-002 4.53508492837260E-002
101.0660543 4.47062764508811E-002 4.52267491212849E-002
101.1660486 4.45845631572875E-002 4.51031089499947E-002
101.2660428 4.44632987072563E-002 4.49799266194585E-002
101.3660447 4.43424718124086E-002 4.48571906452999E-002
101.4660390 4.42220988323541E-002 4.47349176280491E-002
101.5660333 4.41021684680643E-002 4.46130960726658E-002
101.6660275 4.39826786668877E-002 4.44917238767991E-002
101.7660218 4.38636273876595E-002 4.43707989499119E-002
101.8660238 4.37450035674996E-002 4.42503100381201E-002
101.9660181 4.36268232873179E-002 4.41302734581778E-002
102.0660124 4.35090754736099E-002 4.40106779455565E-002
102.1660067 4.33917581304126E-002 4.38915214562042E-002
102.2660011 4.32748692728792E-002 4.37728019574999E-002
102.3660031 4.31583980579207E-002 4.36545084201909E-002
102.4659974 4.30423602935936E-002 4.35366568832266E-002
102.5659918 4.29267451262165E-002 4.34192363067359E-002
102.6659861 4.28115506146884E-002 4.33022447030799E-002
102.7659805 4.26967748286677E-002 4.31856800956821E-002
102.8659825 4.25824071393239E-002 4.30695316742398E-002
102.9659769 4.24684630875628E-002 4.29538152057225E-002
103.0659713 4.23549320339987E-002 4.28385198692415E-002
103.1659657 4.22418120906338E-002 4.27236437317549E-002
103.2659601 4.21291013798856E-002 4.26091848709279E-002
103.3659622 4.20167894818173E-002 4.24951326899003E-002
103.4659566 4.19048916757471E-002 4.23815026893431E-002
103.5659511 4.17933975312258E-002 4.22682842618484E-002
103.6659455 4.16823052116640E-002 4.21554755272217E-002
103.7659400 4.15716128905562E-002 4.20430746156334E-002
103.8659421 4.14613103516570E-002 4.19310711383260E-002
103.9659365 4.13514126181240E-002 4.18194803352138E-002
104.0659310 4.12419094632472E-002 4.17082918070354E-002
104.1659255 4.11327991002129E-002 4.15975037247579E-002
104.2659200 4.10240797519712E-002 4.14871142693840E-002
104.3659221 4.09157414009225E-002 4.13771132550802E-002
104.4659166 4.08077988193588E-002 4.12675156664113E-002
104.5659112 4.07002419792685E-002 4.11583113070881E-002
104.6659057 4.05930691420391E-002 4.10494983976158E-002
104.7659002 4.04862785785147E-002 4.09410751682172E-002
104.8659024 4.03798604648468E-002 4.08330316309596E-002
104.9658969 4.02738293276279E-002 4.07253825203336E-002
105.0658915 4.01681753326545E-002 4.06181178380045E-002
105.1658860 4.00628967879987E-002 4.05112358524497E-002
105.2658806 3.99579920108922E-002 4.04047348415583E-002
105.3658828 3.98534513664889E-002 4.02986050104263E-002
105.4658774 3.97492891407233E-002 4.01928608486171E-002
105.5658720 3.96454956884551E-002 4.00874925508820E-002
105.6658666 3.95420693629784E-002 3.99824984321622E-002
105.7658612 3.94390085264608E-002 3.98778768165151E-002
105.8658634 3.93363037284504E-002 3.97736180973377E-002
105.9658580 3.92339690191434E-002 3.96697365242892E-002
106.0658527 3.91319949378581E-002 3.95662224804832E-002
106.1658473 3.90303798817007E-002 3.94630743258700E-002
106.2658419 3.89291222563746E-002 3.93602904292313E-002
106.3658442 3.88282127913497E-002 3.92578613676774E-002
106.4658389 3.87276653058856E-002 3.91558011558653E-002
106.5658335 3.86274705192904E-002 3.90541003606868E-002
106.6658282 3.85276268711219E-002 3.89527573856984E-002
106.7658229 3.84281328092693E-002 3.88517706430139E-002
106.8658252 3.83289792387834E-002 3.87511308890045E-002
106.9658199 3.82301797526734E-002 3.86508519081085E-002
107.0658146 3.81317252458993E-002 3.85509244465471E-002
107.1658093 3.80336141991587E-002 3.84513469501304E-002
107.2658040 3.79358451012241E-002 3.83521178729608E-002
107.3658063 3.78384090285126E-002 3.82532281463487E-002
107.4658011 3.77413193523578E-002 3.81546913291833E-002
107.5657958 3.76445671391596E-002 3.80564983426960E-002
107.6657905 3.75481509094903E-002 3.79586476736455E-002
107.7657853 3.74520691917489E-002 3.78611378168277E-002
107.8657877 3.73563132296266E-002 3.77639598742958E-002
107.9657824 3.72608961772473E-002 3.76671271839481E-002
108.0657772 3.71658092683611E-002 3.75706308378329E-002
108.1657720 3.70710510621937E-002 3.74744693623988E-002
108.2657667 3.69766201255585E-002 3.73786412918852E-002
108.3657692 3.68825078654466E-002 3.72831378950138E-002
108.4657639 3.67887272231321E-002 3.71879722931415E-002
108.5657587 3.66952695957434E-002 3.70931357450617E-002
108.6657536 3.66021335799813E-002 3.69986268156984E-002
108.7657484 3.65093177799035E-002 3.69044440775282E-002
108.8657508 3.64168137619413E-002 3.68105789619847E-002
108.9657456 3.63246342587754E-002 3.67170443782276E-002
109.0657405 3.62327708270551E-002 3.66238317478409E-002
