0.0053140 6.03275271644916E+000 2.40119243799289E+003
0.0210792 2.32193928173723E+001 2.35097620484157E+003
0.0467942 4.90984393855471E+001 2.27209987790387E+003
0.0817065 8.03413636822068E+001 2.17068827515578E+003
0.1249105 1.13534379604234E+002 2.05356242744164E+003
0.1754417 1.45779103473226E+002 1.92725637497322E+003
0.2323515 1.74992242700301E+002 1.79737469066410E+003
0.2947571 1.99937296302262E+002 1.66830941733660E+003
0.3618673 2.20091946077228E+002 1.54323100778169E+003
0.4329916 2.35453688871798E+002 1.42423653824264E+003
0.5075377 2.46350598537951E+002 1.31256280255430E+003
0.5850032 2.53289002835928E+002 1.20880183908556E+003
0.6649650 2.56845004797588E+002 1.11308971139987E+003
0.7470680 2.57594829560981E+002 1.02525696619242E+003
0.8310139 2.56074696069402E+002 9.44943071503428E+002
0.9165527 2.52761168193194E+002 8.71677921368325E+002
1.0034738 2.48064534382767E+002 8.04938811367787E+002
1.0915995 2.42329905748935E+002 7.44188515831913E+002
1.1807797 2.35842382649839E+002 6.88899378678637E+002
1.2708868 2.28834114781981E+002 6.38568538477175E+002
1.3618115 2.21491763781613E+002 5.92725911138578E+002
1.4534610 2.13963650885615E+002 5.50937845499340E+002
1.5457546 2.06366370908707E+002 5.12808680423148E+002
1.6386236 1.98790357602713E+002 4.77979215467185E+002
1.7320075 1.91304894153848E+002 4.46125593845226E+002
1.8258543 1.83962072539537E+002 4.16956280483671E+002
1.9201186 1.76800237710886E+002 3.90209665280421E+002
2.0147601 1.69846822092469E+002 3.65651499764503E+002
2.1097440 1.63120500011471E+002 3.43071812023247E+002
2.2050388 1.56633164874714E+002 3.22282872579358E+002
2.3006174 1.50391306349858E+002 3.03116485560802E+002
2.3964555 1.44397261262881E+002 2.85422048329544E+002
2.4925310 1.38650216849259E+002 2.69064743378424E+002
2.5888248 1.33146882442700E+002 2.53923528813369E+002
2.6853193 1.27882213289044E+002 2.39889912640802E+002
2.7819988 1.22849805303283E+002 2.26866322299556E+002
2.8788497 1.18042323312961E+002 2.14765006796237E+002
2.9758588 1.13451837541588E+002 2.03507033469637E+002
3.0730149 1.09069983526297E+002 1.93021135626306E+002
3.1703074 1.04888235916864E+002 1.83243082575894E+002
3.2677268 1.00897978026942E+002 1.74114751917308E+002
3.3652646 9.70906542744560E+001 1.65583569354321E+002
3.4629133 9.34578258169382E+001 1.57601860219864E+002
3.5606650 8.99913008142550E+001 1.50126480379452E+002
3.6585133 8.66830753453486E+001 1.43118128572656E+002
3.7564523 8.35254348160351E+001 1.36541093443112E+002
3.8544764 8.05109569541591E+001 1.30362852451500E+002
3.9525810 7.76325108149087E+001 1.24553723617586E+002
4.0507604 7.48833169779412E+001 1.19086688714439E+002
4.1490108 7.22568661982305E+001 1.13936972783051E+002
4.2473280 6.97469720594243E+001 1.09081929717365E+002
4.3457083 6.73477512009605E+001 1.04500811314092E+002
4.4441489 6.50536047730747E+001 1.00174566414636E+002
4.5426454 6.28592523196560E+001 9.60857604810458E+001
4.6411954 6.07596557606043E+001 9.22183071362881E+001
4.7397961 5.87500525224949E+001 8.85574219690878E+001
4.8384450 5.68259328700035E+001 8.50894847833613E+001
4.9371399 5.49830196633505E+001 8.18019196163903E+001
5.0358779 5.32172914930315E+001 7.86831623644714E+001
5.1346571 5.15249185055360E+001 7.57224819465982E+001
5.2334756 4.99022866896451E+001 7.29099672761676E+001
5.3323316 4.83459779918625E+001 7.02364420759219E+001
5.4312238 4.68527528088980E+001 6.76933906063126E+001
5.5301496 4.54195680420038E+001 6.52729490423173E+001
5.6291079 4.40435247045213E+001 6.29677815922664E+001
5.7280973 4.27218874356209E+001 6.07710831680307E+001
5.8271164 4.14520684277450E+001 5.86765248233867E+001
5.9261644 4.02316133600101E+001 5.66782061601314E+001
6.0252392 3.90582165146624E+001 5.47706581530354E+001
6.1243401 3.79296783765793E+001 5.29487543025783E+001
6.2234659 3.68439220458478E+001 5.12077202687469E+001
6.3226158 3.57989806113732E+001 4.95430977410764E+001
6.4217891 3.47929861334055E+001 4.79507129219540E+001
6.5209840 3.38241826973301E+001 4.64266845299378E+001
6.6202001 3.28908920436413E+001 4.49673581182539E+001
6.7194366 3.19915276590183E+001 4.35693183131708E+001
6.8186927 3.11245849272058E+001 4.22293641333092E+001
6.9179682 3.02886325485341E+001 4.09444874664594E+001
7.0172613 2.94823239479514E+001 3.97118830568280E+001
7.1165720 2.87043692426820E+001 3.85288986622817E+001
7.2158999 2.79535439312911E+001 3.73930424473759E+001
7.3152432 2.72286987763268E+001 3.63019921688765E+001
7.4146030 2.65287179239148E+001 3.52535269744598E+001
7.5139770 2.58525672574380E+001 3.42455955560583E+001
7.6133666 2.51992379191605E+001 3.32762273650715E+001
7.7127702 2.45677891742838E+001 3.23435928376307E+001
7.8121865 2.39573254503548E+001 3.14459655515050E+001
7.9116168 2.33669772948041E+001 3.05816912514178E+001
8.0110589 2.27959392835754E+001 2.97492406202919E+001
8.1105143 2.22434227188224E+001 2.89471373802010E+001
8.2099815 2.17086921191090E+001 2.81740091681301E+001
8.3094593 2.11910461471972E+001 2.74285574085795E+001
8.4089492 2.06898017086283E+001 2.67095325273276E+001
8.5084489 2.02043263724067E+001 2.60157787197862E+001
8.6079599 1.97339984560401E+001 2.53461749812529E+001
8.7074812 1.92782382639628E+001 2.46996782503777E+001
8.8070112 1.88364921128571E+001 2.40752990530133E+001
8.9065517 1.84082189430878E+001 2.34720813569374E+001
9.0061006 1.79929181917947E+001 2.28891407004060E+001
9.1056593 1.75900958729815E+001 2.23256152858058E+001
9.2052267 1.71992914598331E+001 2.17807027280119E+001
9.3048016 1.68200643986134E+001 2.12536400990398E+001
9.4043856 1.64519827477986E+001 2.07436873331520E+001
9.5039766 1.60946472599376E+001 2.02501598424263E+001
9.6035763 1.57476623656421E+001 1.97723875565287E+001
9.7031836 1.54106594211942E+001 1.93097463706014E+001
9.8027972 1.50832852391525E+001 1.88616416032333E+001
9.9024188 1.47651923780645E+001 1.84274941655832E+001
10.0020464 1.44560600461631E+001 1.80067685882921E+001
10.1016817 1.41555691274926E+001 1.75989384156510E+001
10.2013235 1.38634223800478E+001 1.72035132455338E+001
10.3009707 1.35793346145664E+001 1.68200248748758E+001
10.4006251 1.33030243393222E+001 1.64480156540111E+001
10.5002846 1.30342319857721E+001 1.60870626810447E+001
10.5999509 1.27726982907773E+001 1.57367483351241E+001
10.6996230 1.25181819230143E+001 1.53966836357724E+001
10.7992996 1.22704510197074E+001 1.50664965328063E+001
10.8989827 1.20292759529472E+001 1.47458220119279E+001
10.9986702 1.17944452875960E+001 1.44343230751575E+001
11.0983637 1.15657469691288E+001 1.41316654724402E+001
11.1980623 1.13429837705152E+001 1.38375379740941E+001
11.2977649 1.11259659563251E+001 1.35516423922809E+001
11.3974732 1.09145049843626E+001 1.32736851070648E+001
11.4971853 1.07084275342385E+001 1.30033953399738E+001
11.5969029 1.05075590557473E+001 1.27405033466287E+001
11.6966250 1.03117373598993E+001 1.24847580883452E+001
11.7963505 1.01208062257018E+001 1.22359186666935E+001
11.8960812 9.93460988737343E+000 1.19937470141213E+001
11.9958151 9.75300541408972E+000 1.17580238775364E+001
12.0955540 9.57584825639496E+000 1.15285298876420E+001
12.1952970 9.40300424986306E+000 1.13050610290430E+001
12.2950428 9.23434401539674E+000 1.10874212390636E+001
12.3947934 9.06973811063526E+000 1.08754160623065E+001
12.4945468 8.90906799449716E+000 1.06688666882730E+001
12.5943047 8.75221327434043E+000 1.04675934296554E+001
12.6940662 8.59906234601650E+000 1.02714293204271E+001
12.7938302 8.44950746630817E+000 1.00802136822022E+001
12.8935986 8.30344046935693E+000 9.89378658355111E+000
12.9933693 8.16076251148320E+000 9.71200121668264E+000
13.0931443 8.02137277369151E+000 9.53470940682161E+000
13.1929224 7.88517792548619E+000 9.36177361130208E+000
13.2927027 7.75208776995228E+000 9.19306129629743E+000
13.3924871 7.62201144358629E+000 9.02844007322546E+000
13.4922734 7.49486610568796E+000 8.86778865164720E+000
13.5920637 7.37056689238659E+000 8.71098407190643E+000
13.6918568 7.24903536181448E+000 8.55791233247144E+000
13.7916517 7.13019562971493E+000 8.40846345024346E+000
13.8914504 7.01397098504956E+000 8.26252717065484E+000
13.9912508 6.90029166264027E+000 8.12000269496266E+000
14.0910548 6.78908587844373E+000 7.98078738346438E+000
14.1908615 6.68028738921109E+000 7.84478620108156E+000
14.2906697 6.57383205041525E+000 7.71190735805919E+000
14.3904813 6.46965479123945E+000 7.58205850927161E+000
14.4902944 6.36769658801491E+000 7.45515542223497E+000
14.5901109 6.26789643772018E+000 7.33111194200819E+000
14.6899298 6.17019814505643E+000 7.20984841457054E+000
14.7897500 6.07454724569614E+000 7.09128782325662E+000
14.8895734 5.98088829334239E+000 6.97535240767749E+000
14.9893980 5.88917113399536E+000 6.86197141263895E+000
15.0892259 5.79934369692260E+000 6.75107214091292E+000
15.1890558 5.71135810533022E+000 6.64258748897899E+000
15.2888878 5.62516710346518E+000 6.53645150803571E+000
15.3887200 5.54072648077650E+000 6.43260237045303E+000
15.4885562 5.45798861127069E+000 6.33097440781579E+000
15.5883943 5.37691206622712E+000 6.23150991499510E+000
15.6882343 5.29745509181533E+000 6.13415110926433E+000
15.7880763 5.21957719051240E+000 6.03884206041300E+000
15.8879183 5.14324051879581E+000 5.94553038267783E+000
15.9877640 5.06840405035065E+000 5.85416008749123E+000
16.0876115 4.99503227066269E+000 5.76468219738753E+000
16.1874608 4.92308928549953E+000 5.67704752914261E+000
16.2873119 4.85254025412435E+000 5.59120843422604E+000
16.3871628 4.78335266028216E+000 5.50712033049088E+000
16.4870172 4.71549102502941E+000 5.42473526667521E+000
16.5868734 4.64892479060908E+000 5.34401149311473E+000
16.6867312 4.58362298465204E+000 5.26490696470611E+000
16.7865905 4.51955552200614E+000 5.18738091415779E+000
16.8864496 4.45669436288758E+000 5.11139524164101E+000
16.9863121 4.39500871152784E+000 5.03690870348986E+000
17.0861762 4.33447218201107E+000 4.96388556542713E+000
17.1860417 4.27505795360816E+000 4.89228973672963E+000
17.2859087 4.21673995583653E+000 4.82208619569104E+000
17.3857753 4.15949392590368E+000 4.75324225309006E+000
17.4856452 4.10329303811275E+000 4.68572229028336E+000
17.5855166 4.04811443191398E+000 4.61949560288408E+000
17.6853893 3.99393480264148E+000 4.55453109041030E+000
17.7852633 3.94073148253742E+000 4.49079855078110E+000
17.8851368 3.88848340811268E+000 4.42826983143777E+000
17.9850136 3.83716713262387E+000 4.36691405263774E+000
18.0848916 3.78676278605880E+000 4.30670473461542E+000
18.1847709 3.73725005301217E+000 4.24761497773944E+000
18.2846515 3.68860916079647E+000 4.18961864065388E+000
18.3845314 3.64082176604969E+000 4.13269139114929E+000
18.4844144 3.59386730883517E+000 4.07680635934686E+000
18.5842986 3.54772846532468E+000 4.02194062880772E+000
18.6841841 3.50238747086792E+000 3.96807085121696E+000
18.7840706 3.45782702493060E+000 3.91517432089553E+000
18.8839565 3.41403110515934E+000 3.86322993601856E+000
18.9838453 3.37098162695810E+000 3.81221423384683E+000
19.0837353 3.32866344198770E+000 3.76210731562151E+000
19.1836263 3.28706096985438E+000 3.71288884735513E+000
19.2835185 3.24615902842619E+000 3.66453904182481E+000
19.3834098 3.20594358259609E+000 3.61703953944184E+000
19.4833041 3.16639867771195E+000 3.57036978399477E+000
19.5831994 3.12751103046463E+000 3.52451244214031E+000
19.6830957 3.08926693720176E+000 3.47944974826866E+000
19.7829930 3.05165303714844E+000 3.43516440370398E+000
19.8828894 3.01465700226824E+000 3.39164038541068E+000
19.9827887 2.97826471679722E+000 3.34885962606307E+000
20.0826889 2.94246450146717E+000 3.30680698124910E+000
20.1825901 2.90724427037361E+000 3.26546688179641E+000
20.2824922 2.87259223373987E+000 3.22482415871438E+000
20.3823934 2.83849753454470E+000 3.18486478695462E+000
20.4822973 2.80494764973873E+000 3.14557283817920E+000
20.5822022 2.77193228390116E+000 3.10693504221286E+000
20.6821079 2.73944074996094E+000 3.06893771483107E+000
20.7820145 2.70746261737484E+000 3.03156751595157E+000
20.8819201 2.67598830055362E+000 2.99481213482622E+000
20.9818284 2.64500666020832E+000 2.95865748777641E+000
21.0817375 2.61450859834711E+000 2.92309191478110E+000
21.1816475 2.58448464105387E+000 2.88810335467397E+000
21.2815583 2.55492553728330E+000 2.85368004320506E+000
21.3814680 2.52582280356110E+000 2.81981114531099E+000
21.4813803 2.49716650638965E+000 2.78648417342985E+000
21.5812935 2.46894858685666E+000 2.75368885524886E+000
21.6812074 2.44116062618826E+000 2.72141453164389E+000
21.7811221 2.41379439978251E+000 2.68965080046272E+000
21.8810357 2.38684238217255E+000 2.65838810088499E+000
21.9809519 2.36029569357411E+000 2.62761533080808E+000
22.0808688 2.33414717921743E+000 2.59732341757753E+000
22.1807864 2.30838934057128E+000 2.56750291691741E+000
22.2807048 2.28301484872878E+000 2.53814460761970E+000
22.3806219 2.25801701319572E+000 2.50924003244970E+000
22.4805416 2.23338787753580E+000 2.48077929558250E+000
22.5804621 2.20912107578154E+000 2.45275436449985E+000
22.6803832 2.18520991412232E+000 2.42515685067881E+000
22.7803050 2.16164784731180E+000 2.39797855979040E+000
22.8802255 2.13842891446896E+000 2.37121199312079E+000
22.9801486 2.11554597041149E+000 2.34484830819429E+000
23.0800723 2.09299333909285E+000 2.31888037685829E+000
23.1799967 2.07076503220146E+000 2.29330073068044E+000
23.2799217 2.04885519186967E+000 2.26810207075274E+000
23.3798454 2.02725849634497E+000 2.24327773317336E+000
23.4797716 2.00596851503221E+000 2.21881979786643E+000
23.5796984 1.98498017679269E+000 2.19472192512185E+000
23.6796259 1.96428811334923E+000 2.17097745054886E+000
23.7795539 1.94388707123403E+000 2.14757985813815E+000
23.8794806 1.92377228989632E+000 2.12452321297525E+000
23.9794098 1.90393796972872E+000 2.10180040490215E+000
24.0793395 1.88437957120971E+000 2.07940578337177E+000
24.1792698 1.86509227227849E+000 2.05733338846015E+000
24.2792007 1.84607135215754E+000 2.03557739045029E+000
24.3791302 1.82731254420571E+000 2.01413249261920E+000
24.4790621 1.80881060730713E+000 1.99299229781521E+000
24.5789946 1.79056147020532E+000 1.97215175937916E+000
24.6789277 1.77256079312790E+000 1.95160553616333E+000
24.7788612 1.75480432585335E+000 1.93134840155929E+000
24.8787934 1.73728823739059E+000 1.91137561891054E+000
24.9787279 1.72000778208141E+000 1.89168142033209E+000
25.0786630 1.70295930203307E+000 1.87226128959956E+000
25.1785986 1.68613888425658E+000 1.85311043039045E+000
25.2785347 1.66954269511167E+000 1.83422414737770E+000
25.3784693 1.65316728869169E+000 1.81559819656325E+000
25.4784064 1.63700835984982E+000 1.79722736676769E+000
25.5783439 1.62106261636183E+000 1.77910760875916E+000
25.6782819 1.60532652371087E+000 1.76123460704677E+000
25.7782204 1.58979661783583E+000 1.74360413539579E+000
25.8781574 1.57446979392064E+000 1.72621238415085E+000
25.9780968 1.55934213931527E+000 1.70905463579310E+000
26.0780366 1.54441068593039E+000 1.69212725314408E+000
26.1779769 1.52967223557076E+000 1.67542634602192E+000
26.2779176 1.51512365272691E+000 1.65894810329969E+000
26.3778568 1.50076213530783E+000 1.64268909908550E+000
26.4777984 1.48658412110296E+000 1.62664505460130E+000
26.5777404 1.47258692990646E+000 1.61081269702615E+000
26.6776829 1.45876766298423E+000 1.59518851319229E+000
26.7776257 1.44512347748373E+000 1.57976906010030E+000
26.8775671 1.43165184050626E+000 1.56455125164431E+000
26.9775108 1.41834950335650E+000 1.54953119982488E+000
27.0774549 1.40521404200081E+000 1.53470595467015E+000
27.1773994 1.39224282485968E+000 1.52007233791570E+000
27.2773442 1.37943327026356E+000 1.50562723370546E+000
27.3772876 1.36678308513344E+000 1.49136785739113E+000
27.4772333 1.35428930179923E+000 1.47729066976388E+000
27.5771793 1.34194972459998E+000 1.46339300749242E+000
27.6771257 1.32976196073413E+000 1.44967199041042E+000
27.7770725 1.31772366205826E+000 1.43612479396806E+000
27.8770178 1.30583274952998E+000 1.42274890149257E+000
27.9769653 1.29408650785442E+000 1.40954108572146E+000
28.0769132 1.28248294532219E+000 1.39649893830697E+000
28.1768615 1.27101988293276E+000 1.38361984493933E+000
28.2768101 1.25969518171530E+000 1.37090124096754E+000
28.3767572 1.24850695398577E+000 1.35834084838092E+000
28.4767065 1.23745271150765E+000 1.34593571945913E+000
28.5766562 1.22653064502660E+000 1.33368367309959E+000
28.6766062 1.21573876731387E+000 1.32158233254309E+000
28.7765565 1.20507512708325E+000 1.30962936545180E+000
28.8765053 1.19453800802218E+000 1.29782270675825E+000
28.9764563 1.18412512653553E+000 1.28615965972232E+000
29.0764077 1.17383483686496E+000 1.27463824613036E+000
29.1763593 1.16366532408579E+000 1.26325630186988E+000
29.2763113 1.15361480559972E+000 1.25201170263601E+000
29.3762617 1.14368171881705E+000 1.24090257369235E+000
29.4762144 1.13386396489579E+000 1.22992644405027E+000
29.5761673 1.12416004482075E+000 1.21908151695467E+000
29.6761206 1.11456829873448E+000 1.20836581898389E+000
29.7760741 1.10508709590050E+000 1.19777741245134E+000
29.8760261 1.09571501183902E+000 1.18731459303114E+000
29.9759803 1.08645011478272E+000 1.17697509315558E+000
30.0759347 1.07729103762907E+000 1.16675727863473E+000
30.1758895 1.06823626029794E+000 1.15665934734222E+000
30.2758445 1.05928428898373E+000 1.14667952928482E+000
30.3757980 1.05043382347966E+000 1.13681627296366E+000
30.4757536 1.04168308334965E+000 1.12706749442721E+000
30.5757095 1.03303082025176E+000 1.11743170536191E+000
30.6756657 1.02447564029599E+000 1.10790725776976E+000
30.7756221 1.01601617333463E+000 1.09849253259412E+000
30.8755770 1.00765123114963E+000 1.08918611561316E+000
30.9755340 9.99379170590742E-001 1.07998608889289E+000
31.0754913 9.91198850392857E-001 1.07089109522731E+000
31.1754469 9.83109144207461E-001 1.06189979604403E+000
31.2754067 9.75108333385485E-001 1.05301019679761E+000
31.3753629 9.67195791112962E-001 1.04422151832730E+000
31.4753231 9.59369697078583E-001 1.03553165772317E+000
31.5752798 9.51629452040812E-001 1.02693987021012E+000
31.6752368 9.43973579399803E-001 1.01844443879024E+000
31.7751978 9.36400634902175E-001 1.01004368475701E+000
31.8751552 9.28910058414782E-001 1.00173691205128E+000
31.9751168 9.21500159223407E-001 9.93522172527263E-001
32.0750747 9.14170401849479E-001 9.85398800802355E-001
32.1750329 9.06919419350293E-001 9.77365211471508E-001
32.2749952 8.99745874474716E-001 9.69419854172966E-001
32.3749539 8.92649266730898E-001 9.61562107008879E-001
32.4749166 8.85628023856826E-001 9.53790162857344E-001
32.5748758 8.78681667427373E-001 9.46103427217665E-001
32.6748352 8.71808930480571E-001 9.38500434305502E-001
32.7747986 8.65008573346879E-001 9.30979750454822E-001
32.8747585 8.58280148929927E-001 9.23540820021226E-001
32.9747223 8.51622193385755E-001 9.16181964579119E-001
33.0746827 8.45034279386473E-001 9.08902652977600E-001
33.1746432 8.38515231254310E-001 9.01701528330231E-001
33.2746078 8.32063898432456E-001 8.94577263230414E-001
33.3745687 8.25679881671056E-001 8.87529361282457E-001
33.4745337 8.19361816495849E-001 8.80556261678366E-001
33.5744951 8.13109321381778E-001 8.73657489941346E-001
33.6744568 8.06921304107261E-001 8.66831788463167E-001
33.7744224 8.00796695603282E-001 8.60077926731533E-001
33.8743844 7.94735139530326E-001 8.53395461386036E-001
33.9743505 7.88735362611892E-001 8.46782939263592E-001
34.0743130 7.82797024413649E-001 8.40239936636741E-001
34.1742756 7.76919109113399E-001 8.33765286531548E-001
34.2742423 7.71100622254525E-001 8.27357846912668E-001
34.3742054 7.65341246011345E-001 8.21017221936066E-001
34.4741725 7.59639790913667E-001 8.14742057092172E-001
34.5741359 7.53995953418945E-001 8.08531974137585E-001
34.6740996 7.48408787733436E-001 8.02385888953408E-001
34.7740673 7.42877367804343E-001 7.96302740404017E-001
34.8740313 7.37401410399306E-001 7.90282175253349E-001
34.9739994 7.31979803159218E-001 7.84322929526148E-001
35.0739638 7.26612275687229E-001 7.78424665777875E-001
35.1739284 7.21297946458135E-001 7.72586375732952E-001
35.2738971 7.16035952208559E-001 7.66807072324205E-001
35.3738621 7.10826040799386E-001 7.61086440552658E-001
35.4738310 7.05667170909404E-001 7.55423299634689E-001
35.5737964 7.00559101941609E-001 7.49817348750470E-001
35.6737620 6.95501011424583E-001 7.44267649138483E-001
35.7737315 6.90492093800240E-001 7.38773281632183E-001
35.8736974 6.85532124894518E-001 7.33333965572754E-001
35.9736673 6.80620128907551E-001 7.27948596718046E-001
36.0736335 6.75755892050531E-001 7.22616907149667E-001
36.1735999 6.70938646178232E-001 7.17338021898711E-001
36.2735704 6.66167638827706E-001 7.12111084122470E-001
36.3735371 6.61442670991135E-001 7.06935844023896E-001
36.4735079 6.56762827372322E-001 7.01811267870743E-001
36.5734750 6.52127918312888E-001 6.96737117321143E-001
36.6734423 6.47537225702187E-001 6.91712576019538E-001
36.7734135 6.42990045986550E-001 6.86736844397640E-001
36.8733811 6.38486202817703E-001 6.81809700411860E-001
36.9733527 6.34024836833208E-001 6.76930175361728E-001
37.0733206 6.29605780105880E-001 6.72098057509467E-001
37.1732887 6.25228360658783E-001 6.67312584417995E-001
37.2732608 6.20891920042020E-001 6.62573009215291E-001
37.3732292 6.16596302319578E-001 6.57879134830655E-001
37.4732015 6.12340699895341E-001 6.53230052613166E-001
37.5731702 6.08124964421534E-001 6.48625574768983E-001
37.6731391 6.03948466504775E-001 6.44064988518053E-001
37.7731119 5.99810589334893E-001 6.39547595528259E-001
37.8730811 5.95711195371484E-001 6.35073221211793E-001
37.9730543 5.91649524979608E-001 6.30641012430091E-001
38.0730237 5.87625447459242E-001 6.26250802950129E-001
38.1729934 5.83638372765605E-001 6.21901925775824E-001
38.2729669 5.79687722571169E-001 6.17593727336636E-001
38.3729369 5.75773375919806E-001 6.13326053295653E-001
38.4729107 5.71894617659159E-001 6.09098101889419E-001
38.5728809 5.68051333001331E-001 6.04909726308695E-001
38.6728513 5.64242968298885E-001 6.00760301816831E-001
38.7728256 5.60468980826184E-001 5.96649216165881E-001
38.8727962 5.56729264583011E-001 5.92576333267150E-001
38.9727708 5.53023145715746E-001 5.88540898955006E-001
39.0727417 5.49350523787798E-001 5.84542783925818E-001
39.1727127 5.45710878853466E-001 5.80581402491040E-001
39.2726877 5.42103701157325E-001 5.76656180591325E-001
39.3726590 5.38528898189971E-001 5.72766998587643E-001
39.4726343 5.34985834479061E-001 5.68913146459297E-001
39.5726059 5.31474422534509E-001 5.65094510684976E-001
39.6725776 5.27994173647441E-001 5.61310541694745E-001
39.7725533 5.24544608625771E-001 5.57560700758381E-001
39.8725252 5.21125647131628E-001 5.53844883069842E-001
39.9725012 5.17736689397552E-001 5.50162419593250E-001
40.0724734 5.14377659614589E-001 5.46513211040057E-001
40.1724458 5.11048098054215E-001 5.42896741283398E-001
40.2724221 5.07747553883957E-001 5.39312504310118E-001
40.3723947 5.04475957748592E-001 5.35760408692738E-001
40.4723712 5.01232743127570E-001 5.32239823484643E-001
40.5723441 4.98017844752419E-001 5.28750662235548E-001
40.6723171 4.94830829807040E-001 5.25292439815248E-001
40.7722940 4.91671273798656E-001 5.21864680538874E-001
40.8722673 4.88539117282511E-001 5.18467305047978E-001
40.9722444 4.85433824725156E-001 5.15099717829052E-001
41.0722179 4.82355340369628E-001 5.11761844014101E-001
41.1721915 4.79303256415098E-001 5.08453227230170E-001
41.2721690 4.76277172855080E-001 5.05173419933637E-001
41.3721428 4.73277039187681E-001 5.01922353655099E-001
41.4721206 4.70302348786720E-001 4.98699465874887E-001
41.5720946 4.67353054477870E-001 4.95504692175227E-001
41.6720688 4.64428771733279E-001 4.92337602888233E-001
41.7720469 4.61529123330360E-001 4.89197776607007E-001
41.8720213 4.58654066836258E-001 4.86085154687151E-001
41.9719996 4.55803122615897E-001 4.82999205360294E-001
42.0719743 4.52976251238533E-001 4.79939873637761E-001
42.1719490 4.50173089847571E-001 4.76906754674109E-001
42.2719276 4.47393282439054E-001 4.73899451359969E-001
42.3719026 4.44636793859532E-001 4.70917913915764E-001
42.4718815 4.41903169697873E-001 4.67961639260573E-001
42.5718566 4.39192377508516E-001 4.65030580913108E-001
42.6718319 4.36504074632174E-001 4.62124357121490E-001
42.7718111 4.33837924842891E-001 4.59242593384604E-001
42.8717866 4.31193899552644E-001 4.56385247920661E-001
42.9717660 4.28571567942885E-001 4.53551844434798E-001
43.0717417 4.25970903867330E-001 4.50742344120605E-001
43.1717175 4.23391583506303E-001 4.47956386730440E-001
43.2716972 4.20833289084651E-001 4.45193618818287E-001
43.3716732 4.18295997933828E-001 4.42454005816712E-001
43.4716531 4.15779301320418E-001 4.39737096463424E-001
43.5716293 4.13283178776737E-001 4.37042858874468E-001
43.6716056 4.10807324070903E-001 4.34370952843937E-001
43.7715858 4.08351436654703E-001 4.31721044551488E-001
43.8715623 4.05915499194352E-001 4.29093105935717E-001
43.9715428 4.03499123647299E-001 4.26486709148211E-001
44.0715195 4.01102294662499E-001 4.23901828547024E-001
44.1714963 3.98724722440604E-001 4.21338142620871E-001
44.2714770 3.96366122530705E-001 4.18795335858233E-001
44.3714539 3.94026482404232E-001 4.16273386062961E-001
44.4714348 3.91705433418714E-001 4.13771887304797E-001
44.5714120 3.89402964830712E-001 4.11290819568112E-001
44.6713893 3.87118802206265E-001 4.08829878794217E-001
44.7713704 3.84852676148167E-001 4.06388766566128E-001
44.8713479 3.82604578453249E-001 4.03967465972961E-001
44.9713293 3.80374158683059E-001 4.01565591619215E-001
45.0713069 3.78161410240450E-001 3.99183128558175E-001
45.1712846 3.75966073070230E-001 3.96819789037544E-001
45.2712662 3.73787891863901E-001 3.94475290614101E-001
45.3712441 3.71626862308756E-001 3.92149621136995E-001
45.4712259 3.69482651061088E-001 3.89842414464777E-001
45.5712040 3.67355255251808E-001 3.87553660214777E-001
45.6711822 3.65244428291508E-001 3.85283085882332E-001
45.7711643 3.63149928067318E-001 3.83030423962585E-001
45.8711426 3.61071753762572E-001 3.80795666588847E-001
45.9711248 3.59009588098629E-001 3.78578465687015E-001
46.0711034 3.56963431555134E-001 3.76378814980956E-001
46.1710820 3.54933050162891E-001 3.74196456234785E-001
46.2710644 3.52918214177419E-001 3.72031135924615E-001
46.3710432 3.50918925920289E-001 3.69882850036590E-001
46.4710259 3.48934883221320E-001 3.67751267463355E-001
46.5710048 3.46966089564723E-001 3.65636385620560E-001
46.6709838 3.45012322817733E-001 3.63537959635313E-001
46.7709667 3.43073364837353E-001 3.61455749078657E-001
46.8709459 3.41149220758702E-001 3.59389753398447E-001
46.9709290 3.39239602630586E-001 3.57339657432457E-001
47.0709083 3.37344516629440E-001 3.55305461911975E-001
47.1708877 3.35463751731793E-001 3.53286934488207E-001
47.2708710 3.33597100684596E-001 3.51283847006418E-001
47.3708506 3.31744571141776E-001 3.49296202021379E-001
47.4708341 3.29905888543422E-001 3.47323699366882E-001
47.5708138 3.28081061474623E-001 3.45366342748594E-001
47.6707936 3.26269889346102E-001 3.43423911564224E-001
47.7707773 3.24472175134038E-001 3.41496189172419E-001
47.8707573 3.22687928743556E-001 3.39583180912928E-001
47.9707411 3.20916888235169E-001 3.37684600733059E-001
48.0707212 3.19159064345138E-001 3.35800455003168E-001
48.1707014 3.17414266291066E-001 3.33930534146083E-001
48.2706855 3.15682306664356E-001 3.32074632327914E-001
48.3706658 3.13963197378301E-001 3.30232757381177E-001
48.4706500 3.12256688395360E-001 3.28404636545460E-001
48.5706305 3.10562792369112E-001 3.26590278574682E-001
48.6706110 3.08881327740693E-001 3.24789484247019E-001
48.7705955 3.07212116145682E-001 3.23002057880551E-001
48.8705762 3.05555171284797E-001 3.21228009535253E-001
48.9705608 3.03910254352271E-001 3.19467078978170E-001
49.0705416 3.02277379706577E-001 3.17719277091522E-001
49.1705225 3.00656374469500E-001 3.15984414386479E-001
49.2705073 2.99047068789304E-001 3.14262304723939E-001
49.3704883 2.97449477953598E-001 3.12552960150419E-001
49.4704733 2.95863373762807E-001 3.10856132247555E-001
49.5704545 2.94288772087317E-001 3.09171833794049E-001
49.6704357 2.92725508223957E-001 3.07499884455333E-001
49.7704208 2.91173420338628E-001 3.05840107068584E-001
49.8704022 2.89632525123640E-001 3.04192515448047E-001
49.9703875 2.88102604401221E-001 3.02556872325011E-001
50.0703690 2.86583675378334E-001 3.00933192164099E-001
50.1703506 2.85075581055627E-001 2.99321303246407E-001
50.2703361 2.83578167155190E-001 2.97721036858100E-001
50.3703178 2.82091451608509E-001 2.96132408382380E-001
50.4703034 2.80615225713302E-001 2.94555191079487E-001
50.5702853 2.79149507853814E-001 2.92989400908690E-001
50.6702672 2.77694148294996E-001 2.91434874265132E-001
50.7702530 2.76248999884701E-001 2.89891450392822E-001
50.8702350 2.74814081643197E-001 2.88359146063352E-001
50.9702209 2.73389193832620E-001 2.86837744486069E-001
51.0702031 2.71974355869772E-001 2.85327262941115E-001
51.1701853 2.70569424873683E-001 2.83827545470167E-001
51.2701714 2.69174260416185E-001 2.82338438817274E-001
51.3701538 2.67788882469703E-001 2.80859960978365E-001
51.4701400 2.66413099782346E-001 2.79391904569833E-001
51.5701225 2.65046932671987E-001 2.77934288034824E-001
51.6701050 2.63690244728594E-001 2.76486962625497E-001
51.7700914 2.62342901872675E-001 2.75049782158897E-001
51.8700741 2.61004924904694E-001 2.73622765706259E-001
51.9700606 2.59676130610528E-001 2.72205714783912E-001
52.0700434 2.58356540089694E-001 2.70798648854585E-001
52.1700263 2.57046023044994E-001 2.69401425973926E-001
52.2700130 2.55744451394799E-001 2.68013906633352E-001
52.3699959 2.54451846654889E-001 2.66636110844016E-001
52.4699827 2.53168033228750E-001 2.65267848547439E-001
52.5699658 2.51893032889076E-001 2.63909140095654E-001
52.6699489 2.50626721116581E-001 2.62559849967658E-001
52.7699359 2.49368975499371E-001 2.61219844956884E-001
52.8699192 2.48119818166174E-001 2.59889145891423E-001
52.9699063 2.46879080743961E-001 2.58567570693250E-001
53.0698897 2.45646785580122E-001 2.57255140485362E-001
53.1698731 2.44422813619832E-001 2.55951725814813E-001
53.2698603 2.43207047813812E-001 2.54657199428990E-001
53.3698439 2.41999510810811E-001 2.53371582861235E-001
53.4698313 2.40800041091340E-001 2.52094701597057E-001
53.5698149 2.39608661488094E-001 2.50826577422959E-001
53.6697986 2.38425258117170E-001 2.49567086621745E-001
53.7697861 2.37249719004257E-001 2.48316107569197E-001
53.8697699 2.36082067233802E-001 2.47073662402494E-001
53.9697576 2.34922147792381E-001 2.45839583779583E-001
54.0697415 2.33769983916885E-001 2.44613894052910E-001
54.1697254 2.32625466619266E-001 2.43396474930031E-001
54.2697133 2.31488488730608E-001 2.42187210110397E-001
54.3696973 2.30359073694562E-001 2.40986122242970E-001
54.4696852 2.29237072677202E-001 2.39793050791026E-001
54.5696694 2.28122509246064E-001 2.38608018584404E-001
54.6696536 2.27015279051020E-001 2.37430912464163E-001
54.7696417 2.25915279475763E-001 2.36261621168016E-001
54.8696260 2.24822534253793E-001 2.35100167773182E-001
54.9696142 2.23736900423581E-001 2.33946398203451E-001
55.0695986 2.22658401816627E-001 2.32800335685720E-001
55.1695831 2.21586938478730E-001 2.31661871921615E-001
55.2695714 2.20522412108986E-001 2.30530900419637E-001
55.3695560 2.19464846667909E-001 2.29407444609502E-001
55.4695444 2.18414104777383E-001 2.28291356551434E-001
55.5695291 2.17370210472478E-001 2.27182659796542E-001
55.6695138 2.16333067967725E-001 2.26081250651088E-001
55.7695023 2.15302583054918E-001 2.24987027143534E-001
55.8694872 2.14278779864686E-001 2.23900012987407E-001
55.9694758 2.13261526330239E-001 2.22820066074599E-001
56.0694607 2.12250846635549E-001 2.21747210214397E-001
56.1694457 2.11246648950459E-001 2.20681346077580E-001
56.2694345 2.10248842950240E-001 2.19622375977199E-001
56.3694196 2.09257452884154E-001 2.18570323848369E-001
56.4694085 2.08272351740413E-001 2.17525053127856E-001
56.5693936 2.07293563802440E-001 2.16486587823326E-001
56.6693788 2.06321000994801E-001 2.15454832744632E-001
56.7693678 2.05354576679572E-001 2.14429694268425E-001
56.8693531 2.04394315178113E-001 2.13411196495072E-001
56.9693423 2.03440094292021E-001 2.12399208136187E-001
57.0693276 2.02491938359490E-001 2.11393753343679E-001
57.1693130 2.01549762871155E-001 2.10394740854704E-001
57.2693023 2.00613484690927E-001 2.09402080901901E-001
57.3692878 1.99683128170242E-001 2.08415797699921E-001
57.4692772 1.98758575696199E-001 2.07435764980830E-001
57.5692628 1.97839851621434E-001 2.06462006991833E-001
57.6692484 1.96926874825136E-001 2.05494436198329E-001
57.7692379 1.96019565498975E-001 2.04532966493789E-001
57.8692236 1.95117947986563E-001 2.03577622161081E-001
57.9692132 1.94221909045457E-001 2.02628281712919E-001
58.0691990 1.93331473006377E-001 2.01684969447579E-001
58.1691849 1.92446561969931E-001 2.00747601371497E-001
58.2691746 1.91567099291649E-001 1.99816094855415E-001
58.3691605 1.90693109273172E-001 1.98890474208828E-001
58.4691503 1.89824482839476E-001 1.97970622498924E-001
58.5691363 1.88961244266638E-001 1.97056564035131E-001
58.6691224 1.88103318719238E-001 1.96148218188763E-001
58.7691123 1.87250632562251E-001 1.95245505635087E-001
58.8690985 1.86403210024645E-001 1.94348450672719E-001
58.9690885 1.85560946007004E-001 1.93456940709875E-001
59.0690747 1.84723864701340E-001 1.92571000031164E-001
59.1690610 1.83891894187814E-001 1.91690551206911E-001
59.2690511 1.83064963695294E-001 1.90815518054253E-001
59.3690374 1.82243097352505E-001 1.89945924827146E-001
59.4690277 1.81426193854342E-001 1.89081663073301E-001
59.5690141 1.80614277282363E-001 1.88222757020126E-001
59.6690006 1.79807278492364E-001 1.87369132280707E-001
59.7689909 1.79005129439840E-001 1.86520715660808E-001
59.8689774 1.78207854128567E-001 1.85677531339346E-001
59.9689678 1.77415354876306E-001 1.84839474813143E-001
60.0689545 1.76627655630527E-001 1.84006570223298E-001
60.1689411 1.75844689890626E-001 1.83178746078390E-001
60.2689316 1.75066392209202E-001 1.82355932028358E-001
60.3689184 1.74292786442986E-001 1.81538152149812E-001
60.4689090 1.73523778370398E-001 1.80725305708722E-001
60.5688958 1.72759391783707E-001 1.79917416733782E-001
60.6688827 1.71999562701268E-001 1.79114416490172E-001
60.7688734 1.71244228150502E-001 1.78316237335774E-001
60.8688603 1.70493411821394E-001 1.77522903220458E-001
60.9688511 1.69747022799468E-001 1.76734317009159E-001
61.0688381 1.69005084702988E-001 1.75950502594799E-001
61.1688251 1.68267535951542E-001 1.75171393868113E-001
61.2688160 1.67534315931878E-001 1.74396925766373E-001
61.3688031 1.66805448149710E-001 1.73627122090870E-001
61.4687941 1.66080844852241E-001 1.72861889144481E-001
61.5687813 1.65360529467021E-001 1.72101250663487E-001
61.6687685 1.64644442703635E-001 1.71345143040466E-001
61.7687596 1.63932526199010E-001 1.70593503670720E-001
61.8687469 1.63224803259055E-001 1.69846356187483E-001
61.9687381 1.62521189154855E-001 1.69103610179141E-001
62.0687254 1.61821707108463E-001 1.68365289206747E-001
62.1687128 1.61126300014294E-001 1.67631332047885E-001
62.2687041 1.60434911656254E-001 1.66901678441239E-001
62.3686916 1.59747565126736E-001 1.66176351834681E-001
62.4686829 1.59064178590077E-001 1.65455264957732E-001
62.5686704 1.58384775049798E-001 1.64738441179716E-001
62.6686580 1.57709299485669E-001 1.64025821552804E-001
62.7686494 1.57037697730967E-001 1.63317348050734E-001
62.8686371 1.56369992652508E-001 1.62613043920666E-001
62.9686286 1.55706105183989E-001 1.61912824896463E-001
63.0686163 1.55046058098962E-001 1.61216714141113E-001
63.1686040 1.54389798368425E-001 1.60524654876989E-001
63.2685918 1.53737298602540E-001 1.59836617381061E-001
63.3685872 1.53088482294303E-001 1.59152520155540E-001
63.4685751 1.52443421522930E-001 1.58472438377368E-001
63.5685630 1.51802039968110E-001 1.57796290763127E-001
63.6685509 1.51164311180954E-001 1.57124048625518E-001
63.7685388 1.50530208941856E-001 1.56455683529526E-001
63.8685344 1.49899659290674E-001 1.55791116736605E-001
63.9685224 1.49272732666149E-001 1.55130421705429E-001
64.0685105 1.48649355281479E-001 1.54473519896592E-001
64.1684986 1.48029501811203E-001 1.53820383858560E-001
64.2684867 1.47413147147782E-001 1.53170986379398E-001
64.3684824 1.46800219771497E-001 1.52525251362567E-001
64.4684706 1.46190788522111E-001 1.51883250591660E-001
64.5684588 1.45584782040790E-001 1.51244908155078E-001
64.6684470 1.44982176069989E-001 1.50610197775119E-001
64.7684353 1.44382946559359E-001 1.49979093401721E-001
64.8684312 1.43787024328487E-001 1.49351521469072E-001
64.9684195 1.43194476658700E-001 1.48727552127918E-001
65.0684079 1.42605234518844E-001 1.48107111984149E-001
65.1683963 1.42019274666900E-001 1.47490175875491E-001
65.2683847 1.41436574057920E-001 1.46876718856040E-001
65.3683808 1.40857065754684E-001 1.46266669785024E-001
65.4683692 1.40280815519670E-001 1.45660097221641E-001
65.5683578 1.39707756554080E-001 1.45056930184475E-001
65.6683463 1.39137866581948E-001 1.44457144571592E-001
65.7683349 1.38571123514825E-001 1.43860716486786E-001
65.8683311 1.38007462567298E-001 1.43267577113925E-001
65.9683197 1.37446948021642E-001 1.42677793461000E-001
66.0683084 1.36889515220746E-001 1.42091296859713E-001
66.1682971 1.36335142807979E-001 1.41508064216476E-001
66.2682858 1.35783809605195E-001 1.40928072633385E-001
66.3682821 1.35235452891852E-001 1.40351255523515E-001
66.4682709 1.34690135507730E-001 1.39777678383043E-001
66.5682597 1.34147794851145E-001 1.39207274762130E-001
66.6682485 1.33608410440649E-001 1.38640022526443E-001
66.7682374 1.33071961964745E-001 1.38075899727846E-001
66.8682339 1.32538388685032E-001 1.37514841917872E-001
66.9682228 1.32007752035570E-001 1.36956913119346E-001
67.0682118 1.31479991387999E-001 1.36402049010852E-001
67.1682007 1.30955087094319E-001 1.35850228370944E-001
67.2681897 1.30433019668409E-001 1.35301430155411E-001
67.3681864 1.29913730275244E-001 1.34755591967914E-001
67.4681754 1.29397278979027E-001 1.34212776395447E-001
67.5681645 1.28883607046538E-001 1.33672921159360E-001
67.6681536 1.28372695623755E-001 1.33136005907276E-001
67.7681428 1.27864526010903E-001 1.32602010455581E-001
67.8681396 1.27359041201316E-001 1.32070874377911E-001
67.9681288 1.26856299924288E-001 1.31542658862021E-001
68.0681180 1.26356245267270E-001 1.31017303590497E-001
68.1681072 1.25858859132877E-001 1.30494789038606E-001
68.2680965 1.25364123570746E-001 1.29975095842370E-001
68.3680934 1.24871983331095E-001 1.29458165467181E-001
68.4680827 1.24382495842370E-001 1.28944057737240E-001
68.5680721 1.23895605941720E-001 1.28432714218724E-001
68.6680615 1.23411296253059E-001 1.27924116175373E-001
68.7680509 1.22929549540481E-001 1.27418245024106E-001
68.8680479 1.22450312242955E-001 1.26915044047566E-001
68.9680374 1.21973640521260E-001 1.26414571741184E-001
69.0680269 1.21499480894591E-001 1.25916771480766E-001
69.1680164 1.21027816674695E-001 1.25421625281463E-001
69.2680059 1.20558631307026E-001 1.24929115304434E-001
69.3680031 1.20091872854339E-001 1.24439186578590E-001
69.4679927 1.19627596242064E-001 1.23951896304481E-001
69.5679823 1.19165749606919E-001 1.23467189597059E-001
69.6679719 1.18706316916792E-001 1.22985049187808E-001
69.7679615 1.18249282267141E-001 1.22505457947432E-001
69.8679589 1.17794595282541E-001 1.22028362583445E-001
69.9679486 1.17342309684545E-001 1.21553819034531E-001
70.0679383 1.16892375165832E-001 1.21081774087597E-001
70.1679281 1.16444776320403E-001 1.20612211157246E-001
70.2679178 1.15999497864011E-001 1.20145113790873E-001
70.3679153 1.15556490923915E-001 1.19680430310069E-001
70.4679051 1.15115808048430E-001 1.19218215423818E-001
70.5678949 1.14677400427451E-001 1.18758417526889E-001
70.6678848 1.14241253252622E-001 1.18301020685548E-001
70.7678747 1.13807351831833E-001 1.17846009092760E-001
70.8678723 1.13375648738571E-001 1.17393332622647E-001
70.9678622 1.12946195377747E-001 1.16943044785801E-001
71.0678522 1.12518944380374E-001 1.16495095523718E-001
71.1678422 1.12093881508753E-001 1.16049469524515E-001
71.2678322 1.11670992636202E-001 1.15606151597239E-001
71.3678299 1.11250231728529E-001 1.15165093109802E-001
71.4678200 1.10831649076273E-001 1.14726346404898E-001
71.5678100 1.10415198697993E-001 1.14289862912392E-001
71.6678002 1.10000866901046E-001 1.13855627914000E-001
71.7677903 1.09588640098840E-001 1.13423626806891E-001
71.8677881 1.09178473598011E-001 1.12993812396696E-001
71.9677783 1.08770416602977E-001 1.12566235887894E-001
72.0677685 1.08364424468660E-001 1.12140850143002E-001
72.1677587 1.07960484023176E-001 1.11717641010539E-001
72.2677489 1.07558582195987E-001 1.11296594449289E-001
72.3677468 1.07158675585341E-001 1.10877664649055E-001
72.4677371 1.06760812337028E-001 1.10460901704986E-001
72.5677275 1.06364949093415E-001 1.10046259859038E-001
72.6677178 1.05971073180316E-001 1.09633725501118E-001
72.7677082 1.05579172020425E-001 1.09223285126475E-001
72.8677062 1.05189203456556E-001 1.08814894257927E-001
72.9676966 1.04801214602624E-001 1.08408601909412E-001
73.0676870 1.04415163341666E-001 1.08004363651476E-001
73.1676774 1.04031037475301E-001 1.07602166391299E-001
73.2676679 1.03648824897778E-001 1.07201997136729E-001
73.3676660 1.03268484651492E-001 1.06803812694713E-001
73.4676565 1.02890062844508E-001 1.06407661025332E-001
73.5676471 1.02513518555800E-001 1.06013498979129E-001
73.6676376 1.02138840041992E-001 1.05621313957663E-001
73.7676282 1.01766015648304E-001 1.05231093458724E-001
73.8676264 1.01395005573670E-001 1.04842795526653E-001
73.9676171 1.01025854945627E-001 1.04456467094294E-001
74.0676077 1.00658523996288E-001 1.04072066245721E-001
74.1675984 1.00293001417518E-001 1.03689580855136E-001
74.2675890 9.99292759859454E-002 1.03308998888753E-001
74.3675874 9.95673090158624E-002 1.02930279583614E-001
74.4675781 9.92071446789039E-002 1.02553468871224E-001
74.5675688 9.88487443193646E-002 1.02178526024749E-001
74.6675596 9.84920970455657E-002 1.01805439370382E-001
74.7675504 9.81371920469454E-002 1.01434197322326E-001
74.8675488 9.77839917137339E-002 1.01064760267566E-001
74.9675396 9.74325392856219E-002 1.00697173161461E-001
75.0675305 9.70827971798725E-002 1.00331396423753E-001
75.1675213 9.67347549034008E-002 9.99674188130030E-002
75.2675122 9.63884020407742E-002 9.96052291719801E-002
75.3675108 9.60437020204110E-002 9.92447889966982E-002
75.4675017 9.57006971733604E-002 9.88861422908803E-002
75.5674926 9.53593509523016E-002 9.85292505801462E-002
75.6674836 9.50196532457555E-002 9.81741030367790E-002
75.7674746 9.46815940165985E-002 9.78206889136485E-002
75.8674732 9.43451376952796E-002 9.74689707766310E-002
75.9674642 9.40103257268723E-002 9.71189917016526E-002
76.0674553 9.36771225634966E-002 9.67707142812531E-002
76.1674463 9.33455184591169E-002 9.64241280837022E-002
76.2674374 9.30155037389142E-002 9.60792227544148E-002
76.3674361 9.26870438007246E-002 9.57359618916246E-002
76.4674273 9.23601792256893E-002 9.53943876666483E-002
76.5674184 9.20348754308973E-002 9.50544637016353E-002
76.6674096 9.17111230203723E-002 9.47161799439742E-002
76.7674007 9.13889126663684E-002 9.43795264149245E-002
76.8673996 9.10682107009035E-002 9.40444677091523E-002
76.9673908 9.07490568626268E-002 9.37110451159188E-002
77.0673820 9.04314175005519E-002 9.33792232512391E-002
77.1673732 9.01152835541168E-002 9.30489924255717E-002
77.2673645 8.98006460281462E-002 9.27203430201310E-002
77.3673634 8.94874721570052E-002 9.23932405915924E-002
77.4673547 8.91758008577028E-002 9.20677255690970E-002
77.5673461 8.88655993794926E-002 9.17437635282733E-002
77.6673374 8.85568589832802E-002 9.14213451273752E-002
77.7673288 8.82495709926491E-002 9.11004610924471E-002
77.8673278 8.79437035137810E-002 9.07810779091803E-002
77.9673192 8.76392946623246E-002 9.04632351679307E-002
78.0673106 8.73363125573840E-002 9.01468993711055E-002
78.1673020 8.70347487680465E-002 8.98320615102126E-002
78.2672935 8.67345949234962E-002 8.95187126417256E-002
78.3672925 8.64358199724428E-002 8.92068201487182E-002
78.4672840 8.61384612488991E-002 8.88964228035118E-002
78.5672755 8.58424877126625E-002 8.85874880038079E-002
78.6672671 8.55478912283420E-002 8.82800070605188E-002
78.7672586 8.52546637181836E-002 8.79739713468330E-002
78.8672578 8.49627749453195E-002 8.76693491128683E-002
78.9672493 8.46722614813099E-002 8.73661783330925E-002
79.0672409 8.43830930986638E-002 8.70644272703028E-002
79.1672325 8.40952619454446E-002 8.67640875416233E-002
79.2672242 8.38087602250077E-002 8.64651508238912E-002
79.3672234 8.35235584879302E-002 8.61675862051634E-002
79.4672151 8.32396925619771E-002 8.58714308816822E-002
79.5672068 8.29571330055071E-002 8.55766539523664E-002
79.6671985 8.26758722385325E-002 8.52832473279798E-002
79.7671902 8.23959027341210E-002 8.49912029765568E-002
79.8671895 8.21171958043924E-002 8.47004907961640E-002
79.9671813 8.18397865514626E-002 8.44111472239077E-002
80.0671730 8.15636462937460E-002 8.41231421670211E-002
80.1671648 8.12887677122306E-002 8.38364678179245E-002
80.2671566 8.10151435388264E-002 8.35511164239799E-002
80.3671560 8.07427458223179E-002 8.32670586664534E-002
80.4671478 8.04716089568222E-002 8.29843302418822E-002
80.5671397 8.02017049960336E-002 8.27029018391193E-002
80.6671315 7.99330268714471E-002 8.24227659208151E-002
80.7671234 7.96655675634442E-002 8.21439150023410E-002
80.8671229 7.93992998335750E-002 8.18663205224209E-002
80.9671148 7.91342573851247E-002 8.15900174550812E-002
81.0671067 7.88704129832634E-002 8.13149772451596E-002
81.1670987 7.86077598000031E-002 8.10411926146393E-002
81.2670906 7.83462910543001E-002 8.07686563361063E-002
81.3670902 7.80859801975035E-002 8.04973405810176E-002
81.4670822 7.78268602587650E-002 8.02272796184534E-002
81.5670742 7.75689046918533E-002 7.99584456246126E-002
81.6670662 7.73121068997623E-002 7.96908315704151E-002
81.7670583 7.70564603305750E-002 7.94244304753615E-002
81.8670579 7.68019391033640E-002 7.91592152198894E-002
81.9670500 7.65485755893905E-002 7.88952193852169E-002
82.0670421 7.62963439090300E-002 7.86324158552460E-002
82.1670342 7.60452376871531E-002 7.83707978399113E-002
82.2670263 7.57952505919491E-002 7.81103585957994E-002
82.3670260 7.55463573889887E-002 7.78510716895020E-002
82.4670182 7.52985898074432E-002 7.75929700309933E-002
82.5670103 7.50519226131479E-002 7.73360271891405E-002
82.6670025 7.48063496441553E-002 7.70802366034229E-002
82.7669947 7.45618647801441E-002 7.68255917581293E-002
82.8669945 7.43184434127709E-002 7.65720668840646E-002
82.9669867 7.40761166444873E-002 7.63196942361236E-002
83.0669790 7.38348598662498E-002 7.60684480462805E-002
83.1669712 7.35946671209852E-002 7.58183219745165E-002
83.2669635 7.33555324916308E-002 7.55693097238631E-002
83.3669634 7.31174319762920E-002 7.53213861682417E-002
83.4669556 7.28803960656539E-002 7.50745829231919E-002
83.5669479 7.26444007562266E-002 7.48288748627765E-002
83.6669403 7.24094402878736E-002 7.45842558588418E-002
83.7669326 7.21755089389241E-002 7.43407198246046E-002
83.8669326 7.19425832950377E-002 7.40982422568127E-002
83.9669249 7.17106932496809E-002 7.38568541469480E-002
84.0669173 7.14798153860870E-002 7.36165309909446E-002
84.1669097 7.12499441334693E-002 7.33772668642635E-002
84.2669021 7.10210739580294E-002 7.31390558821304E-002
84.3669022 7.07931820147957E-002 7.29018741446012E-002
84.4668946 7.05662976141699E-002 7.26657520339813E-002
84.5668870 7.03403979079836E-002 7.24306656486261E-002
84.6668795 7.01154775075458E-002 7.21966092597268E-002
84.7668720 6.98915310597417E-002 7.19635771767048E-002
84.8668721 6.96685362714606E-002 7.17315460841420E-002
84.9668646 6.94465218838110E-002 7.15005457696454E-002
85.0668571 6.92254655997722E-002 7.12705529152743E-002
85.1668496 6.90053622058120E-002 7.10415619804135E-002
85.2668422 6.87862065226235E-002 7.08135674612113E-002
85.3668424 6.85679767920980E-002 7.05865466086984E-002
85.4668349 6.83507011994513E-002 7.03605286298701E-002
85.5668275 6.81343579820046E-002 7.01354907724716E-002
85.6668201 6.79189420947488E-002 6.99114276768765E-002
85.7668127 6.77044485256080E-002 6.96883340188189E-002
85.8668130 6.74908560352369E-002 6.94661875983737E-002
85.9668056 6.72781922659986E-002 6.92450170556312E-002
86.0667983 6.70664359733680E-002 6.90248001866750E-002
86.1667909 6.68555822745099E-002 6.88055318059766E-002
86.2667836 6.66456263182861E-002 6.85872067620261E-002
86.3667839 6.64365473684704E-002 6.83698033871833E-002
86.4667766 6.62283725372630E-002 6.81533497679701E-002
86.5667694 6.60210810826947E-002 6.79378242321021E-002
86.6667621 6.58146682780287E-002 6.77232217615567E-002
86.7667548 6.56091294270407E-002 6.75095373710468E-002
86.8667552 6.54044442815480E-002 6.72967499090739E-002
86.9667480 6.52006394359377E-002 6.70848869215699E-002
87.0667408 6.49976946357651E-002 6.68739272517885E-002
87.1667336 6.47956053045747E-002 6.66638660429066E-002
87.2667264 6.45943668952904E-002 6.64546984696078E-002
87.3667268 6.43939596332418E-002 6.62464038809828E-002
87.4667197 6.41944096070225E-002 6.60390092950027E-002
87.5667125 6.39956970352226E-002 6.58324940549536E-002
87.6667054 6.37978174860984E-002 6.56268534591754E-002
87.7666983 6.36007665562006E-002 6.54220828363390E-002
87.8666988 6.34045249303612E-002 6.52181620211358E-002
87.9666917 6.32091182030804E-002 6.50151175158687E-002
88.0666846 6.30145270520115E-002 6.48129291489110E-002
88.1666775 6.28207471847889E-002 6.46115923679876E-002
88.2666705 6.26277743363020E-002 6.44111026500286E-002
88.3666710 6.24355896373753E-002 6.42114403008788E-002
88.4666640 6.22442181998035E-002 6.40126313191363E-002
88.5666570 6.20536411468300E-002 6.38146560038558E-002
88.6666500 6.18638543203573E-002 6.36175099466141E-002
88.7666429 6.16748535885472E-002 6.34211887671151E-002
88.8666436 6.14866205151861E-002 6.32256732284284E-002
88.9666366 6.12991797404492E-002 6.30309888370919E-002
89.0666296 6.11125128201728E-002 6.28371163489510E-002
89.1666227 6.09266157256320E-002 6.26440514941354E-002
89.2666157 6.07414844534062E-002 6.24517900298691E-002
89.3666164 6.05571009876716E-002 6.22603131630143E-002
89.4666095 6.03734895077771E-002 6.20696459193835E-002
89.5666026 6.01906319896121E-002 6.18797694982167E-002
89.6665957 6.00085245291313E-002 6.16906797631199E-002
89.7665889 5.98271632466792E-002 6.15023726038038E-002
89.8665896 5.96465305346906E-002 6.13148296579670E-002
89.9665828 5.94666501221954E-002 6.11280754817310E-002
90.0665759 5.92875043930348E-002 6.09420917048076E-002
90.1665691 5.91090895633449E-002 6.07568743194149E-002
90.2665622 5.89314018727745E-002 6.05724193429274E-002
90.3665631 5.87544241103079E-002 6.03887088313793E-002
90.4665563 5.85781795648874E-002 6.02057668819443E-002
90.5665495 5.84026510166243E-002 6.00235755423370E-002
90.6665427 5.82278347975235E-002 5.98421309287257E-002
90.7665359 5.80537272622608E-002 5.96614291815256E-002
90.8665368 5.78803115850657E-002 5.94814527630443E-002
90.9665301 5.77076106247555E-002 5.93022253219662E-002
91.0665233 5.75356075464343E-002 5.91237293119761E-002
91.1665166 5.73642987938385E-002 5.89459609687228E-002
91.2665099 5.71936808325689E-002 5.87689165512306E-002
91.3665108 5.70237372111850E-002 5.85925789164373E-002
91.4665041 5.68544903680809E-002 5.84169712747218E-002
91.5664975 5.66859238424624E-002 5.82420764741238E-002
91.6664908 5.65180341858296E-002 5.80678908654872E-002
91.7664842 5.63508179707730E-002 5.78944108221957E-002
91.8664851 5.61842591096397E-002 5.77216195845763E-002
91.9664785 5.60183796298490E-002 5.75495399346196E-002
92.0664719 5.58531634341895E-002 5.73781551035053E-002
92.1664653 5.56886071781176E-002 5.72074615531622E-002
92.2664587 5.55247075374372E-002 5.70374557672575E-002
92.3664597 5.53614487780993E-002 5.68681213586533E-002
92.4664531 5.51988525257508E-002 5.66994806906087E-002
92.5664466 5.50369030366006E-002 5.65315173666137E-002
92.6664400 5.48755970664076E-002 5.63642279557393E-002
92.7664335 5.47149313905651E-002 5.61976090480255E-002
92.8664346 5.45548906187880E-002 5.60316446183864E-002
92.9664281 5.43954959839143E-002 5.58663566207545E-002
93.0664215 5.42367320857538E-002 5.57017290204695E-002
93.1664150 5.40785957768600E-002 5.55377584899613E-002
93.2664086 5.39210839287373E-002 5.53744417218910E-002
93.3664097 5.37641814853548E-002 5.52117630430966E-002
93.4664032 5.36079092954731E-002 5.50497440073448E-002
93.5663968 5.34522522930121E-002 5.48883689317188E-002
93.6663903 5.32972074239532E-002 5.47276345883768E-002
93.7663839 5.31427716525707E-002 5.45675377689994E-002
93.8663851 5.29889302478966E-002 5.44080631425636E-002
93.9663787 5.28357036831201E-002 5.42492318715925E-002
94.0663723 5.26830772170970E-002 5.40910286151473E-002
94.1663659 5.25310478860025E-002 5.39334502416292E-002
94.2663595 5.23796127436734E-002 5.37764936382816E-002
94.3663607 5.22287573753177E-002 5.36201438067630E-002
94.4663544 5.20785018868402E-002 5.34644215270448E-002
94.5663480 5.19288318531623E-002 5.33093117907278E-002
94.6663417 5.17797443975472E-002 5.31548115591098E-002
94.7663353 5.16312366603129E-002 5.30009178116780E-002
94.8663366 5.14832945342497E-002 5.28476158736308E-002
94.9663303 5.13359377660526E-002 5.26949261508551E-002
95.0663240 5.11891522381308E-002 5.25428339583674E-002
95.1663177 5.10429351578510E-002 5.23913363471486E-002
95.2663114 5.08972837490524E-002 5.22404303857418E-002
95.3663128 5.07521842037962E-002 5.20901017140471E-002
95.4663065 5.06076559174352E-002 5.19403703721165E-002
95.5663002 5.04636850715695E-002 5.17912219895603E-002
95.6662940 5.03202689548020E-002 5.16426537039557E-002
95.7662878 5.01774048716484E-002 5.14946626698398E-002
95.8662892 5.00350793054003E-002 5.13472348332675E-002
95.9662829 4.98933113077358E-002 5.12003898764940E-002
96.0662767 4.97520873514187E-002 5.10541137351916E-002
96.1662705 4.96114048035326E-002 5.09084036305687E-002
96.2662643 4.94712610465353E-002 5.07632568002143E-002
96.3662658 4.93316428471697E-002 5.06186594880716E-002
96.4662596 4.91925689209109E-002 5.04746310264312E-002
96.5662535 4.90540260239200E-002 5.03311576487756E-002
96.6662473 4.89160115991119E-002 5.01882366570946E-002
96.7662412 4.87785231042582E-002 5.00458653692020E-002
96.8662427 4.86415475820245E-002 4.99040303189323E-002
96.9662365 4.85051034189657E-002 4.97627504962444E-002
97.0662304 4.83691776471234E-002 4.96220124244470E-002
97.1662243 4.82337677826966E-002 4.94818134835726E-002
97.2662182 4.80988713562437E-002 4.93421510689426E-002
97.3662198 4.79644756790658E-002 4.92030119965453E-002
97.4662137 4.78305988158963E-002 4.90644149214462E-002
97.5662076 4.76972280673812E-002 4.89263466490552E-002
97.6662016 4.75643610205544E-002 4.87888046348145E-002
97.7661955 4.74319952763303E-002 4.86517863489413E-002
97.8661971 4.73001184075908E-002 4.85152788820886E-002
97.9661911 4.71687481641680E-002 4.83793005616793E-002
98.0661851 4.70378721082677E-002 4.82438384677475E-002
98.1661791 4.69074878954026E-002 4.81088901286140E-002
98.2661730 4.67775931945053E-002 4.79744530868795E-002
98.3661747 4.66481758332080E-002 4.78405147006140E-002
98.4661687 4.65192532531869E-002 4.77070929766644E-002
98.5661627 4.63908132713868E-002 4.75741752624520E-002
98.6661568 4.62628536095322E-002 4.74417591567412E-002
98.7661508 4.61353720023251E-002 4.73098422721009E-002
98.8661525 4.60083565255323E-002 4.71784122270008E-002
98.9661465 4.58818243192513E-002 4.70474867146008E-002
99.0661406 4.57557634485595E-002 4.69170533427022E-002
99.1661347 4.56301716992122E-002 4.67871097781716E-002
99.2661288 4.55050468695163E-002 4.66576537012223E-002
99.3661305 4.53803772769655E-002 4.65286729839288E-002
99.4661246 4.52561797664915E-002 4.64001850124803E-002
99.5661187 4.51324426449047E-002 4.62721776482727E-002
99.6661128 4.50091637598922E-002 4.61446486240216E-002
99.7661070 4.48863409712829E-002 4.60175956853497E-002
99.8661087 4.47639628320891E-002 4.58910069513553E-002
99.9661029 4.46420458983306E-002 4.57648995078050E-002
100.0660970 4.45205787123500E-002 4.56392614631174E-002
100.1660912 4.43995591817463E-002 4.55140906136896E-002
100.2660854 4.42789852258647E-002 4.53893847684022E-002
100.3660872 4.41588456272213E-002 4.52651322870030E-002
100.4660814 4.40391566590217E-002 4.51413499612207E-002
100.5660756 4.39199070931331E-002 4.50180261401304E-002
100.6660698 4.38010948951206E-002 4.48951586817245E-002
100.7660640 4.36827180419155E-002 4.47727454560708E-002
100.8660658 4.35647655397078E-002 4.46507750573911E-002
100.9660601 4.34472533848365E-002 4.45292639896021E-002
101.0660543 4.33301705728704E-002 4.44082008362675E-002
101.1660486 4.32135151254677E-002 4.42875835149665E-002
101.2660428 4.30972850752864E-002 4.41674099549611E-002
101.3660447 4.29814696465398E-002 4.40476689789630E-002
101.4660390 4.28660845645012E-002 4.39283768091483E-002
101.5660333 4.27511190427965E-002 4.38095222575924E-002
101.6660275 4.26365711573726E-002 4.36911032995277E-002
101.7660218 4.25224389948240E-002 4.35731179214912E-002
101.8660238 4.24087119919087E-002 4.34555551688851E-002
101.9660181 4.22954056084931E-002 4.33384309880664E-002
102.0660124 4.21825092707873E-002 4.32217344138292E-002
102.1660067 4.20700211072895E-002 4.31054634771969E-002
102.2660011 4.19579392568054E-002 4.29896162201339E-002
102.3660031 4.18462533633261E-002 4.28741819051110E-002
102.4659974 4.17349786268307E-002 4.27591762084417E-002
102.5659918 4.16241046808071E-002 4.26445883820231E-002
102.6659861 4.15136297046304E-002 4.25304165108768E-002
102.7659805 4.14035518876554E-002 4.24166586906141E-002
102.8659825 4.12938610759550E-002 4.23033043953242E-002
102.9659769 4.11845722150062E-002 4.21903690369113E-002
103.0659713 4.10756751404281E-002 4.20778420789311E-002
103.1659657 4.09671680808591E-002 4.19657216586752E-002
103.2659601 4.08590492746019E-002 4.18540059236877E-002
103.3659622 4.07513087648140E-002 4.17426845543913E-002
103.4659566 4.06439612477248E-002 4.16317727037766E-002
103.5659511 4.05369967560925E-002 4.15212600417785E-002
103.6659455 4.04304135662637E-002 4.14111447562944E-002
103.7659400 4.03242099639451E-002 4.13014250451486E-002
103.8659421 4.02183761845319E-002 4.11920907899722E-002
103.9659365 4.01129266801323E-002 4.10831568902044E-002
104.0659310 4.00078516758005E-002 4.09746132170384E-002
104.1659255 3.99031494940924E-002 4.08664580073737E-002
104.2659200 3.97988184666305E-002 4.07586895077227E-002
104.3659221 3.96948490163443E-002 4.06512977959535E-002
104.4659166 3.95912553562241E-002 4.05442975231853E-002
104.5659112 3.94880278989205E-002 4.04376787569028E-002
104.6659057 3.93851650117534E-002 4.03314397814616E-002
104.7659002 3.92826650708263E-002 4.02255788905277E-002
104.8659024 3.91805186820390E-002 4.01200863533829E-002
104.9658969 3.90787398241461E-002 4.00149765779316E-002
105.0658915 3.89773190928342E-002 3.99102398231312E-002
105.1658860 3.88762548987933E-002 3.98058744193030E-002
105.2658806 3.87755456612245E-002 3.97018787057871E-002
105.3658828 3.86751821645681E-002 3.95982431385998E-002
105.4658774 3.85751781581080E-002 3.94949818874118E-002
105.5658720 3.84755244161401E-002 3.93920853979773E-002
105.6658666 3.83762193913805E-002 3.92895520451467E-002
105.7658612 3.82772615447937E-002 3.91873802125078E-002
105.8658634 3.81786418350596E-002 3.90855605382698E-002
105.9658580 3.80803737866432E-002 3.89841069587313E-002
106.0658527 3.79824483481521E-002 3.88830101019059E-002
106.1658473 3.78848640130324E-002 3.87822683857870E-002
106.2658419 3.77876192827238E-002 3.86818802368347E-002
106.3658442 3.76907052859718E-002 3.85818364710435E-002
106.4658389 3.75941353269621E-002 3.84821507960848E-002
106.5658335 3.74979005244421E-002 3.83828140178266E-002
106.6658282 3.74019994113363E-002 3.82838245960692E-002
106.7658229 3.73064305283187E-002 3.81851809988185E-002
106.8658252 3.72111851701454E-002 3.80868742155749E-002
106.9658199 3.71162764251553E-002 3.79889177300143E-002
107.0658146 3.70216955781843E-002 3.78913025215830E-002
107.1658093 3.69274412004284E-002 3.77940270905995E-002
107.2658040 3.68335118705966E-002 3.76970899453351E-002
107.3658063 3.67398990455191E-002 3.76004822446422E-002
107.4658011 3.66466156020154E-002 3.75042172527218E-002
107.5657958 3.65536529870743E-002 3.74082861184472E-002
107.6657905 3.64610098089985E-002 3.73126873814111E-002
107.7657853 3.63686846833759E-002 3.72174195889154E-002
107.8657877 3.62766692252860E-002 3.71224740651303E-002
107.9657824 3.61849761042539E-002 3.70278638591959E-002
108.0657772 3.60935969255995E-002 3.69335802853803E-002
108.1657720 3.60025303336076E-002 3.68396219213505E-002
108.2657667 3.59117749796280E-002 3.67459873522474E-002
108.3657692 3.58213226332749E-002 3.66526680636412E-002
108.4657639 3.57311857609045E-002 3.65596768939199E-002
108.5657587 3.56413561224542E-002 3.64670053188310E-002
108.6657536 3.55518323971056E-002 3.63746519529572E-002
108.7657484 3.54626132708925E-002 3.62826154181287E-002
108.8657508 3.53736906643538E-002 3.61908873575099E-002
108.9657456 3.52850768447059E-002 3.60994804029438E-002
109.0657405 3.51967637228955E-002 3.60083861878540E-002
