0.0053140 2.26979468454219E+001 4.87879823251901E+003
0.0210792 8.61325270410484E+001 4.74714380025195E+003
0.0467942 1.78096908172479E+002 4.54259761218050E+003
0.0817065 2.83074907692515E+002 4.28367307475193E+003
0.1249105 3.86648440697433E+002 3.99036037608010E+003
0.1754417 4.78287409608401E+002 3.68101686699747E+003
0.2323515 5.52109831437730E+002 3.37053864865769E+003
0.2947571 6.06216377442467E+002 3.06977455926323E+003
0.3618673 6.41445817878310E+002 2.78579841619216E+003
0.4329916 6.60158126690974E+002 2.52260096240902E+003
0.5075377 6.65314930141526E+002 2.28188698848642E+003
0.5850032 6.59897439856504E+002 2.06379506100960E+003
0.6649650 6.46596004379557E+002 1.86747284016953E+003
0.7470680 6.27682699802652E+002 1.69149862882881E+003
0.8310139 6.04991936090668E+002 1.53417439403233E+003
0.9165527 5.79956087348263E+002 1.39371537035314E+003
1.0034738 5.53663796775683E+002 1.26836789661107E+003
1.0915995 5.26922751493966E+002 1.15647695507550E+003
1.1807797 5.00317768446310E+002 1.05651993528107E+003
1.2708868 4.74261038123288E+002 9.67120668093454E+002
1.3618115 4.49033143655087E+002 8.87049412885515E+002
1.4534610 4.24815734981131E+002 8.15215663407653E+002
1.5457546 4.01717467845814E+002 7.50658432053041E+002
1.6386236 3.79793291182987E+002 6.92532681628008E+002
1.7320075 3.59059889450049E+002 6.40097985804636E+002
1.8258543 3.39506619283603E+002 5.92705420308638E+002
1.9201186 3.21104134790226E+002 5.49786816090334E+002
2.0147601 3.03810779544259E+002 5.10844855651072E+002
2.1097440 2.87576901622666E+002 4.75443328619422E+002
2.2050388 2.72348548782799E+002 4.43199898920117E+002
2.3006174 2.58069616674481E+002 4.13778508812848E+002
2.3964555 2.44683698522285E+002 3.86883582758515E+002
2.4925310 2.32135371676803E+002 3.62254914643859E+002
2.5888248 2.20370793415779E+002 3.39662666133097E+002
2.6853193 2.09338470459011E+002 3.18903891097681E+002
2.7819988 1.98989379417545E+002 2.99798734838102E+002
2.8788497 1.89277229089026E+002 2.82187665915739E+002
2.9758588 1.80158585515304E+002 2.65929036470709E+002
3.0730149 1.71592700337775E+002 2.50896592447284E+002
3.1703074 1.63541619744802E+002 2.36977876921743E+002
3.2677268 1.55969937845199E+002 2.24072317705734E+002
3.3652646 1.48844757152192E+002 2.12089937679589E+002
3.4629133 1.42135501306681E+002 2.00950018522021E+002
3.5606650 1.35813899864481E+002 1.90580222984479E+002
3.6585133 1.29853654136382E+002 1.80915329768860E+002
3.7564523 1.24230426682904E+002 1.71896622732061E+002
3.8544764 1.18921672450810E+002 1.63471112620305E+002
3.9525810 1.13906485496311E+002 1.55590867149065E+002
4.0507604 1.09165569974709E+002 1.48212602710113E+002
4.1490108 1.04680980794051E+002 1.41296970537126E+002
4.2473280 1.00436111997995E+002 1.34808279100431E+002
4.3457083 9.64155710110614E+001 1.28714075839310E+002
4.4441489 9.26050670165138E+001 1.22984785518451E+002
4.5426454 8.89913956415371E+001 1.17593521234840E+002
4.6411954 8.55622496536294E+001 1.12515657941425E+002
4.7397961 8.23062184153119E+001 1.07728710108690E+002
4.8384450 7.92127009115056E+001 1.03212096270666E+002
4.9371399 7.62718292027522E+001 9.89469347236229E+001
5.0358779 7.34744659617878E+001 9.49159591435757E+001
5.1346571 7.08120672503157E+001 9.11032497820578E+001
5.2334756 6.82766904490394E+001 8.74941845625064E+001
5.3323316 6.58609350129049E+001 8.40753005406279E+001
5.4312238 6.35578905348498E+001 8.08341733919471E+001
5.5301496 6.13611422727590E+001 7.77593836836107E+001
5.6291079 5.92646705234349E+001 7.48403390895297E+001
5.7280973 5.72628630892031E+001 7.20672603451730E+001
5.8271164 5.53504746568430E+001 6.94310962891804E+001
5.9261644 5.35225912670704E+001 6.69234498439660E+001
6.0252392 5.17746399318589E+001 6.45365688798139E+001
6.1243401 5.01023135148605E+001 6.22632235458486E+001
6.2234659 4.85015849324852E+001 6.00967084886469E+001
6.3226158 4.69686788644504E+001 5.80307887175712E+001
6.4217891 4.55000470464604E+001 5.60596524031975E+001
6.5209840 4.40923795166758E+001 5.41779134626248E+001
6.6202001 4.27425474432933E+001 5.23805237618180E+001
6.7194366 4.14476174169705E+001 5.06627824938604E+001
6.8186927 4.02048313647554E+001 4.90203004454279E+001
6.9179682 3.90115890270726E+001 4.74489688334002E+001
7.0172613 3.78654594357014E+001 4.59449671578246E+001
7.1165720 3.67641365786841E+001 4.45046983579228E+001
7.2158999 3.57054479802135E+001 4.31247944277258E+001
7.3152432 3.46873648923550E+001 4.18021242568736E+001
7.4146030 3.37079401078052E+001 4.05337079760205E+001
7.5139770 3.27653728472895E+001 3.93167969194271E+001
7.6133666 3.18579269835033E+001 3.81487638070566E+001
7.7127702 3.09839883809765E+001 3.70271733384592E+001
7.8121865 3.01420304822572E+001 3.59497344442857E+001
7.9116168 2.93305860765054E+001 3.49142613801154E+001
8.0110589 2.85482975929899E+001 3.39187353688197E+001
8.1105143 2.77938503054135E+001 3.29612169397526E+001
8.2099815 2.70660207641888E+001 3.20399054346577E+001
8.3094593 2.63636490889267E+001 3.11531016571247E+001
8.4089492 2.56856161191877E+001 3.02991772924899E+001
8.5084489 2.50308860920261E+001 2.94766270683070E+001
8.6079599 2.43984514771300E+001 2.86839977399666E+001
8.7074812 2.37873740823780E+001 2.79199383825027E+001
8.8070112 2.31967624519715E+001 2.71831706458622E+001
8.9065517 2.26257531275207E+001 2.64724642763377E+001
9.0061006 2.20735470319735E+001 2.57866813854419E+001
9.1056593 2.15393634580844E+001 2.51247181824658E+001
9.2052267 2.10224751278253E+001 2.44855476399182E+001
9.3048016 2.05221895390751E+001 2.38681954372745E+001
9.4043856 2.00378334169976E+001 2.32717200577592E+001
9.5039766 1.95687838800840E+001 2.26952505054984E+001
9.6035763 1.91144297211719E+001 2.21379379617905E+001
9.7031836 1.86742014576451E+001 2.15989921394611E+001
9.8027972 1.82475557758587E+001 2.10776615648492E+001
9.9024188 1.78339624953555E+001 2.05732171752646E+001
10.0020464 1.74329313919604E+001 2.00849845936233E+001
10.1016817 1.70439793537572E+001 1.96123036230064E+001
10.2013235 1.66666562628792E+001 1.91545593678329E+001
10.3009707 1.63005319019317E+001 1.87111658815227E+001
10.4006251 1.59451849238582E+001 1.82815524900229E+001
10.5002846 1.56002260447714E+001 1.78651915346059E+001
10.5999509 1.52652699807308E+001 1.74615641368481E+001
10.6996230 1.49399578446683E+001 1.70701869661242E+001
10.7992996 1.46239460326590E+001 1.66905985381731E+001
10.8989827 1.43168968138330E+001 1.63223476945956E+001
10.9986702 1.40184984749900E+001 1.59650175592155E+001
11.0983637 1.37284411835197E+001 1.56181963761738E+001
11.1980623 1.34464364570717E+001 1.52815006408746E+001
11.2977649 1.31722076589628E+001 1.49545635145910E+001
11.3974732 1.29054819107928E+001 1.46370250324565E+001
11.4971853 1.26460076658254E+001 1.43285528835059E+001
11.5969029 1.23935338231331E+001 1.40288173947840E+001
11.6966250 1.21478267267057E+001 1.37375116113627E+001
11.7963505 1.19086619813579E+001 1.34543414202466E+001
11.8960812 1.16758174557832E+001 1.31790171609409E+001
11.9958151 1.14490886771097E+001 1.29112717294755E+001
12.0955540 1.12282706579432E+001 1.26508389816948E+001
12.1952970 1.10131728005714E+001 1.23974712419319E+001
12.2950428 1.08036118060341E+001 1.21509308224025E+001
12.3947934 1.05994055840353E+001 1.19109827841342E+001
12.4945468 1.04003867928588E+001 1.16774107764448E+001
12.5943047 1.02063869459816E+001 1.14499982832060E+001
12.6940662 1.00172495317620E+001 1.12285439543513E+001
12.7938302 9.83282383472145E+000 1.10128542754788E+001
12.8935986 9.65295960564314E+000 1.08027372813385E+001
12.9933693 9.47751901583962E+000 1.05980164704129E+001
13.0931443 9.30636269157960E+000 1.03985144327316E+001
13.1929224 9.13936130689331E+000 1.02040663295260E+001
13.2927027 8.97639017163446E+000 1.00145135190631E+001
13.3924871 8.81732454343257E+000 9.82969806569267E+000
13.4922734 8.66205022048932E+000 9.64947501101994E+000
13.5920637 8.51045121605929E+000 9.47369801037705E+000
13.6918568 8.36242003918991E+000 9.30223123027066E+000
13.7916517 8.21785293164259E+000 9.13494377540588E+000
13.8914504 8.07664572536681E+000 8.97170486732833E+000
13.9912508 7.93870326147855E+000 8.81239470646918E+000
14.0910548 7.80392846769543E+000 8.65689181339893E+000
14.1908615 7.67223150693752E+000 8.50508356856929E+000
14.2906697 7.54352556670876E+000 8.35686131540729E+000
14.3904813 7.41772318302726E+000 8.21211610649691E+000
14.4902944 7.29474464334759E+000 8.07074835232459E+000
14.5901109 7.17450827029196E+000 7.93265661778722E+000
14.6899298 7.05693858947905E+000 7.79774699197837E+000
14.7897500 6.94196259196712E+000 7.66592876548904E+000
14.8895734 6.82950645925642E+000 7.53711066070855E+000
14.9893980 6.71950308335128E+000 7.41120943166650E+000
15.0892259 6.61188339266317E+000 7.28813990944560E+000
15.1890558 6.50658366695639E+000 7.16782335972276E+000
15.2888878 6.40354123488486E+000 7.05018254129098E+000
15.3887200 6.30269735765315E+000 6.93514498360149E+000
15.4885562 6.20398950072325E+000 6.82263415778966E+000
15.5883943 6.10736279979756E+000 6.71258254239246E+000
15.6882343 6.01276225629633E+000 6.60492270547380E+000
15.7880763 5.92013461450140E+000 6.49958943441421E+000
15.8879183 5.82943000937382E+000 6.39652159553407E+000
15.9877640 5.74059502145912E+000 6.29565423250455E+000
16.0876115 5.65358299694338E+000 6.19693028213733E+000
16.1874608 5.56834703527925E+000 6.10029259456276E+000
16.2873119 5.48484168322107E+000 6.00568584925037E+000
16.3871628 5.40302442760040E+000 5.91305823502595E+000
16.4870172 5.32284943550423E+000 5.82235435558035E+000
16.5868734 5.24427686861392E+000 5.73352576598238E+000
16.6867312 5.16726656385886E+000 5.64652380918002E+000
16.7865905 5.09177956588596E+000 5.56130134403085E+000
16.8864496 5.01777948231243E+000 5.47781426643529E+000
16.9863121 4.94522682572696E+000 5.39601512012199E+000
17.0861762 4.87408744242734E+000 5.31586259928524E+000
17.1860417 4.80432680163006E+000 5.23731509835363E+000
17.2859087 4.73591138500858E+000 5.16033227426345E+000
17.3857753 4.66880991968981E+000 5.08487642673468E+000
17.4856452 4.60298825064528E+000 5.01090672771628E+000
17.5855166 4.53841698712260E+000 4.93838781454209E+000
17.6853893 4.47506632810385E+000 4.86728396529466E+000
17.7852633 4.41290732507213E+000 4.79756051454193E+000
17.8851368 4.35191300608003E+000 4.72918510846062E+000
17.9850136 4.29205371712690E+000 4.66212247891826E+000
18.0848916 4.23330407543794E+000 4.59634223398388E+000
18.1847709 4.17563826901852E+000 4.53181358396043E+000
18.2846515 4.11903120669824E+000 4.46850662724134E+000
18.3845314 4.06345954493109E+000 4.40639349398732E+000
18.4844144 4.00889744516554E+000 4.34544360130882E+000
18.5842986 3.95532291118896E+000 4.28563073323105E+000
18.6841841 3.90271350914183E+000 4.22692825308456E+000
18.7840706 3.85104741708539E+000 4.16931027395314E+000
18.8839565 3.80030436475480E+000 4.11275270288902E+000
18.9838453 3.75046176101551E+000 4.05722892243690E+000
19.0837353 3.70150048237593E+000 4.00271623973194E+000
19.1836263 3.65340096700218E+000 3.94919152982554E+000
19.2835185 3.60614417451106E+000 3.89663230332989E+000
19.3834098 3.55971244765584E+000 3.84501766167265E+000
19.4833041 3.51408596995936E+000 3.79432435758626E+000
19.5831994 3.46924806389497E+000 3.74453268250678E+000
19.6830957 3.42518161851597E+000 3.69562249288751E+000
19.7829930 3.38186996884983E+000 3.64757418604810E+000
19.8828894 3.33929768742225E+000 3.60036957568908E+000
19.9827887 3.29744733725384E+000 3.55398829020721E+000
20.0826889 3.25630433086575E+000 3.50841315863494E+000
20.1825901 3.21585365629925E+000 3.46362657831102E+000
20.2824922 3.17608068434561E+000 3.41961140857096E+000
20.3823934 3.13697189688436E+000 3.37635177463516E+000
20.4822973 3.09851190477756E+000 3.33382976790274E+000
20.5822022 3.06068791256688E+000 3.29203038306013E+000
20.6821079 3.02348671206157E+000 3.25093819083675E+000
20.7820145 2.98689542465412E+000 3.21053815799522E+000
20.8819201 2.95090217264068E+000 3.17081638674767E+000
20.9818284 2.91549333527040E+000 3.13175708568924E+000
21.0817375 2.88065765859497E+000 3.09334710419197E+000
21.1816475 2.84638348957347E+000 3.05557287853964E+000
21.2815583 2.81265945987232E+000 3.01842118565945E+000
21.3814680 2.77947510563361E+000 2.98187982438949E+000
21.4813803 2.74681833813619E+000 2.94593482956845E+000
21.5812935 2.71467923359866E+000 2.91057464424112E+000
21.6812074 2.68304748398946E+000 2.87578731137063E+000
21.7811221 2.65191302797104E+000 2.84156116787507E+000
21.8810357 2.62126662396968E+000 2.80788547334577E+000
21.9809519 2.59109751466410E+000 2.77474784311930E+000
22.0808688 2.56139692751271E+000 2.74213809400630E+000
22.1807864 2.53215572125075E+000 2.71004565713075E+000
22.2807048 2.50336496899700E+000 2.67846021807355E+000
22.3806219 2.47501648894388E+000 2.64737229801152E+000
22.4805416 2.44710068427578E+000 2.61677088444799E+000
22.5804621 2.41960978169653E+000 2.58664698201770E+000
22.6803832 2.39253565501159E+000 2.55699122488865E+000
22.7803050 2.36587036485639E+000 2.52779446815384E+000
22.8802255 2.33960665085745E+000 2.49904832581064E+000
22.9801486 2.31373593065391E+000 2.47074298028976E+000
23.0800723 2.28825130066099E+000 2.44287046628486E+000
23.1799967 2.26314552023182E+000 2.41542246364662E+000
23.2799217 2.23841151197830E+000 2.38839084458798E+000
23.3798454 2.21404281884328E+000 2.36176817244271E+000
23.4797716 2.19003174770153E+000 2.33554567326777E+000
23.5796984 2.16637215394337E+000 2.30971627751457E+000
23.6796259 2.14305757153552E+000 2.28427257650652E+000
23.7795539 2.12008167747765E+000 2.25920732952095E+000
23.8794806 2.09743871686520E+000 2.23451392684381E+000
23.9794098 2.07512177811883E+000 2.21018450857733E+000
24.0793395 2.05312538065447E+000 2.18621278624069E+000
24.1792698 2.03144373775443E+000 2.16259214780192E+000
24.2792007 2.01007118832807E+000 2.13931612826009E+000
24.3791302 1.98900259272680E+000 2.11637884014269E+000
24.4790621 1.96823172802830E+000 2.09377322626969E+000
24.5789946 1.94775369602639E+000 2.07149368098693E+000
24.6789277 1.92756330721724E+000 2.04953429036180E+000
24.7788612 1.90765548270277E+000 2.02788926950423E+000
24.8787934 1.88802562323886E+000 2.00655336332717E+000
24.9787279 1.86866811420894E+000 1.98552022143401E+000
25.0786630 1.84957856938084E+000 1.96478483659915E+000
25.1785986 1.83075232553546E+000 1.94434190816984E+000
25.2785347 1.81218481706077E+000 1.92418624902584E+000
25.3784693 1.79387192046659E+000 1.90431315913584E+000
25.4784064 1.77580855974463E+000 1.88471691197675E+000
25.5783439 1.75799079976640E+000 1.86539302604141E+000
25.6782819 1.74041444215651E+000 1.84633674074509E+000
25.7782204 1.72307537486898E+000 1.82754339562572E+000
25.8781574 1.70596989418197E+000 1.80900877897479E+000
25.9780968 1.68909340207865E+000 1.79072771628817E+000
26.0780366 1.67244236177097E+000 1.77269618896637E+000
26.1779769 1.65601298636802E+000 1.75490991312816E+000
26.2779176 1.63980156549891E+000 1.73736469338996E+000
26.3778568 1.62380476660615E+000 1.72005674862489E+000
26.4777984 1.60801841680994E+000 1.70298139390642E+000
26.5777404 1.59243933181339E+000 1.68613501914164E+000
26.6776829 1.57706408975401E+000 1.66951376216721E+000
26.7776257 1.56188933673643E+000 1.65311383921390E+000
26.8775671 1.54691206906936E+000 1.63693184964777E+000
26.9775108 1.53212849280978E+000 1.62096354371716E+000
27.0774549 1.51753573621536E+000 1.60520567259962E+000
27.1773994 1.50313070190887E+000 1.58965474801439E+000
27.2773442 1.48891035300528E+000 1.57430735127193E+000
27.3772876 1.47487197778292E+000 1.55916041867367E+000
27.4772333 1.46101212075511E+000 1.54421008812464E+000
27.5771793 1.44732818786714E+000 1.52945343095841E+000
27.6771257 1.43381737076212E+000 1.51488729106040E+000
27.7770725 1.42047691502754E+000 1.50050857421924E+000
27.8770178 1.40730436865365E+000 1.48631451570358E+000
27.9769653 1.39429657905929E+000 1.47230159946955E+000
28.0769132 1.38145119936863E+000 1.45846718113663E+000
28.1768615 1.36876567915257E+000 1.44480840029051E+000
28.2768101 1.35623751617821E+000 1.43132245169026E+000
28.3767572 1.34386448988385E+000 1.41800683639969E+000
28.4767065 1.33164371930245E+000 1.40485834791193E+000
28.5766562 1.31957307798418E+000 1.39187459476675E+000
28.6766062 1.30765024610931E+000 1.37905298030124E+000
28.7765565 1.29587294699742E+000 1.36639095712170E+000
28.8765053 1.28423916671806E+000 1.35388626304106E+000
28.9764563 1.27274626831632E+000 1.34153596897093E+000
29.0764077 1.26139232225990E+000 1.32933790888463E+000
29.1763593 1.25017521528572E+000 1.31728972181768E+000
29.2763113 1.23909287281193E+000 1.30538909088388E+000
29.3762617 1.22814346570461E+000 1.29363396515739E+000
29.4762144 1.21732457662228E+000 1.28202166465439E+000
29.5761673 1.20663445225104E+000 1.27055022464310E+000
29.6761206 1.19607116466379E+000 1.25921749517295E+000
29.7760741 1.18563282067679E+000 1.24802136579815E+000
29.8760261 1.17531775670349E+000 1.23695997444227E+000
29.9759803 1.16512375340494E+000 1.22603086521284E+000
30.0759347 1.15504921542438E+000 1.21523225343140E+000
30.1758895 1.14509238141180E+000 1.20456217839585E+000
30.2758445 1.13525152127544E+000 1.19401871487137E+000
30.3757980 1.12552511997391E+000 1.18360016988424E+000
30.4757536 1.11591113699130E+000 1.17330428949075E+000
30.5757095 1.10640811878701E+000 1.16312945033630E+000
30.6756657 1.09701445397377E+000 1.15307386173763E+000
30.7756221 1.08772855933232E+000 1.14313576490725E+000
30.8755770 1.07854905332090E+000 1.13331361854194E+000
30.9755340 1.06947405719254E+000 1.12360535100609E+000
31.0754913 1.06050224492978E+000 1.11400948372313E+000
31.1754469 1.05163230858824E+000 1.10452455887356E+000
31.2754067 1.04286229275653E+000 1.09514842789934E+000
31.3753629 1.03419144072207E+000 1.08588022535171E+000
31.4753231 1.02561768948476E+000 1.07671769082468E+000
31.5752798 1.01714031569263E+000 1.06765999714398E+000
31.6752368 1.00875763646768E+000 1.05870529308154E+000
31.7751978 1.00046800636200E+000 1.04985176904549E+000
31.8751552 9.92270749296504E-001 1.04109865205799E+000
31.9751168 9.84163953360688E-001 1.03244385067903E+000
32.0750747 9.76146972248934E-001 1.02388662604036E+000
32.1750329 9.68218251462155E-001 1.01542527090156E+000
32.2749952 9.60376270772112E-001 1.00705811607246E+000
32.3749539 9.52620426085573E-001 9.98784471011424E-001
32.4749166 9.44948943232469E-001 9.90602398022016E-001
32.5748758 9.37361244719856E-001 9.82511236995074E-001
32.6748352 9.29855892802199E-001 9.74509411393521E-001
32.7747986 9.22431481158235E-001 9.66595379506464E-001
32.8747585 9.15087470027695E-001 9.58768524365043E-001
32.9747223 9.07822210997596E-001 9.51027048381177E-001
33.0746827 9.00635188096934E-001 9.43370361767071E-001
33.1746432 8.93525069915773E-001 9.35797006809773E-001
33.2746078 8.86490553899337E-001 9.28305557718829E-001
33.3745687 8.79531157838088E-001 9.20895463257543E-001
33.4745337 8.72645348300947E-001 9.13565053711503E-001
33.5744951 8.65832664373979E-001 9.06313802145916E-001
33.6744568 8.59091871631674E-001 8.99140359031206E-001
33.7744224 8.52421762181233E-001 8.92043404140746E-001
33.8743844 8.45821905344962E-001 8.85022445024175E-001
33.9743505 8.39290872969160E-001 8.78075928844290E-001
34.0743130 8.32828253456642E-001 8.71203384899516E-001
34.1742756 8.26432900959359E-001 8.64403562296531E-001
34.2742423 8.20103694059224E-001 8.57675237077906E-001
34.3742054 8.13840248261838E-001 8.51017969417891E-001
34.4741725 8.07641231936861E-001 8.44430313456764E-001
34.5741359 8.01506277700216E-001 8.37911848850505E-001
34.6740996 7.95434320711562E-001 8.31461414762438E-001
34.7740673 7.89424318653760E-001 8.25077875149454E-001
34.8740313 7.83475928456764E-001 8.18760837336960E-001
34.9739994 7.77587907104888E-001 8.12508953516170E-001
35.0739638 7.71759926883865E-001 8.06321848478520E-001
35.1739284 7.65990997134890E-001 8.00198443721805E-001
35.2738971 7.60280147990761E-001 7.94137683595484E-001
35.3738621 7.54627073566225E-001 7.88139217707731E-001
35.4738310 7.49030612304567E-001 7.82201788239223E-001
35.5737964 7.43490472111934E-001 7.76325060469703E-001
35.6737620 7.38005730346423E-001 7.70508031270466E-001
35.7737315 7.32575483582923E-001 7.64749718601593E-001
35.8736974 7.27199459339622E-001 7.59049810018425E-001
35.9736673 7.21876571035018E-001 7.53407130399905E-001
36.0736335 7.16606558582255E-001 7.47821381373490E-001
36.1735999 7.11388561781181E-001 7.42291628899909E-001
36.2735704 7.06221738214217E-001 7.36816958425988E-001
36.3735371 7.01105845426450E-001 7.31397091588465E-001
36.4735079 6.96039865928356E-001 7.26030929360358E-001
36.5734750 6.91023568412049E-001 7.20718206023223E-001
36.6734423 6.86056150070107E-001 7.15458050946075E-001
36.7734135 6.81136824569692E-001 7.10249611524903E-001
36.8733811 6.76265376464403E-001 7.05092640026995E-001
36.9733527 6.71440852010994E-001 6.99986107529006E-001
37.0733206 6.66663045793684E-001 6.94929777667913E-001
37.1732887 6.61931207819032E-001 6.89922838077765E-001
37.2732608 6.57244603373736E-001 6.84964493089318E-001
37.3732292 6.52603041318801E-001 6.80054522516504E-001
37.4732015 6.48005626793472E-001 6.75191962098329E-001
37.5731702 6.43452177689590E-001 6.70376601878004E-001
37.6731391 6.38941992669956E-001 6.65607683091950E-001
37.7731119 6.34474384585315E-001 6.60884462458892E-001
37.8730811 6.30049184184438E-001 6.56206744580450E-001
37.9730543 6.25665551057938E-001 6.51573624908829E-001
38.0730237 6.21323324089183E-001 6.46984917253932E-001
38.1729934 6.17021846816898E-001 6.42439912221969E-001
38.2729669 6.12760475967813E-001 6.37937914791359E-001
38.3729369 6.08539062008807E-001 6.33478751880622E-001
38.4729107 6.04356814939767E-001 6.29061574147675E-001
38.5728809 6.00213592557993E-001 6.24686216804306E-001
38.6728513 5.96108779836673E-001 6.20352015979351E-001
38.7728256 5.92041774020387E-001 6.16058321157817E-001
38.8727962 5.88012443346792E-001 6.11804979360183E-001
38.9727708 5.84020044533234E-001 6.07591192339566E-001
39.0727417 5.80064452425542E-001 6.03416814588898E-001
39.1727127 5.76145090294560E-001 5.99281224258372E-001
39.2726877 5.72261392841269E-001 5.95183811923251E-001
39.3726590 5.68413244324725E-001 5.91124442718493E-001
39.4726343 5.64599944803736E-001 5.87102365739214E-001
39.5726059 5.60821384496301E-001 5.83117452855817E-001
39.6725776 5.57077022108354E-001 5.79169121049456E-001
39.7725533 5.53366327002991E-001 5.75256798872047E-001
39.8725252 5.49689197887738E-001 5.71380367788007E-001
39.9725012 5.46044975072022E-001 5.67539120803303E-001
40.0724734 5.42433562638216E-001 5.63732945455444E-001
40.1724458 5.38854452112023E-001 5.59961294645911E-001
40.2724221 5.35307144965237E-001 5.56223632062179E-001
40.3723947 5.31791552938396E-001 5.52519853893515E-001
40.4723712 5.28307053758487E-001 5.48849293916261E-001
40.5723441 5.24853564014979E-001 5.45211853797010E-001
40.6723171 5.21430605661164E-001 5.41607019699049E-001
40.7722940 5.18037709941582E-001 5.38034287849931E-001
40.8722673 5.14674800355012E-001 5.34493567720124E-001
40.9722444 5.11341289446293E-001 5.30984230978564E-001
41.0722179 5.08037105089221E-001 5.27506192036728E-001
41.1721915 5.04761797474185E-001 5.24058967888673E-001
41.2721690 5.01514925479089E-001 5.20642084928222E-001
41.3721428 4.98296423211998E-001 5.17255464607154E-001
41.4721206 4.95105735647386E-001 5.13898513846932E-001
41.5720946 4.91942800840979E-001 5.10571158557170E-001
41.6720688 4.88807195212244E-001 5.07272944337174E-001
41.7720469 4.85698503310981E-001 5.04003425573549E-001
41.8720213 4.82616668818225E-001 5.00762534528027E-001
41.9719996 4.79561166941797E-001 4.97549710949924E-001
42.0719743 4.76531944924739E-001 4.94364891123171E-001
42.1719490 4.73528603572918E-001 4.91207647212731E-001
42.2719276 4.70550751307760E-001 4.88077559605742E-001
42.3719026 4.67598340447905E-001 4.84974570317566E-001
42.4718815 4.64670874412592E-001 4.81898149696092E-001
42.5718566 4.61768308734218E-001 4.78848243385839E-001
42.6718319 4.58890266912321E-001 4.75824448246211E-001
42.7718111 4.56036379585930E-001 4.72826368836803E-001
42.8717866 4.53206606866474E-001 4.69853955973360E-001
42.9717660 4.50400478521295E-001 4.66906708550540E-001
43.0717417 4.47617957560898E-001 4.63984580658373E-001
43.1717175 4.44858688621935E-001 4.61087192132177E-001
43.2716972 4.42122323039846E-001 4.58214170024836E-001
43.3716732 4.39408827955334E-001 4.55365473091651E-001
43.4716531 4.36717757764961E-001 4.52540626883633E-001
43.5716293 4.34049082223989E-001 4.49739593109769E-001
43.6716056 4.31402465673425E-001 4.46962013001372E-001
43.7715858 4.28777578744693E-001 4.44207534560635E-001
43.8715623 4.26174394917324E-001 4.41476123704572E-001
43.9715428 4.23592491629893E-001 4.38767330897054E-001
44.0715195 4.21031844719098E-001 4.36081124718949E-001
44.1714963 4.18492136910204E-001 4.33417166343626E-001
44.2714770 4.15973056840122E-001 4.30775123301511E-001
44.3714539 4.13474583702496E-001 4.28154967968029E-001
44.4714348 4.10996316510877E-001 4.25556274110328E-001
44.5714120 4.08538236583093E-001 4.22979016505532E-001
44.6713893 4.06100043811208E-001 4.20422874929742E-001
44.7713704 4.03681443647312E-001 4.17887535132377E-001
44.8713479 4.01282420433599E-001 4.15372975311012E-001
44.9713293 3.98902593401366E-001 4.12878791048681E-001
45.0713069 3.96541948806005E-001 4.10404962707401E-001
45.1712846 3.94200202582549E-001 4.07951187431086E-001
45.2712662 3.91877075899320E-001 4.05517167980790E-001
45.3712441 3.89572557734822E-001 4.03102887800321E-001
45.4712259 3.87286286281284E-001 4.00707962912809E-001
45.5712040 3.85018252239246E-001 3.98332378711668E-001
45.6711822 3.82768186548340E-001 3.95975848568904E-001
45.7711643 3.80535825077624E-001 3.93638091142762E-001
45.8711426 3.78321160977741E-001 3.91319094601722E-001
45.9711248 3.76123850236975E-001 3.89018494135269E-001
46.0711034 3.73943887554729E-001 3.86736279666865E-001
46.1710820 3.71781017914986E-001 3.84472179743770E-001
46.2710644 3.69634990948306E-001 3.82225927891805E-001
46.3710432 3.67505803556678E-001 3.79997516531562E-001
46.4710259 3.65393128443832E-001 3.77786598838553E-001
46.5710048 3.63296963903388E-001 3.75593168811955E-001
46.6709838 3.61217068074888E-001 3.73416969200847E-001
46.7709667 3.59153203480947E-001 3.71257747446520E-001
46.8709459 3.57105370393285E-001 3.69115499793331E-001
46.9709290 3.55073257227760E-001 3.66989896308073E-001
47.0709083 3.53056865505188E-001 3.64880934653759E-001
47.1708877 3.51055965697316E-001 3.62788370880451E-001
47.2708710 3.49070332413268E-001 3.60711965463711E-001
47.3708506 3.47099968948294E-001 3.58651718083243E-001
47.4708341 3.45144578498037E-001 3.56607314680873E-001
47.5708138 3.43204165477499E-001 3.54578756209888E-001
47.6707936 3.41278511927247E-001 3.52565811186988E-001
47.7707773 3.39367403795967E-001 3.50568252305731E-001
47.8707573 3.37470847088248E-001 3.48586082328815E-001
47.9707411 3.35588558912418E-001 3.46619002128915E-001
48.0707212 3.33720546275418E-001 3.44667015610687E-001
48.1707014 3.31866602078280E-001 3.42729902984033E-001
48.2706855 3.30026522916052E-001 3.40807448403732E-001
48.3706658 3.28200317217461E-001 3.38899657395752E-001
48.4706500 3.26387715196428E-001 3.37006244885647E-001
48.5706305 3.24588726177441E-001 3.35127217421877E-001
48.6706110 3.22803153264166E-001 3.33262366189980E-001
48.7705955 3.21030803054190E-001 3.31411486103781E-001
48.8705762 3.19271686141410E-001 3.29574585162292E-001
48.9705608 3.17525545093520E-001 3.27751391526899E-001
49.0705416 3.15792391303386E-001 3.25941914110652E-001
49.1705225 3.14072037465919E-001 3.24145954408470E-001
49.2705073 3.12364299582795E-001 3.22363317441155E-001
49.3704883 3.10669190177908E-001 3.20594013417281E-001
49.4704733 3.08986463471827E-001 3.18837782973074E-001
49.5704545 3.07316132699496E-001 3.17094637132659E-001
49.6704357 3.05658019578402E-001 3.15364387081214E-001
49.7704208 3.04011948957616E-001 3.13646847340520E-001
49.8704022 3.02377935077409E-001 3.11942030089432E-001
49.9703875 3.00755743157315E-001 3.10249687729702E-001
50.0703690 2.99145388068791E-001 3.08569833166290E-001
50.1703506 2.97546700022562E-001 3.06902286698867E-001
50.2703361 2.95959512196844E-001 3.05246871786564E-001
50.3703178 2.94383840354234E-001 3.03603602361190E-001
50.4703034 2.92819460102690E-001 3.01972241928359E-001
50.5702853 2.91266387763435E-001 3.00352805064736E-001
50.6702672 2.89724461547338E-001 2.98745120648626E-001
50.7702530 2.88193522478945E-001 2.97149020551889E-001
50.8702350 2.86673587666879E-001 2.95564520261875E-001
50.9702209 2.85164442537058E-001 2.93991393770375E-001
51.0702031 2.83666104690816E-001 2.92429657135786E-001
51.1701853 2.82178419879492E-001 2.90879147315952E-001
51.2701714 2.80701236523825E-001 2.89339704106792E-001
51.3701538 2.79234572918298E-001 2.87811344371848E-001
51.4701400 2.77778223773383E-001 2.86293852012043E-001
51.5701225 2.76332207816389E-001 2.84787244394913E-001
51.6701050 2.74896377910303E-001 2.83291366092658E-001
51.7700914 2.73470589452091E-001 2.81806064369719E-001
51.8700741 2.72054861776576E-001 2.80331357302902E-001
51.9700606 2.70648998379688E-001 2.78867038162781E-001
52.0700434 2.69253018974673E-001 2.77413125469235E-001
52.1700263 2.67866783135849E-001 2.75969470974917E-001
52.2700130 2.66490152844304E-001 2.74535928987853E-001
52.3699959 2.65123148343015E-001 2.73112518650091E-001
52.4699827 2.63765581446033E-001 2.71699042097139E-001
52.5699658 2.62417472725338E-001 2.70295518858776E-001
52.6699489 2.61078688092600E-001 2.68901807463096E-001
52.7699359 2.59749095746697E-001 2.67517768865035E-001
52.8699192 2.58428716718688E-001 2.66143423137410E-001
52.9699063 2.57117370702860E-001 2.64778580808145E-001
53.0698897 2.55815079014390E-001 2.63423262287517E-001
53.1698731 2.54521713552699E-001 2.62077332500770E-001
53.2698603 2.53237148391958E-001 2.60740658679179E-001
53.3698439 2.51961405242267E-001 2.59413261704196E-001
53.4698313 2.50694311267579E-001 2.58094960053471E-001
53.5698149 2.49435888421356E-001 2.56785774900258E-001
53.6697986 2.48186014263727E-001 2.55485577213348E-001
53.7697861 2.46944568423746E-001 2.54194240153964E-001
53.8697699 2.45711573191544E-001 2.52911785301266E-001
53.9697576 2.44486862815535E-001 2.51638038667619E-001
54.0697415 2.43270459792219E-001 2.50373022082527E-001
54.1697254 2.42062247036306E-001 2.49116612227603E-001
54.2697133 2.40862109431772E-001 2.47868687869992E-001
54.3696973 2.39670069758912E-001 2.46629271185847E-001
54.4696852 2.38485968988963E-001 2.45398195332925E-001
54.5696694 2.37309830075017E-001 2.44175482700084E-001
54.6696536 2.36141540999627E-001 2.42961015372218E-001
54.7696417 2.34980991620700E-001 2.41754677419102E-001
54.8696260 2.33828205127162E-001 2.40556491522457E-001
54.9696142 2.32683028873329E-001 2.39366297619969E-001
55.0695986 2.31545486190475E-001 2.38184118571915E-001
55.1695831 2.30415469860239E-001 2.37009841576570E-001
55.2695714 2.29292874451077E-001 2.35843355722258E-001
55.3695560 2.28177723486600E-001 2.34684684113319E-001
55.4695444 2.27069870384844E-001 2.33533673124085E-001
55.5695291 2.25969338784159E-001 2.32390346006470E-001
55.6695138 2.24876026013227E-001 2.31254594800454E-001
55.7695023 2.23789831104015E-001 2.30126313346665E-001
55.8694872 2.22710777847790E-001 2.29005525096826E-001
55.9694758 2.21638725425924E-001 2.27892082539263E-001
56.0694607 2.20573697719412E-001 2.26786009245184E-001
56.1694457 2.19515596367448E-001 2.25687201841515E-001
56.2694345 2.18464324633668E-001 2.24595558671499E-001
56.3694196 2.17419906516274E-001 2.23511103466039E-001
56.4694085 2.16382206677270E-001 2.22433694524012E-001
56.5693936 2.15351249181942E-001 2.21363355670355E-001
56.6693788 2.14326939757902E-001 2.20299987879898E-001
56.7693678 2.13309185682736E-001 2.19243493764193E-001
56.8693531 2.12298011106621E-001 2.18193897271536E-001
56.9693423 2.11293285905963E-001 2.17151062225802E-001
57.0693276 2.10295034277534E-001 2.16115012646272E-001
57.1693130 2.09303165828699E-001 2.15085653631252E-001
57.2693023 2.08317591646420E-001 2.14062891840601E-001
57.3692878 2.07338335983139E-001 2.13046751384070E-001
57.4692772 2.06365273678811E-001 2.12037101341656E-001
57.5692628 2.05398429013951E-001 2.11033965873241E-001
57.6692484 2.04437715279510E-001 2.10037253989769E-001
57.7692379 2.03483047179501E-001 2.09046876192714E-001
57.8692236 2.02534449023704E-001 2.08062856702680E-001
57.9692132 2.01591800379125E-001 2.07085069602468E-001
58.0691990 2.00655125566898E-001 2.06113539143958E-001
58.1691849 1.99724341377043E-001 2.05148178052553E-001
58.2691746 1.98799365949698E-001 2.04188900477041E-001
58.3691605 1.97880223611435E-001 2.03235730703143E-001
58.4691503 1.96966798433217E-001 2.02288547577666E-001
58.5691363 1.96059114737887E-001 2.01347375400584E-001
58.6691224 1.95157092640880E-001 2.00412130425368E-001
58.7691123 1.94260653548164E-001 1.99482730265357E-001
58.8690985 1.93369821766548E-001 1.98559199230102E-001
58.9690885 1.92484485660390E-001 1.97641420705179E-001
59.0690747 1.91604669519184E-001 1.96729418999035E-001
59.1690610 1.90730296620249E-001 1.95823113717804E-001
59.2690511 1.89861291475015E-001 1.94922425767378E-001
59.3690374 1.88997678337614E-001 1.94027379443908E-001
59.4690277 1.88139349666956E-001 1.93137862459176E-001
59.5690141 1.87286329687645E-001 1.92253899094388E-001
59.6690006 1.86438544684806E-001 1.91375412143193E-001
59.7689909 1.85595922124223E-001 1.90502325642070E-001
59.8689774 1.84758486177769E-001 1.89634663840243E-001
59.9689678 1.83926133211029E-001 1.88772318574988E-001
60.0689545 1.83098887355379E-001 1.87915314068134E-001
60.1689411 1.82276677758513E-001 1.87063576145254E-001
60.2689316 1.81459434698105E-001 1.86217031820825E-001
60.3689184 1.80647182237221E-001 1.85375705266991E-001
60.4689090 1.79839820470521E-001 1.84539492256906E-001
60.5688958 1.79037373410746E-001 1.83708416924145E-001
60.6688827 1.78239772931169E-001 1.82882407979547E-001
60.7688734 1.77446951986976E-001 1.82061395271741E-001
60.8688603 1.76658934508659E-001 1.81245402868740E-001
60.9688511 1.75875624151966E-001 1.80434330300332E-001
61.0688381 1.75097044788279E-001 1.79628201585938E-001
61.1688251 1.74323130887172E-001 1.78826948183359E-001
61.2688160 1.73553817954530E-001 1.78030502639707E-001
61.3688031 1.72789129767031E-001 1.77238888894622E-001
61.4687941 1.72028973382554E-001 1.76452010065018E-001
61.5687813 1.71273372510831E-001 1.75669890032984E-001
61.6687685 1.70522264095688E-001 1.74892462872774E-001
61.7687596 1.69775586073964E-001 1.74119663701963E-001
61.8687469 1.69033362049601E-001 1.73351516310153E-001
61.9687381 1.68295502332108E-001 1.72587927240995E-001
62.0687254 1.67562030451515E-001 1.71828920218545E-001
62.1687128 1.66832885710603E-001 1.71074431810307E-001
62.2687041 1.66108008364044E-001 1.70324399583452E-001
62.3686916 1.65387421826238E-001 1.69578847158228E-001
62.4686829 1.64671039515764E-001 1.68837684353187E-001
62.5686704 1.63958884766931E-001 1.68100934715916E-001
62.6686580 1.63250899132513E-001 1.67368537190805E-001
62.7686494 1.62547025078100E-001 1.66640431680442E-001
62.8686371 1.61847285813665E-001 1.65916641618559E-001
62.9686286 1.61151597731758E-001 1.65197079954793E-001
63.0686163 1.60459983956812E-001 1.64481770043903E-001
63.1686040 1.59772388188560E-001 1.63770653097192E-001
63.2685918 1.59088781004645E-001 1.63063698134376E-001
63.3685872 1.58409081539048E-001 1.62360820986052E-001
63.4685751 1.57733364592120E-001 1.61662098463244E-001
63.5685630 1.57061549508503E-001 1.60967446626049E-001
63.6685509 1.56393607889164E-001 1.60276835581297E-001
63.7685388 1.55729511584337E-001 1.59590235700562E-001
63.8685344 1.55069182459849E-001 1.58907565688166E-001
63.9685224 1.54412693607155E-001 1.58228900595957E-001
64.0685105 1.53759967087766E-001 1.57554159341499E-001
64.1684986 1.53110975723713E-001 1.56883313328255E-001
64.2684867 1.52465692573791E-001 1.56216334211038E-001
64.3684824 1.51824042119856E-001 1.55553143444796E-001
64.4684706 1.51186095787460E-001 1.54893814366254E-001
64.5684588 1.50551778240182E-001 1.54238268628454E-001
64.6684470 1.49921063460036E-001 1.53586478866063E-001
64.7684353 1.49293925654013E-001 1.52938417952468E-001
64.8684312 1.48670291810049E-001 1.52294009976455E-001
64.9684195 1.48050231729840E-001 1.51653326602736E-001
65.0684079 1.47433672570025E-001 1.51016292104061E-001
65.1683963 1.46820589415001E-001 1.50382880284630E-001
65.2683847 1.46210957563021E-001 1.49753065175457E-001
65.3683808 1.45604706403674E-001 1.49126773388291E-001
65.4683692 1.45001904155898E-001 1.48504074958006E-001
65.5683578 1.44402480365841E-001 1.47884896667144E-001
65.6683463 1.43806411165940E-001 1.47269213431279E-001
65.7683349 1.43213672891987E-001 1.46657000381574E-001
65.8683311 1.42624197236003E-001 1.46048186547450E-001
65.9683197 1.42038050874315E-001 1.45442840375165E-001
66.0683084 1.41455165644169E-001 1.44840891052645E-001
66.1682971 1.40875518674746E-001 1.44242314551980E-001
66.2682858 1.40299087288672E-001 1.43647087050249E-001
66.3682821 1.39725805386073E-001 1.43055139894507E-001
66.4682709 1.39155738139870E-001 1.42466539982670E-001
66.5682597 1.38588819584843E-001 1.41881218808837E-001
66.6682485 1.38025027798479E-001 1.41299153349830E-001
66.7682374 1.37464341042349E-001 1.40720320777458E-001
66.8682339 1.36906695334988E-001 1.40144654661322E-001
66.9682228 1.36352154384168E-001 1.39572220390328E-001
67.0682118 1.35800654333209E-001 1.39002951670420E-001
67.1682007 1.35252174162146E-001 1.38436826434266E-001
67.2681897 1.34706693026256E-001 1.37873822800073E-001
67.3681864 1.34164148977142E-001 1.37313876469561E-001
67.4681754 1.33624604294755E-001 1.36757051361015E-001
67.5681645 1.33087997146267E-001 1.36203283302519E-001
67.6681536 1.32554307371023E-001 1.35652551136403E-001
67.7681428 1.32023514975245E-001 1.35104833881611E-001
67.8681396 1.31495559962378E-001 1.34560069285963E-001
67.9681288 1.30970503220954E-001 1.34018319834579E-001
68.0681180 1.30448284861387E-001 1.33479523392324E-001
68.1681072 1.29928885541443E-001 1.32943659667550E-001
68.2680965 1.29412286077863E-001 1.32410708536788E-001
68.3680934 1.28898428348591E-001 1.31880609712091E-001
68.4680827 1.28387371886232E-001 1.31353424281941E-001
68.5680721 1.27879058667669E-001 1.30829092066740E-001
68.6680615 1.27373470130422E-001 1.30307593599604E-001
68.7680509 1.26870587863507E-001 1.29788909573851E-001
68.8680479 1.26370355545699E-001 1.29272981587825E-001
68.9680374 1.25872831388263E-001 1.28759869368985E-001
69.0680269 1.25377959161411E-001 1.28249514615900E-001
69.1680164 1.24885721045831E-001 1.27741898647433E-001
69.2680059 1.24396099366627E-001 1.27237002935103E-001
69.3680031 1.23909039533196E-001 1.26734770889299E-001
69.4679927 1.23424598469175E-001 1.26235260911177E-001
69.5679823 1.22942721668392E-001 1.25738416503765E-001
69.6679719 1.22463392020071E-001 1.25244219734758E-001
69.7679615 1.21986592551147E-001 1.24752652817366E-001
69.8679589 1.21512270334718E-001 1.24263660903279E-001
69.9679486 1.21040481039620E-001 1.23777301101180E-001
70.0679383 1.20571171816838E-001 1.23293518648313E-001
70.1679281 1.20104326231336E-001 1.22812296326267E-001
70.2679178 1.19639927979440E-001 1.22333617055378E-001
70.3679153 1.19177925734124E-001 1.21857427661209E-001
70.4679051 1.18718373941402E-001 1.21383783992920E-001
70.5678949 1.18261221346022E-001 1.20912632955008E-001
70.6678848 1.17806452157621E-001 1.20443958009869E-001
70.7678747 1.17354050711186E-001 1.19977742752244E-001
70.8678723 1.16903967218676E-001 1.19513935617259E-001
70.9678622 1.16456254934421E-001 1.19052591226654E-001
71.0678522 1.16010864136445E-001 1.18593658088306E-001
71.1678422 1.15567779649619E-001 1.18137120314082E-001
71.2678322 1.15126986418466E-001 1.17682962142126E-001
71.3678299 1.14688436135819E-001 1.17231133555788E-001
71.4678200 1.14252180894637E-001 1.16781687980638E-001
71.5678100 1.13818172448485E-001 1.16334575467000E-001
71.6678002 1.13386396209561E-001 1.15889780746517E-001
71.7677903 1.12956837704308E-001 1.15447288671358E-001
71.8677881 1.12529450050958E-001 1.15007050714555E-001
71.9677783 1.12104284210608E-001 1.14569119135940E-001
72.0677685 1.11681293357229E-001 1.14133445470124E-001
72.1677587 1.11260463463884E-001 1.13700015040376E-001
72.2677489 1.10841780612752E-001 1.13268813285043E-001
72.3677468 1.10425199294468E-001 1.12839793110950E-001
72.4677371 1.10010769366993E-001 1.12413005641816E-001
72.5677275 1.09598445372044E-001 1.11988403841005E-001
72.6677178 1.09188213818442E-001 1.11565973596723E-001
72.7677082 1.08780061319253E-001 1.11145700907082E-001
72.8677062 1.08373943686899E-001 1.10727540059328E-001
72.9676966 1.07969909704146E-001 1.10311541069903E-001
73.0676870 1.07567915230145E-001 1.09897658277879E-001
73.1676774 1.07167947285642E-001 1.09485878111080E-001
73.2676679 1.06769992991017E-001 1.09076187102330E-001
73.3676660 1.06374009432090E-001 1.08668540868307E-001
73.4676565 1.05980044343633E-001 1.08262988346233E-001
73.5676471 1.05588054854128E-001 1.07859485200210E-001
73.6676376 1.05198028473631E-001 1.07458018373655E-001
73.7676282 1.04809952807448E-001 1.07058574910325E-001
73.8676264 1.04423786168537E-001 1.06661111707601E-001
73.9676171 1.04039575270141E-001 1.06265676650790E-001
74.0676077 1.03657278464079E-001 1.05872226680585E-001
74.1675984 1.03276883728238E-001 1.05480749233185E-001
74.2675890 1.02898379131587E-001 1.05091231840708E-001
74.3675874 1.02521724169984E-001 1.04703632634656E-001
74.4675781 1.02146964560883E-001 1.04317998474984E-001
74.5675688 1.01774059835451E-001 1.03934287532662E-001
74.6675596 1.01402998418998E-001 1.03552487715011E-001
74.7675504 1.01033768823960E-001 1.03172587021078E-001
74.8675488 1.00666331686766E-001 1.02794544771929E-001
74.9675396 1.00300731754126E-001 1.02418406828017E-001
75.0675305 9.99369296944623E-002 1.02044132546289E-001
75.1675213 9.95749143611162E-002 1.01671710284617E-001
75.2675122 9.92146746907924E-002 1.01301128488608E-001
75.3675108 9.88561724199862E-002 1.00932347626276E-001
75.4675017 9.84994513490232E-002 1.00565412583715E-001
75.5674926 9.81444732432919E-002 1.00200283861462E-001
75.6674836 9.77912273657309E-002 9.98369502483924E-002
75.7674746 9.74397030590651E-002 9.94754006173213E-002
75.8674732 9.70898631210752E-002 9.91155965424235E-002
75.9674642 9.67417504293999E-002 9.87575819598925E-002
76.0674553 9.63953278078175E-002 9.84013184732915E-002
76.1674463 9.60505849113344E-002 9.80467952839142E-002
76.2674374 9.57075114713417E-002 9.76940016733881E-002
76.3674361 9.53660713097673E-002 9.73429002830036E-002
76.4674273 9.50263064046120E-002 9.69935341228465E-002
76.5674184 9.46881806010974E-002 9.66458658606674E-002
76.6674096 9.43516839296230E-002 9.62998850925083E-002
76.7674007 9.40168064937368E-002 9.59555814913157E-002
76.8673996 9.36835131039380E-002 9.56129187281066E-002
76.9673908 9.33518448610071E-002 9.52719389100004E-002
77.0673820 9.30217665962117E-002 9.49326057317399E-002
77.1673732 9.26932686994783E-002 9.45949091673078E-002
77.2673645 9.23663416308015E-002 9.42588392643290E-002
77.3673634 9.20409511551607E-002 9.39243606877320E-002
77.4673547 9.17171375179199E-002 9.35915146641789E-002
77.5673461 9.13948665024692E-002 9.32602658797700E-002
77.6673374 9.10741288431599E-002 9.29306046704370E-002
77.7673288 9.07549153414790E-002 9.26025214426495E-002
77.8673278 9.04371926842080E-002 9.22759818209291E-002
77.9673192 9.01210002825006E-002 9.19510261733727E-002
78.0673106 8.98063048393483E-002 9.16276201432899E-002
78.1673020 8.94930974191478E-002 9.13057544133404E-002
78.2672935 8.91813691506393E-002 9.09854197337670E-002
78.3672925 8.88710876110739E-002 9.06665826557912E-002
78.4672840 8.85622913980194E-002 9.03492827102367E-002
78.5672755 8.82549481028819E-002 9.00334864648867E-002
78.6672671 8.79490491064092E-002 8.97191849346382E-002
78.7672586 8.76445858510323E-002 8.94063691991573E-002
78.8672578 8.73415267744187E-002 8.90950067048268E-002
78.9672493 8.70399096806100E-002 8.87851361659062E-002
79.0672409 8.67397030195120E-002 8.84767250432622E-002
79.1672325 8.64408984751760E-002 8.81697646702286E-002
79.2672242 8.61434877908022E-002 8.78642464422273E-002
79.3672234 8.58474402356417E-002 8.75601386705547E-002
79.4672151 8.55527928397190E-002 8.72574792730471E-002
79.5672068 8.52595148827353E-002 8.69562365735459E-002
79.6671985 8.49675983396121E-002 8.66564022106743E-002
79.7671902 8.46770352420032E-002 8.63579678825891E-002
79.8671895 8.43877956630729E-002 8.60609027364821E-002
79.9671813 8.40999158778029E-002 8.57652439133543E-002
80.0671730 8.38133659681397E-002 8.54709605711339E-002
80.1671648 8.35281381880222E-002 8.51780446412047E-002
80.2671566 8.32442248458176E-002 8.48864881120500E-002
80.3671560 8.29615967920401E-002 8.45962609389086E-002
80.4671478 8.26802895650830E-002 8.43073995049988E-002
80.5671397 8.24002740226887E-002 8.40198737746096E-002
80.6671315 8.21215426865104E-002 8.37336759599427E-002
80.7671234 8.18440881304338E-002 8.34487983279791E-002
80.8671229 8.15678819568154E-002 8.31652116152733E-002
80.9671148 8.12929589854100E-002 8.28829514657902E-002
81.0671067 8.10192908243538E-002 8.26019886235624E-002
81.1670987 8.07468702522349E-002 8.23223155702228E-002
81.2670906 8.04756900977777E-002 8.20439248399697E-002
81.3670902 8.02057226906814E-002 8.17667879250066E-002
81.4670822 7.99370021495201E-002 8.14909397480671E-002
81.5670742 7.96695008084235E-002 8.12163518073667E-002
81.6670662 7.94032116926289E-002 8.09430168431086E-002
81.7670583 7.91381278755100E-002 8.06709276459506E-002
81.8670579 7.88742223905694E-002 8.04000564390911E-002
81.9670500 7.86115286721820E-002 8.01304374415623E-002
82.0670421 7.83500197570246E-002 7.98620428812101E-002
82.1670342 7.80896889071677E-002 7.95948657464466E-002
82.2670263 7.78305294309094E-002 7.93288990741235E-002
82.3670260 7.75725150429335E-002 7.90641157947499E-002
82.4670182 7.73156785099331E-002 7.88005494407064E-002
82.5670103 7.70599935485974E-002 7.85381729458788E-002
82.6670025 7.68054536484593E-002 7.82769795369996E-002
82.7669947 7.65520523434571E-002 7.80169624873179E-002
82.8669945 7.62997640077086E-002 7.77580954118922E-002
82.9669867 7.60486207562931E-002 7.75004111730369E-002
83.0669790 7.57985969642464E-002 7.72438833880039E-002
83.1669712 7.55496863396166E-002 7.69885055124073E-002
83.2669635 7.53018826331157E-002 7.67342710465419E-002
83.3669634 7.50551608573850E-002 7.64811542681360E-002
83.4669556 7.48095524915193E-002 7.62291873855698E-002
83.5669479 7.45650325480676E-002 7.59783446776654E-002
83.6669403 7.43215949450457E-002 7.57286198199052E-002
83.7669326 7.40792336414712E-002 7.54800065306994E-002
83.8669326 7.38379242683961E-002 7.52324797294087E-002
83.9669249 7.35976976841363E-002 7.49860709861731E-002
84.0669173 7.33585295187125E-002 7.47407552204239E-002
84.1669097 7.31204138919437E-002 7.44965263189044E-002
84.2669021 7.28833449630610E-002 7.42533782096102E-002
84.3669022 7.26472989621779E-002 7.40112864333013E-002
84.4668946 7.24123061416236E-002 7.37702819371438E-002
84.5668870 7.21783427296087E-002 7.35303402610182E-002
84.6668795 7.19454030399518E-002 7.32914554947043E-002
84.7668720 7.17134814243646E-002 7.30536217676341E-002
84.8668721 7.14825546934017E-002 7.28168152225021E-002
84.9668646 7.12526525077972E-002 7.25810661983526E-002
85.0668571 7.10237516753947E-002 7.23463508361187E-002
85.1668496 7.07958466965529E-002 7.21126634207580E-002
85.2668422 7.05689321080719E-002 7.18799982753507E-002
85.3668424 7.03429852830243E-002 7.16483321257956E-002
85.4668349 7.01180353045514E-002 7.14176947174647E-002
85.5668275 6.98940595422662E-002 7.11880627736775E-002
85.6668201 6.96710526759354E-002 7.09594307670574E-002
85.7668127 6.94490094203784E-002 7.07317932068879E-002
85.8668130 6.92279076939297E-002 7.05051273842440E-002
85.9668056 6.90077760157624E-002 7.02794624648847E-002
86.0667983 6.87885923000583E-002 7.00547757365471E-002
86.1667909 6.85703513991706E-002 6.98310618523381E-002
86.2667836 6.83530481991773E-002 6.96083155006267E-002
86.3667839 6.81366611470565E-002 6.93865145203069E-002
86.4667766 6.79212182112705E-002 6.91656875112041E-002
86.5667694 6.77066978340035E-002 6.89458123081725E-002
86.6667621 6.74930950336701E-002 6.87268837379338E-002
86.7667548 6.72804048611386E-002 6.85088966611342E-002
86.8667552 6.70686062760228E-002 6.82918294477728E-002
86.9667480 6.68577267089754E-002 6.80757101450516E-002
87.0667408 6.66477451142238E-002 6.78605171182803E-002
87.1667336 6.64386566699998E-002 6.76462453612248E-002
87.2667264 6.62304565857728E-002 6.74328899002959E-002
87.3667268 6.60231243183682E-002 6.72204296204974E-002
87.4667197 6.58166867731845E-002 6.70088920293611E-002
87.5667125 6.56111234011144E-002 6.67982560066019E-002
87.6667054 6.54064295342306E-002 6.65885167067425E-002
87.7666983 6.52026005346790E-002 6.63796693157262E-002
87.8666988 6.49996163416326E-002 6.61716932180503E-002
87.9666917 6.47975033474545E-002 6.59646153941816E-002
88.0666846 6.45962414848814E-002 6.57584152227746E-002
88.1666775 6.43958262341056E-002 6.55530880130919E-002
88.2666705 6.41962531042776E-002 6.53486291046444E-002
88.3666710 6.39975025025890E-002 6.51450183664744E-002
88.4666640 6.37996003202608E-002 6.49422822642517E-002
88.5666570 6.36025269575853E-002 6.47404006606653E-002
88.6666500 6.34062780373952E-002 6.45393690139574E-002
88.7666429 6.32108492104144E-002 6.43391828114964E-002
88.8666436 6.30162213380378E-002 6.41398223924601E-002
88.9666366 6.28224198219200E-002 6.39413137196614E-002
89.0666296 6.26294255161313E-002 6.37436371254558E-002
89.1666227 6.24372341808976E-002 6.35467882115492E-002
89.2666157 6.22458416033131E-002 6.33507626076990E-002
89.3666164 6.20552290856521E-002 6.31555411093263E-002
89.4666095 6.18654215512720E-002 6.29611491880093E-002
89.5666026 6.16764002947323E-002 6.27675676319154E-002
89.6665957 6.14881612086249E-002 6.25747921809316E-002
89.7665889 6.13007002114296E-002 6.23828186019665E-002
89.8665896 6.11139990334479E-002 6.21916281332874E-002
89.9665828 6.09280821307093E-002 6.20012457665506E-002
90.0665759 6.07429312254442E-002 6.18116527323740E-002
90.1665691 6.05585423377922E-002 6.16228449037645E-002
90.2665622 6.03749115128423E-002 6.14348181797645E-002
90.3665631 6.01920208965227E-002 6.12475542285639E-002
90.4665563 6.00098944882149E-002 6.10610775729109E-002
90.5665495 5.98285144254502E-002 6.08753698729839E-002
90.6665427 5.96478768512992E-002 6.06904271300606E-002
90.7665359 5.94679779328808E-002 6.05062453705085E-002
90.8665368 5.92888002197830E-002 6.03228066799724E-002
90.9665301 5.91103672651375E-002 6.01401351230137E-002
91.0665233 5.89326616098389E-002 5.99582127769349E-002
91.1665166 5.87556795154611E-002 5.97770357666366E-002
91.2665099 5.85794172667639E-002 5.95966002412026E-002
91.3665108 5.84038578054430E-002 5.94168886917002E-002
91.4665041 5.82290242485055E-002 5.92379247349435E-002
91.5664975 5.80548995286847E-002 5.90596908533566E-002
91.6664908 5.78814800218136E-002 5.88821832910068E-002
91.7664842 5.77087621260822E-002 5.87053983152758E-002
91.8664851 5.75367291641421E-002 5.85293188110401E-002
91.9664785 5.73654038267344E-002 5.83539679575305E-002
92.0664719 5.71947694273045E-002 5.81793286307066E-002
92.1664653 5.70248224518724E-002 5.80053971895301E-002
92.2664587 5.68555594080212E-002 5.78321700154437E-002
92.3664597 5.66869639885879E-002 5.76596303759202E-002
92.4664531 5.65190584676492E-002 5.74878010225053E-002
92.5664466 5.63518265286166E-002 5.73166652135080E-002
92.6664400 5.61852647637911E-002 5.71462194186858E-002
92.7664335 5.60193697862749E-002 5.69764601294786E-002
92.8664346 5.58541256486881E-002 5.68073709851291E-002
92.9664281 5.56895542177937E-002 5.66389743191360E-002
93.0664215 5.55256395365893E-002 5.64712537613547E-002
93.1664150 5.53623782999090E-002 5.63042058884079E-002
93.2664086 5.51997672226568E-002 5.61378272978340E-002
93.3664097 5.50377907071855E-002 5.59721019901876E-002
93.4664032 5.48764702220529E-002 5.58070518903081E-002
93.5663968 5.47157901598136E-002 5.56426609891624E-002
93.6663903 5.45557473142375E-002 5.54789259664668E-002
93.7663839 5.43963384984624E-002 5.53158435221166E-002
93.8663851 5.42375484548633E-002 5.51533980078761E-002
93.9663787 5.40793982626638E-002 5.49916109490686E-002
94.0663723 5.39218726542844E-002 5.48304666876914E-002
94.1663659 5.37649685189774E-002 5.46699620029336E-002
94.2663595 5.36086827646894E-002 5.45100936934575E-002
94.3663607 5.34530004644319E-002 5.43508464524757E-002
94.4663544 5.32979423167363E-002 5.41922414147005E-002
94.5663480 5.31434933845220E-002 5.40342632634182E-002
94.6663417 5.29896506492083E-002 5.38769088738163E-002
94.7663353 5.28364111102610E-002 5.37201751398765E-002
94.8663366 5.26837601622556E-002 5.35640470868258E-002
94.9663303 5.25317181314506E-002 5.34085454674413E-002
95.0663240 5.23802704022087E-002 5.32536552968825E-002
95.1663177 5.22294140449314E-002 5.30993735429984E-002
95.2663114 5.20791461474457E-002 5.29456971917814E-002
95.3663128 5.19294524171183E-002 5.27926115913528E-002
95.4663065 5.17803528161376E-002 5.26401371210061E-002
95.5663002 5.16318330415536E-002 5.24882591186724E-002
95.6662940 5.14838902496914E-002 5.23369746416580E-002
95.7662878 5.13365216137042E-002 5.21862807647869E-002
95.8662892 5.11897131452670E-002 5.20361631502585E-002
95.9662829 5.10434844504905E-002 5.18866418121163E-002
96.0662767 5.08978215306438E-002 5.17377024022624E-002
96.1662705 5.07527216250367E-002 5.15893420643826E-002
96.2662643 5.06081819892331E-002 5.14415579590796E-002
96.3662658 5.04641889310107E-002 5.12943360541040E-002
96.4662596 5.03207617081909E-002 5.11476960062728E-002
96.5662535 5.01778866180703E-002 5.10016237729479E-002
96.6662473 5.00355609801193E-002 5.08561165812376E-002
96.7662412 4.98937821295106E-002 5.07111716745897E-002
96.8662427 4.97525366621865E-002 5.05667753180595E-002
96.9662365 4.96118434952686E-002 5.04229468190549E-002
97.0662304 4.94716892141561E-002 5.02796724321654E-002
97.1662243 4.93320712157651E-002 5.01369494650801E-002
97.2662182 4.91929869121844E-002 4.99947752412730E-002
97.3662198 4.90544231798392E-002 4.98531363151259E-002
97.4662137 4.89163986025486E-002 4.97120516522566E-002
97.5662076 4.87789000461450E-002 4.95715077965168E-002
97.6662016 4.86419249823811E-002 4.94315021334459E-002
97.7661955 4.85054708976724E-002 4.92920320638343E-002
97.8661971 4.83695249414927E-002 4.91530844236710E-002
97.9661911 4.82341053715684E-002 4.90146778442082E-002
98.0661851 4.80991993267427E-002 4.88767991508532E-002
98.1661791 4.79648043510956E-002 4.87394458043700E-002
98.2661730 4.78309180028792E-002 4.86026152802608E-002
98.3661747 4.76975276974204E-002 4.84662946886507E-002
98.4661687 4.75646513733803E-002 4.83305023336634E-002
98.5661627 4.74322764354275E-002 4.81952253148026E-002
98.6661568 4.73004004975560E-002 4.80604611655324E-002
98.7661508 4.71690211874603E-002 4.79262074335622E-002
98.8661525 4.70381261793528E-002 4.77924514959217E-002
98.9661465 4.69077330996806E-002 4.76592113366604E-002
99.0661406 4.67778296119807E-002 4.75264743221575E-002
99.1661347 4.66484133978393E-002 4.73942380561497E-002
99.2661288 4.65194821520902E-002 4.72625001561447E-002
99.3661305 4.63910238010847E-002 4.71312482590758E-002
99.4661246 4.62630556657349E-002 4.70005000357946E-002
99.5661187 4.61355656617088E-002 4.68702431125652E-002
99.6661128 4.60085515359519E-002 4.67404751610615E-002
99.7661070 4.58820110482207E-002 4.66111938662724E-002
99.8661087 4.57559323704717E-002 4.64823871182558E-002
99.9661029 4.56303325245932E-002 4.63540722813689E-002
100.0660970 4.55051996718594E-002 4.62262372349912E-002
100.1660912 4.53805316224257E-002 4.60988797164872E-002
100.2660854 4.52563261988385E-002 4.59719974760974E-002
100.3660872 4.51325718123297E-002 4.58455786504388E-002
100.4660814 4.50092851921142E-002 4.57196403039107E-002
100.5660756 4.48864547387502E-002 4.55941705624507E-002
100.6660698 4.47640783235347E-002 4.54691672269523E-002
100.7660640 4.46421538297513E-002 4.53446281107624E-002
100.8660658 4.45206699017749E-002 4.52205415906972E-002
100.9660601 4.43996429823384E-002 4.50969244375709E-002
101.0660543 4.42790617051597E-002 4.49737650175280E-002
101.1660486 4.41589240006857E-002 4.48510611929102E-002
101.2660428 4.40392278109610E-002 4.47288108381059E-002
101.3660447 4.39199620075611E-002 4.46070025639689E-002
101.4660390 4.38011427527753E-002 4.44856528539431E-002
101.5660333 4.36827589075453E-002 4.43647503082257E-002
101.6660275 4.35648084595511E-002 4.42442928486037E-002
101.7660218 4.34472894076954E-002 4.41242784085195E-002
101.8660238 4.33301908449945E-002 4.40046958268937E-002
101.9660181 4.32135286591838E-002 4.38855613058607E-002
102.0660124 4.30972919326756E-002 4.37668636737065E-002
102.1660067 4.29814787085366E-002 4.36486009097354E-002
102.2660011 4.28660870406952E-002 4.35307710045298E-002
102.3660031 4.27511062380253E-002 4.34133630192905E-002
102.4659974 4.26365519194529E-002 4.32963928807533E-002
102.5659918 4.25224133832838E-002 4.31798496395132E-002
102.6659861 4.24086887261931E-002 4.30637313305347E-002
102.7659805 4.22953760553694E-002 4.29480359996969E-002
102.8659825 4.21824648901320E-002 4.28327529248721E-002
102.9659769 4.20699705862004E-002 4.27178977631625E-002
103.0659713 4.19578826523665E-002 4.26034597818691E-002
103.1659657 4.18461992372008E-002 4.24894370698279E-002
103.2659601 4.17349184994519E-002 4.23758277264401E-002
103.3659622 4.16240301636350E-002 4.22626212408108E-002
103.4659566 4.15135493277296E-002 4.21498330060327E-002
103.5659511 4.14034657057705E-002 4.20374525006803E-002
103.6659455 4.12937774965722E-002 4.19254778657383E-002
103.7659400 4.11844829088054E-002 4.18139072524196E-002
103.8659421 4.10755718670900E-002 4.17027303557891E-002
103.9659365 4.09670592169993E-002 4.15919623104161E-002
104.0659310 4.08589348727245E-002 4.14815928008810E-002
104.1659255 4.07511970817337E-002 4.13716200186568E-002
104.2659200 4.06438441010402E-002 4.12620421651205E-002
104.3659221 4.05368660504312E-002 4.11528491361828E-002
104.4659166 4.04302775282769E-002 4.10440558132422E-002
104.5659112 4.03240686439913E-002 4.09356520817752E-002
104.6659057 4.02182376921631E-002 4.08276361821440E-002
104.7659002 4.01127829766261E-002 4.07200063643015E-002
104.8659024 4.00076948075439E-002 4.06127527200435E-002
104.9658969 3.99029875411612E-002 4.05058898828202E-002
105.0658915 3.97986514773283E-002 4.03994079340483E-002
105.1658860 3.96946849562763E-002 4.02933051614370E-002
105.2658806 3.95910863271921E-002 4.01875798619847E-002
105.3658828 3.94878460859671E-002 4.00822223185599E-002
105.4658774 3.93849783516757E-002 3.99772469217603E-002
105.5658720 3.92824736099595E-002 3.98726439441342E-002
105.6658666 3.91803302452668E-002 3.97684117192517E-002
105.7658612 3.90785466507229E-002 3.96645485896811E-002
105.8658634 3.89771135034354E-002 3.95610450246941E-002
105.9658580 3.88760446901445E-002 3.94579151770085E-002
106.0658527 3.87753308777750E-002 3.93551495056387E-002
106.1658473 3.86749704936180E-002 3.92527463885825E-002
106.2658419 3.85749619733727E-002 3.91507042125553E-002
106.3658442 3.84752961709843E-002 3.90490136287006E-002
106.4658389 3.83759867455783E-002 3.89476885567091E-002
106.5658335 3.82770245409871E-002 3.88467196375335E-002
106.6658282 3.81784080260191E-002 3.87461052922171E-002
106.7658229 3.80801356776312E-002 3.86458439502506E-002
106.8658252 3.79821985223553E-002 3.85459264402508E-002
106.9658199 3.78846099963093E-002 3.84463664536182E-002
107.0658146 3.77873611159849E-002 3.83471548088481E-002
107.1658093 3.76904503904291E-002 3.82482899686967E-002
107.2658040 3.75938763365871E-002 3.81497704041067E-002
107.3658063 3.74976301494496E-002 3.80515871168982E-002
107.4658011 3.74017250466246E-002 3.79537535748050E-002
107.5657958 3.73061522131383E-002 3.78562607695982E-002
107.6657905 3.72109101970424E-002 3.77591072044611E-002
107.7657853 3.71159975540453E-002 3.76622913905118E-002
107.8657877 3.70214056435884E-002 3.75658044986282E-002
107.9657824 3.69271474691605E-002 3.74696597773903E-002
108.0657772 3.68332143803165E-002 3.73738483877024E-002
108.1657720 3.67396049629222E-002 3.72783688719342E-002
108.2657667 3.66463178102669E-002 3.71832197801475E-002
108.3657692 3.65533444423504E-002 3.70883924482522E-002
108.4657639 3.64606976528284E-002 3.69938999100811E-002
108.5657587 3.63683689518942E-002 3.68997334916479E-002
108.6657536 3.62763569620785E-002 3.68058917733118E-002
108.7657484 3.61846603131104E-002 3.67123733428896E-002
108.8657508 3.60932706817667E-002 3.66191696974141E-002
108.9657456 3.60022006560558E-002 3.65262936602717E-002
109.0657405 3.59114419030297E-002 3.64337367186784E-002
